1,	3,	1.11552e+006,	1.65255e+015,	-3,	-9,	-8,	4,	0,	0,	-3,	-3,	1.65255e+009,	-0.645539,	-0.442288,	-0.444092,	-0.0657888,	-0.69109,	-0.41859,	-0.0150907,	0.108953,	-0.704919,	-0.334296,	-0.0210691,	-0.0120393,	-0.716623,	-0.311355,	-0.0219089,	-0.0844858,	-0.802638,	-0.542631,	-0.00197613,	-0.358895,	-0.3367,	0.57821,	-0.0588,	6981,	-244,	24,	-452,	7001,	131,	-83,	-153,	6991,	54,	-4,	-346,	
1,	3,	1.11559e+006,	1.65255e+015,	3,	1,	-1,	2,	0,	2,	-1,	-1,	1.65255e+009,	-0.645539,	-0.442288,	-0.444092,	-0.0657888,	-0.69109,	-0.41859,	-0.0150907,	0.108953,	-0.704919,	-0.334296,	-0.0210691,	-0.0120393,	-0.716623,	-0.311355,	-0.0219089,	-0.0844858,	-0.802638,	-0.542631,	-0.00197613,	-0.358895,	-0.3367,	0.57821,	-0.0588,	6991,	-243,	24,	-452,	7011,	131,	-82,	-153,	7001,	54,	-5,	-346,	
1,	3,	1.11567e+006,	1.65255e+015,	-2,	-6,	-1,	1,	0,	0,	0,	0,	1.65255e+009,	-0.645539,	-0.442288,	-0.444092,	-0.0657888,	-0.69109,	-0.41859,	-0.0150907,	0.108953,	-0.704919,	-0.334296,	-0.0210691,	-0.0120393,	-0.716623,	-0.311355,	-0.0219089,	-0.0844858,	-0.802638,	-0.542631,	-0.00197613,	-0.358895,	-0.3367,	0.57821,	-0.0588,	7001,	-244,	25,	-452,	7021,	131,	-83,	-153,	7011,	54,	-5,	-346,	
1,	3,	1.11575e+006,	1.65255e+015,	-3,	5,	6,	-3,	-1,	-2,	-2,	-2,	1.65255e+009,	-0.645539,	-0.442288,	-0.444092,	-0.0657888,	-0.69109,	-0.41859,	-0.0150907,	0.108953,	-0.704919,	-0.334296,	-0.0210691,	-0.0120393,	-0.716623,	-0.311355,	-0.0219089,	-0.0844858,	-0.802638,	-0.542631,	-0.00197613,	-0.358895,	-0.3367,	0.57821,	-0.0588,	7011,	-244,	25,	-452,	7031,	132,	-83,	-153,	7021,	54,	-6,	-346,	
1,	3,	1.11583e+006,	1.65255e+015,	0,	1,	-4,	-4,	-1,	1,	-2,	-1,	1.65255e+009,	-0.645539,	-0.442288,	-0.444092,	-0.0657888,	-0.69109,	-0.41859,	-0.0150907,	0.108953,	-0.704919,	-0.334296,	-0.0210691,	-0.0120393,	-0.716623,	-0.311355,	-0.0219089,	-0.0844858,	-0.802638,	-0.542631,	-0.00197613,	-0.358895,	-0.3367,	0.57821,	-0.0588,	7021,	-244,	23,	-452,	7041,	131,	-83,	-154,	7031,	55,	-5,	-346,	
1,	3,	1.11591e+006,	1.65255e+015,	2,	5,	0,	3,	1,	-1,	-1,	-1,	1.65255e+009,	-0.645539,	-0.442288,	-0.444092,	-0.0657888,	-0.69109,	-0.41859,	-0.0150907,	0.108953,	-0.704919,	-0.334296,	-0.0210691,	-0.0120393,	-0.716623,	-0.311355,	-0.0219089,	-0.0844858,	-0.802638,	-0.542631,	-0.00197613,	-0.358895,	-0.3367,	0.57821,	-0.0588,	7031,	-244,	22,	-451,	7051,	132,	-83,	-153,	7041,	54,	-6,	-346,	
1,	3,	1.11598e+006,	1.65255e+015,	0,	-2,	-4,	-1,	-1,	-5,	1,	-2,	1.65255e+009,	-0.645539,	-0.442288,	-0.444092,	-0.0657888,	-0.69109,	-0.41859,	-0.0150907,	0.108953,	-0.704919,	-0.334296,	-0.0210691,	-0.0120393,	-0.716623,	-0.311355,	-0.0219089,	-0.0844858,	-0.802638,	-0.542631,	-0.00197613,	-0.358895,	-0.3367,	0.57821,	-0.0588,	7041,	-245,	22,	-450,	7061,	131,	-83,	-153,	7051,	53,	-7,	-346,	
1,	3,	1.11606e+006,	1.65255e+015,	-1,	-2,	7,	0,	1,	0,	0,	-1,	1.65255e+009,	-0.645539,	-0.442288,	-0.444092,	-0.0657888,	-0.69109,	-0.41859,	-0.0150907,	0.108953,	-0.704919,	-0.334296,	-0.0210691,	-0.0120393,	-0.716623,	-0.311355,	-0.0219089,	-0.0844858,	-0.802638,	-0.542631,	-0.00197613,	-0.358895,	-0.3367,	0.57821,	-0.0588,	7051,	-246,	22,	-450,	7071,	131,	-82,	-152,	7061,	53,	-6,	-345,	
1,	3,	1.11614e+006,	1.65255e+015,	0,	1,	-1,	4,	-1,	0,	-1,	0,	1.65255e+009,	-0.645539,	-0.442288,	-0.444092,	-0.0657888,	-0.69109,	-0.41859,	-0.0150907,	0.108953,	-0.704919,	-0.334296,	-0.0210691,	-0.0120393,	-0.716623,	-0.311355,	-0.0219089,	-0.0844858,	-0.802638,	-0.542631,	-0.00197613,	-0.358895,	-0.3367,	0.57821,	-0.0588,	7061,	-246,	22,	-450,	7081,	131,	-83,	-152,	7071,	52,	-7,	-345,	
1,	3,	1.11622e+006,	1.65255e+015,	-1,	5,	-7,	-4,	0,	-1,	-1,	-1,	1.65255e+009,	-0.645539,	-0.442288,	-0.444092,	-0.0657888,	-0.69109,	-0.41859,	-0.0150907,	0.108953,	-0.704919,	-0.334296,	-0.0210691,	-0.0120393,	-0.716623,	-0.311355,	-0.0219089,	-0.0844858,	-0.802638,	-0.542631,	-0.00197613,	-0.358895,	-0.3367,	0.57821,	-0.0588,	7071,	-247,	20,	-449,	7091,	131,	-84,	-152,	7081,	53,	-6,	-345,	
1,	3,	1.1163e+006,	1.65255e+015,	1,	-1,	6,	-2,	0,	-2,	0,	0,	1.65255e+009,	-0.645539,	-0.442288,	-0.444092,	-0.0657888,	-0.69109,	-0.41859,	-0.0150907,	0.108953,	-0.704919,	-0.334296,	-0.0210691,	-0.0120393,	-0.716623,	-0.311355,	-0.0219089,	-0.0844858,	-0.802638,	-0.542631,	-0.00197613,	-0.358895,	-0.3367,	0.57821,	-0.0588,	7081,	-245,	21,	-449,	7101,	130,	-83,	-152,	7091,	53,	-7,	-345,	
1,	3,	1.11638e+006,	1.65255e+015,	2,	6,	7,	0,	1,	-1,	0,	-1,	1.65255e+009,	-0.645539,	-0.442288,	-0.444092,	-0.0657888,	-0.69109,	-0.41859,	-0.0150907,	0.108953,	-0.704919,	-0.334296,	-0.0210691,	-0.0120393,	-0.716623,	-0.311355,	-0.0219089,	-0.0844858,	-0.802638,	-0.542631,	-0.00197613,	-0.358895,	-0.3367,	0.57821,	-0.0588,	7091,	-245,	21,	-449,	7111,	131,	-83,	-152,	7101,	53,	-7,	-345,	
1,	3,	1.11644e+006,	1.65255e+015,	2,	-1,	-9,	0,	0,	2,	1,	1,	1.65255e+009,	-0.645539,	-0.442288,	-0.444092,	-0.0657888,	-0.69109,	-0.41859,	-0.0150907,	0.108953,	-0.704919,	-0.334296,	-0.0210691,	-0.0120393,	-0.716623,	-0.311355,	-0.0219089,	-0.0844858,	-0.802638,	-0.542631,	-0.00197613,	-0.358895,	-0.3367,	0.57821,	-0.0588,	7101,	-246,	22,	-449,	7121,	131,	-83,	-152,	7111,	52,	-6,	-345,	
1,	3,	1.11652e+006,	1.65255e+015,	0,	-4,	6,	7,	0,	-1,	0,	2,	1.65255e+009,	-0.645539,	-0.442288,	-0.444092,	-0.0657888,	-0.69109,	-0.41859,	-0.0150907,	0.108953,	-0.704919,	-0.334296,	-0.0210691,	-0.0120393,	-0.716623,	-0.311355,	-0.0219089,	-0.0844858,	-0.802638,	-0.542631,	-0.00197613,	-0.358895,	-0.3367,	0.57821,	-0.0588,	7111,	-247,	22,	-449,	7131,	130,	-83,	-151,	7121,	52,	-7,	-345,	
1,	3,	1.11659e+006,	1.65255e+015,	-1,	-2,	-1,	-15,	-5,	-3,	-3,	-8,	1.65255e+009,	-0.645539,	-0.442288,	-0.444092,	-0.0657888,	-0.69109,	-0.41859,	-0.0150907,	0.108953,	-0.704919,	-0.334296,	-0.0210691,	-0.0120393,	-0.716623,	-0.311355,	-0.0219089,	-0.0844858,	-0.802638,	-0.542631,	-0.00197613,	-0.358895,	-0.3367,	0.57821,	-0.0588,	7121,	-247,	22,	-449,	7141,	130,	-81,	-151,	7131,	53,	-6,	-344,	
1,	3,	1.11666e+006,	1.65255e+015,	1,	7,	7,	4,	1,	0,	0,	1,	1.65255e+009,	-0.645539,	-0.442288,	-0.444092,	-0.0657888,	-0.69109,	-0.41859,	-0.0150907,	0.108953,	-0.704919,	-0.334296,	-0.0210691,	-0.0120393,	-0.716623,	-0.311355,	-0.0219089,	-0.0844858,	-0.802638,	-0.542631,	-0.00197613,	-0.358895,	-0.3367,	0.57821,	-0.0588,	7131,	-247,	23,	-449,	7151,	130,	-82,	-151,	7141,	53,	-7,	-344,	
1,	3,	1.11673e+006,	1.65255e+015,	2,	3,	-5,	5,	1,	1,	0,	0,	1.65255e+009,	-0.645539,	-0.442288,	-0.444092,	-0.0657888,	-0.69109,	-0.41859,	-0.0150907,	0.108953,	-0.704919,	-0.334296,	-0.0210691,	-0.0120393,	-0.716623,	-0.311355,	-0.0219089,	-0.0844858,	-0.802638,	-0.542631,	-0.00197613,	-0.358895,	-0.3367,	0.57821,	-0.0588,	7141,	-248,	22,	-449,	7161,	130,	-82,	-151,	7151,	53,	-6,	-344,	
1,	3,	1.1168e+006,	1.65255e+015,	-4,	-18,	2,	-4,	-1,	-2,	-3,	-3,	1.65255e+009,	-0.645539,	-0.442288,	-0.444092,	-0.0657888,	-0.69109,	-0.41859,	-0.0150907,	0.108953,	-0.704919,	-0.334296,	-0.0210691,	-0.0120393,	-0.716623,	-0.311355,	-0.0219089,	-0.0844858,	-0.802638,	-0.542631,	-0.00197613,	-0.358895,	-0.3367,	0.57821,	-0.0588,	7151,	-246,	24,	-449,	7171,	131,	-81,	-151,	7161,	52,	-5,	-344,	
1,	3,	1.11688e+006,	1.65255e+015,	-1,	1,	5,	10,	-1,	-2,	0,	-1,	1.65255e+009,	-0.645539,	-0.442288,	-0.444092,	-0.0657888,	-0.69109,	-0.41859,	-0.0150907,	0.108953,	-0.704919,	-0.334296,	-0.0210691,	-0.0120393,	-0.716623,	-0.311355,	-0.0219089,	-0.0844858,	-0.802638,	-0.542631,	-0.00197613,	-0.358895,	-0.3367,	0.57821,	-0.0588,	7161,	-246,	24,	-449,	7181,	130,	-82,	-151,	7171,	52,	-5,	-345,	
1,	3,	1.11695e+006,	1.65255e+015,	-2,	2,	2,	9,	-1,	0,	-3,	-2,	1.65255e+009,	-0.645539,	-0.442288,	-0.444092,	-0.0657888,	-0.69109,	-0.41859,	-0.0150907,	0.108953,	-0.704919,	-0.334296,	-0.0210691,	-0.0120393,	-0.716623,	-0.311355,	-0.0219089,	-0.0844858,	-0.802638,	-0.542631,	-0.00197613,	-0.358895,	-0.3367,	0.57821,	-0.0588,	7171,	-247,	24,	-449,	7191,	130,	-82,	-151,	7181,	52,	-4,	-345,	
1,	3,	1.11702e+006,	1.65255e+015,	0,	4,	-2,	-1,	-1,	-2,	-1,	-3,	1.65255e+009,	-0.645539,	-0.442288,	-0.444092,	-0.0657888,	-0.69109,	-0.41859,	-0.0150907,	0.108953,	-0.704919,	-0.334296,	-0.0210691,	-0.0120393,	-0.716623,	-0.311355,	-0.0219089,	-0.0844858,	-0.802638,	-0.542631,	-0.00197613,	-0.358895,	-0.3367,	0.57821,	-0.0588,	7181,	-247,	24,	-449,	7201,	130,	-82,	-151,	7191,	53,	-4,	-344,	
1,	3,	1.11709e+006,	1.65255e+015,	0,	4,	5,	10,	-2,	-3,	0,	4,	1.65255e+009,	-0.645539,	-0.442288,	-0.444092,	-0.0657888,	-0.69109,	-0.41859,	-0.0150907,	0.108953,	-0.704919,	-0.334296,	-0.0210691,	-0.0120393,	-0.716623,	-0.311355,	-0.0219089,	-0.0844858,	-0.802638,	-0.542631,	-0.00197613,	-0.358895,	-0.3367,	0.57821,	-0.0588,	7191,	-247,	24,	-450,	7211,	130,	-82,	-151,	7201,	52,	-3,	-344,	
1,	3,	1.11717e+006,	1.65255e+015,	-2,	-9,	-13,	-3,	0,	1,	-1,	-1,	1.65255e+009,	-0.645539,	-0.442288,	-0.444092,	-0.0657888,	-0.69109,	-0.41859,	-0.0150907,	0.108953,	-0.704919,	-0.334296,	-0.0210691,	-0.0120393,	-0.716623,	-0.311355,	-0.0219089,	-0.0844858,	-0.802638,	-0.542631,	-0.00197613,	-0.358895,	-0.3367,	0.57821,	-0.0588,	7201,	-247,	24,	-449,	7221,	131,	-83,	-151,	7211,	52,	-4,	-344,	
1,	3,	1.11725e+006,	1.65255e+015,	1,	6,	6,	2,	-2,	-1,	-1,	-2,	1.65255e+009,	-0.645539,	-0.442288,	-0.444092,	-0.0657888,	-0.69109,	-0.41859,	-0.0150907,	0.108953,	-0.704919,	-0.334296,	-0.0210691,	-0.0120393,	-0.716623,	-0.311355,	-0.0219089,	-0.0844858,	-0.802638,	-0.542631,	-0.00197613,	-0.358895,	-0.3367,	0.57821,	-0.0588,	7211,	-247,	24,	-449,	7231,	132,	-82,	-151,	7221,	52,	-3,	-344,	
1,	3,	1.11733e+006,	1.65255e+015,	-1,	0,	2,	0,	-2,	0,	-2,	0,	1.65255e+009,	-0.645539,	-0.442288,	-0.444092,	-0.0657888,	-0.69109,	-0.41859,	-0.0150907,	0.108953,	-0.704919,	-0.334296,	-0.0210691,	-0.0120393,	-0.716623,	-0.311355,	-0.0219089,	-0.0844858,	-0.802638,	-0.542631,	-0.00197613,	-0.358895,	-0.3367,	0.57821,	-0.0588,	7221,	-246,	26,	-448,	7241,	132,	-82,	-151,	7231,	52,	-3,	-344,	
1,	3,	1.11739e+006,	1.65255e+015,	1,	1,	-3,	2,	-1,	2,	-3,	-5,	1.65255e+009,	-0.645539,	-0.442288,	-0.444092,	-0.0657888,	-0.69109,	-0.41859,	-0.0150907,	0.108953,	-0.704919,	-0.334296,	-0.0210691,	-0.0120393,	-0.716623,	-0.311355,	-0.0219089,	-0.0844858,	-0.802638,	-0.542631,	-0.00197613,	-0.358895,	-0.3367,	0.57821,	-0.0588,	7231,	-247,	24,	-448,	7251,	131,	-81,	-151,	7241,	53,	-4,	-344,	
1,	3,	1.11747e+006,	1.65255e+015,	-4,	-1,	-6,	-4,	-3,	-4,	-3,	-1,	1.65255e+009,	-0.645539,	-0.442288,	-0.444092,	-0.0657888,	-0.69109,	-0.41859,	-0.0150907,	0.108953,	-0.704919,	-0.334296,	-0.0210691,	-0.0120393,	-0.716623,	-0.311355,	-0.0219089,	-0.0844858,	-0.802638,	-0.542631,	-0.00197613,	-0.358895,	-0.3367,	0.57821,	-0.0588,	7241,	-247,	25,	-448,	7261,	131,	-82,	-151,	7251,	53,	-4,	-344,	
1,	3,	1.11755e+006,	1.65255e+015,	0,	-1,	-9,	1,	-2,	1,	0,	-1,	1.65255e+009,	-0.645539,	-0.442288,	-0.444092,	-0.0657888,	-0.69109,	-0.41859,	-0.0150907,	0.108953,	-0.704919,	-0.334296,	-0.0210691,	-0.0120393,	-0.716623,	-0.311355,	-0.0219089,	-0.0844858,	-0.802638,	-0.542631,	-0.00197613,	-0.358895,	-0.3367,	0.57821,	-0.0588,	7251,	-247,	25,	-447,	7271,	131,	-82,	-151,	7261,	52,	-4,	-344,	
1,	3,	1.11761e+006,	1.65255e+015,	-3,	-6,	-14,	-6,	-2,	0,	-2,	-1,	1.65255e+009,	-0.645539,	-0.442288,	-0.444092,	-0.0657888,	-0.69109,	-0.41859,	-0.0150907,	0.108953,	-0.704919,	-0.334296,	-0.0210691,	-0.0120393,	-0.716623,	-0.311355,	-0.0219089,	-0.0844858,	-0.802638,	-0.542631,	-0.00197613,	-0.358895,	-0.3367,	0.57821,	-0.0588,	7261,	-247,	24,	-446,	7281,	131,	-83,	-150,	7271,	52,	-4,	-343,	
1,	3,	1.11769e+006,	1.65255e+015,	-1,	-2,	-12,	3,	1,	0,	-2,	0,	1.65255e+009,	-0.645539,	-0.442288,	-0.444092,	-0.0657888,	-0.69109,	-0.41859,	-0.0150907,	0.108953,	-0.704919,	-0.334296,	-0.0210691,	-0.0120393,	-0.716623,	-0.311355,	-0.0219089,	-0.0844858,	-0.802638,	-0.542631,	-0.00197613,	-0.358895,	-0.3367,	0.57821,	-0.0588,	7271,	-247,	24,	-445,	7291,	131,	-83,	-150,	7281,	51,	-5,	-344,	
1,	3,	1.11775e+006,	1.65255e+015,	0,	-2,	0,	-2,	-1,	-1,	0,	-1,	1.65255e+009,	-0.645539,	-0.442288,	-0.444092,	-0.0657888,	-0.69109,	-0.41859,	-0.0150907,	0.108953,	-0.704919,	-0.334296,	-0.0210691,	-0.0120393,	-0.716623,	-0.311355,	-0.0219089,	-0.0844858,	-0.802638,	-0.542631,	-0.00197613,	-0.358895,	-0.3367,	0.57821,	-0.0588,	7281,	-247,	23,	-445,	7301,	130,	-84,	-151,	7291,	53,	-6,	-344,	
1,	3,	1.11783e+006,	1.65255e+015,	-1,	-2,	-5,	-7,	-2,	0,	0,	-1,	1.65255e+009,	-0.645539,	-0.442288,	-0.444092,	-0.0657888,	-0.69109,	-0.41859,	-0.0150907,	0.108953,	-0.704919,	-0.334296,	-0.0210691,	-0.0120393,	-0.716623,	-0.311355,	-0.0219089,	-0.0844858,	-0.802638,	-0.542631,	-0.00197613,	-0.358895,	-0.3367,	0.57821,	-0.0588,	7291,	-247,	24,	-445,	7311,	131,	-83,	-150,	7301,	51,	-5,	-343,	
1,	3,	1.11789e+006,	1.65255e+015,	-2,	-6,	-10,	-3,	-1,	-2,	-1,	1,	1.65255e+009,	-0.645539,	-0.442288,	-0.444092,	-0.0657888,	-0.69109,	-0.41859,	-0.0150907,	0.108953,	-0.704919,	-0.334296,	-0.0210691,	-0.0120393,	-0.716623,	-0.311355,	-0.0219089,	-0.0844858,	-0.802638,	-0.542631,	-0.00197613,	-0.358895,	-0.3367,	0.57821,	-0.0588,	7301,	-247,	24,	-445,	7321,	131,	-84,	-150,	7311,	51,	-5,	-344,	
1,	3,	1.11797e+006,	1.65255e+015,	-1,	-7,	2,	0,	0,	0,	-2,	0,	1.65255e+009,	-0.645539,	-0.442288,	-0.444092,	-0.0657888,	-0.69109,	-0.41859,	-0.0150907,	0.108953,	-0.704919,	-0.334296,	-0.0210691,	-0.0120393,	-0.716623,	-0.311355,	-0.0219089,	-0.0844858,	-0.802638,	-0.542631,	-0.00197613,	-0.358895,	-0.3367,	0.57821,	-0.0588,	7311,	-247,	24,	-446,	7331,	131,	-82,	-150,	7321,	51,	-5,	-344,	
1,	3,	1.11803e+006,	1.65255e+015,	-1,	-2,	-8,	-5,	-1,	0,	0,	0,	1.65255e+009,	-0.645539,	-0.442288,	-0.444092,	-0.0657888,	-0.69109,	-0.41859,	-0.0150907,	0.108953,	-0.704919,	-0.334296,	-0.0210691,	-0.0120393,	-0.716623,	-0.311355,	-0.0219089,	-0.0844858,	-0.802638,	-0.542631,	-0.00197613,	-0.358895,	-0.3367,	0.57821,	-0.0588,	7321,	-248,	24,	-446,	7341,	130,	-83,	-151,	7331,	51,	-5,	-344,	
1,	3,	1.11811e+006,	1.65255e+015,	0,	-1,	6,	3,	1,	0,	-1,	2,	1.65255e+009,	-0.645539,	-0.442288,	-0.444092,	-0.0657888,	-0.69109,	-0.41859,	-0.0150907,	0.108953,	-0.704919,	-0.334296,	-0.0210691,	-0.0120393,	-0.716623,	-0.311355,	-0.0219089,	-0.0844858,	-0.802638,	-0.542631,	-0.00197613,	-0.358895,	-0.3367,	0.57821,	-0.0588,	7331,	-248,	23,	-446,	7351,	131,	-82,	-151,	7341,	52,	-4,	-344,	
1,	3,	1.11817e+006,	1.65255e+015,	0,	-5,	-3,	-5,	-1,	0,	-1,	0,	1.65255e+009,	-0.645539,	-0.442288,	-0.444092,	-0.0657888,	-0.69109,	-0.41859,	-0.0150907,	0.108953,	-0.704919,	-0.334296,	-0.0210691,	-0.0120393,	-0.716623,	-0.311355,	-0.0219089,	-0.0844858,	-0.802638,	-0.542631,	-0.00197613,	-0.358895,	-0.3367,	0.57821,	-0.0588,	7341,	-248,	23,	-447,	7361,	131,	-82,	-151,	7351,	52,	-4,	-344,	
1,	3,	1.11825e+006,	1.65255e+015,	0,	-2,	-8,	2,	1,	1,	-2,	-9,	1.65255e+009,	-0.645539,	-0.442288,	-0.444092,	-0.0657888,	-0.69109,	-0.41859,	-0.0150907,	0.108953,	-0.704919,	-0.334296,	-0.0210691,	-0.0120393,	-0.716623,	-0.311355,	-0.0219089,	-0.0844858,	-0.802638,	-0.542631,	-0.00197613,	-0.358895,	-0.3367,	0.57821,	-0.0588,	7351,	-248,	23,	-447,	7371,	131,	-82,	-151,	7361,	52,	-3,	-344,	
1,	3,	1.11833e+006,	1.65255e+015,	0,	0,	-3,	-1,	-1,	-1,	0,	0,	1.65255e+009,	-0.645539,	-0.442288,	-0.444092,	-0.0657888,	-0.69109,	-0.41859,	-0.0150907,	0.108953,	-0.704919,	-0.334296,	-0.0210691,	-0.0120393,	-0.716623,	-0.311355,	-0.0219089,	-0.0844858,	-0.802638,	-0.542631,	-0.00197613,	-0.358895,	-0.3367,	0.57821,	-0.0588,	7361,	-248,	24,	-447,	7381,	132,	-82,	-151,	7371,	51,	-4,	-344,	
1,	3,	1.11839e+006,	1.65255e+015,	-3,	-5,	-12,	-3,	0,	0,	-1,	-1,	1.65255e+009,	-0.645539,	-0.442288,	-0.444092,	-0.0657888,	-0.69109,	-0.41859,	-0.0150907,	0.108953,	-0.704919,	-0.334296,	-0.0210691,	-0.0120393,	-0.716623,	-0.311355,	-0.0219089,	-0.0844858,	-0.802638,	-0.542631,	-0.00197613,	-0.358895,	-0.3367,	0.57821,	-0.0588,	7371,	-247,	23,	-447,	7391,	131,	-81,	-151,	7381,	52,	-4,	-344,	
2,	3,	1.11848e+006,	1.65255e+015,	2,	2,	-6,	-8,	-1,	1,	-1,	0,	1.65255e+009,	-0.645539,	-0.442288,	-0.444092,	-0.0657888,	-0.69109,	-0.41859,	-0.0150907,	0.108953,	-0.704919,	-0.334296,	-0.0210691,	-0.0120393,	-0.716623,	-0.311355,	-0.0219089,	-0.0844858,	-0.802638,	-0.542631,	-0.00197613,	-0.358895,	-0.3367,	0.57821,	-0.0588,	7381,	-247,	22,	-446,	7401,	130,	-82,	-151,	7391,	53,	-4,	-344,	
2,	3,	1.11855e+006,	1.65255e+015,	-4,	-10,	-1,	-1,	-2,	1,	-1,	-3,	1.65255e+009,	-0.645539,	-0.442288,	-0.444092,	-0.0657888,	-0.69109,	-0.41859,	-0.0150907,	0.108953,	-0.704919,	-0.334296,	-0.0210691,	-0.0120393,	-0.716623,	-0.311355,	-0.0219089,	-0.0844858,	-0.802638,	-0.542631,	-0.00197613,	-0.358895,	-0.3367,	0.57821,	-0.0588,	7391,	-248,	23,	-446,	7411,	130,	-83,	-151,	7401,	53,	-5,	-344,	
2,	3,	1.11863e+006,	1.65255e+015,	1,	1,	-11,	-6,	-1,	0,	-1,	2,	1.65255e+009,	-0.645539,	-0.442288,	-0.444092,	-0.0657888,	-0.69109,	-0.41859,	-0.0150907,	0.108953,	-0.704919,	-0.334296,	-0.0210691,	-0.0120393,	-0.716623,	-0.311355,	-0.0219089,	-0.0844858,	-0.802638,	-0.542631,	-0.00197613,	-0.358895,	-0.3367,	0.57821,	-0.0588,	7401,	-247,	23,	-446,	7421,	129,	-83,	-151,	7411,	53,	-4,	-344,	
2,	3,	1.1187e+006,	1.65255e+015,	0,	0,	-2,	-1,	1,	-2,	-1,	1,	1.65255e+009,	-0.645539,	-0.442288,	-0.444092,	-0.0657888,	-0.69109,	-0.41859,	-0.0150907,	0.108953,	-0.704919,	-0.334296,	-0.0210691,	-0.0120393,	-0.716623,	-0.311355,	-0.0219089,	-0.0844858,	-0.802638,	-0.542631,	-0.00197613,	-0.358895,	-0.3367,	0.57821,	-0.0588,	7411,	-247,	23,	-446,	7431,	128,	-83,	-151,	7421,	51,	-6,	-344,	
2,	3,	1.11878e+006,	1.65255e+015,	0,	0,	19,	1,	1,	0,	-1,	0,	1.65255e+009,	-0.645539,	-0.442288,	-0.444092,	-0.0657888,	-0.69109,	-0.41859,	-0.0150907,	0.108953,	-0.704919,	-0.334296,	-0.0210691,	-0.0120393,	-0.716623,	-0.311355,	-0.0219089,	-0.0844858,	-0.802638,	-0.542631,	-0.00197613,	-0.358895,	-0.3367,	0.57821,	-0.0588,	7421,	-247,	23,	-447,	7441,	129,	-82,	-151,	7431,	52,	-6,	-344,	
2,	3,	1.11886e+006,	1.65255e+015,	1,	9,	11,	1,	0,	-1,	-2,	-1,	1.65255e+009,	-0.645539,	-0.442288,	-0.444092,	-0.0657888,	-0.69109,	-0.41859,	-0.0150907,	0.108953,	-0.704919,	-0.334296,	-0.0210691,	-0.0120393,	-0.716623,	-0.311355,	-0.0219089,	-0.0844858,	-0.802638,	-0.542631,	-0.00197613,	-0.358895,	-0.3367,	0.57821,	-0.0588,	7431,	-248,	22,	-447,	7451,	131,	-82,	-151,	7441,	52,	-5,	-344,	
2,	3,	1.11892e+006,	1.65255e+015,	1,	3,	5,	-1,	0,	1,	0,	-1,	1.65255e+009,	-0.645539,	-0.442288,	-0.444092,	-0.0657888,	-0.69109,	-0.41859,	-0.0150907,	0.108953,	-0.704919,	-0.334296,	-0.0210691,	-0.0120393,	-0.716623,	-0.311355,	-0.0219089,	-0.0844858,	-0.802638,	-0.542631,	-0.00197613,	-0.358895,	-0.3367,	0.57821,	-0.0588,	7441,	-247,	23,	-448,	7461,	129,	-82,	-151,	7451,	52,	-5,	-344,	
2,	3,	1.119e+006,	1.65255e+015,	-1,	3,	4,	-10,	-2,	0,	-1,	0,	1.65255e+009,	-0.645539,	-0.442288,	-0.444092,	-0.0657888,	-0.69109,	-0.41859,	-0.0150907,	0.108953,	-0.704919,	-0.334296,	-0.0210691,	-0.0120393,	-0.716623,	-0.311355,	-0.0219089,	-0.0844858,	-0.802638,	-0.542631,	-0.00197613,	-0.358895,	-0.3367,	0.57821,	-0.0588,	7451,	-247,	22,	-448,	7471,	130,	-83,	-151,	7461,	53,	-5,	-344,	
2,	3,	1.11906e+006,	1.65255e+015,	-2,	-11,	-28,	-9,	0,	0,	-3,	-9,	1.65255e+009,	-0.645539,	-0.442288,	-0.444092,	-0.0657888,	-0.69109,	-0.41859,	-0.0150907,	0.108953,	-0.704919,	-0.334296,	-0.0210691,	-0.0120393,	-0.803355,	-0.311355,	-0.0219089,	-0.0844858,	-0.802638,	-0.491379,	-0.00626944,	-0.358895,	-0.3367,	0.57821,	-0.0588,	7461,	-247,	22,	-448,	7481,	129,	-82,	-151,	7471,	52,	-6,	-344,	
2,	3,	1.11913e+006,	1.65255e+015,	-2,	-1,	-3,	-6,	-1,	-1,	-6,	-32,	1.65255e+009,	-0.645539,	-0.442288,	-0.444092,	-0.0657888,	-0.69109,	-0.41859,	-0.0150907,	0.108953,	-0.704919,	-0.334296,	-0.0210691,	-0.0120393,	-0.803355,	-0.311355,	-0.0219089,	-0.0844858,	-0.802638,	-0.491379,	-0.00626944,	-0.358895,	-0.3367,	0.57821,	-0.0588,	7471,	-247,	23,	-448,	7491,	129,	-83,	-151,	7481,	53,	-6,	-345,	
2,	3,	1.11919e+006,	1.65255e+015,	1,	-4,	-2,	-5,	-1,	-3,	6,	33,	1.65255e+009,	-0.645539,	-0.442288,	-0.444092,	-0.0657888,	-0.627026,	-0.41859,	-0.0150907,	0.103086,	-0.704919,	-0.234507,	-0.0222682,	-0.0179059,	-0.803355,	-0.311355,	-0.0219089,	-0.0666965,	-0.802638,	-0.491379,	-0.00626944,	-0.341106,	-0.3731,	0.57821,	-0.0588,	7481,	-248,	23,	-448,	7501,	129,	-84,	-151,	7491,	52,	-5,	-344,	
2,	3,	1.11925e+006,	1.65255e+015,	10,	-21,	-38,	1,	3,	8,	31,	91,	1.65255e+009,	-0.645539,	-0.442288,	-0.444092,	-0.0657888,	-0.627026,	-0.41859,	-0.0150907,	0.0832142,	-0.704919,	-0.234507,	-0.0222682,	-0.0289057,	-1.04187,	-0.506506,	-0.00401062,	-0.0244702,	-0.802638,	-0.427314,	-0.0142123,	-0.322536,	-0.4277,	0.57821,	-0.0588,	7491,	-248,	23,	-447,	7511,	130,	-83,	-151,	7501,	52,	-5,	-345,	
2,	3,	1.11933e+006,	1.65255e+015,	0,	8,	2,	-9,	0,	1,	-3,	2,	1.65255e+009,	-0.525299,	-0.442288,	-0.444092,	-0.0657888,	-0.627026,	-0.357482,	-0.0198781,	0.0700141,	-0.767999,	-0.154675,	-0.0186389,	-0.0421058,	-1.49721,	-0.701657,	-0.0382614,	0.0155557,	-0.802638,	-0.376062,	-0.0186753,	-0.31208,	-0.7826,	0.57821,	-0.0588,	7501,	-247,	23,	-448,	7521,	130,	-84,	-151,	7511,	52,	-6,	-345,	
2,	3,	1.11939e+006,	1.65255e+015,	-2,	-1,	6,	8,	-1,	-2,	-1,	11,	1.65255e+009,	-0.525299,	-0.442288,	-0.444092,	-0.0657888,	-0.627026,	-0.357482,	-0.0198781,	0.0528744,	-0.941469,	-0.0548845,	-0.00836643,	-0.0481555,	-1.73572,	-0.595211,	-0.0121824,	0.04499,	-1.02194,	-0.32481,	-0.0214572,	-0.312216,	-0.9009,	0.57821,	-0.0588,	7511,	-248,	23,	-448,	7531,	129,	-83,	-151,	7521,	52,	-6,	-345,	
2,	3,	1.11947e+006,	1.65255e+015,	3,	1,	-6,	9,	2,	0,	5,	4,	1.65255e+009,	-0.525299,	-0.442288,	-0.444092,	-0.0657888,	-0.707106,	-0.281097,	-0.0225015,	0.038668,	-0.988779,	0.0449055,	0.00827922,	-0.0512719,	-1.97424,	-0.595211,	-0.0121824,	0.0655296,	-1.02194,	-0.260745,	-0.0225705,	-0.291676,	-0.9464,	0.57821,	-0.0588,	7521,	-247,	23,	-448,	7541,	128,	-83,	-152,	7531,	52,	-6,	-345,	
2,	3,	1.11953e+006,	1.65255e+015,	3,	-22,	-30,	-16,	-3,	3,	8,	58,	1.65255e+009,	-0.465179,	-0.442288,	-0.444092,	-0.0657888,	-0.77117,	-0.281097,	-0.0225015,	0.038668,	-1.0834,	0.0449055,	0.00827922,	-0.0512719,	-2.08265,	-0.595211,	-0.0121824,	0.0655296,	-1.13159,	-0.260745,	-0.0225705,	-0.291676,	-0.9464,	0.57821,	-0.0588,	7531,	-247,	23,	-448,	7551,	129,	-83,	-152,	7541,	51,	-5,	-345,	
2,	3,	1.11961e+006,	1.65255e+015,	1,	7,	8,	7,	-1,	0,	3,	14,	1.65255e+009,	-0.465179,	-0.442288,	-0.444092,	-0.0657888,	-0.77117,	-0.281097,	-0.0225015,	0.038668,	-1.16225,	0.0449055,	0.00827922,	-0.0512719,	-2.08265,	-0.595211,	-0.0121824,	0.0655296,	-1.13159,	-0.260745,	-0.0225705,	-0.291676,	-0.9464,	0.57821,	-0.0588,	7541,	-248,	23,	-448,	7561,	129,	-84,	-151,	7551,	52,	-4,	-344,	
2,	3,	1.11967e+006,	1.65255e+015,	-4,	-7,	16,	2,	-5,	-3,	-2,	0,	1.65255e+009,	-0.465179,	-0.442288,	-0.444092,	-0.0657888,	-0.77117,	-0.281097,	-0.0225015,	0.038668,	-1.16225,	0.0449055,	0.00827922,	-0.0512719,	-2.08265,	-0.595211,	-0.0121824,	0.0655296,	-1.13159,	-0.260745,	-0.0225705,	-0.291676,	-0.9464,	0.57821,	-0.0588,	7551,	-247,	24,	-448,	7571,	129,	-82,	-151,	7561,	51,	-4,	-344,	
2,	3,	1.11973e+006,	1.65255e+015,	-3,	-4,	-27,	-14,	-1,	-2,	2,	6,	1.65255e+009,	-0.465179,	-0.442288,	-0.444092,	-0.0657888,	-0.77117,	-0.281097,	-0.0225015,	0.038668,	-1.16225,	0.0449055,	0.00827922,	-0.0512719,	-2.08265,	-0.595211,	-0.0121824,	0.0655296,	-1.13159,	-0.260745,	-0.0225705,	-0.291676,	-0.9464,	0.57821,	-0.0588,	7561,	-249,	23,	-448,	7581,	129,	-81,	-151,	7571,	52,	-3,	-344,	
2,	3,	1.11981e+006,	1.65255e+015,	-2,	-3,	9,	-2,	0,	1,	1,	12,	1.65255e+009,	-0.465179,	-0.442288,	-0.444092,	-0.0657888,	-0.77117,	-0.281097,	-0.0225015,	0.038668,	-1.16225,	0.0449055,	0.00827922,	-0.0512719,	-2.08265,	-0.595211,	-0.0121824,	0.0655296,	-1.13159,	-0.260745,	-0.0225705,	-0.291676,	-0.9464,	0.57821,	-0.0588,	7571,	-248,	24,	-447,	7591,	130,	-81,	-151,	7581,	52,	-4,	-344,	
2,	3,	1.11988e+006,	1.65255e+015,	4,	9,	-1,	-3,	0,	-3,	3,	15,	1.65255e+009,	-0.465179,	-0.442288,	-0.444092,	-0.0657888,	-0.77117,	-0.281097,	-0.0225015,	0.0328013,	-1.16225,	0.0449055,	0.00827922,	-0.0571386,	-2.08265,	-0.666175,	-0.0287627,	0.0833189,	-1.13159,	-0.260745,	-0.0225705,	-0.273887,	-0.91,	0.57821,	-0.0588,	7581,	-249,	25,	-447,	7601,	130,	-81,	-151,	7591,	52,	-4,	-345,	
2,	3,	1.11995e+006,	1.65255e+015,	-3,	-5,	-10,	-4,	-4,	-2,	-2,	-1,	1.65255e+009,	-0.465179,	-0.442288,	-0.444092,	-0.0657888,	-0.77117,	-0.281097,	-0.0225015,	0.0328013,	-1.02032,	0.0449055,	0.00827922,	-0.0571386,	-1.97424,	-0.666175,	-0.0287627,	0.0833189,	-1.13159,	-0.260745,	-0.0225705,	-0.273887,	-0.8645,	0.57821,	-0.0588,	7591,	-248,	23,	-447,	7611,	130,	-82,	-151,	7601,	52,	-3,	-345,	
2,	3,	1.12002e+006,	1.65255e+015,	-2,	1,	-7,	-19,	-6,	0,	0,	-1,	1.65255e+009,	-0.465179,	-0.442288,	-0.444092,	-0.0657888,	-0.69109,	-0.281097,	-0.0225015,	0.0430681,	-0.957239,	0.0449055,	0.00827922,	-0.0468719,	-1.69236,	-0.595211,	-0.0121824,	0.0521876,	-1.04387,	-0.260745,	-0.0225705,	-0.305018,	-0.6734,	0.57821,	-0.0588,	7601,	-248,	24,	-447,	7621,	130,	-81,	-151,	7611,	52,	-4,	-345,	
2,	3,	1.12009e+006,	1.65255e+015,	4,	11,	123,	8,	5,	5,	2,	1,	1.65255e+009,	-0.525299,	-0.442288,	-0.444092,	-0.0657888,	-0.69109,	-0.281097,	-0.0225015,	0.0778078,	-0.957239,	0.0449055,	0.00827922,	-0.0232221,	-1.47553,	-0.293614,	-0.0223274,	-0.0306146,	-1.04387,	-0.260745,	-0.0225705,	-0.38782,	-0.5733,	0.57821,	-0.0588,	7611,	-248,	24,	-447,	7631,	129,	-81,	-151,	7621,	53,	-4,	-345,	
2,	3,	1.12016e+006,	1.65255e+015,	-1,	5,	21,	-1,	-2,	-3,	-2,	-1,	1.65255e+009,	-0.525299,	-0.442288,	-0.444092,	-0.0657888,	-0.69109,	-0.281097,	-0.0225015,	0.0954079,	-0.878389,	0.0449055,	0.00827922,	-0.00562201,	-1.15028,	-0.0097576,	-0.00162833,	-0.0839825,	-0.846498,	-0.260745,	-0.0225705,	-0.441188,	-0.4459,	0.57821,	-0.0588,	7621,	-248,	23,	-447,	7641,	129,	-81,	-151,	7631,	52,	-4,	-345,	
2,	3,	1.12023e+006,	1.65255e+015,	-2,	1,	1,	8,	-1,	-1,	-1,	-1,	1.65255e+009,	-0.585419,	-0.442288,	-0.444092,	-0.0657888,	-0.69109,	-0.281097,	-0.0225015,	0.103748,	-0.878389,	0.0449055,	0.00827922,	-0.00837233,	-0.955136,	-0.0097576,	-0.00162833,	-0.0867328,	-0.846498,	-0.260745,	-0.0225705,	-0.443938,	-0.4095,	0.57821,	-0.0588,	7631,	-248,	22,	-448,	7651,	129,	-82,	-152,	7641,	52,	-4,	-345,	
2,	3,	1.1203e+006,	1.65255e+015,	1,	2,	-3,	-3,	-1,	-2,	1,	-1,	1.65255e+009,	-0.585419,	-0.442288,	-0.444092,	-0.0657888,	-0.69109,	-0.281097,	-0.0225015,	0.103748,	-0.878389,	0.0449055,	0.00827922,	-0.00837233,	-0.955136,	-0.0097576,	-0.00162833,	-0.0867328,	-0.846498,	-0.260745,	-0.0225705,	-0.443938,	-0.4095,	0.57821,	-0.0588,	7641,	-248,	22,	-448,	7661,	129,	-82,	-152,	7651,	52,	-4,	-345,	
2,	3,	1.12038e+006,	1.65255e+015,	-1,	-12,	-9,	-2,	-1,	0,	0,	0,	1.65255e+009,	-0.585419,	-0.442288,	-0.444092,	-0.0657888,	-0.69109,	-0.281097,	-0.0225015,	0.103748,	-0.799539,	0.0449055,	0.00827922,	-0.00837233,	-0.955136,	-0.0097576,	-0.00162833,	-0.0867328,	-0.736848,	-0.260745,	-0.0225705,	-0.420282,	-0.4095,	0.57821,	-0.0588,	7651,	-248,	23,	-448,	7671,	130,	-81,	-152,	7661,	52,	-5,	-345,	
2,	3,	1.12045e+006,	1.65255e+015,	1,	5,	-13,	-2,	-2,	0,	-1,	0,	1.65255e+009,	-0.585419,	-0.442288,	-0.444092,	-0.0657888,	-0.69109,	-0.281097,	-0.0225015,	0.103748,	-0.799539,	0.0449055,	0.00827922,	-0.00837233,	-0.955136,	-0.0097576,	-0.00162833,	-0.0867328,	-0.736848,	-0.260745,	-0.0225705,	-0.420282,	-0.4095,	0.57821,	-0.0588,	7661,	-249,	22,	-448,	7681,	129,	-82,	-152,	7671,	53,	-5,	-345,	
2,	3,	1.12053e+006,	1.65255e+015,	0,	-5,	-7,	-7,	-1,	-1,	-1,	-1,	1.65255e+009,	-0.585419,	-0.442288,	-0.444092,	-0.0657888,	-0.69109,	-0.281097,	-0.0225015,	0.103748,	-0.799539,	0.0449055,	0.00827922,	-0.00837233,	-0.955136,	-0.0097576,	-0.00162833,	-0.0867328,	-0.736848,	-0.260745,	-0.0225705,	-0.420282,	-0.4095,	0.57821,	-0.0588,	7671,	-249,	23,	-448,	7691,	129,	-82,	-151,	7681,	53,	-4,	-345,	
2,	3,	1.12061e+006,	1.65255e+015,	-1,	-3,	-4,	-2,	-2,	-2,	0,	0,	1.65255e+009,	-0.585419,	-0.442288,	-0.444092,	-0.0657888,	-0.69109,	-0.281097,	-0.0225015,	0.103748,	-0.799539,	0.0449055,	0.00827922,	-0.00837233,	-0.955136,	-0.0097576,	-0.00162833,	-0.0867328,	-0.736848,	-0.260745,	-0.0225705,	-0.420282,	-0.364,	0.57821,	-0.0588,	7681,	-249,	22,	-447,	7701,	129,	-82,	-151,	7691,	52,	-4,	-345,	
2,	3,	1.12069e+006,	1.65255e+015,	-1,	1,	22,	-1,	-2,	0,	-1,	0,	1.65255e+009,	-0.585419,	-0.442288,	-0.444092,	-0.0657888,	-0.627026,	-0.281097,	-0.0225015,	0.103748,	-0.799539,	0.0449055,	0.00827922,	-0.00837233,	-0.955136,	-0.0097576,	-0.00162833,	-0.0867328,	-0.736848,	-0.260745,	-0.0225705,	-0.420282,	-0.364,	0.57821,	-0.0588,	7691,	-249,	23,	-446,	7711,	130,	-82,	-151,	7701,	52,	-4,	-344,	
2,	3,	1.12077e+006,	1.65255e+015,	-3,	-2,	9,	5,	-1,	-3,	-1,	-1,	1.65255e+009,	-0.585419,	-0.442288,	-0.444092,	-0.0657888,	-0.627026,	-0.281097,	-0.0225015,	0.103748,	-0.799539,	0.0449055,	0.00827922,	-0.00837233,	-0.955136,	-0.0097576,	-0.00162833,	-0.0867328,	-0.736848,	-0.260745,	-0.0225705,	-0.396626,	-0.364,	0.57821,	-0.0588,	7701,	-249,	23,	-447,	7721,	129,	-81,	-151,	7711,	53,	-4,	-344,	
2,	3,	1.12084e+006,	1.65255e+015,	3,	2,	-8,	-6,	-1,	2,	0,	1,	1.65255e+009,	-0.585419,	-0.442288,	-0.444092,	-0.0657888,	-0.627026,	-0.281097,	-0.0225015,	0.103748,	-0.799539,	0.0449055,	0.00827922,	-0.00837233,	-0.955136,	-0.0097576,	-0.00162833,	-0.0867328,	-0.736848,	-0.260745,	-0.0225705,	-0.396626,	-0.364,	0.57821,	-0.0588,	7711,	-248,	24,	-446,	7731,	130,	-81,	-151,	7721,	53,	-3,	-344,	
2,	3,	1.12092e+006,	1.65255e+015,	-3,	-1,	11,	3,	-2,	-2,	-2,	-3,	1.65255e+009,	-0.585419,	-0.442288,	-0.444092,	-0.0657888,	-0.627026,	-0.281097,	-0.0225015,	0.103748,	-0.799539,	0.0449055,	0.00827922,	-0.00837233,	-0.955136,	-0.0807216,	-0.0116376,	-0.0867328,	-0.736848,	-0.32481,	-0.0214572,	-0.396626,	-0.364,	0.57821,	-0.0588,	7721,	-249,	26,	-446,	7741,	129,	-79,	-151,	7731,	52,	-2,	-344,	
2,	3,	1.121e+006,	1.65255e+015,	-6,	-4,	2,	10,	-1,	-2,	-2,	-2,	1.65255e+009,	-0.585419,	-0.442288,	-0.444092,	-0.0657888,	-0.627026,	-0.281097,	-0.0225015,	0.103748,	-0.799539,	0.0449055,	0.00827922,	-0.00837233,	-0.955136,	-0.0807216,	-0.0116376,	-0.0867328,	-0.736848,	-0.32481,	-0.0214572,	-0.396626,	-0.364,	0.57821,	-0.0588,	7731,	-248,	26,	-447,	7751,	130,	-80,	-151,	7741,	53,	-1,	-344,	
2,	3,	1.12108e+006,	1.65255e+015,	-1,	-2,	-7,	3,	-1,	-2,	-2,	-1,	1.65255e+009,	-0.585419,	-0.442288,	-0.444092,	-0.0657888,	-0.627026,	-0.281097,	-0.0225015,	0.103748,	-0.799539,	0.0449055,	0.00827922,	-0.00837233,	-0.868404,	-0.0807216,	-0.0116376,	-0.0867328,	-0.736848,	-0.32481,	-0.0214572,	-0.396626,	-0.364,	0.57821,	-0.0588,	7741,	-247,	27,	-447,	7761,	130,	-81,	-151,	7751,	53,	-1,	-344,	
2,	3,	1.12116e+006,	1.65255e+015,	-1,	3,	0,	1,	1,	1,	-2,	1,	1.65255e+009,	-0.585419,	-0.442288,	-0.444092,	-0.0657888,	-0.627026,	-0.281097,	-0.0225015,	0.103748,	-0.799539,	0.0449055,	0.00827922,	-0.00837233,	-0.868404,	-0.0807216,	-0.0116376,	-0.0867328,	-0.736848,	-0.32481,	-0.0214572,	-0.396626,	-0.364,	0.57821,	-0.0588,	7751,	-248,	27,	-448,	7771,	130,	-80,	-151,	7761,	53,	0,	-344,	
2,	3,	1.12123e+006,	1.65255e+015,	-2,	-2,	13,	-5,	-2,	-1,	-2,	0,	1.65255e+009,	-0.585419,	-0.442288,	-0.444092,	-0.0657888,	-0.627026,	-0.281097,	-0.0225015,	0.103748,	-0.799539,	0.0449055,	0.00827922,	-0.00837233,	-0.868404,	-0.0807216,	-0.0116376,	-0.0867328,	-0.736848,	-0.32481,	-0.0214572,	-0.396626,	-0.364,	0.57821,	-0.0588,	7761,	-248,	27,	-448,	7781,	130,	-79,	-151,	7771,	53,	0,	-344,	
2,	3,	1.12131e+006,	1.65255e+015,	1,	-3,	3,	2,	1,	0,	0,	0,	1.65255e+009,	-0.585419,	-0.442288,	-0.444092,	-0.0657888,	-0.627026,	-0.281097,	-0.0225015,	0.103748,	-0.799539,	0.0449055,	0.00827922,	-0.00837233,	-0.868404,	-0.0807216,	-0.0116376,	-0.0867328,	-0.736848,	-0.32481,	-0.0214572,	-0.396626,	-0.364,	0.57821,	-0.0588,	7771,	-248,	27,	-449,	7791,	130,	-80,	-151,	7781,	54,	0,	-344,	
2,	3,	1.12139e+006,	1.65255e+015,	2,	3,	-7,	2,	0,	1,	0,	0,	1.65255e+009,	-0.585419,	-0.442288,	-0.444092,	-0.0657888,	-0.627026,	-0.281097,	-0.0225015,	0.103748,	-0.799539,	0.0449055,	0.00827922,	-0.00837233,	-0.868404,	-0.0807216,	-0.0116376,	-0.0867328,	-0.736848,	-0.32481,	-0.0214572,	-0.396626,	-0.364,	0.57821,	-0.0588,	7781,	-247,	28,	-450,	7801,	131,	-80,	-152,	7791,	55,	2,	-344,	
2,	3,	1.12147e+006,	1.65255e+015,	0,	1,	-8,	0,	0,	0,	-1,	1,	1.65255e+009,	-0.585419,	-0.442288,	-0.444092,	-0.0657888,	-0.627026,	-0.281097,	-0.0225015,	0.103748,	-0.799539,	0.0449055,	0.00827922,	-0.00837233,	-0.868404,	-0.0807216,	-0.0116376,	-0.0867328,	-0.736848,	-0.32481,	-0.0214572,	-0.420282,	-0.364,	0.57821,	-0.0588,	7791,	-246,	28,	-450,	7811,	131,	-79,	-152,	7801,	55,	1,	-344,	
2,	3,	1.12153e+006,	1.65255e+015,	0,	0,	6,	0,	1,	-2,	0,	-3,	1.65255e+009,	-0.585419,	-0.442288,	-0.444092,	-0.0657888,	-0.627026,	-0.281097,	-0.0225015,	0.103748,	-0.799539,	0.0449055,	0.00827922,	-0.00837233,	-0.868404,	-0.0807216,	-0.0116376,	-0.0867328,	-0.736848,	-0.32481,	-0.0214572,	-0.420282,	-0.364,	0.57821,	-0.0588,	7801,	-247,	27,	-451,	7821,	130,	-78,	-152,	7811,	55,	2,	-344,	
2,	3,	1.12161e+006,	1.65255e+015,	2,	1,	5,	0,	1,	-1,	1,	2,	1.65255e+009,	-0.585419,	-0.442288,	-0.444092,	-0.0657888,	-0.627026,	-0.281097,	-0.0225015,	0.103748,	-0.799539,	0.0449055,	0.00827922,	-0.00837233,	-0.868404,	-0.0807216,	-0.0116376,	-0.0867328,	-0.736848,	-0.32481,	-0.0214572,	-0.420282,	-0.364,	0.57821,	-0.0588,	7811,	-247,	28,	-451,	7831,	130,	-77,	-152,	7821,	55,	1,	-344,	
2,	3,	1.12169e+006,	1.65255e+015,	0,	3,	6,	5,	-1,	-2,	1,	-1,	1.65255e+009,	-0.585419,	-0.442288,	-0.444092,	-0.0657888,	-0.627026,	-0.281097,	-0.0225015,	0.103748,	-0.799539,	0.0449055,	0.00827922,	-0.00837233,	-0.868404,	-0.0807216,	-0.0116376,	-0.0867328,	-0.736848,	-0.32481,	-0.0214572,	-0.420282,	-0.364,	0.57821,	-0.0588,	7821,	-247,	27,	-451,	7841,	129,	-78,	-152,	7831,	55,	2,	-344,	
2,	3,	1.12177e+006,	1.65255e+015,	-2,	-7,	-8,	0,	-3,	-1,	-1,	0,	1.65255e+009,	-0.585419,	-0.442288,	-0.444092,	-0.0657888,	-0.627026,	-0.281097,	-0.0225015,	0.103748,	-0.799539,	0.0449055,	0.00827922,	-0.00837233,	-0.868404,	-0.0807216,	-0.0116376,	-0.0867328,	-0.736848,	-0.32481,	-0.0214572,	-0.420282,	-0.364,	0.57821,	-0.0588,	7831,	-246,	27,	-451,	7851,	130,	-79,	-152,	7841,	55,	2,	-344,	
2,	3,	1.12184e+006,	1.65255e+015,	1,	-4,	-9,	-2,	1,	1,	0,	-1,	1.65255e+009,	-0.585419,	-0.442288,	-0.444092,	-0.0657888,	-0.627026,	-0.281097,	-0.0225015,	0.103748,	-0.799539,	0.0449055,	0.00827922,	-0.00837233,	-0.868404,	-0.0807216,	-0.0116376,	-0.0867328,	-0.736848,	-0.32481,	-0.0214572,	-0.420282,	-0.364,	0.57821,	-0.0588,	7841,	-246,	27,	-451,	7861,	130,	-79,	-153,	7851,	55,	1,	-344,	
2,	3,	1.12192e+006,	1.65255e+015,	0,	0,	1,	-2,	-2,	-6,	2,	1,	1.65255e+009,	-0.585419,	-0.442288,	-0.444092,	-0.0657888,	-0.627026,	-0.281097,	-0.0225015,	0.103748,	-0.799539,	0.0449055,	0.00827922,	-0.00837233,	-0.868404,	-0.0807216,	-0.0116376,	-0.0867328,	-0.736848,	-0.32481,	-0.0214572,	-0.420282,	-0.364,	0.57821,	-0.0588,	7851,	-246,	26,	-451,	7871,	129,	-80,	-153,	7861,	55,	2,	-345,	
2,	3,	1.122e+006,	1.65255e+015,	-1,	2,	15,	4,	-1,	-2,	-1,	0,	1.65255e+009,	-0.585419,	-0.442288,	-0.444092,	-0.0657888,	-0.627026,	-0.281097,	-0.0225015,	0.100814,	-0.799539,	0.0449055,	0.00827922,	-0.0113057,	-0.868404,	-0.0807216,	-0.0116376,	-0.0778382,	-0.736848,	-0.32481,	-0.0214572,	-0.411388,	-0.364,	0.57821,	-0.0588,	7861,	-246,	26,	-451,	7881,	129,	-80,	-152,	7871,	55,	0,	-345,	
2,	3,	1.12208e+006,	1.65255e+015,	-3,	-7,	-3,	-7,	-2,	0,	-1,	-1,	1.65255e+009,	-0.585419,	-0.442288,	-0.444092,	-0.0657888,	-0.627026,	-0.281097,	-0.0225015,	0.100814,	-0.799539,	0.0449055,	0.00827922,	-0.0113057,	-0.868404,	-0.0807216,	-0.0116376,	-0.0778382,	-0.736848,	-0.32481,	-0.0214572,	-0.411388,	-0.364,	0.57821,	-0.0588,	7871,	-247,	26,	-450,	7891,	128,	-81,	-152,	7881,	55,	0,	-345,	
2,	3,	1.12216e+006,	1.65255e+015,	-1,	0,	1,	8,	0,	-1,	-1,	1,	1.65255e+009,	-0.585419,	-0.442288,	-0.444092,	-0.0657888,	-0.627026,	-0.281097,	-0.0225015,	0.100814,	-0.799539,	0.0449055,	0.00827922,	-0.0113057,	-0.868404,	-0.0807216,	-0.0116376,	-0.0778382,	-0.736848,	-0.32481,	-0.0214572,	-0.411388,	-0.364,	0.57821,	-0.0588,	7881,	-246,	27,	-450,	7901,	128,	-80,	-152,	7891,	54,	0,	-345,	
2,	3,	1.12223e+006,	1.65255e+015,	-4,	4,	34,	3,	-2,	0,	0,	-1,	1.65255e+009,	-0.585419,	-0.442288,	-0.444092,	-0.0657888,	-0.627026,	-0.281097,	-0.0225015,	0.100814,	-0.799539,	0.0449055,	0.00827922,	-0.0113057,	-0.868404,	-0.0807216,	-0.0116376,	-0.0778382,	-0.736848,	-0.32481,	-0.0214572,	-0.411388,	-0.364,	0.57821,	-0.0588,	7891,	-246,	26,	-450,	7911,	129,	-80,	-152,	7901,	55,	0,	-345,	
2,	3,	1.12231e+006,	1.65255e+015,	-1,	-3,	8,	-7,	-2,	1,	0,	0,	1.65255e+009,	-0.585419,	-0.442288,	-0.444092,	-0.0657888,	-0.627026,	-0.281097,	-0.0225015,	0.100814,	-0.799539,	0.0449055,	0.00827922,	-0.0113057,	-0.868404,	-0.0807216,	-0.0116376,	-0.0778382,	-0.736848,	-0.32481,	-0.0214572,	-0.411388,	-0.364,	0.57821,	-0.0588,	7901,	-247,	26,	-450,	7921,	130,	-80,	-153,	7911,	54,	0,	-345,	
2,	3,	1.12239e+006,	1.65255e+015,	-2,	-2,	6,	4,	1,	0,	-2,	0,	1.65255e+009,	-0.585419,	-0.442288,	-0.444092,	-0.0657888,	-0.627026,	-0.281097,	-0.0225015,	0.100814,	-0.799539,	0.0449055,	0.00827922,	-0.0113057,	-0.868404,	-0.0807216,	-0.0116376,	-0.0778382,	-0.736848,	-0.32481,	-0.0214572,	-0.411388,	-0.364,	0.57821,	-0.0588,	7911,	-247,	26,	-450,	7931,	129,	-80,	-153,	7921,	55,	-1,	-345,	
2,	3,	1.12247e+006,	1.65255e+015,	1,	2,	-2,	5,	0,	-1,	1,	0,	1.65255e+009,	-0.585419,	-0.442288,	-0.444092,	-0.0657888,	-0.627026,	-0.281097,	-0.0225015,	0.100814,	-0.799539,	0.0449055,	0.00827922,	-0.0113057,	-0.868404,	-0.0807216,	-0.0116376,	-0.0778382,	-0.736848,	-0.32481,	-0.0214572,	-0.411388,	-0.364,	0.57821,	-0.0588,	7921,	-247,	25,	-450,	7941,	129,	-80,	-152,	7931,	54,	0,	-345,	
2,	3,	1.12255e+006,	1.65255e+015,	0,	2,	-3,	0,	1,	0,	1,	0,	1.65255e+009,	-0.585419,	-0.442288,	-0.444092,	-0.0657888,	-0.627026,	-0.281097,	-0.0225015,	0.100814,	-0.799539,	0.0449055,	0.00827922,	-0.0113057,	-0.868404,	-0.0807216,	-0.0116376,	-0.0778382,	-0.736848,	-0.32481,	-0.0214572,	-0.411388,	-0.364,	0.57821,	-0.0588,	7931,	-247,	26,	-450,	7951,	129,	-80,	-152,	7941,	54,	0,	-345,	
2,	3,	1.12261e+006,	1.65255e+015,	-2,	4,	1,	-2,	-1,	0,	-1,	0,	1.65255e+009,	-0.585419,	-0.442288,	-0.444092,	-0.0657888,	-0.627026,	-0.281097,	-0.0225015,	0.100814,	-0.799539,	0.0449055,	0.00827922,	-0.0113057,	-0.868404,	-0.0807216,	-0.0116376,	-0.0778382,	-0.736848,	-0.32481,	-0.0214572,	-0.411388,	-0.364,	0.57821,	-0.0588,	7941,	-246,	26,	-450,	7961,	129,	-80,	-152,	7951,	54,	0,	-345,	
2,	3,	1.1227e+006,	1.65255e+015,	-2,	-2,	-10,	4,	-1,	0,	0,	0,	1.65255e+009,	-0.585419,	-0.442288,	-0.444092,	-0.0657888,	-0.627026,	-0.281097,	-0.0225015,	0.100814,	-0.799539,	0.0449055,	0.00827922,	-0.0113057,	-0.868404,	-0.0807216,	-0.0116376,	-0.0778382,	-0.736848,	-0.32481,	-0.0214572,	-0.411388,	-0.364,	0.57821,	-0.0588,	7951,	-246,	27,	-450,	7971,	130,	-79,	-152,	7961,	54,	0,	-345,	
2,	3,	1.12278e+006,	1.65255e+015,	-1,	-2,	9,	5,	-2,	2,	0,	-2,	1.65255e+009,	-0.585419,	-0.442288,	-0.444092,	-0.0657888,	-0.627026,	-0.281097,	-0.0225015,	0.100814,	-0.799539,	0.0449055,	0.00827922,	-0.0113057,	-0.868404,	-0.0807216,	-0.0116376,	-0.0778382,	-0.736848,	-0.32481,	-0.0214572,	-0.411388,	-0.364,	0.57821,	-0.0588,	7961,	-248,	27,	-450,	7981,	129,	-79,	-152,	7971,	54,	0,	-345,	
2,	3,	1.12286e+006,	1.65255e+015,	-3,	-1,	5,	-3,	-1,	-2,	-1,	-2,	1.65255e+009,	-0.585419,	-0.442288,	-0.444092,	-0.0657888,	-0.627026,	-0.281097,	-0.0225015,	0.100814,	-0.799539,	0.0449055,	0.00827922,	-0.0113057,	-0.868404,	-0.0807216,	-0.0116376,	-0.0778382,	-0.736848,	-0.32481,	-0.0214572,	-0.411388,	-0.364,	0.57821,	-0.0588,	7971,	-248,	27,	-451,	7991,	129,	-79,	-152,	7981,	54,	0,	-345,	
2,	3,	1.12294e+006,	1.65255e+015,	-5,	-11,	-14,	3,	-2,	-4,	-3,	-1,	1.65255e+009,	-0.585419,	-0.442288,	-0.444092,	-0.0657888,	-0.627026,	-0.281097,	-0.0225015,	0.100814,	-0.799539,	0.0449055,	0.00827922,	-0.0113057,	-0.868404,	-0.0807216,	-0.0116376,	-0.0778382,	-0.736848,	-0.32481,	-0.0214572,	-0.411388,	-0.364,	0.57821,	-0.0588,	7981,	-248,	28,	-450,	8001,	130,	-79,	-153,	7991,	53,	0,	-346,	
2,	3,	1.123e+006,	1.65255e+015,	-4,	1,	11,	-1,	-2,	-2,	0,	-4,	1.65255e+009,	-0.585419,	-0.442288,	-0.444092,	-0.0657888,	-0.627026,	-0.281097,	-0.0225015,	0.100814,	-0.799539,	0.0449055,	0.00827922,	-0.0113057,	-0.868404,	-0.0807216,	-0.0116376,	-0.0778382,	-0.736848,	-0.32481,	-0.0214572,	-0.411388,	-0.364,	0.57821,	-0.0588,	7991,	-247,	27,	-451,	8011,	130,	-80,	-153,	8001,	54,	1,	-346,	
2,	3,	1.12308e+006,	1.65255e+015,	-1,	1,	-3,	-7,	-1,	-3,	-1,	0,	1.65255e+009,	-0.585419,	-0.442288,	-0.444092,	-0.0657888,	-0.627026,	-0.281097,	-0.0225015,	0.100814,	-0.799539,	0.0449055,	0.00827922,	-0.0113057,	-0.868404,	-0.0807216,	-0.0116376,	-0.0778382,	-0.736848,	-0.32481,	-0.0214572,	-0.411388,	-0.364,	0.57821,	-0.0588,	8001,	-248,	27,	-451,	8021,	129,	-79,	-153,	8011,	54,	1,	-345,	
2,	3,	1.12316e+006,	1.65255e+015,	-3,	-9,	-3,	-6,	-2,	-2,	0,	-2,	1.65255e+009,	-0.585419,	-0.442288,	-0.444092,	-0.0657888,	-0.627026,	-0.281097,	-0.0225015,	0.100814,	-0.799539,	0.0449055,	0.00827922,	-0.0113057,	-0.868404,	-0.0807216,	-0.0116376,	-0.0778382,	-0.736848,	-0.32481,	-0.0214572,	-0.411388,	-0.364,	0.57821,	-0.0588,	8011,	-247,	27,	-451,	8031,	129,	-80,	-153,	8021,	55,	1,	-345,	
2,	3,	1.12323e+006,	1.65255e+015,	-1,	-1,	8,	3,	-2,	-1,	-2,	-1,	1.65255e+009,	-0.585419,	-0.442288,	-0.444092,	-0.0657888,	-0.627026,	-0.281097,	-0.0225015,	0.100814,	-0.799539,	0.0449055,	0.00827922,	-0.0113057,	-0.868404,	-0.0807216,	-0.0116376,	-0.0778382,	-0.736848,	-0.32481,	-0.0214572,	-0.411388,	-0.364,	0.57821,	-0.0588,	8021,	-246,	26,	-451,	8041,	130,	-79,	-153,	8031,	55,	0,	-345,	
2,	3,	1.12331e+006,	1.65255e+015,	1,	3,	0,	-5,	1,	1,	-2,	2,	1.65255e+009,	-0.585419,	-0.442288,	-0.444092,	-0.0657888,	-0.627026,	-0.281097,	-0.0225015,	0.100814,	-0.799539,	0.0449055,	0.00827922,	-0.0113057,	-0.868404,	-0.0807216,	-0.0116376,	-0.0778382,	-0.736848,	-0.32481,	-0.0214572,	-0.411388,	-0.364,	0.57821,	-0.0588,	8031,	-247,	26,	-451,	8051,	128,	-80,	-153,	8041,	55,	0,	-346,	
2,	3,	1.12339e+006,	1.65255e+015,	0,	2,	-12,	-6,	1,	1,	-2,	-1,	1.65255e+009,	-0.585419,	-0.442288,	-0.444092,	-0.0657888,	-0.627026,	-0.281097,	-0.0225015,	0.100814,	-0.799539,	0.0449055,	0.00827922,	-0.0113057,	-0.868404,	-0.0807216,	-0.0116376,	-0.0778382,	-0.736848,	-0.32481,	-0.0214572,	-0.411388,	-0.364,	0.57821,	-0.0588,	8041,	-248,	26,	-452,	8061,	129,	-80,	-153,	8051,	55,	1,	-346,	
2,	3,	1.12347e+006,	1.65255e+015,	-1,	1,	1,	1,	-1,	0,	0,	-1,	1.65255e+009,	-0.585419,	-0.442288,	-0.444092,	-0.0657888,	-0.627026,	-0.281097,	-0.0225015,	0.100814,	-0.799539,	0.0449055,	0.00827922,	-0.0113057,	-0.868404,	-0.0807216,	-0.0116376,	-0.0778382,	-0.736848,	-0.32481,	-0.0214572,	-0.411388,	-0.364,	0.57821,	-0.0588,	8051,	-247,	26,	-452,	8071,	130,	-79,	-153,	8061,	54,	0,	-345,	
2,	3,	1.12355e+006,	1.65255e+015,	-1,	-2,	-4,	0,	2,	1,	2,	-1,	1.65255e+009,	-0.585419,	-0.442288,	-0.444092,	-0.0657888,	-0.627026,	-0.281097,	-0.0225015,	0.100814,	-0.799539,	0.0449055,	0.00827922,	-0.0113057,	-0.868404,	-0.0807216,	-0.0116376,	-0.0778382,	-0.736848,	-0.32481,	-0.0214572,	-0.411388,	-0.364,	0.57821,	-0.0588,	8061,	-247,	25,	-452,	8081,	129,	-79,	-153,	8071,	55,	1,	-346,	
2,	3,	1.12361e+006,	1.65255e+015,	-1,	-1,	-7,	-5,	-1,	1,	-2,	-1,	1.65255e+009,	-0.585419,	-0.442288,	-0.444092,	-0.0657888,	-0.627026,	-0.281097,	-0.0225015,	0.100814,	-0.799539,	0.0449055,	0.00827922,	-0.0113057,	-0.868404,	-0.0807216,	-0.0116376,	-0.0778382,	-0.736848,	-0.32481,	-0.0214572,	-0.411388,	-0.364,	0.57821,	-0.0588,	8071,	-247,	26,	-452,	8091,	129,	-80,	-153,	8081,	54,	0,	-346,	
