1,	11,	1.13194e+006,	1.65255e+015,	0,	-5,	5,	-5,	-1,	0,	-2,	0,	1.65255e+009,	-0.570388,	-0.442288,	-0.444092,	-0.0657888,	-0.627026,	-0.281097,	-0.0225015,	0.0882758,	-0.783769,	-0.134716,	-0.0170943,	-0.0149721,	-0.868404,	-0.0807216,	-0.0116376,	-0.0578486,	-0.736848,	-0.32481,	-0.0214572,	-0.391398,	-0.4459,	0.57821,	-0.0588,	9181,	-244,	26,	-458,	9201,	132,	-79,	-155,	9191,	55,	0,	-347,	
1,	11,	1.13202e+006,	1.65255e+015,	-2,	0,	-6,	-1,	-1,	0,	-1,	-1,	1.65255e+009,	-0.570388,	-0.442288,	-0.444092,	-0.0657888,	-0.627026,	-0.281097,	-0.0225015,	0.0882758,	-0.783769,	-0.134716,	-0.0170943,	-0.0149721,	-0.868404,	-0.0807216,	-0.0116376,	-0.0578486,	-0.736848,	-0.32481,	-0.0214572,	-0.415054,	-0.4459,	0.57821,	-0.0588,	9191,	-245,	25,	-458,	9211,	131,	-80,	-155,	9201,	57,	1,	-347,	
1,	11,	1.13209e+006,	1.65255e+015,	0,	0,	-10,	-2,	2,	1,	-1,	0,	1.65255e+009,	-0.570388,	-0.442288,	-0.444092,	-0.0657888,	-0.627026,	-0.281097,	-0.0225015,	0.0882758,	-0.783769,	-0.134716,	-0.0170943,	-0.0149721,	-0.868404,	-0.0807216,	-0.0116376,	-0.0578486,	-0.736848,	-0.32481,	-0.0214572,	-0.415054,	-0.4459,	0.57821,	-0.0588,	9201,	-244,	26,	-459,	9221,	132,	-79,	-155,	9211,	57,	2,	-347,	
1,	11,	1.13217e+006,	1.65255e+015,	1,	0,	0,	-1,	0,	1,	0,	0,	1.65255e+009,	-0.570388,	-0.442288,	-0.444092,	-0.0657888,	-0.627026,	-0.281097,	-0.0225015,	0.0882758,	-0.783769,	-0.134716,	-0.0170943,	-0.0149721,	-0.868404,	-0.0807216,	-0.0116376,	-0.0578486,	-0.736848,	-0.32481,	-0.0214572,	-0.415054,	-0.4459,	0.57821,	-0.0588,	9211,	-245,	26,	-459,	9231,	132,	-78,	-155,	9221,	56,	0,	-347,	
1,	11,	1.13225e+006,	1.65255e+015,	-4,	-5,	-3,	-6,	-1,	0,	-2,	-2,	1.65255e+009,	-0.570388,	-0.442288,	-0.444092,	-0.0657888,	-0.627026,	-0.281097,	-0.0225015,	0.0882758,	-0.783769,	-0.134716,	-0.0170943,	-0.0149721,	-0.868404,	-0.0807216,	-0.0116376,	-0.0578486,	-0.736848,	-0.32481,	-0.0214572,	-0.415054,	-0.4459,	0.57821,	-0.0588,	9221,	-244,	26,	-459,	9241,	131,	-79,	-155,	9231,	57,	1,	-347,	
1,	11,	1.13233e+006,	1.65255e+015,	0,	-3,	2,	-4,	0,	1,	0,	0,	1.65255e+009,	-0.570388,	-0.442288,	-0.444092,	-0.0657888,	-0.627026,	-0.281097,	-0.0225015,	0.0882758,	-0.783769,	-0.134716,	-0.0170943,	-0.0149721,	-0.868404,	-0.0807216,	-0.0116376,	-0.0578486,	-0.736848,	-0.32481,	-0.0214572,	-0.415054,	-0.4459,	0.57821,	-0.0588,	9231,	-244,	25,	-459,	9251,	132,	-79,	-155,	9241,	56,	0,	-347,	
1,	11,	1.13241e+006,	1.65255e+015,	0,	1,	0,	4,	1,	-1,	-2,	-1,	1.65255e+009,	-0.570388,	-0.442288,	-0.444092,	-0.0657888,	-0.627026,	-0.281097,	-0.0225015,	0.0882758,	-0.783769,	-0.134716,	-0.0170943,	-0.0149721,	-0.868404,	-0.0807216,	-0.0116376,	-0.0578486,	-0.736848,	-0.32481,	-0.0214572,	-0.415054,	-0.4459,	0.57821,	-0.0588,	9241,	-245,	25,	-459,	9261,	131,	-79,	-155,	9251,	57,	1,	-347,	
1,	11,	1.13248e+006,	1.65255e+015,	-2,	-5,	-1,	2,	-3,	-4,	-1,	-1,	1.65255e+009,	-0.570388,	-0.442288,	-0.444092,	-0.0657888,	-0.627026,	-0.281097,	-0.0225015,	0.0882758,	-0.783769,	-0.134716,	-0.0170943,	-0.0149721,	-0.868404,	-0.0807216,	-0.0116376,	-0.0578486,	-0.736848,	-0.32481,	-0.0214572,	-0.415054,	-0.4459,	0.57821,	-0.0588,	9251,	-245,	24,	-459,	9271,	131,	-78,	-155,	9261,	56,	0,	-347,	
1,	11,	1.13256e+006,	1.65255e+015,	1,	5,	-1,	-2,	1,	-1,	-2,	0,	1.65255e+009,	-0.570388,	-0.442288,	-0.444092,	-0.0657888,	-0.627026,	-0.281097,	-0.0225015,	0.0882758,	-0.783769,	-0.134716,	-0.0170943,	-0.0149721,	-0.868404,	-0.0807216,	-0.0116376,	-0.0578486,	-0.736848,	-0.32481,	-0.0214572,	-0.415054,	-0.4459,	0.57821,	-0.0588,	9261,	-246,	24,	-459,	9281,	132,	-80,	-155,	9271,	55,	0,	-348,	
1,	11,	1.13264e+006,	1.65255e+015,	-1,	2,	-1,	7,	0,	-2,	1,	-1,	1.65255e+009,	-0.570388,	-0.442288,	-0.444092,	-0.0657888,	-0.627026,	-0.281097,	-0.0225015,	0.0882758,	-0.783769,	-0.134716,	-0.0170943,	-0.0149721,	-0.868404,	-0.0807216,	-0.0116376,	-0.0578486,	-0.736848,	-0.32481,	-0.0214572,	-0.415054,	-0.4459,	0.57821,	-0.0588,	9271,	-246,	24,	-459,	9291,	131,	-80,	-155,	9281,	55,	1,	-347,	
1,	11,	1.13272e+006,	1.65255e+015,	0,	5,	16,	2,	-2,	-2,	-2,	-1,	1.65255e+009,	-0.570388,	-0.442288,	-0.444092,	-0.0657888,	-0.627026,	-0.281097,	-0.0225015,	0.0882758,	-0.783769,	-0.134716,	-0.0170943,	-0.0149721,	-0.868404,	-0.0807216,	-0.0116376,	-0.0578486,	-0.736848,	-0.32481,	-0.0214572,	-0.415054,	-0.4459,	0.57821,	-0.0588,	9281,	-245,	25,	-459,	9301,	131,	-80,	-154,	9291,	55,	0,	-348,	
1,	11,	1.1328e+006,	1.65255e+015,	-3,	-5,	2,	7,	-2,	-3,	-3,	-2,	1.65255e+009,	-0.570388,	-0.442288,	-0.444092,	-0.0657888,	-0.627026,	-0.281097,	-0.0225015,	0.0882758,	-0.783769,	-0.134716,	-0.0170943,	-0.0149721,	-0.868404,	-0.0807216,	-0.0116376,	-0.0578486,	-0.736848,	-0.32481,	-0.0214572,	-0.415054,	-0.4459,	0.57821,	-0.0588,	9291,	-245,	25,	-459,	9311,	131,	-79,	-155,	9301,	55,	0,	-347,	
1,	11,	1.13288e+006,	1.65255e+015,	0,	8,	29,	5,	-3,	-3,	0,	-2,	1.65255e+009,	-0.570388,	-0.442288,	-0.444092,	-0.0657888,	-0.627026,	-0.281097,	-0.0225015,	0.0882758,	-0.783769,	-0.134716,	-0.0170943,	-0.0149721,	-0.868404,	-0.0807216,	-0.0116376,	-0.0578486,	-0.736848,	-0.32481,	-0.0214572,	-0.415054,	-0.4459,	0.57821,	-0.0588,	9301,	-244,	25,	-458,	9321,	131,	-79,	-155,	9311,	55,	0,	-348,	
1,	11,	1.13294e+006,	1.65255e+015,	-1,	-1,	-1,	-8,	-1,	-1,	0,	2,	1.65255e+009,	-0.570388,	-0.442288,	-0.444092,	-0.0657888,	-0.627026,	-0.281097,	-0.0225015,	0.0882758,	-0.783769,	-0.134716,	-0.0170943,	-0.0149721,	-0.868404,	-0.0807216,	-0.0116376,	-0.0578486,	-0.736848,	-0.32481,	-0.0214572,	-0.415054,	-0.4459,	0.57821,	-0.0588,	9311,	-244,	25,	-459,	9331,	131,	-80,	-155,	9321,	55,	0,	-347,	
1,	11,	1.13302e+006,	1.65255e+015,	-1,	-1,	0,	-3,	-3,	0,	-2,	-2,	1.65255e+009,	-0.570388,	-0.442288,	-0.444092,	-0.0657888,	-0.627026,	-0.281097,	-0.0225015,	0.0882758,	-0.783769,	-0.134716,	-0.0170943,	-0.0149721,	-0.868404,	-0.0807216,	-0.0116376,	-0.0578486,	-0.736848,	-0.32481,	-0.0214572,	-0.415054,	-0.4459,	0.57821,	-0.0588,	9321,	-244,	25,	-458,	9341,	131,	-79,	-155,	9331,	56,	-1,	-347,	
1,	11,	1.13309e+006,	1.65255e+015,	-4,	-3,	10,	-5,	-4,	-2,	-2,	-2,	1.65255e+009,	-0.570388,	-0.442288,	-0.444092,	-0.0657888,	-0.627026,	-0.281097,	-0.0225015,	0.0882758,	-0.783769,	-0.134716,	-0.0170943,	-0.0149721,	-0.868404,	-0.0807216,	-0.0116376,	-0.0578486,	-0.736848,	-0.32481,	-0.0214572,	-0.415054,	-0.4459,	0.57821,	-0.0588,	9331,	-245,	25,	-458,	9351,	130,	-80,	-155,	9341,	55,	-1,	-347,	
1,	11,	1.13317e+006,	1.65255e+015,	-4,	-1,	4,	1,	-1,	-2,	-2,	-2,	1.65255e+009,	-0.570388,	-0.442288,	-0.444092,	-0.0657888,	-0.627026,	-0.281097,	-0.0225015,	0.0882758,	-0.783769,	-0.134716,	-0.0170943,	-0.0149721,	-0.868404,	-0.0807216,	-0.0116376,	-0.0578486,	-0.736848,	-0.32481,	-0.0214572,	-0.415054,	-0.4459,	0.57821,	-0.0588,	9341,	-245,	25,	-458,	9361,	132,	-80,	-155,	9351,	56,	-1,	-348,	
1,	11,	1.13325e+006,	1.65255e+015,	-2,	-3,	-3,	10,	-2,	-1,	0,	0,	1.65255e+009,	-0.570388,	-0.442288,	-0.444092,	-0.0657888,	-0.627026,	-0.281097,	-0.0225015,	0.0882758,	-0.783769,	-0.134716,	-0.0170943,	-0.0149721,	-0.868404,	-0.0807216,	-0.0116376,	-0.0578486,	-0.736848,	-0.32481,	-0.0214572,	-0.415054,	-0.4459,	0.57821,	-0.0588,	9351,	-245,	25,	-458,	9371,	131,	-81,	-155,	9361,	55,	-2,	-348,	
1,	11,	1.13333e+006,	1.65255e+015,	0,	3,	-3,	3,	0,	0,	0,	1,	1.65255e+009,	-0.570388,	-0.442288,	-0.444092,	-0.0657888,	-0.627026,	-0.281097,	-0.0225015,	0.0882758,	-0.783769,	-0.134716,	-0.0170943,	-0.0149721,	-0.868404,	-0.0807216,	-0.0116376,	-0.0578486,	-0.736848,	-0.32481,	-0.0214572,	-0.415054,	-0.4459,	0.57821,	-0.0588,	9361,	-245,	25,	-458,	9381,	131,	-81,	-155,	9371,	56,	-1,	-347,	
1,	11,	1.13341e+006,	1.65255e+015,	-2,	-1,	-4,	-2,	-2,	-1,	-1,	-2,	1.65255e+009,	-0.570388,	-0.442288,	-0.444092,	-0.0657888,	-0.627026,	-0.281097,	-0.0225015,	0.0882758,	-0.783769,	-0.134716,	-0.0170943,	-0.0149721,	-0.868404,	-0.0807216,	-0.0116376,	-0.0578486,	-0.736848,	-0.32481,	-0.0214572,	-0.415054,	-0.4459,	0.57821,	-0.0588,	9371,	-244,	26,	-458,	9391,	131,	-80,	-154,	9381,	55,	-2,	-347,	
1,	11,	1.13348e+006,	1.65255e+015,	-1,	-7,	-7,	-7,	2,	2,	-1,	0,	1.65255e+009,	-0.570388,	-0.442288,	-0.444092,	-0.0657888,	-0.627026,	-0.281097,	-0.0225015,	0.0882758,	-0.783769,	-0.134716,	-0.0170943,	-0.0149721,	-0.868404,	-0.0807216,	-0.0116376,	-0.0578486,	-0.736848,	-0.32481,	-0.0214572,	-0.415054,	-0.4459,	0.57821,	-0.0588,	9381,	-244,	25,	-458,	9401,	131,	-80,	-155,	9391,	56,	-2,	-347,	
1,	11,	1.13356e+006,	1.65255e+015,	3,	4,	14,	5,	-3,	-3,	0,	-2,	1.65255e+009,	-0.570388,	-0.442288,	-0.444092,	-0.0657888,	-0.627026,	-0.281097,	-0.0225015,	0.0882758,	-0.783769,	-0.134716,	-0.0170943,	-0.0149721,	-0.868404,	-0.0807216,	-0.0116376,	-0.0578486,	-0.736848,	-0.32481,	-0.0214572,	-0.415054,	-0.4459,	0.57821,	-0.0588,	9391,	-245,	25,	-458,	9411,	132,	-80,	-155,	9401,	56,	-1,	-347,	
1,	11,	1.13364e+006,	1.65255e+015,	-2,	-6,	-23,	-8,	-2,	-2,	-3,	-2,	1.65255e+009,	-0.570388,	-0.442288,	-0.444092,	-0.0657888,	-0.627026,	-0.281097,	-0.0225015,	0.0882758,	-0.783769,	-0.134716,	-0.0170943,	-0.0149721,	-0.868404,	-0.0807216,	-0.0116376,	-0.0578486,	-0.736848,	-0.32481,	-0.0214572,	-0.415054,	-0.4459,	0.57821,	-0.0588,	9401,	-245,	26,	-458,	9421,	132,	-80,	-154,	9411,	56,	-1,	-347,	
1,	11,	1.13372e+006,	1.65255e+015,	2,	-4,	-11,	-8,	-1,	-2,	1,	0,	1.65255e+009,	-0.570388,	-0.442288,	-0.444092,	-0.0657888,	-0.627026,	-0.281097,	-0.0225015,	0.0882758,	-0.783769,	-0.134716,	-0.0170943,	-0.0149721,	-0.868404,	-0.0807216,	-0.0116376,	-0.0578486,	-0.736848,	-0.32481,	-0.0214572,	-0.415054,	-0.4459,	0.57821,	-0.0588,	9411,	-244,	26,	-458,	9431,	131,	-80,	-154,	9421,	56,	-1,	-347,	
1,	11,	1.1338e+006,	1.65255e+015,	3,	7,	7,	0,	0,	-2,	-2,	0,	1.65255e+009,	-0.570388,	-0.442288,	-0.444092,	-0.0657888,	-0.627026,	-0.281097,	-0.0225015,	0.0882758,	-0.783769,	-0.134716,	-0.0170943,	-0.0149721,	-0.868404,	-0.0807216,	-0.0116376,	-0.0578486,	-0.736848,	-0.32481,	-0.0214572,	-0.415054,	-0.4459,	0.57821,	-0.0588,	28901,	-313,	13,	-360,	28921,	97,	-68,	-114,	28911,	26,	-8,	-298,	
1,	11,	1.13386e+006,	1.65255e+015,	-3,	-8,	-3,	-8,	-1,	0,	-1,	-1,	1.65255e+009,	-0.570388,	-0.442288,	-0.444092,	-0.0657888,	-0.627026,	-0.281097,	-0.0225015,	0.0882758,	-0.783769,	-0.134716,	-0.0170943,	-0.0149721,	-0.868404,	-0.0807216,	-0.0116376,	-0.0578486,	-0.736848,	-0.32481,	-0.0214572,	-0.415054,	-0.4459,	0.57821,	-0.0588,	28911,	-312,	13,	-361,	28931,	96,	-69,	-115,	28921,	27,	-6,	-298,	
1,	11,	1.13394e+006,	1.65255e+015,	-4,	-10,	3,	-12,	-5,	-2,	0,	-1,	1.65255e+009,	-0.570388,	-0.442288,	-0.444092,	-0.0657888,	-0.627026,	-0.281097,	-0.0225015,	0.0882758,	-0.783769,	-0.134716,	-0.0170943,	-0.0149721,	-0.868404,	-0.0807216,	-0.0116376,	-0.0578486,	-0.736848,	-0.32481,	-0.0214572,	-0.415054,	-0.4459,	0.57821,	-0.0588,	28921,	-312,	13,	-361,	28941,	96,	-69,	-115,	28931,	25,	-7,	-299,	
1,	11,	1.13402e+006,	1.65255e+015,	0,	-2,	1,	2,	-2,	-1,	0,	-2,	1.65255e+009,	-0.570388,	-0.442288,	-0.444092,	-0.0657888,	-0.627026,	-0.281097,	-0.0225015,	0.0882758,	-0.783769,	-0.134716,	-0.0170943,	-0.0149721,	-0.868404,	-0.0807216,	-0.0116376,	-0.0578486,	-0.736848,	-0.32481,	-0.0214572,	-0.415054,	-0.4459,	0.57821,	-0.0588,	28931,	-312,	13,	-361,	28951,	96,	-70,	-116,	28941,	26,	-7,	-299,	
1,	11,	1.13409e+006,	1.65255e+015,	0,	0,	-6,	7,	0,	0,	1,	-1,	1.65255e+009,	-0.570388,	-0.442288,	-0.444092,	-0.0657888,	-0.627026,	-0.281097,	-0.0225015,	0.0882758,	-0.783769,	-0.134716,	-0.0170943,	-0.0149721,	-0.868404,	-0.0807216,	-0.0116376,	-0.0578486,	-0.736848,	-0.32481,	-0.0214572,	-0.415054,	-0.4459,	0.57821,	-0.0588,	28941,	-310,	13,	-361,	28961,	97,	-70,	-116,	28951,	25,	-7,	-300,	
1,	11,	1.13417e+006,	1.65255e+015,	1,	-1,	4,	-4,	2,	-2,	0,	-2,	1.65255e+009,	-0.570388,	-0.442288,	-0.444092,	-0.0657888,	-0.627026,	-0.281097,	-0.0225015,	0.0882758,	-0.783769,	-0.134716,	-0.0170943,	-0.0149721,	-0.868404,	-0.0807216,	-0.0116376,	-0.0578486,	-0.736848,	-0.32481,	-0.0214572,	-0.415054,	-0.4459,	0.57821,	-0.0588,	28951,	-312,	13,	-360,	28971,	96,	-70,	-116,	28961,	25,	-7,	-299,	
1,	11,	1.13425e+006,	1.65255e+015,	-1,	-1,	23,	9,	-1,	-3,	-2,	-2,	1.65255e+009,	-0.570388,	-0.442288,	-0.444092,	-0.0657888,	-0.627026,	-0.281097,	-0.0225015,	0.0882758,	-0.783769,	-0.134716,	-0.0170943,	-0.0149721,	-0.868404,	-0.0807216,	-0.0116376,	-0.0578486,	-0.736848,	-0.32481,	-0.0214572,	-0.415054,	-0.4459,	0.57821,	-0.0588,	28961,	-312,	13,	-360,	28981,	96,	-69,	-116,	28971,	26,	-8,	-299,	
1,	11,	1.13431e+006,	1.65255e+015,	-5,	-3,	14,	2,	-3,	-3,	-1,	-2,	1.65255e+009,	-0.570388,	-0.442288,	-0.444092,	-0.0657888,	-0.627026,	-0.281097,	-0.0225015,	0.0882758,	-0.783769,	-0.134716,	-0.0170943,	-0.0149721,	-0.868404,	-0.0807216,	-0.0116376,	-0.0578486,	-0.736848,	-0.32481,	-0.0214572,	-0.415054,	-0.4459,	0.57821,	-0.0588,	28971,	-311,	13,	-360,	28991,	96,	-71,	-116,	28981,	26,	-8,	-300,	
1,	11,	1.13438e+006,	1.65255e+015,	-3,	-9,	-9,	1,	-3,	-1,	0,	-3,	1.65255e+009,	-0.570388,	-0.442288,	-0.444092,	-0.0657888,	-0.627026,	-0.281097,	-0.0225015,	0.0882758,	-0.783769,	-0.134716,	-0.0170943,	-0.0149721,	-0.868404,	-0.0807216,	-0.0116376,	-0.0578486,	-0.736848,	-0.32481,	-0.0214572,	-0.415054,	-0.4459,	0.57821,	-0.0588,	28981,	-311,	13,	-360,	29001,	97,	-70,	-116,	28991,	26,	-9,	-300,	
1,	11,	1.13445e+006,	1.65255e+015,	-1,	4,	0,	-4,	-3,	-1,	-1,	-1,	1.65255e+009,	-0.570388,	-0.442288,	-0.444092,	-0.0657888,	-0.627026,	-0.281097,	-0.0225015,	0.0882758,	-0.783769,	-0.134716,	-0.0170943,	-0.0149721,	-0.868404,	-0.0807216,	-0.0116376,	-0.0578486,	-0.736848,	-0.32481,	-0.0214572,	-0.415054,	-0.4459,	0.57821,	-0.0588,	28991,	-311,	13,	-361,	29011,	97,	-71,	-116,	29001,	26,	-8,	-300,	
1,	11,	1.13452e+006,	1.65255e+015,	-3,	-6,	15,	-11,	-2,	-2,	-2,	-1,	1.65255e+009,	-0.570388,	-0.442288,	-0.444092,	-0.0657888,	-0.627026,	-0.281097,	-0.0225015,	0.0882758,	-0.783769,	-0.134716,	-0.0170943,	-0.0149721,	-0.868404,	-0.0807216,	-0.0116376,	-0.0578486,	-0.736848,	-0.32481,	-0.0214572,	-0.415054,	-0.4459,	0.57821,	-0.0588,	29001,	-311,	13,	-361,	29021,	97,	-70,	-117,	29011,	26,	-8,	-300,	
1,	11,	1.13459e+006,	1.65255e+015,	0,	-1,	-3,	6,	0,	-1,	0,	0,	1.65255e+009,	-0.570388,	-0.442288,	-0.444092,	-0.0657888,	-0.627026,	-0.281097,	-0.0225015,	0.0882758,	-0.783769,	-0.134716,	-0.0170943,	-0.0149721,	-0.868404,	-0.0807216,	-0.0116376,	-0.0578486,	-0.736848,	-0.32481,	-0.0214572,	-0.415054,	-0.4459,	0.57821,	-0.0588,	29011,	-309,	13,	-362,	29031,	95,	-70,	-116,	29021,	26,	-7,	-300,	
1,	11,	1.13466e+006,	1.65255e+015,	0,	4,	1,	2,	0,	-1,	0,	0,	1.65255e+009,	-0.570388,	-0.442288,	-0.444092,	-0.0657888,	-0.627026,	-0.281097,	-0.0225015,	0.0882758,	-0.783769,	-0.134716,	-0.0170943,	-0.0149721,	-0.868404,	-0.0807216,	-0.0116376,	-0.0578486,	-0.736848,	-0.32481,	-0.0214572,	-0.415054,	-0.4459,	0.57821,	-0.0588,	29021,	-310,	13,	-363,	29041,	96,	-69,	-116,	29031,	26,	-8,	-300,	
1,	11,	1.13473e+006,	1.65255e+015,	-2,	-3,	-10,	-2,	-1,	-1,	-1,	-1,	1.65255e+009,	-0.570388,	-0.442288,	-0.444092,	-0.0657888,	-0.627026,	-0.281097,	-0.0225015,	0.0882758,	-0.783769,	-0.134716,	-0.0170943,	-0.0149721,	-0.868404,	-0.0807216,	-0.0116376,	-0.0578486,	-0.736848,	-0.32481,	-0.0214572,	-0.415054,	-0.4459,	0.57821,	-0.0588,	29031,	-309,	14,	-364,	29051,	97,	-68,	-117,	29041,	27,	-7,	-300,	
1,	11,	1.13481e+006,	1.65255e+015,	0,	-5,	-9,	-3,	-2,	-3,	-2,	-2,	1.65255e+009,	-0.570388,	-0.442288,	-0.444092,	-0.0657888,	-0.627026,	-0.281097,	-0.0225015,	0.0882758,	-0.783769,	-0.134716,	-0.0170943,	-0.0149721,	-0.868404,	-0.0807216,	-0.0116376,	-0.0578486,	-0.736848,	-0.32481,	-0.0214572,	-0.415054,	-0.4459,	0.57821,	-0.0588,	29041,	-308,	15,	-365,	29061,	96,	-67,	-117,	29051,	26,	-6,	-300,	
1,	11,	1.13489e+006,	1.65255e+015,	1,	-1,	-1,	0,	1,	1,	0,	-1,	1.65255e+009,	-0.570388,	-0.442288,	-0.444092,	-0.0657888,	-0.627026,	-0.281097,	-0.0225015,	0.0882758,	-0.783769,	-0.134716,	-0.0170943,	-0.0149721,	-0.868404,	-0.0807216,	-0.0116376,	-0.0578486,	-0.736848,	-0.32481,	-0.0214572,	-0.415054,	-0.4459,	0.57821,	-0.0588,	29051,	-310,	15,	-365,	29071,	96,	-68,	-118,	29061,	27,	-5,	-300,	
2,	11,	1.135e+006,	1.65255e+015,	1,	-4,	-3,	-2,	0,	0,	0,	0,	1.65255e+009,	-0.570388,	-0.442288,	-0.444092,	-0.0657888,	-0.627026,	-0.281097,	-0.0225015,	0.0882758,	-0.783769,	-0.134716,	-0.0170943,	-0.0149721,	-0.868404,	-0.0807216,	-0.0116376,	-0.0578486,	-0.736848,	-0.32481,	-0.0214572,	-0.415054,	-0.4459,	0.57821,	-0.0588,	29061,	-308,	16,	-366,	29081,	96,	-67,	-117,	29071,	27,	-6,	-301,	
2,	11,	1.13508e+006,	1.65255e+015,	-3,	-11,	-4,	-5,	-3,	0,	-3,	-2,	1.65255e+009,	-0.570388,	-0.442288,	-0.444092,	-0.0657888,	-0.627026,	-0.281097,	-0.0225015,	0.0882758,	-0.783769,	-0.134716,	-0.0170943,	-0.0149721,	-0.868404,	-0.0807216,	-0.0116376,	-0.0578486,	-0.736848,	-0.32481,	-0.0214572,	-0.415054,	-0.4459,	0.57821,	-0.0588,	29071,	-308,	16,	-365,	29091,	96,	-69,	-118,	29081,	28,	-5,	-301,	
2,	11,	1.13516e+006,	1.65255e+015,	-1,	1,	17,	4,	-1,	-1,	0,	-1,	1.65255e+009,	-0.630509,	-0.442288,	-0.444092,	-0.0657888,	-0.627026,	-0.281097,	-0.0225015,	0.0882758,	-0.783769,	-0.134716,	-0.0170943,	-0.0149721,	-0.868404,	-0.0807216,	-0.0116376,	-0.0578486,	-0.736848,	-0.32481,	-0.0214572,	-0.415054,	-0.4459,	0.57821,	-0.0588,	29081,	-308,	17,	-366,	29101,	98,	-68,	-118,	29091,	28,	-5,	-301,	
2,	11,	1.13523e+006,	1.65255e+015,	-1,	1,	-9,	5,	-1,	0,	0,	0,	1.65255e+009,	-0.630509,	-0.442288,	-0.444092,	-0.0657888,	-0.627026,	-0.281097,	-0.0225015,	0.0882758,	-0.783769,	-0.134716,	-0.0170943,	-0.0149721,	-0.868404,	-0.0807216,	-0.0116376,	-0.0578486,	-0.736848,	-0.32481,	-0.0214572,	-0.415054,	-0.4459,	0.57821,	-0.0588,	29091,	-307,	17,	-367,	29111,	98,	-68,	-119,	29101,	28,	-6,	-302,	
2,	11,	1.13531e+006,	1.65255e+015,	1,	-4,	0,	-5,	-1,	0,	-1,	0,	1.65255e+009,	-0.630509,	-0.442288,	-0.444092,	-0.0657888,	-0.627026,	-0.281097,	-0.0225015,	0.0882758,	-0.783769,	-0.134716,	-0.0170943,	-0.0149721,	-0.868404,	-0.0807216,	-0.0116376,	-0.0578486,	-0.736848,	-0.32481,	-0.0214572,	-0.415054,	-0.4459,	0.57821,	-0.0588,	29101,	-307,	17,	-367,	29121,	98,	-68,	-119,	29111,	28,	-6,	-302,	
2,	11,	1.13538e+006,	1.65255e+015,	-3,	-4,	-24,	-13,	-4,	-1,	-1,	-2,	1.65255e+009,	-0.630509,	-0.442288,	-0.444092,	-0.0657888,	-0.627026,	-0.281097,	-0.0225015,	0.0882758,	-0.783769,	-0.134716,	-0.0170943,	-0.0149721,	-0.868404,	-0.0807216,	-0.0116376,	-0.0578486,	-0.736848,	-0.32481,	-0.0214572,	-0.415054,	-0.4459,	0.57821,	-0.0588,	29111,	-307,	17,	-366,	29131,	98,	-68,	-119,	29121,	29,	-6,	-302,	
2,	11,	1.13544e+006,	1.65255e+015,	-5,	2,	45,	0,	-7,	-6,	-1,	-3,	1.65255e+009,	-0.630509,	-0.442288,	-0.444092,	-0.0657888,	-0.627026,	-0.281097,	-0.0225015,	0.0882758,	-0.783769,	-0.134716,	-0.0170943,	-0.0149721,	-0.868404,	-0.0807216,	-0.0116376,	-0.0578486,	-0.736848,	-0.32481,	-0.0214572,	-0.415054,	-0.4459,	0.57821,	-0.0588,	29121,	-308,	17,	-366,	29141,	98,	-68,	-119,	29131,	28,	-6,	-303,	
2,	11,	1.13552e+006,	1.65255e+015,	-12,	-19,	-32,	-24,	-5,	-2,	-5,	-7,	1.65255e+009,	-0.795839,	-0.442288,	-0.444092,	-0.0165088,	-0.627026,	-0.281097,	-0.0225015,	0.0882758,	-0.720689,	-0.134716,	-0.0170943,	-0.0149721,	-0.868404,	-0.0807216,	-0.0116376,	-0.0578486,	-0.736848,	-0.32481,	-0.0214572,	-0.415054,	-0.4004,	0.57821,	-0.0588,	29131,	-307,	17,	-366,	29151,	97,	-67,	-119,	29141,	27,	-5,	-303,	
2,	11,	1.13559e+006,	1.65255e+015,	-2,	2,	33,	-3,	-2,	0,	-4,	-1,	1.65255e+009,	-1.14153,	-0.713328,	-0.444092,	0.0475552,	-0.627026,	-0.281097,	-0.0225015,	0.0882758,	-0.720689,	-0.134716,	-0.0170943,	-0.0149721,	-0.868404,	-0.151686,	-0.0184238,	-0.0578486,	-0.736848,	-0.32481,	-0.0214572,	-0.391398,	-0.273,	0.57821,	-0.0588,	29141,	-307,	18,	-366,	29161,	97,	-68,	-119,	29151,	28,	-6,	-303,	
2,	11,	1.13566e+006,	1.65255e+015,	-9,	-17,	-44,	-8,	-3,	-7,	-4,	-7,	1.65255e+009,	-1.50225,	-0.836528,	-0.526637,	0.0771232,	-0.627026,	-0.281097,	-0.0225015,	0.0882758,	-0.641839,	-0.134716,	-0.0170943,	-0.0149721,	-0.781672,	-0.151686,	-0.0184238,	-0.0578486,	-0.736848,	-0.32481,	-0.0214572,	-0.391398,	-0.1729,	0.57821,	-0.0588,	29151,	-307,	17,	-367,	29171,	98,	-67,	-119,	29161,	28,	-6,	-303,	
2,	11,	1.13573e+006,	1.65255e+015,	1,	-1,	4,	-3,	0,	0,	-3,	0,	1.65255e+009,	-1.63752,	-0.836528,	-0.691727,	0.0771232,	-0.627026,	-0.281097,	-0.0225015,	0.0882758,	-0.562989,	-0.134716,	-0.0170943,	-0.0149721,	-0.781672,	-0.151686,	-0.0184238,	-0.0578486,	-0.736848,	-0.32481,	-0.0214572,	-0.391398,	-0.1729,	0.57821,	-0.0784,	29161,	-308,	17,	-367,	29181,	98,	-68,	-119,	29171,	28,	-8,	-303,	
2,	11,	1.1358e+006,	1.65255e+015,	4,	3,	-2,	-10,	-2,	1,	5,	4,	1.65255e+009,	-1.7277,	-0.836528,	-0.691727,	0.0771232,	-0.627026,	-0.281097,	-0.0225015,	0.0799361,	-0.562989,	-0.134716,	-0.0170943,	-0.0122218,	-0.781672,	-0.151686,	-0.0184238,	-0.0550983,	-0.649128,	-0.32481,	-0.0214572,	-0.388648,	-0.1729,	0.57821,	-0.0784,	29171,	-307,	16,	-367,	29191,	97,	-70,	-120,	29181,	28,	-6,	-303,	
2,	11,	1.13588e+006,	1.65255e+015,	-1,	6,	2,	1,	-1,	-3,	-2,	-2,	1.65255e+009,	-1.80285,	-0.935088,	-0.757763,	0.0771232,	-0.627026,	-0.281097,	-0.0225015,	0.0799361,	-0.562989,	-0.134716,	-0.0170943,	-0.0122218,	-0.781672,	-0.151686,	-0.0184238,	-0.0550983,	-0.649128,	-0.32481,	-0.0214572,	-0.412304,	-0.1729,	0.57821,	-0.0784,	29181,	-305,	17,	-367,	29201,	97,	-69,	-120,	29191,	28,	-7,	-304,	
2,	11,	1.13595e+006,	1.65255e+015,	-1,	-6,	-25,	0,	-1,	-2,	0,	1,	1.65255e+009,	-1.80285,	-0.935088,	-0.757763,	0.0771232,	-0.627026,	-0.281097,	-0.0225015,	0.0799361,	-0.562989,	-0.134716,	-0.0170943,	-0.0122218,	-0.781672,	-0.151686,	-0.0184238,	-0.0550983,	-0.649128,	-0.32481,	-0.0214572,	-0.412304,	-0.2821,	0.57821,	-0.0784,	29191,	-307,	16,	-367,	29211,	98,	-69,	-120,	29201,	28,	-6,	-304,	
2,	11,	1.13603e+006,	1.65255e+015,	0,	5,	5,	-2,	-3,	-4,	-1,	-1,	1.65255e+009,	-1.80285,	-0.935088,	-0.840308,	0.0771232,	-0.627026,	-0.281097,	-0.0225015,	0.0799361,	-0.562989,	-0.134716,	-0.0170943,	-0.0122218,	-0.781672,	-0.151686,	-0.0184238,	-0.0550983,	-0.649128,	-0.32481,	-0.0214572,	-0.412304,	-0.3731,	0.57821,	-0.0784,	29201,	-306,	17,	-368,	29221,	98,	-68,	-120,	29211,	27,	-6,	-304,	
2,	11,	1.13611e+006,	1.65255e+015,	0,	2,	17,	3,	0,	-4,	-3,	-2,	1.65255e+009,	-1.80285,	-0.935088,	-0.840308,	0.0771232,	-0.627026,	-0.281097,	-0.0225015,	0.0799361,	-0.562989,	-0.0349265,	-0.00554715,	-0.0122218,	-0.781672,	-0.151686,	-0.0184238,	-0.0550983,	-0.649128,	-0.32481,	-0.0214572,	-0.412304,	-0.4823,	0.57821,	-0.0784,	29211,	-307,	18,	-369,	29231,	98,	-68,	-121,	29221,	28,	-7,	-305,	
2,	11,	1.13617e+006,	1.65255e+015,	3,	7,	0,	20,	-3,	0,	1,	1,	1.65255e+009,	-1.80285,	-0.935088,	-0.840308,	0.0771232,	-0.627026,	-0.281097,	-0.0225015,	0.0799361,	-0.562989,	-0.0349265,	-0.00554715,	-0.0122218,	-0.781672,	-0.151686,	-0.0184238,	-0.0550983,	-0.561408,	-0.32481,	-0.0214572,	-0.412304,	-0.5278,	0.57821,	-0.0784,	29221,	-307,	16,	-369,	29241,	98,	-70,	-121,	29231,	28,	-7,	-305,	
2,	11,	1.13623e+006,	1.65255e+015,	-5,	-3,	9,	2,	-3,	-5,	-5,	-4,	1.65255e+009,	-1.80285,	-0.935088,	-0.906344,	0.0771232,	-0.627026,	-0.281097,	-0.0225015,	0.0872695,	-0.562989,	-0.0349265,	-0.00554715,	-0.00488843,	-0.781672,	-0.151686,	-0.0184238,	-0.0773349,	-0.561408,	-0.32481,	-0.0214572,	-0.434541,	-0.5824,	0.57821,	-0.0784,	29231,	-306,	17,	-369,	29251,	98,	-69,	-121,	29241,	28,	-8,	-305,	
2,	11,	1.13631e+006,	1.65255e+015,	-1,	-3,	-23,	-3,	0,	-1,	-2,	-1,	1.65255e+009,	-1.80285,	-0.935088,	-0.906344,	0.0771232,	-0.627026,	-0.281097,	-0.0225015,	0.0872695,	-0.562989,	-0.0349265,	-0.00554715,	-0.00488843,	-0.781672,	-0.151686,	-0.0184238,	-0.0773349,	-0.561408,	-0.32481,	-0.0214572,	-0.434541,	-0.5096,	0.57821,	-0.0784,	29241,	-305,	17,	-369,	29261,	98,	-68,	-120,	29251,	28,	-7,	-304,	
2,	11,	1.13639e+006,	1.65255e+015,	-1,	-3,	0,	-4,	-2,	0,	0,	-1,	1.65255e+009,	-1.80285,	-0.935088,	-0.906344,	0.0771232,	-0.627026,	-0.281097,	-0.0225015,	0.0872695,	-0.562989,	-0.0349265,	-0.00554715,	-0.00488843,	-0.781672,	-0.151686,	-0.0184238,	-0.0773349,	-0.561408,	-0.32481,	-0.0214572,	-0.434541,	-0.4641,	0.57821,	-0.0784,	29251,	-306,	18,	-369,	29271,	97,	-67,	-120,	29261,	28,	-6,	-305,	
2,	11,	1.13647e+006,	1.65255e+015,	-2,	-9,	-21,	-6,	1,	2,	0,	1,	1.65255e+009,	-1.68261,	-0.811888,	-0.675218,	0.0771232,	-0.627026,	-0.204712,	-0.0213908,	0.0872695,	-0.562989,	-0.0349265,	-0.00554715,	-0.00488843,	-0.781672,	-0.151686,	-0.0184238,	-0.0773349,	-0.561408,	-0.32481,	-0.0214572,	-0.434541,	-0.3822,	0.57821,	-0.0784,	29261,	-307,	17,	-369,	29281,	98,	-68,	-121,	29271,	28,	-7,	-304,	
2,	11,	1.13653e+006,	1.65255e+015,	-2,	-8,	-4,	-7,	-3,	-1,	0,	-1,	1.65255e+009,	-1.51728,	-0.688688,	-0.510128,	0.0771232,	-0.627026,	-0.204712,	-0.0213908,	0.0939412,	-0.562989,	-0.0349265,	-0.00554715,	-0.00708868,	-0.781672,	-0.151686,	-0.0184238,	-0.0795352,	-0.561408,	-0.32481,	-0.0214572,	-0.436741,	-0.3458,	0.57821,	-0.0784,	29271,	-306,	17,	-369,	29291,	98,	-68,	-121,	29281,	28,	-7,	-305,	
2,	11,	1.13661e+006,	1.65255e+015,	0,	2,	10,	-3,	-1,	0,	1,	0,	1.65255e+009,	-1.21668,	-0.590128,	-0.427583,	0.0229152,	-0.627026,	-0.204712,	-0.0213908,	0.0939412,	-0.562989,	-0.0349265,	-0.00554715,	-0.00708868,	-0.781672,	-0.151686,	-0.0184238,	-0.0795352,	-0.561408,	-0.32481,	-0.0214572,	-0.436741,	-0.3458,	0.57821,	-0.0784,	29281,	-305,	18,	-369,	29301,	97,	-68,	-121,	29291,	29,	-6,	-305,	
2,	11,	1.13669e+006,	1.65255e+015,	-2,	-2,	-3,	-1,	-1,	-2,	-1,	-1,	1.65255e+009,	-1.06638,	-0.466928,	-0.427583,	-0.00172479,	-0.627026,	-0.204712,	-0.0213908,	0.0939412,	-0.641839,	-0.0349265,	-0.00554715,	-0.00708868,	-0.781672,	-0.151686,	-0.0184238,	-0.0795352,	-0.561408,	-0.32481,	-0.0214572,	-0.436741,	-0.3913,	0.57821,	-0.0784,	29291,	-304,	18,	-369,	29311,	98,	-68,	-121,	29301,	30,	-6,	-305,	
2,	11,	1.13677e+006,	1.65255e+015,	1,	3,	6,	5,	-1,	0,	-1,	1,	1.65255e+009,	-1.00626,	-0.466928,	-0.345038,	-0.00172479,	-0.627026,	-0.204712,	-0.0213908,	0.100613,	-0.641839,	-0.0349265,	-0.00554715,	-0.00928894,	-0.781672,	-0.151686,	-0.0184238,	-0.0817354,	-0.649128,	-0.32481,	-0.0214572,	-0.438941,	-0.3913,	0.57821,	-0.0784,	29301,	-305,	19,	-370,	29321,	98,	-68,	-121,	29311,	29,	-7,	-305,	
2,	11,	1.13684e+006,	1.65255e+015,	-3,	-1,	-7,	-5,	-3,	-2,	-1,	-2,	1.65255e+009,	-1.00626,	-0.466928,	-0.345038,	-0.00172479,	-0.627026,	-0.204712,	-0.0213908,	0.100613,	-0.641839,	-0.0349265,	-0.00554715,	-0.00928894,	-0.781672,	-0.151686,	-0.0184238,	-0.0817354,	-0.649128,	-0.32481,	-0.0214572,	-0.438941,	-0.3913,	0.57821,	-0.0784,	29311,	-304,	18,	-371,	29331,	98,	-68,	-121,	29321,	30,	-6,	-306,	
2,	11,	1.13692e+006,	1.65255e+015,	-1,	-3,	-2,	-4,	0,	-2,	1,	-1,	1.65255e+009,	-1.00626,	-0.466928,	-0.345038,	-0.00172479,	-0.627026,	-0.204712,	-0.0213908,	0.100613,	-0.641839,	-0.0349265,	-0.00554715,	-0.00928894,	-0.781672,	-0.151686,	-0.0184238,	-0.0817354,	-0.649128,	-0.32481,	-0.0214572,	-0.438941,	-0.4277,	0.57821,	-0.0784,	29321,	-303,	19,	-371,	29341,	99,	-67,	-122,	29331,	30,	-6,	-306,	
2,	11,	1.137e+006,	1.65255e+015,	-3,	-7,	-5,	-9,	-3,	-1,	-2,	-1,	1.65255e+009,	-1.00626,	-0.466928,	-0.345038,	-0.00172479,	-0.627026,	-0.204712,	-0.0213908,	0.100613,	-0.641839,	-0.0349265,	-0.00554715,	-0.00928894,	-0.781672,	-0.151686,	-0.0184238,	-0.0817354,	-0.649128,	-0.32481,	-0.0214572,	-0.438941,	-0.4277,	0.57821,	-0.0784,	29331,	-304,	19,	-372,	29351,	98,	-67,	-122,	29341,	30,	-7,	-306,	
2,	11,	1.13708e+006,	1.65255e+015,	-1,	-1,	0,	-5,	0,	-2,	-1,	-2,	1.65255e+009,	-1.00626,	-0.466928,	-0.345038,	-0.00172479,	-0.627026,	-0.204712,	-0.0213908,	0.100613,	-0.641839,	-0.0349265,	-0.00554715,	-0.00928894,	-0.781672,	-0.151686,	-0.0184238,	-0.0817354,	-0.649128,	-0.32481,	-0.0214572,	-0.438941,	-0.4277,	0.57821,	-0.0784,	29341,	-304,	18,	-372,	29361,	100,	-67,	-122,	29351,	29,	-5,	-306,	
2,	11,	1.13716e+006,	1.65255e+015,	1,	5,	5,	-1,	1,	1,	1,	1,	1.65255e+009,	-0.946139,	-0.466928,	-0.345038,	-0.00172479,	-0.627026,	-0.204712,	-0.0213908,	0.100613,	-0.641839,	-0.0349265,	-0.00554715,	-0.00928894,	-0.781672,	-0.151686,	-0.0184238,	-0.0817354,	-0.649128,	-0.32481,	-0.0214572,	-0.438941,	-0.4277,	0.57821,	-0.0784,	29351,	-303,	19,	-371,	29371,	100,	-67,	-123,	29361,	29,	-8,	-306,	
2,	11,	1.13723e+006,	1.65255e+015,	0,	2,	5,	-3,	-2,	-1,	-1,	-1,	1.65255e+009,	-0.946139,	-0.466928,	-0.345038,	-0.00172479,	-0.627026,	-0.204712,	-0.0213908,	0.100613,	-0.641839,	-0.0349265,	-0.00554715,	-0.00928894,	-0.781672,	-0.151686,	-0.0184238,	-0.0817354,	-0.649128,	-0.32481,	-0.0214572,	-0.438941,	-0.4277,	0.57821,	-0.0784,	29361,	-304,	17,	-371,	29381,	99,	-68,	-123,	29371,	30,	-7,	-306,	
2,	11,	1.13731e+006,	1.65255e+015,	-3,	6,	9,	7,	-4,	-2,	-4,	-2,	1.65255e+009,	-0.946139,	-0.466928,	-0.345038,	-0.00172479,	-0.627026,	-0.204712,	-0.0213908,	0.100613,	-0.641839,	-0.0349265,	-0.00554715,	-0.00928894,	-0.781672,	-0.151686,	-0.0184238,	-0.0817354,	-0.649128,	-0.32481,	-0.0214572,	-0.438941,	-0.4277,	0.57821,	-0.0784,	29371,	-303,	17,	-371,	29391,	98,	-68,	-123,	29381,	30,	-7,	-306,	
2,	11,	1.13739e+006,	1.65255e+015,	0,	-4,	-12,	6,	-1,	0,	-2,	-1,	1.65255e+009,	-0.946139,	-0.466928,	-0.345038,	-0.00172479,	-0.627026,	-0.204712,	-0.0213908,	0.100613,	-0.641839,	-0.0349265,	-0.00554715,	-0.00928894,	-0.781672,	-0.151686,	-0.0184238,	-0.0817354,	-0.649128,	-0.32481,	-0.0214572,	-0.438941,	-0.4277,	0.57821,	-0.0784,	29381,	-304,	17,	-372,	29401,	99,	-67,	-123,	29391,	30,	-6,	-307,	
2,	11,	1.13747e+006,	1.65255e+015,	-1,	-2,	0,	2,	0,	1,	1,	1,	1.65255e+009,	-0.946139,	-0.466928,	-0.345038,	-0.00172479,	-0.627026,	-0.204712,	-0.0213908,	0.100613,	-0.641839,	-0.0349265,	-0.00554715,	-0.00928894,	-0.781672,	-0.151686,	-0.0184238,	-0.0817354,	-0.649128,	-0.32481,	-0.0214572,	-0.438941,	-0.4277,	0.57821,	-0.0784,	29391,	-303,	17,	-373,	29411,	98,	-68,	-123,	29401,	30,	-5,	-307,	
2,	11,	1.13755e+006,	1.65255e+015,	0,	5,	-1,	-9,	-3,	-2,	0,	-2,	1.65255e+009,	-0.946139,	-0.466928,	-0.345038,	-0.00172479,	-0.627026,	-0.204712,	-0.0213908,	0.100613,	-0.641839,	-0.0349265,	-0.00554715,	-0.00928894,	-0.781672,	-0.151686,	-0.0184238,	-0.0817354,	-0.649128,	-0.32481,	-0.0214572,	-0.438941,	-0.4277,	0.57821,	-0.0784,	29401,	-302,	18,	-373,	29421,	98,	-68,	-124,	29411,	30,	-4,	-307,	
2,	11,	1.13763e+006,	1.65255e+015,	-1,	-8,	-11,	-10,	0,	0,	1,	0,	1.65255e+009,	-0.946139,	-0.466928,	-0.345038,	-0.00172479,	-0.627026,	-0.204712,	-0.0213908,	0.100613,	-0.641839,	-0.0349265,	-0.00554715,	-0.00928894,	-0.781672,	-0.151686,	-0.0184238,	-0.0817354,	-0.649128,	-0.32481,	-0.0214572,	-0.438941,	-0.4277,	0.57821,	-0.0784,	29411,	-302,	17,	-373,	29431,	99,	-67,	-123,	29421,	30,	-4,	-307,	
2,	11,	1.1377e+006,	1.65255e+015,	1,	-2,	-1,	-1,	2,	1,	-1,	-1,	1.65255e+009,	-0.946139,	-0.466928,	-0.345038,	-0.00172479,	-0.627026,	-0.204712,	-0.0213908,	0.100613,	-0.641839,	-0.0349265,	-0.00554715,	-0.00928894,	-0.781672,	-0.151686,	-0.0184238,	-0.0817354,	-0.649128,	-0.32481,	-0.0214572,	-0.438941,	-0.4277,	0.57821,	-0.0784,	29421,	-301,	19,	-373,	29441,	99,	-67,	-123,	29431,	30,	-5,	-308,	
2,	11,	1.13778e+006,	1.65255e+015,	6,	17,	18,	13,	1,	2,	0,	1,	1.65255e+009,	-0.946139,	-0.466928,	-0.345038,	-0.00172479,	-0.627026,	-0.204712,	-0.0213908,	0.100613,	-0.641839,	-0.0349265,	-0.00554715,	-0.00928894,	-0.781672,	-0.151686,	-0.0184238,	-0.0817354,	-0.649128,	-0.32481,	-0.0214572,	-0.438941,	-0.4277,	0.57821,	-0.0784,	29431,	-302,	19,	-373,	29451,	100,	-68,	-124,	29441,	30,	-5,	-308,	
2,	11,	1.13786e+006,	1.65255e+015,	-1,	-1,	6,	2,	-4,	-3,	-1,	-1,	1.65255e+009,	-0.946139,	-0.466928,	-0.345038,	-0.00172479,	-0.627026,	-0.204712,	-0.0213908,	0.100613,	-0.641839,	-0.0349265,	-0.00554715,	-0.00928894,	-0.781672,	-0.151686,	-0.0184238,	-0.0817354,	-0.649128,	-0.32481,	-0.0214572,	-0.438941,	-0.4277,	0.57821,	-0.0784,	29441,	-301,	20,	-372,	29461,	99,	-67,	-124,	29451,	31,	-6,	-308,	
2,	11,	1.13794e+006,	1.65255e+015,	0,	-1,	-8,	-3,	0,	0,	-1,	0,	1.65255e+009,	-0.946139,	-0.466928,	-0.345038,	-0.00172479,	-0.627026,	-0.204712,	-0.0213908,	0.100613,	-0.641839,	-0.0349265,	-0.00554715,	-0.00928894,	-0.781672,	-0.151686,	-0.0184238,	-0.0817354,	-0.649128,	-0.32481,	-0.0214572,	-0.438941,	-0.4277,	0.57821,	-0.0784,	29451,	-302,	20,	-371,	29471,	100,	-67,	-124,	29461,	30,	-6,	-308,	
2,	11,	1.13802e+006,	1.65255e+015,	0,	1,	-8,	15,	-1,	0,	-3,	0,	1.65255e+009,	-0.946139,	-0.466928,	-0.345038,	-0.00172479,	-0.627026,	-0.204712,	-0.0213908,	0.100613,	-0.641839,	-0.0349265,	-0.00554715,	-0.00928894,	-0.781672,	-0.151686,	-0.0184238,	-0.0817354,	-0.649128,	-0.32481,	-0.0214572,	-0.438941,	-0.4277,	0.57821,	-0.0784,	29461,	-302,	20,	-371,	29481,	100,	-68,	-123,	29471,	29,	-6,	-308,	
2,	11,	1.13813e+006,	1.65255e+015,	-1,	0,	-21,	-3,	-2,	-2,	0,	-1,	1.65255e+009,	-0.946139,	-0.466928,	-0.345038,	-0.00172479,	-0.627026,	-0.204712,	-0.0213908,	0.100613,	-0.641839,	-0.0349265,	-0.00554715,	-0.00928894,	-0.781672,	-0.151686,	-0.0184238,	-0.0817354,	-0.649128,	-0.32481,	-0.0214572,	-0.438941,	-0.4277,	0.57821,	-0.0784,	29471,	-302,	19,	-371,	29491,	100,	-68,	-124,	29481,	30,	-6,	-308,	
2,	11,	1.1382e+006,	1.65255e+015,	-4,	1,	-11,	0,	-4,	-1,	-2,	-1,	1.65255e+009,	-0.946139,	-0.466928,	-0.345038,	-0.00172479,	-0.627026,	-0.204712,	-0.0213908,	0.100613,	-0.641839,	-0.0349265,	-0.00554715,	-0.00928894,	-0.781672,	-0.151686,	-0.0184238,	-0.0817354,	-0.649128,	-0.32481,	-0.0214572,	-0.438941,	-0.4277,	0.57821,	-0.0784,	29481,	-301,	19,	-372,	29501,	100,	-67,	-124,	29491,	30,	-5,	-309,	
2,	11,	1.13828e+006,	1.65255e+015,	-1,	1,	15,	-2,	-3,	-2,	-3,	-1,	1.65255e+009,	-0.946139,	-0.466928,	-0.345038,	-0.00172479,	-0.627026,	-0.204712,	-0.0213908,	0.100613,	-0.641839,	-0.0349265,	-0.00554715,	-0.00928894,	-0.781672,	-0.151686,	-0.0184238,	-0.0817354,	-0.649128,	-0.32481,	-0.0214572,	-0.438941,	-0.4277,	0.57821,	-0.0784,	29491,	-301,	19,	-373,	29511,	99,	-67,	-125,	29501,	30,	-6,	-309,	
2,	11,	1.13836e+006,	1.65255e+015,	-3,	1,	5,	8,	-1,	-1,	0,	-1,	1.65255e+009,	-0.946139,	-0.466928,	-0.345038,	-0.00172479,	-0.627026,	-0.204712,	-0.0213908,	0.100613,	-0.641839,	-0.0349265,	-0.00554715,	-0.00928894,	-0.781672,	-0.151686,	-0.0184238,	-0.0817354,	-0.649128,	-0.32481,	-0.0214572,	-0.438941,	-0.4277,	0.57821,	-0.0784,	29501,	-301,	18,	-374,	29521,	100,	-68,	-125,	29511,	31,	-6,	-310,	
2,	11,	1.13844e+006,	1.65255e+015,	0,	5,	5,	3,	-2,	-2,	-1,	-1,	1.65255e+009,	-0.946139,	-0.466928,	-0.345038,	-0.00172479,	-0.627026,	-0.204712,	-0.0213908,	0.100613,	-0.641839,	-0.0349265,	-0.00554715,	-0.00928894,	-0.781672,	-0.151686,	-0.0184238,	-0.0817354,	-0.649128,	-0.32481,	-0.0214572,	-0.438941,	-0.4277,	0.57821,	-0.0784,	29511,	-299,	20,	-375,	29531,	99,	-67,	-125,	29521,	30,	-5,	-310,	
2,	11,	1.13852e+006,	1.65255e+015,	-1,	0,	4,	0,	0,	-1,	-2,	0,	1.65255e+009,	-0.946139,	-0.466928,	-0.345038,	-0.00172479,	-0.627026,	-0.204712,	-0.0213908,	0.100613,	-0.641839,	-0.0349265,	-0.00554715,	-0.00928894,	-0.781672,	-0.151686,	-0.0184238,	-0.0817354,	-0.649128,	-0.32481,	-0.0214572,	-0.438941,	-0.4277,	0.57821,	-0.0784,	29521,	-299,	20,	-376,	29541,	99,	-67,	-125,	29531,	31,	-5,	-311,	
2,	11,	1.13859e+006,	1.65255e+015,	0,	3,	5,	-1,	-1,	1,	-1,	-1,	1.65255e+009,	-0.946139,	-0.466928,	-0.345038,	-0.00172479,	-0.627026,	-0.204712,	-0.0213908,	0.100613,	-0.641839,	-0.0349265,	-0.00554715,	-0.00928894,	-0.781672,	-0.151686,	-0.0184238,	-0.0817354,	-0.649128,	-0.32481,	-0.0214572,	-0.438941,	-0.4277,	0.57821,	-0.0784,	29531,	-295,	20,	-377,	29551,	100,	-66,	-126,	29541,	31,	-4,	-311,	
2,	11,	1.13869e+006,	1.65255e+015,	0,	-3,	-29,	-13,	0,	0,	-2,	-1,	1.65255e+009,	-0.946139,	-0.466928,	-0.345038,	-0.00172479,	-0.627026,	-0.204712,	-0.0213908,	0.100613,	-0.641839,	-0.0349265,	-0.00554715,	-0.00928894,	-0.781672,	-0.151686,	-0.0184238,	-0.0817354,	-0.649128,	-0.32481,	-0.0214572,	-0.438941,	-0.4277,	0.57821,	-0.0784,	29541,	-296,	20,	-379,	29561,	100,	-68,	-127,	29551,	31,	-5,	-312,	
2,	11,	1.13877e+006,	1.65255e+015,	-3,	5,	24,	4,	-4,	-3,	-1,	-2,	1.65255e+009,	-0.946139,	-0.466928,	-0.345038,	-0.00172479,	-0.627026,	-0.204712,	-0.0213908,	0.100613,	-0.641839,	-0.0349265,	-0.00554715,	-0.00928894,	-0.781672,	-0.151686,	-0.0184238,	-0.0817354,	-0.649128,	-0.32481,	-0.0214572,	-0.438941,	-0.4277,	0.57821,	-0.0784,	29551,	-295,	21,	-381,	29571,	101,	-67,	-127,	29561,	32,	-4,	-313,	
2,	11,	1.13884e+006,	1.65255e+015,	0,	0,	-11,	-4,	-2,	0,	0,	0,	1.65255e+009,	-0.946139,	-0.466928,	-0.345038,	-0.00172479,	-0.627026,	-0.204712,	-0.0213908,	0.100613,	-0.641839,	-0.0349265,	-0.00554715,	-0.00928894,	-0.781672,	-0.151686,	-0.0184238,	-0.0817354,	-0.649128,	-0.32481,	-0.0214572,	-0.438941,	-0.4277,	0.57821,	-0.0784,	29561,	-294,	22,	-383,	29581,	102,	-66,	-128,	29571,	31,	-5,	-313,	
2,	11,	1.13891e+006,	1.65255e+015,	-3,	-3,	0,	-1,	-1,	-2,	0,	-3,	1.65255e+009,	-0.946139,	-0.466928,	-0.345038,	-0.00172479,	-0.627026,	-0.204712,	-0.0213908,	0.100613,	-0.641839,	-0.0349265,	-0.00554715,	-0.00928894,	-0.781672,	-0.151686,	-0.0184238,	-0.0817354,	-0.649128,	-0.32481,	-0.0214572,	-0.438941,	-0.4277,	0.57821,	-0.0784,	29571,	-292,	23,	-385,	29591,	101,	-68,	-129,	29581,	33,	-4,	-314,	
2,	11,	1.13898e+006,	1.65255e+015,	1,	4,	-1,	-10,	0,	-1,	-1,	-1,	1.65255e+009,	-0.946139,	-0.466928,	-0.345038,	-0.00172479,	-0.627026,	-0.204712,	-0.0213908,	0.100613,	-0.641839,	-0.0349265,	-0.00554715,	-0.00928894,	-0.781672,	-0.151686,	-0.0184238,	-0.0817354,	-0.649128,	-0.32481,	-0.0214572,	-0.438941,	-0.4277,	0.57821,	-0.0784,	29581,	-290,	24,	-388,	29601,	103,	-67,	-130,	29591,	33,	-5,	-315,	
2,	11,	1.13905e+006,	1.65255e+015,	2,	1,	-16,	-5,	1,	0,	-2,	1,	1.65255e+009,	-0.946139,	-0.466928,	-0.345038,	-0.00172479,	-0.627026,	-0.204712,	-0.0213908,	0.100613,	-0.641839,	-0.0349265,	-0.00554715,	-0.00928894,	-0.781672,	-0.151686,	-0.0184238,	-0.0817354,	-0.649128,	-0.32481,	-0.0214572,	-0.438941,	-0.4277,	0.57821,	-0.0784,	29591,	-288,	25,	-392,	29611,	103,	-66,	-131,	29601,	33,	-5,	-317,	
2,	11,	1.13913e+006,	1.65255e+015,	-2,	-1,	-7,	-6,	-1,	-2,	-1,	-1,	1.65255e+009,	-0.946139,	-0.466928,	-0.345038,	-0.00172479,	-0.627026,	-0.204712,	-0.0213908,	0.100613,	-0.641839,	-0.0349265,	-0.00554715,	-0.00928894,	-0.781672,	-0.151686,	-0.0184238,	-0.0817354,	-0.649128,	-0.32481,	-0.0214572,	-0.438941,	-0.4277,	0.57821,	-0.0784,	29601,	-285,	26,	-397,	29621,	105,	-66,	-132,	29611,	34,	-3,	-319,	
2,	11,	1.1392e+006,	1.65255e+015,	1,	-1,	14,	2,	-1,	-1,	1,	0,	1.65255e+009,	-0.946139,	-0.466928,	-0.345038,	-0.00172479,	-0.627026,	-0.204712,	-0.0213908,	0.100613,	-0.641839,	-0.0349265,	-0.00554715,	-0.00928894,	-0.781672,	-0.151686,	-0.0184238,	-0.0817354,	-0.649128,	-0.32481,	-0.0214572,	-0.438941,	-0.4277,	0.57821,	-0.0784,	29611,	-283,	27,	-403,	29631,	106,	-67,	-134,	29621,	35,	-3,	-321,	
2,	11,	1.13928e+006,	1.65255e+015,	0,	7,	5,	-9,	-4,	-1,	-1,	0,	1.65255e+009,	-0.946139,	-0.466928,	-0.345038,	-0.00172479,	-0.627026,	-0.204712,	-0.0213908,	0.100613,	-0.641839,	-0.0349265,	-0.00554715,	-0.00928894,	-0.781672,	-0.151686,	-0.0184238,	-0.0817354,	-0.649128,	-0.32481,	-0.0214572,	-0.438941,	-0.4277,	0.57821,	-0.0784,	29621,	-279,	28,	-410,	29641,	107,	-66,	-136,	29631,	37,	-2,	-323,	
2,	11,	1.13934e+006,	1.65255e+015,	1,	-3,	22,	15,	-1,	2,	-2,	0,	1.65255e+009,	-0.946139,	-0.466928,	-0.345038,	-0.00172479,	-0.627026,	-0.204712,	-0.0213908,	0.100613,	-0.641839,	-0.0349265,	-0.00554715,	-0.00928894,	-0.781672,	-0.151686,	-0.0184238,	-0.0817354,	-0.649128,	-0.32481,	-0.0214572,	-0.438941,	-0.4277,	0.57821,	-0.0784,	29631,	-275,	29,	-417,	29651,	108,	-66,	-139,	29641,	38,	-2,	-325,	
2,	11,	1.13942e+006,	1.65255e+015,	1,	4,	11,	-1,	3,	0,	2,	1,	1.65255e+009,	-0.946139,	-0.466928,	-0.345038,	-0.00172479,	-0.627026,	-0.204712,	-0.0213908,	0.100613,	-0.641839,	-0.0349265,	-0.00554715,	-0.00928894,	-0.781672,	-0.151686,	-0.0184238,	-0.0817354,	-0.649128,	-0.32481,	-0.0214572,	-0.438941,	-0.4277,	0.57821,	-0.0784,	29641,	-270,	29,	-426,	29661,	110,	-66,	-141,	29651,	40,	-1,	-328,	
2,	11,	1.13948e+006,	1.65255e+015,	1,	-2,	-10,	2,	2,	1,	0,	0,	1.65255e+009,	-0.946139,	-0.466928,	-0.345038,	-0.00172479,	-0.627026,	-0.204712,	-0.0213908,	0.100613,	-0.641839,	-0.0349265,	-0.00554715,	-0.00928894,	-0.781672,	-0.151686,	-0.0184238,	-0.0817354,	-0.649128,	-0.32481,	-0.0214572,	-0.438941,	-0.4277,	0.57821,	-0.0784,	29651,	-265,	30,	-433,	29671,	110,	-67,	-143,	29661,	41,	0,	-330,	
2,	11,	1.13955e+006,	1.65255e+015,	-1,	-1,	10,	-1,	-2,	1,	0,	0,	1.65255e+009,	-0.946139,	-0.466928,	-0.345038,	-0.00172479,	-0.627026,	-0.204712,	-0.0213908,	0.100613,	-0.641839,	-0.0349265,	-0.00554715,	-0.00928894,	-0.781672,	-0.151686,	-0.0184238,	-0.0817354,	-0.649128,	-0.32481,	-0.0214572,	-0.438941,	-0.4277,	0.57821,	-0.0784,	29661,	-263,	30,	-439,	29681,	111,	-68,	-145,	29671,	43,	0,	-332,	
2,	11,	1.13963e+006,	1.65255e+015,	-1,	2,	-9,	0,	0,	0,	1,	-1,	1.65255e+009,	-0.946139,	-0.466928,	-0.345038,	-0.00172479,	-0.627026,	-0.204712,	-0.0213908,	0.100613,	-0.641839,	-0.0349265,	-0.00554715,	-0.00928894,	-0.781672,	-0.151686,	-0.0184238,	-0.0817354,	-0.649128,	-0.32481,	-0.0214572,	-0.438941,	-0.4277,	0.57821,	-0.0784,	29671,	-262,	28,	-444,	29691,	113,	-69,	-146,	29681,	45,	0,	-333,	
2,	11,	1.1397e+006,	1.65255e+015,	-1,	-6,	0,	-5,	1,	1,	-1,	-1,	1.65255e+009,	-0.946139,	-0.466928,	-0.345038,	-0.00172479,	-0.627026,	-0.204712,	-0.0213908,	0.100613,	-0.641839,	-0.0349265,	-0.00554715,	-0.00928894,	-0.781672,	-0.151686,	-0.0184238,	-0.0817354,	-0.649128,	-0.32481,	-0.0214572,	-0.438941,	-0.4277,	0.57821,	-0.0784,	29681,	-260,	29,	-447,	29701,	113,	-70,	-147,	29691,	45,	0,	-335,	
2,	11,	1.13977e+006,	1.65255e+015,	-2,	0,	4,	-13,	-4,	-2,	-2,	-2,	1.65255e+009,	-0.946139,	-0.466928,	-0.345038,	-0.00172479,	-0.627026,	-0.204712,	-0.0213908,	0.100613,	-0.641839,	-0.0349265,	-0.00554715,	-0.00928894,	-0.781672,	-0.151686,	-0.0184238,	-0.0817354,	-0.649128,	-0.32481,	-0.0214572,	-0.462597,	-0.4277,	0.57821,	-0.0784,	29691,	-259,	27,	-450,	29711,	114,	-70,	-148,	29701,	47,	0,	-335,	
2,	11,	1.13984e+006,	1.65255e+015,	2,	3,	-11,	-12,	0,	-1,	0,	1,	1.65255e+009,	-0.946139,	-0.466928,	-0.345038,	-0.00172479,	-0.627026,	-0.204712,	-0.0213908,	0.100613,	-0.641839,	-0.0349265,	-0.00554715,	-0.00928894,	-0.781672,	-0.151686,	-0.0184238,	-0.0817354,	-0.649128,	-0.32481,	-0.0214572,	-0.462597,	-0.4277,	0.57821,	-0.0784,	29701,	-255,	28,	-455,	29721,	114,	-71,	-149,	29711,	48,	0,	-337,	
2,	11,	1.13991e+006,	1.65255e+015,	-3,	2,	-2,	12,	-3,	-1,	-2,	-2,	1.65255e+009,	-0.946139,	-0.466928,	-0.345038,	-0.00172479,	-0.627026,	-0.204712,	-0.0213908,	0.100613,	-0.641839,	-0.0349265,	-0.00554715,	-0.00928894,	-0.781672,	-0.151686,	-0.0184238,	-0.0817354,	-0.649128,	-0.32481,	-0.0214572,	-0.462597,	-0.4277,	0.57821,	-0.0784,	29711,	-253,	29,	-461,	29731,	115,	-73,	-149,	29721,	49,	2,	-338,	
2,	11,	1.13997e+006,	1.65255e+015,	-1,	0,	5,	-10,	1,	1,	0,	-1,	1.65255e+009,	-0.946139,	-0.466928,	-0.345038,	-0.00172479,	-0.627026,	-0.204712,	-0.0213908,	0.100613,	-0.641839,	-0.0349265,	-0.00554715,	-0.00928894,	-0.781672,	-0.151686,	-0.0184238,	-0.0817354,	-0.649128,	-0.32481,	-0.0214572,	-0.462597,	-0.4277,	0.57821,	-0.0784,	29721,	-250,	31,	-466,	29741,	117,	-72,	-151,	29731,	50,	3,	-339,	
2,	11,	1.14003e+006,	1.65255e+015,	1,	0,	-1,	-2,	-1,	2,	0,	-1,	1.65255e+009,	-0.946139,	-0.466928,	-0.345038,	-0.00172479,	-0.627026,	-0.204712,	-0.0213908,	0.100613,	-0.641839,	-0.0349265,	-0.00554715,	-0.00928894,	-0.781672,	-0.151686,	-0.0184238,	-0.0817354,	-0.649128,	-0.32481,	-0.0214572,	-0.462597,	-0.4277,	0.57821,	-0.0784,	29731,	-246,	31,	-471,	29751,	117,	-72,	-152,	29741,	51,	3,	-340,	
2,	11,	1.14009e+006,	1.65255e+015,	-1,	5,	17,	1,	-2,	0,	-1,	-2,	1.65255e+009,	-0.946139,	-0.466928,	-0.345038,	-0.00172479,	-0.627026,	-0.204712,	-0.0213908,	0.100613,	-0.641839,	-0.0349265,	-0.00554715,	-0.00928894,	-0.781672,	-0.151686,	-0.0184238,	-0.0817354,	-0.649128,	-0.32481,	-0.0214572,	-0.462597,	-0.4277,	0.57821,	-0.0784,	29741,	-242,	31,	-476,	29761,	119,	-72,	-153,	29751,	52,	4,	-341,	
2,	11,	1.14019e+006,	1.65255e+015,	0,	-5,	-9,	1,	0,	0,	-1,	0,	1.65255e+009,	-0.946139,	-0.466928,	-0.345038,	-0.00172479,	-0.627026,	-0.204712,	-0.0213908,	0.100613,	-0.641839,	-0.0349265,	-0.00554715,	-0.00928894,	-0.781672,	-0.151686,	-0.0184238,	-0.0817354,	-0.649128,	-0.32481,	-0.0214572,	-0.462597,	-0.4277,	0.57821,	-0.0784,	29751,	-237,	32,	-482,	29771,	119,	-73,	-154,	29761,	53,	4,	-342,	
