1,	6,	1.1237e+006,	1.65255e+015,	1,	7,	9,	2,	-1,	0,	-2,	-1,	1.65255e+009,	-0.585419,	-0.442288,	-0.444092,	-0.0657888,	-0.627026,	-0.281097,	-0.0225015,	0.100814,	-0.799539,	0.0449055,	0.00827922,	-0.0113057,	-0.868404,	-0.0807216,	-0.0116376,	-0.0778382,	-0.736848,	-0.32481,	-0.0214572,	-0.411388,	-0.364,	0.57821,	-0.0588,	8081,	-247,	26,	-452,	8101,	129,	-80,	-154,	8091,	54,	0,	-345,	
1,	6,	1.12377e+006,	1.65255e+015,	-4,	-3,	3,	3,	-2,	-1,	-1,	0,	1.65255e+009,	-0.585419,	-0.442288,	-0.444092,	-0.0657888,	-0.627026,	-0.281097,	-0.0225015,	0.100814,	-0.799539,	0.0449055,	0.00827922,	-0.0113057,	-0.868404,	-0.0807216,	-0.0116376,	-0.0778382,	-0.736848,	-0.32481,	-0.0214572,	-0.411388,	-0.364,	0.57821,	-0.0588,	8091,	-247,	25,	-451,	8111,	129,	-79,	-153,	8101,	55,	0,	-346,	
1,	6,	1.12383e+006,	1.65255e+015,	-2,	1,	-4,	0,	-3,	-3,	-1,	-2,	1.65255e+009,	-0.585419,	-0.442288,	-0.444092,	-0.0657888,	-0.627026,	-0.281097,	-0.0225015,	0.100814,	-0.799539,	0.0449055,	0.00827922,	-0.0113057,	-0.868404,	-0.0807216,	-0.0116376,	-0.0778382,	-0.736848,	-0.32481,	-0.0214572,	-0.411388,	-0.364,	0.57821,	-0.0588,	8101,	-246,	26,	-452,	8121,	129,	-79,	-153,	8111,	54,	0,	-346,	
1,	6,	1.12391e+006,	1.65255e+015,	-1,	-1,	-2,	4,	1,	-2,	-1,	-1,	1.65255e+009,	-0.585419,	-0.442288,	-0.444092,	-0.0657888,	-0.627026,	-0.281097,	-0.0225015,	0.100814,	-0.799539,	0.0449055,	0.00827922,	-0.0113057,	-0.868404,	-0.0807216,	-0.0116376,	-0.0778382,	-0.736848,	-0.32481,	-0.0214572,	-0.411388,	-0.364,	0.57821,	-0.0588,	8111,	-247,	25,	-452,	8131,	130,	-80,	-153,	8121,	55,	0,	-346,	
1,	6,	1.12397e+006,	1.65255e+015,	-2,	0,	8,	3,	-2,	1,	1,	-1,	1.65255e+009,	-0.585419,	-0.442288,	-0.444092,	-0.0657888,	-0.627026,	-0.281097,	-0.0225015,	0.100814,	-0.799539,	0.0449055,	0.00827922,	-0.0113057,	-0.868404,	-0.0807216,	-0.0116376,	-0.0778382,	-0.736848,	-0.32481,	-0.0214572,	-0.411388,	-0.364,	0.57821,	-0.0588,	8121,	-246,	26,	-452,	8141,	129,	-81,	-153,	8131,	54,	-2,	-346,	
1,	6,	1.12403e+006,	1.65255e+015,	-1,	2,	4,	2,	0,	-2,	-2,	-1,	1.65255e+009,	-0.585419,	-0.442288,	-0.444092,	-0.0657888,	-0.627026,	-0.281097,	-0.0225015,	0.100814,	-0.799539,	0.0449055,	0.00827922,	-0.0113057,	-0.868404,	-0.0807216,	-0.0116376,	-0.0778382,	-0.736848,	-0.32481,	-0.0214572,	-0.411388,	-0.364,	0.57821,	-0.0588,	8131,	-245,	24,	-451,	8151,	129,	-81,	-153,	8141,	55,	-1,	-346,	
1,	6,	1.12411e+006,	1.65255e+015,	0,	1,	2,	1,	1,	1,	0,	-1,	1.65255e+009,	-0.585419,	-0.442288,	-0.444092,	-0.0657888,	-0.627026,	-0.281097,	-0.0225015,	0.100814,	-0.799539,	0.0449055,	0.00827922,	-0.0113057,	-0.868404,	-0.0807216,	-0.0116376,	-0.0778382,	-0.736848,	-0.32481,	-0.0214572,	-0.411388,	-0.364,	0.57821,	-0.0588,	8141,	-245,	24,	-451,	8161,	130,	-81,	-153,	8151,	54,	-2,	-347,	
1,	6,	1.12419e+006,	1.65255e+015,	-1,	2,	6,	-2,	-3,	-1,	-1,	-1,	1.65255e+009,	-0.585419,	-0.442288,	-0.444092,	-0.0657888,	-0.627026,	-0.281097,	-0.0225015,	0.100814,	-0.799539,	0.0449055,	0.00827922,	-0.0113057,	-0.868404,	-0.0807216,	-0.0116376,	-0.0778382,	-0.736848,	-0.32481,	-0.0214572,	-0.411388,	-0.364,	0.57821,	-0.0588,	8151,	-246,	25,	-451,	8171,	129,	-81,	-153,	8161,	54,	-2,	-346,	
1,	6,	1.12427e+006,	1.65255e+015,	-1,	-5,	-16,	-6,	0,	-1,	-1,	0,	1.65255e+009,	-0.585419,	-0.442288,	-0.444092,	-0.0657888,	-0.627026,	-0.281097,	-0.0225015,	0.100814,	-0.799539,	0.0449055,	0.00827922,	-0.0113057,	-0.868404,	-0.0807216,	-0.0116376,	-0.0778382,	-0.736848,	-0.32481,	-0.0214572,	-0.411388,	-0.364,	0.57821,	-0.0588,	8161,	-246,	25,	-451,	8181,	129,	-81,	-153,	8171,	53,	-2,	-346,	
1,	6,	1.12434e+006,	1.65255e+015,	-2,	-2,	-4,	0,	1,	-1,	0,	-1,	1.65255e+009,	-0.585419,	-0.442288,	-0.444092,	-0.0657888,	-0.627026,	-0.281097,	-0.0225015,	0.100814,	-0.799539,	0.0449055,	0.00827922,	-0.0113057,	-0.868404,	-0.0807216,	-0.0116376,	-0.0778382,	-0.736848,	-0.32481,	-0.0214572,	-0.411388,	-0.364,	0.57821,	-0.0588,	8171,	-247,	25,	-451,	8191,	129,	-80,	-153,	8181,	54,	-3,	-347,	
1,	6,	1.12442e+006,	1.65255e+015,	-1,	-3,	-1,	-5,	0,	0,	-1,	0,	1.65255e+009,	-0.585419,	-0.442288,	-0.444092,	-0.0657888,	-0.627026,	-0.281097,	-0.0225015,	0.100814,	-0.799539,	0.0449055,	0.00827922,	-0.0113057,	-0.868404,	-0.0807216,	-0.0116376,	-0.0778382,	-0.736848,	-0.32481,	-0.0214572,	-0.411388,	-0.364,	0.57821,	-0.0588,	8181,	-246,	24,	-452,	8201,	128,	-80,	-153,	8191,	55,	-2,	-346,	
1,	6,	1.1245e+006,	1.65255e+015,	-3,	1,	-1,	-10,	-3,	-5,	-3,	-1,	1.65255e+009,	-0.585419,	-0.442288,	-0.444092,	-0.0657888,	-0.627026,	-0.281097,	-0.0225015,	0.100814,	-0.799539,	0.0449055,	0.00827922,	-0.0113057,	-0.868404,	-0.0807216,	-0.0116376,	-0.0778382,	-0.736848,	-0.32481,	-0.0214572,	-0.411388,	-0.364,	0.57821,	-0.0588,	8191,	-246,	24,	-452,	8211,	129,	-81,	-154,	8201,	54,	-3,	-347,	
1,	6,	1.12458e+006,	1.65255e+015,	-1,	-3,	-1,	0,	1,	2,	0,	0,	1.65255e+009,	-0.585419,	-0.442288,	-0.444092,	-0.0657888,	-0.627026,	-0.281097,	-0.0225015,	0.100814,	-0.799539,	0.0449055,	0.00827922,	-0.0113057,	-0.868404,	-0.0807216,	-0.0116376,	-0.0778382,	-0.736848,	-0.32481,	-0.0214572,	-0.411388,	-0.364,	0.57821,	-0.0588,	8201,	-246,	24,	-453,	8221,	128,	-81,	-154,	8211,	56,	-2,	-347,	
1,	6,	1.12464e+006,	1.65255e+015,	0,	1,	-6,	-1,	1,	-2,	-1,	-1,	1.65255e+009,	-0.585419,	-0.442288,	-0.444092,	-0.0657888,	-0.627026,	-0.281097,	-0.0225015,	0.100814,	-0.799539,	0.0449055,	0.00827922,	-0.0113057,	-0.868404,	-0.0807216,	-0.0116376,	-0.0778382,	-0.736848,	-0.32481,	-0.0214572,	-0.411388,	-0.364,	0.57821,	-0.0588,	8211,	-245,	24,	-453,	8231,	130,	-81,	-154,	8221,	55,	-2,	-347,	
1,	6,	1.12473e+006,	1.65255e+015,	-1,	0,	-3,	-7,	0,	0,	-1,	-1,	1.65255e+009,	-0.585419,	-0.442288,	-0.444092,	-0.0657888,	-0.627026,	-0.281097,	-0.0225015,	0.100814,	-0.799539,	0.0449055,	0.00827922,	-0.0113057,	-0.868404,	-0.0807216,	-0.0116376,	-0.0778382,	-0.736848,	-0.32481,	-0.0214572,	-0.411388,	-0.364,	0.57821,	-0.0588,	8221,	-246,	24,	-454,	8241,	129,	-80,	-154,	8231,	55,	-2,	-347,	
1,	6,	1.12481e+006,	1.65255e+015,	-1,	-5,	0,	3,	1,	-1,	-1,	-3,	1.65255e+009,	-0.585419,	-0.442288,	-0.444092,	-0.0657888,	-0.627026,	-0.281097,	-0.0225015,	0.100814,	-0.799539,	0.0449055,	0.00827922,	-0.0113057,	-0.868404,	-0.0807216,	-0.0116376,	-0.0778382,	-0.736848,	-0.32481,	-0.0214572,	-0.411388,	-0.364,	0.57821,	-0.0588,	8231,	-245,	23,	-454,	8251,	130,	-80,	-154,	8241,	54,	-2,	-347,	
1,	6,	1.12489e+006,	1.65255e+015,	0,	0,	9,	6,	0,	-1,	0,	0,	1.65255e+009,	-0.585419,	-0.442288,	-0.444092,	-0.0657888,	-0.627026,	-0.281097,	-0.0225015,	0.100814,	-0.799539,	0.0449055,	0.00827922,	-0.0113057,	-0.868404,	-0.0807216,	-0.0116376,	-0.0778382,	-0.736848,	-0.32481,	-0.0214572,	-0.411388,	-0.364,	0.57821,	-0.0588,	8241,	-247,	23,	-455,	8261,	130,	-80,	-154,	8251,	55,	-2,	-347,	
1,	6,	1.12497e+006,	1.65255e+015,	4,	9,	6,	8,	2,	0,	0,	1,	1.65255e+009,	-0.585419,	-0.442288,	-0.444092,	-0.0657888,	-0.627026,	-0.281097,	-0.0225015,	0.100814,	-0.799539,	0.0449055,	0.00827922,	-0.0113057,	-0.868404,	-0.0807216,	-0.0116376,	-0.0778382,	-0.736848,	-0.32481,	-0.0214572,	-0.411388,	-0.364,	0.57821,	-0.0588,	8251,	-248,	23,	-454,	8271,	129,	-81,	-154,	8261,	54,	-2,	-347,	
1,	6,	1.12505e+006,	1.65255e+015,	3,	5,	-2,	-2,	0,	-1,	-1,	-1,	1.65255e+009,	-0.585419,	-0.442288,	-0.444092,	-0.0657888,	-0.627026,	-0.281097,	-0.0225015,	0.100814,	-0.799539,	0.0449055,	0.00827922,	-0.0113057,	-0.868404,	-0.0807216,	-0.0116376,	-0.0778382,	-0.736848,	-0.32481,	-0.0214572,	-0.411388,	-0.364,	0.57821,	-0.0588,	8261,	-247,	23,	-454,	8281,	130,	-80,	-153,	8271,	53,	-2,	-347,	
1,	6,	1.12513e+006,	1.65255e+015,	-1,	2,	17,	0,	-1,	-3,	-1,	0,	1.65255e+009,	-0.585419,	-0.442288,	-0.444092,	-0.0657888,	-0.627026,	-0.281097,	-0.0225015,	0.100814,	-0.799539,	0.0449055,	0.00827922,	-0.0113057,	-0.868404,	-0.0807216,	-0.0116376,	-0.0778382,	-0.736848,	-0.32481,	-0.0214572,	-0.411388,	-0.364,	0.57821,	-0.0588,	8271,	-247,	22,	-453,	8291,	129,	-81,	-154,	8281,	54,	-2,	-347,	
1,	6,	1.1252e+006,	1.65255e+015,	0,	2,	2,	-5,	1,	1,	1,	1,	1.65255e+009,	-0.585419,	-0.442288,	-0.444092,	-0.0657888,	-0.627026,	-0.281097,	-0.0225015,	0.100814,	-0.799539,	0.0449055,	0.00827922,	-0.0113057,	-0.868404,	-0.0807216,	-0.0116376,	-0.0778382,	-0.736848,	-0.32481,	-0.0214572,	-0.411388,	-0.364,	0.57821,	-0.0588,	8281,	-247,	23,	-453,	8301,	129,	-81,	-154,	8291,	54,	-3,	-347,	
1,	6,	1.12528e+006,	1.65255e+015,	1,	3,	10,	10,	-1,	-1,	0,	-1,	1.65255e+009,	-0.585419,	-0.442288,	-0.444092,	-0.0657888,	-0.627026,	-0.281097,	-0.0225015,	0.100814,	-0.799539,	0.0449055,	0.00827922,	-0.0113057,	-0.868404,	-0.0807216,	-0.0116376,	-0.0778382,	-0.736848,	-0.32481,	-0.0214572,	-0.411388,	-0.364,	0.57821,	-0.0588,	8291,	-247,	23,	-453,	8311,	129,	-81,	-153,	8301,	53,	-3,	-347,	
1,	6,	1.12536e+006,	1.65255e+015,	1,	-1,	-11,	-4,	2,	1,	-1,	0,	1.65255e+009,	-0.585419,	-0.442288,	-0.444092,	-0.0657888,	-0.627026,	-0.281097,	-0.0225015,	0.100814,	-0.799539,	0.0449055,	0.00827922,	-0.0113057,	-0.868404,	-0.0807216,	-0.0116376,	-0.0778382,	-0.736848,	-0.32481,	-0.0214572,	-0.411388,	-0.364,	0.57821,	-0.0588,	8301,	-247,	22,	-453,	8321,	130,	-81,	-153,	8311,	54,	-3,	-347,	
1,	6,	1.12544e+006,	1.65255e+015,	-1,	2,	-2,	2,	-4,	1,	-1,	-3,	1.65255e+009,	-0.585419,	-0.442288,	-0.444092,	-0.0657888,	-0.627026,	-0.281097,	-0.0225015,	0.100814,	-0.799539,	0.0449055,	0.00827922,	-0.0113057,	-0.868404,	-0.0807216,	-0.0116376,	-0.0778382,	-0.736848,	-0.32481,	-0.0214572,	-0.411388,	-0.364,	0.57821,	-0.0588,	8311,	-247,	23,	-453,	8331,	129,	-81,	-153,	8321,	54,	-3,	-347,	
1,	6,	1.12552e+006,	1.65255e+015,	0,	3,	8,	2,	2,	-1,	-1,	1,	1.65255e+009,	-0.585419,	-0.442288,	-0.444092,	-0.0657888,	-0.627026,	-0.281097,	-0.0225015,	0.100814,	-0.799539,	0.0449055,	0.00827922,	-0.0113057,	-0.868404,	-0.0807216,	-0.0116376,	-0.0778382,	-0.736848,	-0.32481,	-0.0214572,	-0.411388,	-0.364,	0.57821,	-0.0588,	8321,	-247,	24,	-452,	8341,	129,	-80,	-153,	8331,	54,	-2,	-346,	
1,	6,	1.12559e+006,	1.65255e+015,	2,	2,	0,	0,	2,	1,	0,	0,	1.65255e+009,	-0.585419,	-0.442288,	-0.444092,	-0.0657888,	-0.627026,	-0.281097,	-0.0225015,	0.100814,	-0.799539,	0.0449055,	0.00827922,	-0.0113057,	-0.868404,	-0.0807216,	-0.0116376,	-0.0778382,	-0.736848,	-0.32481,	-0.0214572,	-0.411388,	-0.364,	0.57821,	-0.0588,	8331,	-247,	24,	-452,	8351,	129,	-80,	-153,	8341,	54,	-3,	-346,	
1,	6,	1.12567e+006,	1.65255e+015,	0,	1,	-10,	-6,	-2,	-2,	-2,	-1,	1.65255e+009,	-0.585419,	-0.442288,	-0.444092,	-0.0657888,	-0.627026,	-0.281097,	-0.0225015,	0.100814,	-0.799539,	0.0449055,	0.00827922,	-0.0113057,	-0.868404,	-0.0807216,	-0.0116376,	-0.0778382,	-0.736848,	-0.32481,	-0.0214572,	-0.411388,	-0.364,	0.57821,	-0.0588,	8341,	-248,	23,	-452,	8361,	129,	-81,	-153,	8351,	54,	-1,	-346,	
1,	6,	1.12575e+006,	1.65255e+015,	-1,	-8,	-9,	-6,	-1,	-1,	-1,	-1,	1.65255e+009,	-0.585419,	-0.442288,	-0.444092,	-0.0657888,	-0.627026,	-0.281097,	-0.0225015,	0.100814,	-0.799539,	0.0449055,	0.00827922,	-0.0113057,	-0.868404,	-0.0807216,	-0.0116376,	-0.0778382,	-0.736848,	-0.32481,	-0.0214572,	-0.411388,	-0.364,	0.57821,	-0.0588,	8351,	-247,	24,	-451,	8371,	129,	-80,	-153,	8361,	54,	-1,	-346,	
1,	6,	1.12581e+006,	1.65255e+015,	-2,	0,	0,	-1,	1,	0,	0,	2,	1.65255e+009,	-0.585419,	-0.442288,	-0.444092,	-0.0657888,	-0.627026,	-0.281097,	-0.0225015,	0.100814,	-0.799539,	0.0449055,	0.00827922,	-0.0113057,	-0.868404,	-0.0807216,	-0.0116376,	-0.0778382,	-0.736848,	-0.32481,	-0.0214572,	-0.411388,	-0.364,	0.57821,	-0.0588,	8361,	-248,	25,	-451,	8381,	129,	-80,	-153,	8371,	53,	-1,	-346,	
1,	6,	1.12589e+006,	1.65255e+015,	0,	-2,	-6,	4,	-1,	-1,	0,	-3,	1.65255e+009,	-0.585419,	-0.442288,	-0.444092,	-0.0657888,	-0.627026,	-0.281097,	-0.0225015,	0.100814,	-0.799539,	0.0449055,	0.00827922,	-0.0113057,	-0.868404,	-0.0807216,	-0.0116376,	-0.0778382,	-0.736848,	-0.32481,	-0.0214572,	-0.411388,	-0.364,	0.57821,	-0.0588,	8371,	-247,	24,	-452,	8391,	130,	-80,	-152,	8381,	54,	-1,	-345,	
1,	6,	1.12597e+006,	1.65255e+015,	-2,	-2,	-9,	-3,	-2,	-1,	-2,	-2,	1.65255e+009,	-0.585419,	-0.442288,	-0.444092,	-0.0657888,	-0.627026,	-0.281097,	-0.0225015,	0.100814,	-0.799539,	0.0449055,	0.00827922,	-0.0113057,	-0.868404,	-0.0807216,	-0.0116376,	-0.0778382,	-0.736848,	-0.32481,	-0.0214572,	-0.411388,	-0.364,	0.57821,	-0.0588,	8381,	-248,	25,	-452,	8401,	130,	-80,	-152,	8391,	53,	-1,	-345,	
1,	6,	1.12605e+006,	1.65255e+015,	-3,	-2,	-8,	1,	-2,	0,	-2,	-1,	1.65255e+009,	-0.585419,	-0.442288,	-0.444092,	-0.0657888,	-0.627026,	-0.281097,	-0.0225015,	0.100814,	-0.799539,	0.0449055,	0.00827922,	-0.0113057,	-0.868404,	-0.0807216,	-0.0116376,	-0.0778382,	-0.736848,	-0.32481,	-0.0214572,	-0.411388,	-0.364,	0.57821,	-0.0588,	8391,	-246,	24,	-452,	8411,	130,	-80,	-152,	8401,	54,	-1,	-345,	
1,	6,	1.12613e+006,	1.65255e+015,	-4,	-6,	7,	-2,	-6,	-4,	-2,	-2,	1.65255e+009,	-0.585419,	-0.442288,	-0.444092,	-0.0657888,	-0.627026,	-0.281097,	-0.0225015,	0.100814,	-0.799539,	0.0449055,	0.00827922,	-0.0113057,	-0.868404,	-0.0807216,	-0.0116376,	-0.0778382,	-0.736848,	-0.32481,	-0.0214572,	-0.411388,	-0.4095,	0.57821,	-0.0588,	8401,	-245,	25,	-452,	8421,	131,	-80,	-153,	8411,	54,	-1,	-345,	
1,	6,	1.12619e+006,	1.65255e+015,	-2,	-4,	-4,	-5,	-4,	-3,	0,	-1,	1.65255e+009,	-0.585419,	-0.442288,	-0.444092,	-0.0657888,	-0.627026,	-0.281097,	-0.0225015,	0.100814,	-0.799539,	0.0449055,	0.00827922,	-0.0113057,	-0.868404,	-0.0807216,	-0.0116376,	-0.0778382,	-0.736848,	-0.32481,	-0.0214572,	-0.411388,	-0.4095,	0.57821,	-0.0588,	8411,	-246,	25,	-452,	8431,	130,	-80,	-152,	8421,	54,	-1,	-345,	
1,	6,	1.12628e+006,	1.65255e+015,	-1,	1,	-2,	-3,	0,	1,	0,	0,	1.65255e+009,	-0.585419,	-0.442288,	-0.444092,	-0.0657888,	-0.627026,	-0.281097,	-0.0225015,	0.100814,	-0.799539,	0.0449055,	0.00827922,	-0.0113057,	-0.868404,	-0.0807216,	-0.0116376,	-0.0778382,	-0.736848,	-0.32481,	-0.0214572,	-0.411388,	-0.4095,	0.57821,	-0.0588,	8421,	-246,	25,	-453,	8441,	130,	-80,	-152,	8431,	54,	-1,	-345,	
1,	6,	1.12636e+006,	1.65255e+015,	-4,	-3,	-10,	-3,	-2,	-2,	-3,	0,	1.65255e+009,	-0.585419,	-0.442288,	-0.444092,	-0.0657888,	-0.627026,	-0.281097,	-0.0225015,	0.100814,	-0.799539,	0.0449055,	0.00827922,	-0.0113057,	-0.868404,	-0.0807216,	-0.0116376,	-0.0778382,	-0.736848,	-0.32481,	-0.0214572,	-0.411388,	-0.4095,	0.57821,	-0.0588,	8431,	-247,	25,	-453,	8451,	130,	-80,	-153,	8441,	54,	-1,	-345,	
1,	6,	1.12644e+006,	1.65255e+015,	0,	-1,	0,	2,	-1,	-1,	-1,	0,	1.65255e+009,	-0.585419,	-0.442288,	-0.444092,	-0.0657888,	-0.627026,	-0.281097,	-0.0225015,	0.100814,	-0.799539,	0.0449055,	0.00827922,	-0.0113057,	-0.868404,	-0.0807216,	-0.0116376,	-0.0778382,	-0.736848,	-0.32481,	-0.0214572,	-0.411388,	-0.4095,	0.57821,	-0.0588,	8441,	-248,	24,	-453,	8461,	130,	-81,	-153,	8451,	54,	0,	-346,	
1,	6,	1.12652e+006,	1.65255e+015,	0,	1,	-9,	-10,	0,	-1,	-1,	-2,	1.65255e+009,	-0.585419,	-0.442288,	-0.444092,	-0.0657888,	-0.627026,	-0.281097,	-0.0225015,	0.100814,	-0.799539,	0.0449055,	0.00827922,	-0.0113057,	-0.868404,	-0.0807216,	-0.0116376,	-0.0778382,	-0.736848,	-0.32481,	-0.0214572,	-0.411388,	-0.4095,	0.57821,	-0.0588,	8451,	-246,	25,	-454,	8471,	129,	-81,	-153,	8461,	54,	0,	-346,	
1,	6,	1.12659e+006,	1.65255e+015,	-3,	-3,	9,	-4,	-1,	-1,	0,	-1,	1.65255e+009,	-0.585419,	-0.442288,	-0.444092,	-0.0657888,	-0.627026,	-0.281097,	-0.0225015,	0.100814,	-0.799539,	0.0449055,	0.00827922,	-0.0113057,	-0.868404,	-0.0807216,	-0.0116376,	-0.0778382,	-0.736848,	-0.32481,	-0.0214572,	-0.411388,	-0.4095,	0.57821,	-0.0588,	8461,	-246,	25,	-454,	8481,	129,	-80,	-153,	8471,	55,	0,	-346,	
1,	6,	1.12667e+006,	1.65255e+015,	-2,	-6,	-4,	-7,	-1,	0,	-1,	-1,	1.65255e+009,	-0.585419,	-0.442288,	-0.444092,	-0.0657888,	-0.627026,	-0.281097,	-0.0225015,	0.100814,	-0.799539,	0.0449055,	0.00827922,	-0.0113057,	-0.868404,	-0.0807216,	-0.0116376,	-0.0778382,	-0.736848,	-0.32481,	-0.0214572,	-0.411388,	-0.4095,	0.57821,	-0.0588,	8471,	-247,	26,	-454,	8491,	130,	-80,	-153,	8481,	54,	0,	-346,	
2,	6,	1.12678e+006,	1.65255e+015,	-1,	-2,	2,	-2,	-1,	-1,	1,	1,	1.65255e+009,	-0.585419,	-0.442288,	-0.444092,	-0.0657888,	-0.627026,	-0.281097,	-0.0225015,	0.100814,	-0.799539,	0.0449055,	0.00827922,	-0.0113057,	-0.868404,	-0.0807216,	-0.0116376,	-0.0778382,	-0.736848,	-0.32481,	-0.0214572,	-0.411388,	-0.4095,	0.57821,	-0.0588,	8481,	-246,	25,	-454,	8501,	130,	-80,	-154,	8491,	54,	-2,	-346,	
2,	6,	1.12686e+006,	1.65255e+015,	2,	3,	-15,	-3,	-3,	-3,	0,	1,	1.65255e+009,	-0.585419,	-0.442288,	-0.444092,	-0.0657888,	-0.627026,	-0.281097,	-0.0225015,	0.100814,	-0.799539,	0.0449055,	0.00827922,	-0.0113057,	-0.868404,	-0.0807216,	-0.0116376,	-0.0778382,	-0.736848,	-0.32481,	-0.0214572,	-0.411388,	-0.4095,	0.57821,	-0.0588,	8491,	-245,	25,	-454,	8511,	130,	-80,	-154,	8501,	54,	-1,	-346,	
2,	6,	1.12692e+006,	1.65255e+015,	2,	-3,	-14,	-1,	0,	-2,	-1,	0,	1.65255e+009,	-0.585419,	-0.442288,	-0.444092,	-0.0657888,	-0.627026,	-0.281097,	-0.0225015,	0.100814,	-0.799539,	0.0449055,	0.00827922,	-0.0113057,	-0.868404,	-0.0807216,	-0.0116376,	-0.0778382,	-0.736848,	-0.32481,	-0.0214572,	-0.411388,	-0.4095,	0.57821,	-0.0588,	8501,	-246,	27,	-454,	8521,	128,	-81,	-154,	8511,	54,	-2,	-346,	
2,	6,	1.12702e+006,	1.65255e+015,	4,	-1,	-9,	-5,	-1,	0,	1,	3,	1.65255e+009,	-0.585419,	-0.442288,	-0.444092,	-0.0657888,	-0.627026,	-0.281097,	-0.0225015,	0.100814,	-0.799539,	0.0449055,	0.00827922,	-0.0113057,	-0.868404,	-0.0807216,	-0.0116376,	-0.0778382,	-0.736848,	-0.32481,	-0.0214572,	-0.411388,	-0.4095,	0.57821,	-0.0588,	8511,	-246,	26,	-454,	8531,	129,	-82,	-154,	8521,	54,	-2,	-346,	
2,	6,	1.12709e+006,	1.65255e+015,	-1,	-1,	-4,	2,	-1,	-2,	-1,	-2,	1.65255e+009,	-0.585419,	-0.442288,	-0.444092,	-0.0657888,	-0.627026,	-0.281097,	-0.0225015,	0.100814,	-0.799539,	0.0449055,	0.00827922,	-0.0113057,	-0.868404,	-0.0807216,	-0.0116376,	-0.0778382,	-0.736848,	-0.32481,	-0.0214572,	-0.411388,	-0.4095,	0.57821,	-0.0588,	8521,	-245,	26,	-454,	8541,	128,	-82,	-154,	8531,	53,	-2,	-346,	
2,	6,	1.12717e+006,	1.65255e+015,	-1,	-1,	-6,	0,	-2,	-1,	-5,	-1,	1.65255e+009,	-0.585419,	-0.442288,	-0.444092,	-0.0657888,	-0.627026,	-0.281097,	-0.0225015,	0.100814,	-0.799539,	0.0449055,	0.00827922,	-0.0113057,	-0.868404,	-0.0807216,	-0.0116376,	-0.0778382,	-0.736848,	-0.32481,	-0.0214572,	-0.411388,	-0.4095,	0.57821,	-0.0588,	8531,	-246,	26,	-454,	8551,	130,	-82,	-153,	8541,	55,	-1,	-346,	
2,	6,	1.12725e+006,	1.65255e+015,	1,	12,	8,	-3,	1,	0,	0,	0,	1.65255e+009,	-0.585419,	-0.442288,	-0.444092,	-0.0657888,	-0.627026,	-0.281097,	-0.0225015,	0.100814,	-0.799539,	-0.0548845,	-0.00836643,	-0.0113057,	-0.868404,	-0.0807216,	-0.0116376,	-0.0778382,	-0.736848,	-0.32481,	-0.0214572,	-0.411388,	-0.4095,	0.57821,	-0.0588,	8541,	-246,	26,	-454,	8561,	130,	-81,	-154,	8551,	53,	-1,	-346,	
2,	6,	1.12733e+006,	1.65255e+015,	-2,	8,	18,	-6,	-2,	-9,	-16,	-15,	1.65255e+009,	-0.585419,	-0.442288,	-0.444092,	-0.0657888,	-0.627026,	-0.281097,	-0.0225015,	0.100814,	-0.799539,	-0.0548845,	-0.00836643,	-0.0113057,	-0.868404,	-0.0807216,	-0.0116376,	-0.0778382,	-0.736848,	-0.32481,	-0.0214572,	-0.411388,	-0.4095,	0.57821,	-0.0588,	8551,	-244,	25,	-454,	8571,	130,	-82,	-154,	8561,	54,	-2,	-346,	
2,	6,	1.12739e+006,	1.65255e+015,	0,	0,	-5,	-8,	-1,	5,	18,	7,	1.65255e+009,	-0.645539,	-0.442288,	-0.444092,	-0.0657888,	-0.627026,	-0.281097,	-0.0225015,	0.0924746,	-1.05186,	-0.39417,	-0.0172905,	-0.00855536,	-0.868404,	-0.0807216,	-0.0116376,	-0.0750879,	-0.736848,	-0.32481,	-0.0214572,	-0.408637,	-0.3731,	0.57821,	-0.0588,	8561,	-245,	25,	-454,	8581,	132,	-81,	-154,	8571,	54,	-1,	-346,	
2,	6,	1.12747e+006,	1.65255e+015,	-4,	-1,	21,	-2,	-1,	-3,	0,	5,	1.65255e+009,	-0.645539,	-0.442288,	-0.444092,	-0.0657888,	-0.69109,	-0.281097,	-0.0225015,	0.0887361,	-1.20956,	-0.713498,	-0.0416109,	-0.00342176,	-0.955136,	-0.0807216,	-0.0116376,	-0.0817823,	-0.736848,	-0.32481,	-0.0214572,	-0.415332,	-0.3731,	0.57821,	-0.0588,	8571,	-245,	25,	-455,	8591,	131,	-81,	-154,	8581,	55,	-2,	-346,	
2,	6,	1.12753e+006,	1.65255e+015,	-3,	1,	-8,	12,	0,	1,	0,	-2,	1.65255e+009,	-0.645539,	-0.442288,	-0.444092,	-0.0657888,	-0.69109,	-0.281097,	-0.0225015,	0.0887361,	-1.20956,	-0.952995,	-0.128614,	-0.00342176,	-0.955136,	-0.0807216,	-0.0116376,	-0.0817823,	-0.736848,	-0.32481,	-0.0214572,	-0.415332,	-0.3731,	0.57821,	-0.0588,	8581,	-247,	25,	-456,	8601,	132,	-81,	-154,	8591,	55,	-2,	-346,	
2,	6,	1.12761e+006,	1.65255e+015,	-11,	-12,	-9,	-13,	-1,	3,	7,	1,	1.65255e+009,	-0.645539,	-0.442288,	-0.444092,	-0.0657888,	-0.69109,	-0.281097,	-0.0225015,	0.0887361,	-1.20956,	-1.15257,	-0.229159,	-0.00342176,	-0.955136,	-0.0807216,	-0.0116376,	-0.0817823,	-0.736848,	-0.32481,	-0.0214572,	-0.438988,	-0.3731,	0.57821,	-0.0588,	8591,	-245,	25,	-456,	8611,	132,	-81,	-154,	8601,	54,	-2,	-346,	
2,	6,	1.12769e+006,	1.65255e+015,	0,	2,	11,	9,	0,	2,	2,	-2,	1.65255e+009,	-0.645539,	-0.442288,	-0.444092,	-0.0657888,	-0.69109,	-0.281097,	-0.0225015,	0.0887361,	-1.20956,	-1.25236,	-0.288991,	-0.00342176,	-0.955136,	-0.0807216,	-0.0116376,	-0.0817823,	-0.736848,	-0.32481,	-0.0214572,	-0.438988,	-0.3731,	0.57821,	-0.0588,	8601,	-245,	26,	-456,	8621,	130,	-80,	-154,	8611,	55,	-2,	-346,	
2,	6,	1.12775e+006,	1.65255e+015,	-4,	-3,	20,	5,	0,	-1,	-2,	-1,	1.65255e+009,	-0.645539,	-0.442288,	-0.444092,	-0.0657888,	-0.69109,	-0.281097,	-0.0225015,	0.0887361,	-1.20956,	-1.25236,	-0.288991,	-0.00342176,	-0.955136,	-0.0807216,	-0.0116376,	-0.0817823,	-0.736848,	-0.32481,	-0.0214572,	-0.438988,	-0.3731,	0.57821,	-0.0588,	8611,	-245,	25,	-456,	8631,	130,	-81,	-154,	8621,	53,	-2,	-347,	
2,	6,	1.12783e+006,	1.65255e+015,	-1,	6,	-24,	-4,	-2,	2,	7,	4,	1.65255e+009,	-0.645539,	-0.442288,	-0.444092,	-0.0657888,	-0.69109,	-0.281097,	-0.0225015,	0.0887361,	-1.20956,	-1.3322,	-0.341446,	-0.00342176,	-0.955136,	-0.0807216,	-0.0116376,	-0.0817823,	-0.736848,	-0.32481,	-0.0214572,	-0.438988,	-0.3731,	0.57821,	-0.0588,	8621,	-244,	25,	-455,	8641,	130,	-81,	-154,	8631,	53,	-2,	-347,	
2,	6,	1.12791e+006,	1.65255e+015,	-1,	-2,	-3,	-2,	1,	2,	5,	0,	1.65255e+009,	-0.645539,	-0.442288,	-0.444092,	-0.0657888,	-0.69109,	-0.281097,	-0.0225015,	0.0887361,	-1.20956,	-1.3322,	-0.341446,	-0.00342176,	-0.955136,	-0.0807216,	-0.0116376,	-0.0817823,	-0.736848,	-0.32481,	-0.0214572,	-0.438988,	-0.4095,	0.57821,	-0.0588,	8631,	-245,	24,	-456,	8651,	130,	-82,	-154,	8641,	54,	0,	-347,	
2,	6,	1.12798e+006,	1.65255e+015,	4,	-2,	9,	14,	1,	-3,	-3,	2,	1.65255e+009,	-0.645539,	-0.442288,	-0.444092,	-0.0657888,	-0.69109,	-0.281097,	-0.0225015,	0.0887361,	-1.20956,	-1.3322,	-0.341446,	-0.00342176,	-0.955136,	-0.0807216,	-0.0116376,	-0.0817823,	-0.736848,	-0.32481,	-0.0214572,	-0.438988,	-0.4095,	0.57821,	-0.0588,	8641,	-245,	25,	-456,	8661,	131,	-82,	-154,	8651,	54,	-2,	-347,	
2,	6,	1.12806e+006,	1.65255e+015,	-1,	-1,	-11,	2,	0,	-2,	-2,	-2,	1.65255e+009,	-0.645539,	-0.442288,	-0.444092,	-0.0657888,	-0.69109,	-0.281097,	-0.0225015,	0.0887361,	-1.20956,	-1.3322,	-0.341446,	-0.00342176,	-0.955136,	-0.0807216,	-0.0116376,	-0.0817823,	-0.736848,	-0.32481,	-0.0214572,	-0.438988,	-0.4095,	0.57821,	-0.0588,	8651,	-246,	25,	-456,	8671,	130,	-81,	-154,	8661,	55,	-1,	-347,	
2,	6,	1.12814e+006,	1.65255e+015,	1,	-2,	5,	11,	3,	-2,	-2,	-3,	1.65255e+009,	-0.645539,	-0.442288,	-0.444092,	-0.0657888,	-0.69109,	-0.281097,	-0.0225015,	0.0887361,	-1.20956,	-1.23241,	-0.276515,	-0.00342176,	-0.955136,	-0.0807216,	-0.0116376,	-0.0817823,	-0.736848,	-0.32481,	-0.0214572,	-0.438988,	-0.4095,	0.57821,	-0.0588,	8661,	-244,	25,	-456,	8681,	131,	-80,	-154,	8671,	55,	-2,	-347,	
2,	6,	1.12822e+006,	1.65255e+015,	-1,	1,	-2,	1,	1,	1,	-1,	-1,	1.65255e+009,	-0.570388,	-0.442288,	-0.444092,	-0.0657888,	-0.69109,	-0.281097,	-0.0225015,	0.0858028,	-1.14648,	-0.713498,	-0.0416109,	-0.0063551,	-0.955136,	-0.0807216,	-0.0116376,	-0.0728876,	-0.736848,	-0.32481,	-0.0214572,	-0.430093,	-0.455,	0.57821,	-0.0588,	8671,	-244,	25,	-456,	8691,	129,	-82,	-155,	8681,	55,	-1,	-347,	
2,	6,	1.1283e+006,	1.65255e+015,	-3,	1,	28,	5,	-5,	-2,	-2,	-1,	1.65255e+009,	-0.570388,	-0.442288,	-0.444092,	-0.0657888,	-0.69109,	-0.281097,	-0.0225015,	0.0941425,	-0.941469,	-0.334296,	-0.0210691,	-0.00910542,	-1.04187,	-0.0807216,	-0.0116376,	-0.0756379,	-0.736848,	-0.32481,	-0.0214572,	-0.432844,	-0.5187,	0.57821,	-0.0588,	8681,	-245,	24,	-456,	8701,	129,	-81,	-155,	8691,	54,	-2,	-347,	
2,	6,	1.12838e+006,	1.65255e+015,	0,	3,	-16,	4,	0,	-1,	-1,	-1,	1.65255e+009,	-0.570388,	-0.442288,	-0.444092,	-0.0657888,	-0.627026,	-0.281097,	-0.0225015,	0.0941425,	-0.862619,	-0.134716,	-0.0170943,	-0.00910542,	-1.04187,	-0.0807216,	-0.0116376,	-0.0756379,	-0.736848,	-0.32481,	-0.0214572,	-0.432844,	-0.4914,	0.57821,	-0.0588,	8691,	-244,	26,	-457,	8711,	129,	-80,	-155,	8701,	55,	-2,	-347,	
2,	6,	1.12845e+006,	1.65255e+015,	1,	1,	15,	4,	2,	1,	1,	-1,	1.65255e+009,	-0.570388,	-0.442288,	-0.444092,	-0.0657888,	-0.627026,	-0.281097,	-0.0225015,	0.0882758,	-0.783769,	-0.134716,	-0.0170943,	-0.0149721,	-1.04187,	-0.0807216,	-0.0116376,	-0.0578486,	-0.736848,	-0.32481,	-0.0214572,	-0.415054,	-0.4914,	0.57821,	-0.0588,	8701,	-245,	25,	-457,	8721,	129,	-80,	-155,	8711,	55,	-1,	-347,	
2,	6,	1.12853e+006,	1.65255e+015,	-2,	-7,	-11,	3,	0,	-1,	-1,	-1,	1.65255e+009,	-0.570388,	-0.442288,	-0.444092,	-0.0657888,	-0.627026,	-0.281097,	-0.0225015,	0.0882758,	-0.783769,	-0.134716,	-0.0170943,	-0.0149721,	-1.04187,	-0.0807216,	-0.0116376,	-0.0578486,	-0.736848,	-0.32481,	-0.0214572,	-0.415054,	-0.4914,	0.57821,	-0.0588,	8711,	-244,	24,	-457,	8731,	129,	-79,	-154,	8721,	54,	-2,	-347,	
2,	6,	1.12859e+006,	1.65255e+015,	-1,	-4,	0,	1,	-1,	-2,	-2,	-1,	1.65255e+009,	-0.570388,	-0.442288,	-0.444092,	-0.0657888,	-0.627026,	-0.281097,	-0.0225015,	0.0882758,	-0.783769,	-0.134716,	-0.0170943,	-0.0149721,	-1.04187,	-0.0807216,	-0.0116376,	-0.0578486,	-0.736848,	-0.32481,	-0.0214572,	-0.415054,	-0.4914,	0.57821,	-0.0588,	8721,	-245,	25,	-458,	8741,	130,	-80,	-155,	8731,	55,	0,	-347,	
2,	6,	1.12867e+006,	1.65255e+015,	0,	4,	3,	5,	-1,	-1,	0,	0,	1.65255e+009,	-0.570388,	-0.442288,	-0.444092,	-0.0657888,	-0.627026,	-0.281097,	-0.0225015,	0.0882758,	-0.783769,	-0.134716,	-0.0170943,	-0.0149721,	-0.955136,	-0.0807216,	-0.0116376,	-0.0578486,	-0.736848,	-0.32481,	-0.0214572,	-0.415054,	-0.4914,	0.57821,	-0.0588,	8731,	-244,	25,	-458,	8751,	129,	-80,	-155,	8741,	54,	-1,	-348,	
2,	6,	1.12875e+006,	1.65255e+015,	0,	1,	16,	-1,	0,	-1,	-1,	0,	1.65255e+009,	-0.570388,	-0.442288,	-0.444092,	-0.0657888,	-0.627026,	-0.281097,	-0.0225015,	0.0882758,	-0.783769,	-0.134716,	-0.0170943,	-0.0149721,	-0.955136,	-0.0807216,	-0.0116376,	-0.0578486,	-0.736848,	-0.32481,	-0.0214572,	-0.415054,	-0.4914,	0.57821,	-0.0588,	8741,	-244,	25,	-458,	8761,	130,	-80,	-155,	8751,	55,	-1,	-348,	
2,	6,	1.12883e+006,	1.65255e+015,	-3,	0,	9,	-8,	-1,	0,	0,	-1,	1.65255e+009,	-0.570388,	-0.442288,	-0.444092,	-0.0657888,	-0.627026,	-0.281097,	-0.0225015,	0.0882758,	-0.783769,	-0.134716,	-0.0170943,	-0.0149721,	-0.955136,	-0.0807216,	-0.0116376,	-0.0578486,	-0.736848,	-0.32481,	-0.0214572,	-0.415054,	-0.4914,	0.57821,	-0.0588,	8751,	-245,	24,	-458,	8771,	129,	-81,	-155,	8761,	55,	0,	-347,	
2,	6,	1.12891e+006,	1.65255e+015,	0,	6,	7,	7,	3,	2,	1,	1,	1.65255e+009,	-0.570388,	-0.442288,	-0.444092,	-0.0657888,	-0.627026,	-0.281097,	-0.0225015,	0.0882758,	-0.783769,	-0.134716,	-0.0170943,	-0.0149721,	-0.955136,	-0.0807216,	-0.0116376,	-0.0578486,	-0.736848,	-0.32481,	-0.0214572,	-0.415054,	-0.4914,	0.57821,	-0.0588,	8761,	-246,	26,	-458,	8781,	130,	-80,	-155,	8771,	55,	-1,	-348,	
2,	6,	1.12898e+006,	1.65255e+015,	3,	0,	1,	2,	3,	0,	0,	-1,	1.65255e+009,	-0.570388,	-0.442288,	-0.444092,	-0.0657888,	-0.627026,	-0.281097,	-0.0225015,	0.0882758,	-0.783769,	-0.134716,	-0.0170943,	-0.0149721,	-0.955136,	-0.0807216,	-0.0116376,	-0.0578486,	-0.736848,	-0.32481,	-0.0214572,	-0.415054,	-0.4914,	0.57821,	-0.0588,	8771,	-244,	24,	-458,	8791,	130,	-81,	-155,	8781,	56,	0,	-347,	
2,	6,	1.12906e+006,	1.65255e+015,	1,	3,	0,	-1,	1,	0,	0,	0,	1.65255e+009,	-0.570388,	-0.442288,	-0.444092,	-0.0657888,	-0.627026,	-0.281097,	-0.0225015,	0.0882758,	-0.783769,	-0.134716,	-0.0170943,	-0.0149721,	-0.955136,	-0.0807216,	-0.0116376,	-0.0578486,	-0.736848,	-0.32481,	-0.0214572,	-0.415054,	-0.4914,	0.57821,	-0.0588,	8781,	-245,	25,	-458,	8801,	129,	-81,	-155,	8791,	55,	-1,	-348,	
2,	6,	1.12914e+006,	1.65255e+015,	-1,	-3,	-14,	2,	-2,	-2,	-1,	-2,	1.65255e+009,	-0.570388,	-0.442288,	-0.444092,	-0.0657888,	-0.627026,	-0.281097,	-0.0225015,	0.0882758,	-0.783769,	-0.134716,	-0.0170943,	-0.0149721,	-0.955136,	-0.0807216,	-0.0116376,	-0.0578486,	-0.736848,	-0.32481,	-0.0214572,	-0.415054,	-0.4914,	0.57821,	-0.0588,	8791,	-245,	25,	-459,	8811,	130,	-81,	-156,	8801,	55,	-2,	-348,	
2,	6,	1.12922e+006,	1.65255e+015,	1,	-1,	-15,	-4,	1,	2,	0,	0,	1.65255e+009,	-0.570388,	-0.442288,	-0.444092,	-0.0657888,	-0.627026,	-0.281097,	-0.0225015,	0.0882758,	-0.783769,	-0.134716,	-0.0170943,	-0.0149721,	-0.955136,	-0.0807216,	-0.0116376,	-0.0578486,	-0.736848,	-0.32481,	-0.0214572,	-0.415054,	-0.4459,	0.57821,	-0.0588,	8801,	-244,	25,	-458,	8821,	131,	-81,	-155,	8811,	54,	-2,	-348,	
2,	6,	1.1293e+006,	1.65255e+015,	0,	3,	7,	2,	-2,	0,	-1,	-1,	1.65255e+009,	-0.570388,	-0.442288,	-0.444092,	-0.0657888,	-0.627026,	-0.281097,	-0.0225015,	0.0882758,	-0.783769,	-0.134716,	-0.0170943,	-0.0149721,	-0.955136,	-0.0807216,	-0.0116376,	-0.0578486,	-0.736848,	-0.32481,	-0.0214572,	-0.415054,	-0.4459,	0.57821,	-0.0588,	8811,	-243,	24,	-458,	8831,	131,	-81,	-155,	8821,	55,	-2,	-348,	
2,	6,	1.12938e+006,	1.65255e+015,	-1,	3,	6,	-1,	1,	-1,	-1,	-1,	1.65255e+009,	-0.570388,	-0.442288,	-0.444092,	-0.0657888,	-0.627026,	-0.281097,	-0.0225015,	0.0882758,	-0.783769,	-0.134716,	-0.0170943,	-0.0149721,	-0.955136,	-0.0807216,	-0.0116376,	-0.0578486,	-0.736848,	-0.32481,	-0.0214572,	-0.415054,	-0.4459,	0.57821,	-0.0588,	8821,	-243,	23,	-458,	8841,	131,	-81,	-155,	8831,	54,	-3,	-348,	
2,	6,	1.12944e+006,	1.65255e+015,	0,	-1,	9,	7,	-1,	1,	1,	1,	1.65255e+009,	-0.570388,	-0.442288,	-0.444092,	-0.0657888,	-0.627026,	-0.281097,	-0.0225015,	0.0882758,	-0.783769,	-0.134716,	-0.0170943,	-0.0149721,	-0.955136,	-0.0807216,	-0.0116376,	-0.0578486,	-0.736848,	-0.32481,	-0.0214572,	-0.415054,	-0.4459,	0.57821,	-0.0588,	8831,	-243,	24,	-458,	8851,	130,	-81,	-155,	8841,	54,	-4,	-348,	
2,	6,	1.12952e+006,	1.65255e+015,	-1,	-8,	11,	1,	0,	-3,	0,	-1,	1.65255e+009,	-0.570388,	-0.442288,	-0.444092,	-0.0657888,	-0.627026,	-0.281097,	-0.0225015,	0.0882758,	-0.783769,	-0.134716,	-0.0170943,	-0.0149721,	-0.955136,	-0.0807216,	-0.0116376,	-0.0578486,	-0.736848,	-0.32481,	-0.0214572,	-0.415054,	-0.4459,	0.57821,	-0.0588,	8841,	-243,	23,	-457,	8861,	130,	-82,	-155,	8851,	54,	-3,	-348,	
2,	6,	1.12958e+006,	1.65255e+015,	-2,	-1,	11,	-4,	-2,	-1,	0,	1,	1.65255e+009,	-0.570388,	-0.442288,	-0.444092,	-0.0657888,	-0.627026,	-0.281097,	-0.0225015,	0.0882758,	-0.783769,	-0.134716,	-0.0170943,	-0.0149721,	-0.955136,	-0.0807216,	-0.0116376,	-0.0578486,	-0.736848,	-0.32481,	-0.0214572,	-0.415054,	-0.4459,	0.57821,	-0.0588,	8851,	-243,	23,	-457,	8871,	131,	-82,	-155,	8861,	54,	-3,	-348,	
2,	6,	1.12966e+006,	1.65255e+015,	1,	-1,	-1,	-4,	1,	1,	0,	-2,	1.65255e+009,	-0.570388,	-0.442288,	-0.444092,	-0.0657888,	-0.627026,	-0.281097,	-0.0225015,	0.0882758,	-0.783769,	-0.134716,	-0.0170943,	-0.0149721,	-0.955136,	-0.0807216,	-0.0116376,	-0.0578486,	-0.736848,	-0.32481,	-0.0214572,	-0.415054,	-0.4459,	0.57821,	-0.0588,	8861,	-245,	24,	-458,	8881,	130,	-82,	-155,	8871,	55,	-3,	-347,	
2,	6,	1.12973e+006,	1.65255e+015,	1,	4,	2,	-7,	-1,	1,	1,	-1,	1.65255e+009,	-0.570388,	-0.442288,	-0.444092,	-0.0657888,	-0.627026,	-0.281097,	-0.0225015,	0.0882758,	-0.783769,	-0.134716,	-0.0170943,	-0.0149721,	-0.955136,	-0.0807216,	-0.0116376,	-0.0578486,	-0.736848,	-0.32481,	-0.0214572,	-0.415054,	-0.4459,	0.57821,	-0.0588,	8871,	-244,	24,	-458,	8891,	130,	-81,	-154,	8881,	55,	-3,	-347,	
2,	6,	1.1298e+006,	1.65255e+015,	-2,	-5,	2,	2,	0,	2,	1,	-1,	1.65255e+009,	-0.570388,	-0.442288,	-0.444092,	-0.0657888,	-0.627026,	-0.281097,	-0.0225015,	0.0882758,	-0.783769,	-0.134716,	-0.0170943,	-0.0149721,	-0.955136,	-0.0807216,	-0.0116376,	-0.0578486,	-0.736848,	-0.32481,	-0.0214572,	-0.415054,	-0.4459,	0.57821,	-0.0588,	8881,	-244,	23,	-458,	8901,	130,	-81,	-155,	8891,	55,	-3,	-347,	
2,	6,	1.12986e+006,	1.65255e+015,	1,	4,	-1,	9,	3,	1,	0,	1,	1.65255e+009,	-0.570388,	-0.442288,	-0.444092,	-0.0657888,	-0.627026,	-0.281097,	-0.0225015,	0.0882758,	-0.783769,	-0.134716,	-0.0170943,	-0.0149721,	-0.955136,	-0.0807216,	-0.0116376,	-0.0578486,	-0.736848,	-0.32481,	-0.0214572,	-0.415054,	-0.4459,	0.57821,	-0.0588,	8891,	-244,	23,	-458,	8911,	131,	-81,	-155,	8901,	56,	-3,	-347,	
2,	6,	1.12994e+006,	1.65255e+015,	2,	3,	5,	2,	3,	2,	1,	-1,	1.65255e+009,	-0.570388,	-0.442288,	-0.444092,	-0.0657888,	-0.627026,	-0.281097,	-0.0225015,	0.0882758,	-0.783769,	-0.134716,	-0.0170943,	-0.0149721,	-0.955136,	-0.0807216,	-0.0116376,	-0.0578486,	-0.736848,	-0.32481,	-0.0214572,	-0.415054,	-0.4459,	0.57821,	-0.0588,	8901,	-243,	24,	-458,	8921,	131,	-81,	-154,	8911,	55,	-2,	-347,	
2,	6,	1.13e+006,	1.65255e+015,	0,	-1,	6,	3,	-2,	0,	-1,	-1,	1.65255e+009,	-0.570388,	-0.442288,	-0.444092,	-0.0657888,	-0.627026,	-0.281097,	-0.0225015,	0.0882758,	-0.783769,	-0.134716,	-0.0170943,	-0.0149721,	-0.955136,	-0.0807216,	-0.0116376,	-0.0578486,	-0.736848,	-0.32481,	-0.0214572,	-0.415054,	-0.4459,	0.57821,	-0.0588,	8911,	-244,	24,	-459,	8931,	131,	-81,	-154,	8921,	56,	-2,	-347,	
2,	6,	1.13008e+006,	1.65255e+015,	-2,	-7,	4,	-3,	-2,	-1,	-4,	0,	1.65255e+009,	-0.570388,	-0.442288,	-0.444092,	-0.0657888,	-0.627026,	-0.281097,	-0.0225015,	0.0882758,	-0.783769,	-0.134716,	-0.0170943,	-0.0149721,	-0.955136,	-0.0807216,	-0.0116376,	-0.0578486,	-0.736848,	-0.32481,	-0.0214572,	-0.415054,	-0.4459,	0.57821,	-0.0588,	8921,	-244,	24,	-459,	8941,	132,	-81,	-155,	8931,	55,	-1,	-347,	
2,	6,	1.13014e+006,	1.65255e+015,	2,	-1,	-8,	5,	1,	-2,	-1,	1,	1.65255e+009,	-0.570388,	-0.442288,	-0.444092,	-0.0657888,	-0.627026,	-0.281097,	-0.0225015,	0.0882758,	-0.783769,	-0.134716,	-0.0170943,	-0.0149721,	-0.955136,	-0.0807216,	-0.0116376,	-0.0578486,	-0.736848,	-0.32481,	-0.0214572,	-0.415054,	-0.4459,	0.57821,	-0.0588,	8931,	-245,	24,	-459,	8951,	130,	-80,	-155,	8941,	56,	-1,	-347,	
2,	6,	1.1302e+006,	1.65255e+015,	-2,	-1,	8,	5,	-3,	-1,	-3,	-2,	1.65255e+009,	-0.570388,	-0.442288,	-0.444092,	-0.0657888,	-0.627026,	-0.281097,	-0.0225015,	0.0882758,	-0.783769,	-0.134716,	-0.0170943,	-0.0149721,	-0.955136,	-0.0807216,	-0.0116376,	-0.0578486,	-0.736848,	-0.32481,	-0.0214572,	-0.415054,	-0.4459,	0.57821,	-0.0588,	8941,	-244,	25,	-458,	8961,	130,	-80,	-155,	8951,	55,	-1,	-347,	
2,	6,	1.13028e+006,	1.65255e+015,	2,	5,	10,	2,	2,	-2,	0,	-1,	1.65255e+009,	-0.570388,	-0.442288,	-0.444092,	-0.0657888,	-0.627026,	-0.281097,	-0.0225015,	0.0882758,	-0.783769,	-0.134716,	-0.0170943,	-0.0149721,	-0.955136,	-0.0807216,	-0.0116376,	-0.0578486,	-0.736848,	-0.32481,	-0.0214572,	-0.415054,	-0.4459,	0.57821,	-0.0588,	8951,	-243,	26,	-458,	8971,	131,	-79,	-155,	8961,	55,	0,	-347,	
2,	6,	1.13036e+006,	1.65255e+015,	-3,	-5,	1,	-3,	-3,	-2,	-2,	-1,	1.65255e+009,	-0.570388,	-0.442288,	-0.444092,	-0.0657888,	-0.627026,	-0.281097,	-0.0225015,	0.0882758,	-0.783769,	-0.134716,	-0.0170943,	-0.0149721,	-0.955136,	-0.0807216,	-0.0116376,	-0.0578486,	-0.736848,	-0.32481,	-0.0214572,	-0.415054,	-0.4459,	0.57821,	-0.0588,	8961,	-244,	24,	-458,	8981,	131,	-80,	-155,	8971,	55,	0,	-347,	
2,	6,	1.13044e+006,	1.65255e+015,	-2,	1,	4,	-10,	-3,	-2,	-3,	-3,	1.65255e+009,	-0.570388,	-0.442288,	-0.444092,	-0.0657888,	-0.627026,	-0.281097,	-0.0225015,	0.0882758,	-0.783769,	-0.134716,	-0.0170943,	-0.0149721,	-0.955136,	-0.0807216,	-0.0116376,	-0.0578486,	-0.736848,	-0.32481,	-0.0214572,	-0.415054,	-0.4459,	0.57821,	-0.0588,	8971,	-244,	24,	-458,	8991,	133,	-80,	-155,	8981,	56,	0,	-347,	
2,	6,	1.1305e+006,	1.65255e+015,	-3,	-1,	-6,	-4,	1,	0,	1,	1,	1.65255e+009,	-0.570388,	-0.442288,	-0.444092,	-0.0657888,	-0.627026,	-0.281097,	-0.0225015,	0.0882758,	-0.783769,	-0.134716,	-0.0170943,	-0.0149721,	-0.955136,	-0.0807216,	-0.0116376,	-0.0578486,	-0.736848,	-0.32481,	-0.0214572,	-0.391398,	-0.4459,	0.57821,	-0.0588,	8981,	-243,	24,	-459,	9001,	131,	-80,	-155,	8991,	57,	0,	-347,	
2,	6,	1.13056e+006,	1.65255e+015,	0,	-1,	8,	5,	0,	1,	-1,	-2,	1.65255e+009,	-0.570388,	-0.442288,	-0.444092,	-0.0657888,	-0.627026,	-0.281097,	-0.0225015,	0.0882758,	-0.783769,	-0.134716,	-0.0170943,	-0.0149721,	-0.955136,	-0.0807216,	-0.0116376,	-0.0578486,	-0.736848,	-0.32481,	-0.0214572,	-0.391398,	-0.4459,	0.57821,	-0.0588,	8991,	-244,	25,	-459,	9011,	131,	-79,	-155,	9001,	57,	0,	-347,	
2,	6,	1.13063e+006,	1.65255e+015,	-6,	-7,	-10,	-16,	-6,	-2,	-2,	-3,	1.65255e+009,	-0.570388,	-0.442288,	-0.444092,	-0.0657888,	-0.627026,	-0.281097,	-0.0225015,	0.0882758,	-0.783769,	-0.134716,	-0.0170943,	-0.0149721,	-0.955136,	-0.0807216,	-0.0116376,	-0.0578486,	-0.736848,	-0.32481,	-0.0214572,	-0.391398,	-0.4459,	0.57821,	-0.0588,	9001,	-245,	25,	-459,	9021,	131,	-79,	-155,	9011,	57,	0,	-347,	
2,	6,	1.1307e+006,	1.65255e+015,	0,	0,	-5,	-2,	2,	0,	-1,	-2,	1.65255e+009,	-0.570388,	-0.442288,	-0.444092,	-0.0657888,	-0.627026,	-0.281097,	-0.0225015,	0.0882758,	-0.783769,	-0.134716,	-0.0170943,	-0.0149721,	-0.868404,	-0.0807216,	-0.0116376,	-0.0578486,	-0.736848,	-0.32481,	-0.0214572,	-0.391398,	-0.4459,	0.57821,	-0.0588,	9011,	-245,	24,	-459,	9031,	132,	-79,	-155,	9021,	56,	0,	-347,	
2,	6,	1.13077e+006,	1.65255e+015,	-4,	0,	6,	1,	-2,	-2,	-1,	-1,	1.65255e+009,	-0.570388,	-0.442288,	-0.444092,	-0.0657888,	-0.627026,	-0.281097,	-0.0225015,	0.0882758,	-0.783769,	-0.134716,	-0.0170943,	-0.0149721,	-0.868404,	-0.0807216,	-0.0116376,	-0.0578486,	-0.736848,	-0.32481,	-0.0214572,	-0.391398,	-0.4459,	0.57821,	-0.0588,	9021,	-245,	24,	-459,	9041,	131,	-79,	-155,	9031,	56,	0,	-347,	
2,	6,	1.13083e+006,	1.65255e+015,	-1,	-2,	-4,	0,	-1,	0,	1,	1,	1.65255e+009,	-0.570388,	-0.442288,	-0.444092,	-0.0657888,	-0.627026,	-0.281097,	-0.0225015,	0.0882758,	-0.783769,	-0.134716,	-0.0170943,	-0.0149721,	-0.868404,	-0.0807216,	-0.0116376,	-0.0578486,	-0.736848,	-0.32481,	-0.0214572,	-0.391398,	-0.4459,	0.57821,	-0.0588,	9031,	-246,	24,	-459,	9051,	131,	-79,	-155,	9041,	57,	0,	-347,	
2,	6,	1.13091e+006,	1.65255e+015,	-2,	4,	11,	7,	-3,	-3,	-2,	-1,	1.65255e+009,	-0.570388,	-0.442288,	-0.444092,	-0.0657888,	-0.627026,	-0.281097,	-0.0225015,	0.0882758,	-0.783769,	-0.134716,	-0.0170943,	-0.0149721,	-0.868404,	-0.0807216,	-0.0116376,	-0.0578486,	-0.736848,	-0.32481,	-0.0214572,	-0.391398,	-0.4459,	0.57821,	-0.0588,	9041,	-245,	24,	-459,	9061,	131,	-78,	-155,	9051,	57,	0,	-347,	
2,	6,	1.13098e+006,	1.65255e+015,	-2,	-1,	0,	-1,	1,	0,	-2,	0,	1.65255e+009,	-0.570388,	-0.442288,	-0.444092,	-0.0657888,	-0.627026,	-0.281097,	-0.0225015,	0.0882758,	-0.783769,	-0.134716,	-0.0170943,	-0.0149721,	-0.868404,	-0.0807216,	-0.0116376,	-0.0578486,	-0.736848,	-0.32481,	-0.0214572,	-0.391398,	-0.4459,	0.57821,	-0.0588,	9051,	-244,	24,	-459,	9071,	131,	-79,	-155,	9061,	57,	-1,	-348,	
2,	6,	1.13106e+006,	1.65255e+015,	-4,	-4,	-4,	2,	-1,	-1,	-1,	0,	1.65255e+009,	-0.570388,	-0.442288,	-0.444092,	-0.0657888,	-0.627026,	-0.281097,	-0.0225015,	0.0882758,	-0.783769,	-0.134716,	-0.0170943,	-0.0149721,	-0.868404,	-0.0807216,	-0.0116376,	-0.0578486,	-0.736848,	-0.32481,	-0.0214572,	-0.391398,	-0.4459,	0.57821,	-0.0588,	9061,	-243,	24,	-459,	9081,	131,	-80,	-155,	9071,	56,	-1,	-348,	
2,	6,	1.13113e+006,	1.65255e+015,	0,	3,	12,	8,	-2,	-3,	0,	-1,	1.65255e+009,	-0.570388,	-0.442288,	-0.444092,	-0.0657888,	-0.627026,	-0.281097,	-0.0225015,	0.0882758,	-0.783769,	-0.134716,	-0.0170943,	-0.0149721,	-0.868404,	-0.0807216,	-0.0116376,	-0.0578486,	-0.736848,	-0.32481,	-0.0214572,	-0.391398,	-0.4459,	0.57821,	-0.0588,	9071,	-244,	23,	-459,	9091,	132,	-79,	-155,	9081,	57,	-2,	-348,	
2,	6,	1.1312e+006,	1.65255e+015,	-2,	-3,	6,	-4,	0,	0,	0,	-1,	1.65255e+009,	-0.570388,	-0.442288,	-0.444092,	-0.0657888,	-0.627026,	-0.281097,	-0.0225015,	0.0882758,	-0.783769,	-0.134716,	-0.0170943,	-0.0149721,	-0.868404,	-0.0807216,	-0.0116376,	-0.0578486,	-0.736848,	-0.32481,	-0.0214572,	-0.391398,	-0.4459,	0.57821,	-0.0588,	9081,	-244,	23,	-459,	9101,	131,	-80,	-155,	9091,	57,	-2,	-348,	
2,	6,	1.13128e+006,	1.65255e+015,	1,	-6,	-11,	-1,	3,	1,	0,	1,	1.65255e+009,	-0.570388,	-0.442288,	-0.444092,	-0.0657888,	-0.627026,	-0.281097,	-0.0225015,	0.0882758,	-0.783769,	-0.134716,	-0.0170943,	-0.0149721,	-0.868404,	-0.0807216,	-0.0116376,	-0.0578486,	-0.736848,	-0.32481,	-0.0214572,	-0.391398,	-0.4459,	0.57821,	-0.0588,	9091,	-245,	23,	-460,	9111,	132,	-80,	-155,	9101,	56,	-2,	-348,	
2,	6,	1.13134e+006,	1.65255e+015,	0,	0,	1,	3,	0,	1,	0,	-2,	1.65255e+009,	-0.570388,	-0.442288,	-0.444092,	-0.0657888,	-0.627026,	-0.281097,	-0.0225015,	0.0882758,	-0.783769,	-0.134716,	-0.0170943,	-0.0149721,	-0.868404,	-0.0807216,	-0.0116376,	-0.0578486,	-0.736848,	-0.32481,	-0.0214572,	-0.391398,	-0.4459,	0.57821,	-0.0588,	9101,	-245,	23,	-459,	9121,	131,	-81,	-155,	9111,	56,	-2,	-348,	
2,	6,	1.13142e+006,	1.65255e+015,	-2,	-1,	-2,	-6,	-2,	-2,	-2,	-2,	1.65255e+009,	-0.570388,	-0.442288,	-0.444092,	-0.0657888,	-0.627026,	-0.281097,	-0.0225015,	0.0882758,	-0.783769,	-0.134716,	-0.0170943,	-0.0149721,	-0.868404,	-0.0807216,	-0.0116376,	-0.0578486,	-0.736848,	-0.32481,	-0.0214572,	-0.391398,	-0.4459,	0.57821,	-0.0588,	9111,	-244,	22,	-459,	9131,	131,	-80,	-155,	9121,	55,	-1,	-348,	
2,	6,	1.13148e+006,	1.65255e+015,	-1,	0,	1,	-2,	1,	0,	-1,	-1,	1.65255e+009,	-0.570388,	-0.442288,	-0.444092,	-0.0657888,	-0.627026,	-0.281097,	-0.0225015,	0.0882758,	-0.783769,	-0.134716,	-0.0170943,	-0.0149721,	-0.868404,	-0.0807216,	-0.0116376,	-0.0578486,	-0.736848,	-0.32481,	-0.0214572,	-0.391398,	-0.4459,	0.57821,	-0.0588,	9121,	-243,	23,	-459,	9141,	131,	-80,	-155,	9131,	56,	-1,	-348,	
2,	6,	1.13155e+006,	1.65255e+015,	-1,	3,	-2,	-10,	0,	-1,	0,	-2,	1.65255e+009,	-0.570388,	-0.442288,	-0.444092,	-0.0657888,	-0.627026,	-0.281097,	-0.0225015,	0.0882758,	-0.783769,	-0.134716,	-0.0170943,	-0.0149721,	-0.868404,	-0.0807216,	-0.0116376,	-0.0578486,	-0.736848,	-0.32481,	-0.0214572,	-0.391398,	-0.4459,	0.57821,	-0.0588,	9131,	-244,	24,	-459,	9151,	131,	-79,	-155,	9141,	56,	0,	-348,	
2,	6,	1.13163e+006,	1.65255e+015,	-1,	4,	-5,	3,	-2,	-2,	-1,	-2,	1.65255e+009,	-0.570388,	-0.442288,	-0.444092,	-0.0657888,	-0.627026,	-0.281097,	-0.0225015,	0.0882758,	-0.783769,	-0.134716,	-0.0170943,	-0.0149721,	-0.868404,	-0.0807216,	-0.0116376,	-0.0578486,	-0.736848,	-0.32481,	-0.0214572,	-0.391398,	-0.4459,	0.57821,	-0.0588,	9141,	-243,	24,	-459,	9161,	132,	-80,	-155,	9151,	57,	-1,	-348,	
2,	6,	1.1317e+006,	1.65255e+015,	2,	1,	11,	-3,	2,	1,	1,	1,	1.65255e+009,	-0.570388,	-0.442288,	-0.444092,	-0.0657888,	-0.627026,	-0.281097,	-0.0225015,	0.0882758,	-0.783769,	-0.134716,	-0.0170943,	-0.0149721,	-0.868404,	-0.0807216,	-0.0116376,	-0.0578486,	-0.736848,	-0.32481,	-0.0214572,	-0.391398,	-0.4459,	0.57821,	-0.0588,	9151,	-244,	24,	-459,	9171,	132,	-80,	-156,	9161,	57,	0,	-347,	
2,	6,	1.13177e+006,	1.65255e+015,	1,	-1,	-13,	-9,	-3,	-2,	-2,	0,	1.65255e+009,	-0.570388,	-0.442288,	-0.444092,	-0.0657888,	-0.627026,	-0.281097,	-0.0225015,	0.0882758,	-0.783769,	-0.134716,	-0.0170943,	-0.0149721,	-0.868404,	-0.0807216,	-0.0116376,	-0.0578486,	-0.736848,	-0.32481,	-0.0214572,	-0.391398,	-0.4459,	0.57821,	-0.0588,	9161,	-244,	24,	-459,	9181,	132,	-79,	-155,	9171,	56,	-1,	-348,	
2,	6,	1.13183e+006,	1.65255e+015,	-1,	3,	2,	-5,	-2,	0,	-3,	-2,	1.65255e+009,	-0.570388,	-0.442288,	-0.444092,	-0.0657888,	-0.627026,	-0.281097,	-0.0225015,	0.0882758,	-0.783769,	-0.134716,	-0.0170943,	-0.0149721,	-0.868404,	-0.0807216,	-0.0116376,	-0.0578486,	-0.736848,	-0.32481,	-0.0214572,	-0.391398,	-0.4459,	0.57821,	-0.0588,	9171,	-244,	25,	-458,	9191,	132,	-81,	-155,	9181,	55,	0,	-347,	
