1,	5,	96485,	1.65255e+015,	-1,	-4,	4,	-2,	-1,	-1,	0,	0,	1.65255e+009,	-0.600448,	-0.442288,	-0.526637,	-0.0263648,	-0.787186,	-0.464421,	-0.00993179,	0.094545,	-0.894159,	-0.374213,	-0.0188049,	-0.0131389,	-0.933453,	-0.488765,	-0.00664491,	-0.0678434,	-0.758778,	-0.517005,	-0.00235679,	-0.348167,	-0.364,	0.67314,	-0.06272,	25399,	-246,	-6,	-432,	25429,	151,	-56,	-125,	25409,	64,	-34,	-328,	
1,	5,	96563,	1.65255e+015,	0,	3,	-11,	-1,	0,	-2,	-1,	-2,	1.65255e+009,	-0.600448,	-0.442288,	-0.526637,	-0.0263648,	-0.787186,	-0.464421,	-0.00993179,	0.094545,	-0.894159,	-0.374213,	-0.0188049,	-0.0131389,	-0.933453,	-0.488765,	-0.00664491,	-0.0678434,	-0.758778,	-0.517005,	-0.00235679,	-0.348167,	-0.364,	0.67314,	-0.06272,	25409,	-245,	-7,	-433,	25439,	151,	-55,	-126,	25419,	64,	-33,	-329,	
1,	5,	96641,	1.65255e+015,	-3,	-16,	-3,	-1,	-1,	-1,	-2,	0,	1.65255e+009,	-0.600448,	-0.442288,	-0.526637,	-0.0263648,	-0.787186,	-0.464421,	-0.00993179,	0.094545,	-0.894159,	-0.374213,	-0.0188049,	-0.0131389,	-0.933453,	-0.488765,	-0.00664491,	-0.0678434,	-0.758778,	-0.517005,	-0.00235679,	-0.348167,	-0.364,	0.67314,	-0.06272,	25419,	-246,	-6,	-433,	25449,	152,	-56,	-126,	25429,	65,	-34,	-329,	
1,	5,	96719,	1.65255e+015,	-2,	14,	36,	0,	0,	-3,	1,	0,	1.65255e+009,	-0.600448,	-0.442288,	-0.526637,	-0.0263648,	-0.787186,	-0.464421,	-0.00993179,	0.094545,	-0.894159,	-0.374213,	-0.0188049,	-0.0131389,	-0.933453,	-0.488765,	-0.00664491,	-0.0678434,	-0.758778,	-0.517005,	-0.00235679,	-0.348167,	-0.364,	0.67314,	-0.06272,	25429,	-246,	-6,	-431,	25459,	152,	-54,	-125,	25439,	65,	-34,	-329,	
1,	5,	96797,	1.65255e+015,	-1,	-4,	-6,	21,	2,	2,	0,	-1,	1.65255e+009,	-0.600448,	-0.442288,	-0.526637,	-0.0263648,	-0.787186,	-0.464421,	-0.00993179,	0.094545,	-0.894159,	-0.374213,	-0.0188049,	-0.0131389,	-0.933453,	-0.488765,	-0.00664491,	-0.0678434,	-0.758778,	-0.517005,	-0.00235679,	-0.348167,	-0.364,	0.67314,	-0.06272,	25439,	-247,	-6,	-430,	25469,	152,	-55,	-124,	25449,	65,	-34,	-328,	
1,	5,	96875,	1.65255e+015,	2,	6,	26,	8,	2,	1,	0,	-2,	1.65255e+009,	-0.600448,	-0.442288,	-0.526637,	-0.0263648,	-0.787186,	-0.464421,	-0.00993179,	0.094545,	-0.894159,	-0.374213,	-0.0188049,	-0.0131389,	-0.933453,	-0.488765,	-0.00664491,	-0.0678434,	-0.758778,	-0.517005,	-0.00235679,	-0.348167,	-0.364,	0.67314,	-0.06272,	25449,	-248,	-6,	-429,	25479,	152,	-55,	-124,	25459,	64,	-33,	-328,	
1,	5,	96954,	1.65255e+015,	-1,	-1,	2,	-2,	1,	-1,	1,	-2,	1.65255e+009,	-0.600448,	-0.442288,	-0.526637,	-0.0263648,	-0.787186,	-0.464421,	-0.00993179,	0.094545,	-0.894159,	-0.374213,	-0.0188049,	-0.0131389,	-0.933453,	-0.488765,	-0.00664491,	-0.0678434,	-0.758778,	-0.517005,	-0.00235679,	-0.348167,	-0.364,	0.67314,	-0.06272,	25459,	-249,	-7,	-428,	25489,	151,	-55,	-123,	25469,	63,	-35,	-328,	
1,	5,	97016,	1.65255e+015,	1,	0,	-17,	-6,	2,	0,	0,	1,	1.65255e+009,	-0.600448,	-0.442288,	-0.526637,	-0.0263648,	-0.787186,	-0.464421,	-0.00993179,	0.094545,	-0.894159,	-0.374213,	-0.0188049,	-0.0131389,	-0.933453,	-0.488765,	-0.00664491,	-0.0678434,	-0.758778,	-0.517005,	-0.00235679,	-0.348167,	-0.364,	0.67314,	-0.06272,	25469,	-249,	-7,	-426,	25499,	152,	-55,	-122,	25479,	63,	-35,	-327,	
1,	5,	97079,	1.65255e+015,	1,	8,	12,	-5,	0,	0,	2,	0,	1.65255e+009,	-0.600448,	-0.442288,	-0.526637,	-0.0263648,	-0.787186,	-0.464421,	-0.00993179,	0.094545,	-0.894159,	-0.374213,	-0.0188049,	-0.0131389,	-0.933453,	-0.488765,	-0.00664491,	-0.0678434,	-0.758778,	-0.517005,	-0.00235679,	-0.348167,	-0.364,	0.67314,	-0.06272,	25479,	-250,	-6,	-424,	25509,	152,	-53,	-122,	25489,	62,	-37,	-326,	
1,	5,	97157,	1.65255e+015,	-1,	-3,	-14,	17,	0,	1,	-2,	-2,	1.65255e+009,	-0.600448,	-0.442288,	-0.526637,	-0.0263648,	-0.787186,	-0.464421,	-0.00993179,	0.094545,	-0.894159,	-0.374213,	-0.0188049,	-0.0131389,	-0.933453,	-0.488765,	-0.00664491,	-0.0678434,	-0.758778,	-0.517005,	-0.00235679,	-0.348167,	-0.364,	0.67314,	-0.06272,	25489,	-249,	-7,	-424,	25519,	152,	-54,	-122,	25499,	62,	-37,	-325,	
1,	5,	97219,	1.65255e+015,	4,	9,	12,	8,	1,	0,	0,	0,	1.65255e+009,	-0.600448,	-0.442288,	-0.526637,	-0.0263648,	-0.787186,	-0.464421,	-0.00993179,	0.094545,	-0.894159,	-0.374213,	-0.0188049,	-0.0131389,	-0.933453,	-0.488765,	-0.00664491,	-0.0678434,	-0.758778,	-0.517005,	-0.00235679,	-0.348167,	-0.364,	0.67314,	-0.06272,	25499,	-250,	-8,	-424,	25529,	152,	-53,	-121,	25509,	63,	-37,	-325,	
1,	5,	97297,	1.65255e+015,	-4,	-11,	1,	-14,	-7,	-3,	0,	0,	1.65255e+009,	-0.600448,	-0.442288,	-0.526637,	-0.0263648,	-0.787186,	-0.464421,	-0.00993179,	0.094545,	-0.894159,	-0.374213,	-0.0188049,	-0.0131389,	-0.933453,	-0.488765,	-0.00664491,	-0.0678434,	-0.758778,	-0.517005,	-0.00235679,	-0.348167,	-0.364,	0.67314,	-0.06272,	25509,	-250,	-8,	-424,	25539,	152,	-53,	-121,	25519,	64,	-38,	-324,	
1,	5,	97375,	1.65255e+015,	0,	1,	-6,	4,	1,	-2,	-1,	0,	1.65255e+009,	-0.600448,	-0.442288,	-0.526637,	-0.0263648,	-0.787186,	-0.464421,	-0.00993179,	0.094545,	-0.894159,	-0.374213,	-0.0188049,	-0.0131389,	-0.933453,	-0.488765,	-0.00664491,	-0.0678434,	-0.758778,	-0.517005,	-0.00235679,	-0.348167,	-0.364,	0.67314,	-0.06272,	25519,	-251,	-6,	-424,	25549,	152,	-52,	-122,	25529,	64,	-37,	-324,	
1,	5,	97438,	1.65255e+015,	-3,	-7,	-1,	-4,	-2,	-2,	-1,	-1,	1.65255e+009,	-0.600448,	-0.442288,	-0.526637,	-0.0263648,	-0.787186,	-0.464421,	-0.00993179,	0.094545,	-0.894159,	-0.374213,	-0.0188049,	-0.0131389,	-0.933453,	-0.488765,	-0.00664491,	-0.0678434,	-0.758778,	-0.517005,	-0.00235679,	-0.348167,	-0.364,	0.67314,	-0.06272,	25529,	-251,	-6,	-425,	25559,	151,	-52,	-122,	25539,	64,	-39,	-324,	
1,	5,	97516,	1.65255e+015,	-1,	-8,	-1,	2,	-3,	0,	-2,	0,	1.65255e+009,	-0.600448,	-0.442288,	-0.526637,	-0.0263648,	-0.787186,	-0.464421,	-0.00993179,	0.094545,	-0.894159,	-0.374213,	-0.0188049,	-0.0131389,	-0.933453,	-0.488765,	-0.00664491,	-0.0678434,	-0.758778,	-0.517005,	-0.00235679,	-0.348167,	-0.364,	0.67314,	-0.06272,	25539,	-249,	-6,	-425,	25569,	151,	-52,	-123,	25549,	65,	-38,	-324,	
1,	5,	97579,	1.65255e+015,	-4,	-8,	-14,	-6,	-6,	-1,	-1,	-2,	1.65255e+009,	-0.600448,	-0.442288,	-0.526637,	-0.0263648,	-0.787186,	-0.464421,	-0.00993179,	0.094545,	-0.894159,	-0.374213,	-0.0188049,	-0.0131389,	-0.933453,	-0.488765,	-0.00664491,	-0.0678434,	-0.758778,	-0.517005,	-0.00235679,	-0.348167,	-0.364,	0.67314,	-0.06272,	25549,	-251,	-6,	-425,	25579,	152,	-53,	-123,	25559,	65,	-38,	-324,	
1,	5,	97657,	1.65255e+015,	3,	3,	-22,	-8,	-2,	0,	0,	1,	1.65255e+009,	-0.600448,	-0.442288,	-0.526637,	-0.0263648,	-0.787186,	-0.464421,	-0.00993179,	0.094545,	-0.894159,	-0.374213,	-0.0188049,	-0.0131389,	-0.933453,	-0.488765,	-0.00664491,	-0.0678434,	-0.758778,	-0.517005,	-0.00235679,	-0.348167,	-0.364,	0.67314,	-0.06272,	25559,	-251,	-7,	-425,	25589,	151,	-53,	-123,	25569,	66,	-38,	-325,	
1,	5,	97719,	1.65255e+015,	0,	-2,	-5,	-1,	-1,	0,	0,	1,	1.65255e+009,	-0.600448,	-0.442288,	-0.526637,	-0.0263648,	-0.787186,	-0.464421,	-0.00993179,	0.094545,	-0.894159,	-0.374213,	-0.0188049,	-0.0131389,	-0.933453,	-0.488765,	-0.00664491,	-0.0678434,	-0.758778,	-0.517005,	-0.00235679,	-0.348167,	-0.364,	0.67314,	-0.06272,	25569,	-250,	-6,	-425,	25599,	152,	-52,	-123,	25579,	65,	-37,	-325,	
1,	5,	97782,	1.65255e+015,	-6,	-25,	-10,	5,	-4,	-2,	-1,	-1,	1.65255e+009,	-0.600448,	-0.442288,	-0.526637,	-0.0263648,	-0.787186,	-0.464421,	-0.00993179,	0.094545,	-0.894159,	-0.374213,	-0.0188049,	-0.0131389,	-0.933453,	-0.488765,	-0.00664491,	-0.0678434,	-0.758778,	-0.517005,	-0.00235679,	-0.348167,	-0.364,	0.67314,	-0.06272,	25579,	-251,	-5,	-425,	25609,	153,	-53,	-124,	25589,	65,	-38,	-326,	
1,	5,	97844,	1.65255e+015,	0,	3,	11,	4,	3,	-1,	1,	-2,	1.65255e+009,	-0.600448,	-0.442288,	-0.526637,	-0.0263648,	-0.787186,	-0.464421,	-0.00993179,	0.094545,	-0.894159,	-0.374213,	-0.0188049,	-0.0131389,	-0.933453,	-0.488765,	-0.00664491,	-0.0678434,	-0.758778,	-0.517005,	-0.00235679,	-0.348167,	-0.364,	0.67314,	-0.06272,	25589,	-249,	-5,	-426,	25619,	153,	-53,	-124,	25599,	65,	-37,	-326,	
1,	5,	97907,	1.65255e+015,	0,	8,	20,	-13,	-3,	-1,	-1,	-2,	1.65255e+009,	-0.600448,	-0.442288,	-0.526637,	-0.0263648,	-0.787186,	-0.464421,	-0.00993179,	0.094545,	-0.894159,	-0.374213,	-0.0188049,	-0.0131389,	-0.933453,	-0.488765,	-0.00664491,	-0.0678434,	-0.758778,	-0.517005,	-0.00235679,	-0.348167,	-0.364,	0.67314,	-0.06272,	25599,	-251,	-6,	-426,	25629,	152,	-53,	-123,	25609,	64,	-39,	-326,	
1,	5,	97985,	1.65255e+015,	1,	-4,	8,	0,	-3,	-1,	-1,	-2,	1.65255e+009,	-0.600448,	-0.442288,	-0.526637,	-0.0263648,	-0.787186,	-0.464421,	-0.00993179,	0.094545,	-0.894159,	-0.374213,	-0.0188049,	-0.0131389,	-0.933453,	-0.488765,	-0.00664491,	-0.0678434,	-0.758778,	-0.517005,	-0.00235679,	-0.348167,	-0.364,	0.67314,	-0.06272,	25609,	-251,	-7,	-424,	25639,	153,	-52,	-122,	25619,	65,	-38,	-325,	
1,	5,	98063,	1.65255e+015,	3,	4,	26,	-11,	-1,	0,	0,	1,	1.65255e+009,	-0.600448,	-0.442288,	-0.526637,	-0.0263648,	-0.787186,	-0.464421,	-0.00993179,	0.094545,	-0.894159,	-0.374213,	-0.0188049,	-0.0131389,	-0.933453,	-0.488765,	-0.00664491,	-0.0678434,	-0.758778,	-0.517005,	-0.00235679,	-0.348167,	-0.364,	0.67314,	-0.06272,	25619,	-252,	-6,	-423,	25649,	153,	-51,	-122,	25629,	65,	-40,	-325,	
1,	5,	98141,	1.65255e+015,	-3,	-2,	-2,	-13,	-3,	-2,	-1,	-2,	1.65255e+009,	-0.600448,	-0.442288,	-0.526637,	-0.0263648,	-0.787186,	-0.464421,	-0.00993179,	0.094545,	-0.894159,	-0.374213,	-0.0188049,	-0.0131389,	-0.933453,	-0.488765,	-0.00664491,	-0.0678434,	-0.758778,	-0.517005,	-0.00235679,	-0.348167,	-0.364,	0.67314,	-0.06272,	25629,	-252,	-7,	-422,	25659,	153,	-51,	-122,	25639,	65,	-38,	-324,	
1,	5,	98204,	1.65255e+015,	2,	2,	-7,	-1,	-2,	-1,	-1,	1,	1.65255e+009,	-0.600448,	-0.442288,	-0.526637,	-0.0263648,	-0.787186,	-0.464421,	-0.00993179,	0.094545,	-0.894159,	-0.374213,	-0.0188049,	-0.0131389,	-0.933453,	-0.488765,	-0.00664491,	-0.0678434,	-0.758778,	-0.517005,	-0.00235679,	-0.348167,	-0.364,	0.67314,	-0.06272,	25639,	-253,	-6,	-421,	25669,	153,	-51,	-122,	25649,	64,	-38,	-323,	
1,	5,	98266,	1.65255e+015,	-1,	-2,	-13,	7,	1,	2,	-1,	0,	1.65255e+009,	-0.600448,	-0.442288,	-0.526637,	-0.0263648,	-0.787186,	-0.464421,	-0.00993179,	0.094545,	-0.894159,	-0.374213,	-0.0188049,	-0.0131389,	-0.933453,	-0.488765,	-0.00664491,	-0.0678434,	-0.758778,	-0.517005,	-0.00235679,	-0.348167,	-0.364,	0.67314,	-0.06272,	25649,	-252,	-7,	-422,	25679,	153,	-52,	-122,	25659,	64,	-39,	-323,	
1,	5,	98344,	1.65255e+015,	0,	-2,	-2,	2,	-2,	-3,	0,	-1,	1.65255e+009,	-0.600448,	-0.442288,	-0.526637,	-0.0263648,	-0.787186,	-0.464421,	-0.00993179,	0.094545,	-0.894159,	-0.374213,	-0.0188049,	-0.0131389,	-0.933453,	-0.488765,	-0.00664491,	-0.0678434,	-0.758778,	-0.517005,	-0.00235679,	-0.348167,	-0.364,	0.67314,	-0.06272,	25659,	-251,	-6,	-422,	25689,	153,	-52,	-122,	25669,	65,	-39,	-323,	
1,	5,	98422,	1.65255e+015,	-2,	-6,	-8,	-2,	-2,	1,	-2,	-2,	1.65255e+009,	-0.600448,	-0.442288,	-0.526637,	-0.0263648,	-0.787186,	-0.464421,	-0.00993179,	0.094545,	-0.894159,	-0.374213,	-0.0188049,	-0.0131389,	-0.933453,	-0.488765,	-0.00664491,	-0.0678434,	-0.758778,	-0.517005,	-0.00235679,	-0.348167,	-0.364,	0.67314,	-0.06272,	25669,	-250,	-6,	-423,	25699,	154,	-52,	-122,	25679,	65,	-39,	-324,	
1,	5,	98485,	1.65255e+015,	3,	-2,	-22,	-2,	1,	0,	-1,	-1,	1.65255e+009,	-0.600448,	-0.442288,	-0.526637,	-0.0263648,	-0.787186,	-0.464421,	-0.00993179,	0.094545,	-0.894159,	-0.374213,	-0.0188049,	-0.0131389,	-0.933453,	-0.488765,	-0.00664491,	-0.0678434,	-0.758778,	-0.517005,	-0.00235679,	-0.348167,	-0.364,	0.67314,	-0.06272,	25679,	-249,	-6,	-424,	25709,	153,	-53,	-123,	25689,	66,	-37,	-324,	
1,	5,	98563,	1.65255e+015,	-4,	5,	8,	-3,	-4,	-2,	1,	-2,	1.65255e+009,	-0.600448,	-0.442288,	-0.526637,	-0.0263648,	-0.787186,	-0.464421,	-0.00993179,	0.094545,	-0.894159,	-0.374213,	-0.0188049,	-0.0131389,	-0.933453,	-0.488765,	-0.00664491,	-0.0678434,	-0.758778,	-0.517005,	-0.00235679,	-0.348167,	-0.364,	0.67314,	-0.06272,	25689,	-250,	-7,	-425,	25719,	153,	-52,	-124,	25699,	65,	-38,	-325,	
1,	5,	98625,	1.65255e+015,	1,	1,	-21,	4,	-2,	-3,	-2,	-2,	1.65255e+009,	-0.600448,	-0.442288,	-0.526637,	-0.0263648,	-0.787186,	-0.464421,	-0.00993179,	0.094545,	-0.894159,	-0.374213,	-0.0188049,	-0.0131389,	-0.933453,	-0.488765,	-0.00664491,	-0.0678434,	-0.758778,	-0.517005,	-0.00235679,	-0.348167,	-0.364,	0.67314,	-0.06272,	25699,	-249,	-7,	-427,	25729,	153,	-52,	-125,	25709,	66,	-38,	-325,	
1,	5,	98704,	1.65255e+015,	1,	5,	-11,	9,	0,	1,	-1,	-1,	1.65255e+009,	-0.600448,	-0.442288,	-0.526637,	-0.0263648,	-0.787186,	-0.464421,	-0.00993179,	0.094545,	-0.894159,	-0.374213,	-0.0188049,	-0.0131389,	-0.933453,	-0.488765,	-0.00664491,	-0.0678434,	-0.758778,	-0.517005,	-0.00235679,	-0.348167,	-0.364,	0.67314,	-0.06272,	25709,	-248,	-6,	-429,	25739,	154,	-51,	-126,	25719,	66,	-37,	-326,	
1,	5,	98766,	1.65255e+015,	0,	-2,	-24,	-2,	-2,	-2,	-1,	0,	1.65255e+009,	-0.600448,	-0.442288,	-0.526637,	-0.0263648,	-0.787186,	-0.464421,	-0.00993179,	0.094545,	-0.894159,	-0.374213,	-0.0188049,	-0.0131389,	-0.933453,	-0.488765,	-0.00664491,	-0.0678434,	-0.758778,	-0.517005,	-0.00235679,	-0.348167,	-0.364,	0.67314,	-0.06272,	25719,	-248,	-7,	-429,	25749,	153,	-52,	-126,	25729,	65,	-38,	-326,	
1,	5,	98844,	1.65255e+015,	-3,	-9,	-19,	-7,	-2,	-1,	-1,	-2,	1.65255e+009,	-0.600448,	-0.442288,	-0.526637,	-0.0263648,	-0.787186,	-0.464421,	-0.00993179,	0.094545,	-0.894159,	-0.374213,	-0.0188049,	-0.0131389,	-0.933453,	-0.488765,	-0.00664491,	-0.0678434,	-0.758778,	-0.517005,	-0.00235679,	-0.348167,	-0.364,	0.67314,	-0.06272,	25729,	-249,	-6,	-428,	25759,	154,	-52,	-126,	25739,	66,	-37,	-327,	
1,	5,	98922,	1.65255e+015,	-1,	-2,	-2,	-6,	-1,	-2,	-2,	-2,	1.65255e+009,	-0.600448,	-0.442288,	-0.526637,	-0.0263648,	-0.787186,	-0.464421,	-0.00993179,	0.094545,	-0.894159,	-0.374213,	-0.0188049,	-0.0131389,	-0.933453,	-0.488765,	-0.00664491,	-0.0678434,	-0.758778,	-0.517005,	-0.00235679,	-0.348167,	-0.364,	0.67314,	-0.06272,	25739,	-249,	-5,	-427,	25769,	153,	-51,	-125,	25749,	65,	-38,	-327,	
1,	5,	98985,	1.65255e+015,	-1,	-7,	-16,	-18,	-3,	-1,	0,	-2,	1.65255e+009,	-0.600448,	-0.442288,	-0.526637,	-0.0263648,	-0.787186,	-0.464421,	-0.00993179,	0.094545,	-0.894159,	-0.374213,	-0.0188049,	-0.0131389,	-0.933453,	-0.488765,	-0.00664491,	-0.0678434,	-0.758778,	-0.517005,	-0.00235679,	-0.348167,	-0.364,	0.67314,	-0.06272,	25749,	-249,	-6,	-426,	25779,	154,	-52,	-125,	25759,	66,	-37,	-326,	
1,	5,	99063,	1.65255e+015,	4,	12,	20,	3,	2,	2,	-1,	-1,	1.65255e+009,	-0.600448,	-0.442288,	-0.526637,	-0.0263648,	-0.787186,	-0.464421,	-0.00993179,	0.094545,	-0.894159,	-0.374213,	-0.0188049,	-0.0131389,	-0.933453,	-0.488765,	-0.00664491,	-0.0678434,	-0.758778,	-0.517005,	-0.00235679,	-0.348167,	-0.364,	0.67314,	-0.06272,	25759,	-250,	-6,	-426,	25789,	153,	-51,	-125,	25769,	65,	-37,	-325,	
1,	5,	99125,	1.65255e+015,	-2,	-6,	-5,	1,	-1,	0,	-1,	-2,	1.65255e+009,	-0.600448,	-0.442288,	-0.526637,	-0.0263648,	-0.787186,	-0.464421,	-0.00993179,	0.094545,	-0.894159,	-0.374213,	-0.0188049,	-0.0131389,	-0.933453,	-0.488765,	-0.00664491,	-0.0678434,	-0.758778,	-0.517005,	-0.00235679,	-0.348167,	-0.364,	0.67314,	-0.06272,	25769,	-250,	-6,	-426,	25799,	153,	-51,	-125,	25779,	65,	-38,	-325,	
1,	5,	99204,	1.65255e+015,	1,	-3,	12,	6,	1,	0,	-1,	-1,	1.65255e+009,	-0.600448,	-0.442288,	-0.526637,	-0.0263648,	-0.787186,	-0.464421,	-0.00993179,	0.094545,	-0.894159,	-0.374213,	-0.0188049,	-0.0131389,	-0.933453,	-0.488765,	-0.00664491,	-0.0678434,	-0.758778,	-0.517005,	-0.00235679,	-0.348167,	-0.364,	0.67314,	-0.06272,	25779,	-250,	-5,	-426,	25809,	153,	-50,	-125,	25789,	65,	-39,	-325,	
1,	5,	99282,	1.65255e+015,	-3,	-2,	-2,	0,	0,	-1,	-1,	-1,	1.65255e+009,	-0.600448,	-0.442288,	-0.526637,	-0.0263648,	-0.787186,	-0.464421,	-0.00993179,	0.094545,	-0.894159,	-0.374213,	-0.0188049,	-0.0131389,	-0.933453,	-0.488765,	-0.00664491,	-0.0678434,	-0.758778,	-0.517005,	-0.00235679,	-0.348167,	-0.364,	0.67314,	-0.06272,	25789,	-249,	-6,	-427,	25819,	153,	-50,	-125,	25799,	67,	-39,	-325,	
2,	5,	99375,	1.65255e+015,	2,	3,	13,	11,	-3,	1,	0,	0,	1.65255e+009,	-0.600448,	-0.442288,	-0.526637,	-0.0263648,	-0.787186,	-0.464421,	-0.00993179,	0.094545,	-0.894159,	-0.374213,	-0.0188049,	-0.0131389,	-0.933453,	-0.488765,	-0.00664491,	-0.0678434,	-0.758778,	-0.517005,	-0.00235679,	-0.348167,	-0.364,	0.67314,	-0.06272,	25799,	-248,	-6,	-428,	25829,	153,	-51,	-125,	25809,	66,	-38,	-326,	
2,	5,	99454,	1.65255e+015,	-2,	-4,	6,	9,	-1,	-1,	0,	-1,	1.65255e+009,	-0.600448,	-0.442288,	-0.526637,	-0.0263648,	-0.787186,	-0.464421,	-0.00993179,	0.094545,	-0.894159,	-0.374213,	-0.0188049,	-0.0131389,	-0.933453,	-0.488765,	-0.00664491,	-0.0678434,	-0.758778,	-0.517005,	-0.00235679,	-0.348167,	-0.364,	0.67314,	-0.06272,	25809,	-250,	-7,	-429,	25839,	153,	-51,	-126,	25819,	66,	-38,	-326,	
2,	5,	99532,	1.65255e+015,	-1,	-2,	1,	4,	0,	-1,	1,	-1,	1.65255e+009,	-0.600448,	-0.442288,	-0.526637,	-0.0263648,	-0.787186,	-0.464421,	-0.00993179,	0.094545,	-0.894159,	-0.374213,	-0.0188049,	-0.0131389,	-0.933453,	-0.488765,	-0.00664491,	-0.0678434,	-0.758778,	-0.517005,	-0.00235679,	-0.348167,	-0.364,	0.67314,	-0.06272,	25819,	-250,	-6,	-429,	25849,	154,	-52,	-126,	25829,	66,	-38,	-326,	
2,	5,	99610,	1.65255e+015,	-1,	7,	-43,	-8,	-4,	-1,	-2,	-1,	1.65255e+009,	-0.600448,	-0.442288,	-0.526637,	-0.0263648,	-0.787186,	-0.464421,	-0.00993179,	0.094545,	-0.894159,	-0.374213,	-0.0188049,	-0.0131389,	-0.933453,	-0.488765,	-0.00664491,	-0.0678434,	-0.758778,	-0.517005,	-0.00235679,	-0.348167,	-0.364,	0.67314,	-0.06272,	25829,	-249,	-5,	-430,	25859,	153,	-52,	-126,	25839,	66,	-38,	-326,	
2,	5,	99688,	1.65255e+015,	1,	4,	2,	6,	0,	1,	1,	-1,	1.65255e+009,	-0.600448,	-0.442288,	-0.526637,	-0.0263648,	-0.787186,	-0.464421,	-0.00993179,	0.094545,	-0.894159,	-0.374213,	-0.0188049,	-0.0131389,	-0.933453,	-0.488765,	-0.00664491,	-0.0678434,	-0.758778,	-0.517005,	-0.00235679,	-0.348167,	-0.364,	0.67314,	-0.06272,	25839,	-249,	-6,	-430,	25869,	153,	-52,	-126,	25849,	67,	-38,	-327,	
2,	5,	99766,	1.65255e+015,	0,	0,	27,	2,	-1,	-2,	0,	0,	1.65255e+009,	-0.600448,	-0.442288,	-0.526637,	-0.0263648,	-0.787186,	-0.464421,	-0.00993179,	0.094545,	-0.894159,	-0.374213,	-0.0188049,	-0.0131389,	-0.933453,	-0.488765,	-0.00664491,	-0.0678434,	-0.758778,	-0.517005,	-0.00235679,	-0.348167,	-0.364,	0.67314,	-0.06272,	25849,	-248,	-6,	-430,	25879,	154,	-51,	-126,	25859,	67,	-37,	-326,	
2,	5,	99844,	1.65255e+015,	-2,	-11,	-24,	-8,	-2,	0,	-2,	-1,	1.65255e+009,	-0.600448,	-0.442288,	-0.526637,	-0.0263648,	-0.787186,	-0.464421,	-0.00993179,	0.094545,	-0.894159,	-0.374213,	-0.0188049,	-0.0131389,	-0.933453,	-0.488765,	-0.00664491,	-0.0678434,	-0.758778,	-0.517005,	-0.00235679,	-0.348167,	-0.364,	0.67314,	-0.06272,	25859,	-247,	-5,	-431,	25889,	153,	-51,	-127,	25869,	66,	-38,	-327,	
2,	5,	99922,	1.65255e+015,	-2,	-4,	18,	-13,	-2,	2,	-1,	1,	1.65255e+009,	-0.600448,	-0.442288,	-0.526637,	-0.0263648,	-0.787186,	-0.464421,	-0.00993179,	0.094545,	-0.894159,	-0.374213,	-0.0188049,	-0.0131389,	-0.933453,	-0.488765,	-0.00664491,	-0.0678434,	-0.758778,	-0.517005,	-0.00235679,	-0.348167,	-0.364,	0.67314,	-0.06272,	25869,	-247,	-5,	-432,	25899,	152,	-52,	-127,	25879,	66,	-37,	-327,	
2,	5,	99985,	1.65255e+015,	-5,	2,	27,	-8,	-5,	-4,	-1,	-3,	1.65255e+009,	-0.600448,	-0.442288,	-0.526637,	-0.0263648,	-0.787186,	-0.464421,	-0.00993179,	0.094545,	-0.894159,	-0.374213,	-0.0188049,	-0.0131389,	-0.933453,	-0.488765,	-0.00664491,	-0.0678434,	-0.758778,	-0.517005,	-0.00235679,	-0.348167,	-0.364,	0.67314,	-0.06272,	25879,	-246,	-5,	-433,	25909,	153,	-52,	-128,	25889,	66,	-36,	-328,	
2,	5,	100079,	1.65255e+015,	-2,	-6,	13,	8,	-1,	0,	0,	0,	1.65255e+009,	-0.600448,	-0.442288,	-0.526637,	-0.0263648,	-0.787186,	-0.464421,	-0.00993179,	0.094545,	-0.894159,	-0.374213,	-0.0188049,	-0.0131389,	-0.933453,	-0.488765,	-0.00664491,	-0.0678434,	-0.758778,	-0.517005,	-0.00235679,	-0.348167,	-0.364,	0.67314,	-0.06272,	25889,	-246,	-4,	-435,	25919,	152,	-52,	-128,	25899,	67,	-37,	-329,	
2,	5,	100157,	1.65255e+015,	3,	20,	9,	-15,	0,	-1,	-3,	-1,	1.65255e+009,	-0.600448,	-0.442288,	-0.526637,	-0.0263648,	-0.787186,	-0.464421,	-0.00993179,	0.094545,	-0.894159,	-0.374213,	-0.0188049,	-0.0131389,	-0.933453,	-0.488765,	-0.00664491,	-0.0678434,	-0.758778,	-0.517005,	-0.00235679,	-0.348167,	-0.364,	0.67314,	-0.06272,	25899,	-244,	-4,	-438,	25929,	153,	-53,	-129,	25909,	67,	-35,	-329,	
2,	5,	100235,	1.65255e+015,	1,	-7,	9,	-1,	2,	1,	0,	2,	1.65255e+009,	-0.600448,	-0.442288,	-0.526637,	-0.0263648,	-0.787186,	-0.464421,	-0.00993179,	0.094545,	-0.894159,	-0.374213,	-0.0188049,	-0.0131389,	-0.846721,	-0.488765,	-0.00664491,	-0.0678434,	-0.758778,	-0.517005,	-0.00235679,	-0.348167,	-0.364,	0.67314,	-0.06272,	25909,	-244,	-6,	-440,	25939,	153,	-52,	-130,	25919,	68,	-36,	-330,	
2,	5,	100313,	1.65255e+015,	3,	-1,	14,	20,	2,	1,	0,	0,	1.65255e+009,	-0.600448,	-0.442288,	-0.526637,	-0.0263648,	-0.787186,	-0.464421,	-0.00993179,	0.094545,	-0.894159,	-0.374213,	-0.0188049,	-0.0131389,	-0.846721,	-0.488765,	-0.00664491,	-0.0678434,	-0.758778,	-0.517005,	-0.00235679,	-0.348167,	-0.364,	0.67314,	-0.06272,	25919,	-243,	-5,	-440,	25949,	153,	-52,	-130,	25929,	68,	-35,	-331,	
2,	5,	100391,	1.65255e+015,	-1,	-4,	-23,	-8,	4,	3,	0,	-2,	1.65255e+009,	-0.600448,	-0.442288,	-0.526637,	-0.0263648,	-0.787186,	-0.464421,	-0.00993179,	0.094545,	-0.894159,	-0.374213,	-0.0188049,	-0.0131389,	-0.846721,	-0.488765,	-0.00664491,	-0.0678434,	-0.758778,	-0.517005,	-0.00235679,	-0.348167,	-0.364,	0.67314,	-0.06272,	25929,	-242,	-4,	-441,	25959,	154,	-52,	-131,	25939,	68,	-35,	-332,	
2,	5,	100469,	1.65255e+015,	-2,	1,	48,	24,	4,	-3,	-3,	-2,	1.65255e+009,	-0.660569,	-0.442288,	-0.526637,	-0.0263648,	-0.787186,	-0.464421,	-0.00993179,	0.094545,	-0.815309,	-0.374213,	-0.0188049,	-0.0131389,	-0.846721,	-0.488765,	-0.00664491,	-0.0678434,	-0.758778,	-0.517005,	-0.00235679,	-0.348167,	-0.364,	0.67314,	-0.06272,	25939,	-240,	-4,	-443,	25969,	153,	-53,	-131,	25949,	69,	-34,	-333,	
2,	5,	100547,	1.65255e+015,	-3,	-5,	-7,	8,	-1,	1,	-2,	-11,	1.65255e+009,	-0.660569,	-0.442288,	-0.526637,	-0.0263648,	-0.787186,	-0.464421,	-0.00993179,	0.094545,	-0.815309,	-0.374213,	-0.0188049,	-0.0131389,	-0.846721,	-0.488765,	-0.00664491,	-0.0678434,	-0.758778,	-0.517005,	-0.00235679,	-0.348167,	-0.364,	0.67314,	-0.06272,	25949,	-242,	-4,	-444,	25979,	154,	-53,	-132,	25959,	69,	-32,	-334,	
2,	5,	100610,	1.65255e+015,	-2,	8,	1,	6,	3,	4,	-7,	-22,	1.65255e+009,	-0.735718,	-0.442288,	-0.526637,	-0.0263648,	-0.867266,	-0.525529,	-0.000962125,	0.094545,	-0.815309,	-0.374213,	-0.0188049,	-0.0131389,	-0.846721,	-0.488765,	-0.00664491,	-0.0678434,	-0.758778,	-0.517005,	-0.00235679,	-0.348167,	-0.364,	0.67314,	-0.06272,	25959,	-241,	-5,	-445,	25989,	153,	-54,	-133,	25969,	69,	-31,	-334,	
2,	5,	100672,	1.65255e+015,	-8,	-4,	91,	4,	-8,	-3,	4,	3,	1.65255e+009,	-0.735718,	-0.442288,	-0.526637,	-0.0263648,	-0.947346,	-0.800515,	-0.0689762,	0.109556,	-0.815309,	-0.374213,	-0.0188049,	-0.0180895,	-0.846721,	-0.488765,	-0.00664491,	-0.072794,	-0.758778,	-0.517005,	-0.00235679,	-0.353118,	-0.364,	0.67314,	-0.06272,	25969,	-239,	-3,	-446,	25999,	153,	-54,	-134,	25979,	68,	-30,	-335,	
2,	5,	100735,	1.65255e+015,	2,	-1,	-13,	3,	-1,	-1,	2,	0,	1.65255e+009,	-0.735718,	-0.442288,	-0.526637,	-0.0263648,	-0.947346,	-0.953285,	-0.128742,	0.119564,	-0.815309,	-0.374213,	-0.0188049,	-0.0213899,	-0.846721,	-0.488765,	-0.00664491,	-0.0760944,	-0.758778,	-0.517005,	-0.00235679,	-0.356418,	-0.3185,	0.67314,	-0.06272,	25979,	-238,	-3,	-447,	26009,	153,	-54,	-135,	25989,	68,	-31,	-336,	
2,	5,	100797,	1.65255e+015,	-1,	-9,	13,	-16,	-3,	0,	7,	3,	1.65255e+009,	-0.795839,	-0.442288,	-0.526637,	-0.0263648,	-1.02743,	-1.12133,	-0.211737,	0.126236,	-0.815309,	-0.374213,	-0.0188049,	-0.0235901,	-0.846721,	-0.488765,	-0.00664491,	-0.0782946,	-0.758778,	-0.517005,	-0.00235679,	-0.358618,	-0.3185,	0.67314,	-0.06272,	25989,	-237,	-3,	-449,	26019,	153,	-55,	-136,	25999,	69,	-30,	-337,	
2,	5,	100860,	1.65255e+015,	-11,	-15,	22,	-1,	-7,	-8,	4,	10,	1.65255e+009,	-0.870988,	-0.442288,	-0.526637,	-0.0263648,	-1.09149,	-1.2741,	-0.30287,	0.134575,	-0.815309,	-0.374213,	-0.0188049,	-0.0263404,	-0.846721,	-0.488765,	-0.00664491,	-0.0810449,	-0.758778,	-0.517005,	-0.00235679,	-0.361369,	-0.273,	0.67314,	-0.06272,	25999,	-236,	-3,	-452,	26029,	152,	-55,	-137,	26009,	69,	-30,	-338,	
2,	5,	100922,	1.65255e+015,	-3,	10,	39,	13,	0,	-3,	-1,	3,	1.65255e+009,	-0.870988,	-0.442288,	-0.526637,	-0.0263648,	-1.09149,	-1.2741,	-0.30287,	0.134575,	-0.815309,	-0.374213,	-0.0188049,	-0.0263404,	-0.846721,	-0.488765,	-0.00664491,	-0.0810449,	-0.758778,	-0.517005,	-0.00235679,	-0.361369,	-0.273,	0.67314,	-0.06272,	26009,	-235,	-2,	-454,	26039,	152,	-56,	-139,	26019,	69,	-29,	-338,	
2,	5,	100985,	1.65255e+015,	-6,	13,	21,	-15,	-3,	0,	3,	7,	1.65255e+009,	-0.870988,	-0.442288,	-0.526637,	-0.0263648,	-1.09149,	-1.35049,	-0.354038,	0.141247,	-0.815309,	-0.374213,	-0.0188049,	-0.0285407,	-0.846721,	-0.488765,	-0.00664491,	-0.0832452,	-0.758778,	-0.517005,	-0.00235679,	-0.363569,	-0.273,	0.67314,	-0.06272,	26019,	-233,	-1,	-456,	26049,	152,	-56,	-139,	26029,	69,	-29,	-339,	
2,	5,	101047,	1.65255e+015,	-3,	-9,	-78,	-19,	-1,	2,	-1,	-6,	1.65255e+009,	-0.870988,	-0.442288,	-0.526637,	-0.0263648,	-1.09149,	-1.35049,	-0.354038,	0.141247,	-0.815309,	-0.374213,	-0.0188049,	-0.0285407,	-0.846721,	-0.488765,	-0.00664491,	-0.0832452,	-0.758778,	-0.517005,	-0.00235679,	-0.363569,	-0.2366,	0.67314,	-0.06272,	26029,	-231,	-2,	-459,	26059,	152,	-57,	-140,	26039,	70,	-29,	-339,	
2,	5,	101110,	1.65255e+015,	-7,	-4,	35,	2,	0,	0,	-3,	-7,	1.65255e+009,	-0.931109,	-0.442288,	-0.526637,	-0.0263648,	-1.15555,	-1.42687,	-0.40894,	0.141247,	-0.815309,	-0.374213,	-0.0188049,	-0.0285407,	-0.846721,	-0.488765,	-0.00664491,	-0.0832452,	-0.758778,	-0.517005,	-0.00235679,	-0.363569,	-0.2366,	0.67314,	-0.06272,	26039,	-231,	-3,	-460,	26069,	152,	-58,	-140,	26049,	70,	-29,	-340,	
2,	5,	101188,	1.65255e+015,	-2,	3,	-16,	-7,	-2,	-2,	0,	9,	1.65255e+009,	-0.931109,	-0.442288,	-0.526637,	-0.0263648,	-1.15555,	-1.42687,	-0.40894,	0.149587,	-0.815309,	-0.374213,	-0.0188049,	-0.031291,	-0.846721,	-0.488765,	-0.00664491,	-0.0859955,	-0.758778,	-0.517005,	-0.00235679,	-0.366319,	-0.2366,	0.67314,	-0.06272,	26049,	-230,	-2,	-461,	26079,	150,	-57,	-140,	26059,	71,	-28,	-340,	
2,	5,	101250,	1.65255e+015,	1,	4,	-5,	0,	2,	0,	-2,	2,	1.65255e+009,	-0.931109,	-0.442288,	-0.526637,	-0.0263648,	-1.15555,	-1.42687,	-0.40894,	0.149587,	-0.815309,	-0.374213,	-0.0188049,	-0.031291,	-0.846721,	-0.488765,	-0.00664491,	-0.0859955,	-0.758778,	-0.517005,	-0.00235679,	-0.366319,	-0.2366,	0.67314,	-0.06272,	26059,	-229,	-1,	-462,	26089,	151,	-57,	-141,	26069,	71,	-26,	-340,	
2,	5,	101313,	1.65255e+015,	-7,	-7,	1,	-13,	-5,	-2,	-7,	-13,	1.65255e+009,	-0.931109,	-0.442288,	-0.526637,	-0.0263648,	-1.15555,	-1.42687,	-0.40894,	0.149587,	-0.815309,	-0.374213,	-0.0188049,	-0.031291,	-0.846721,	-0.488765,	-0.00664491,	-0.0859955,	-0.758778,	-0.517005,	-0.00235679,	-0.366319,	-0.2002,	0.67314,	-0.04704,	26069,	-228,	0,	-464,	26099,	151,	-58,	-141,	26079,	70,	-28,	-340,	
2,	5,	101407,	1.65255e+015,	5,	-6,	-4,	-6,	1,	0,	-3,	9,	1.65255e+009,	-0.931109,	-0.442288,	-0.526637,	-0.0263648,	-1.15555,	-1.42687,	-0.40894,	0.149587,	-0.815309,	-0.374213,	-0.0188049,	-0.031291,	-0.846721,	-0.488765,	-0.00664491,	-0.0859955,	-0.758778,	-0.517005,	-0.00235679,	-0.366319,	-0.2002,	0.67314,	-0.04704,	26079,	-226,	-1,	-467,	26109,	151,	-59,	-142,	26089,	71,	-26,	-341,	
2,	5,	101469,	1.65255e+015,	-3,	-7,	-54,	10,	-3,	-7,	-5,	-5,	1.65255e+009,	-0.931109,	-0.442288,	-0.526637,	-0.0263648,	-1.21962,	-1.42687,	-0.40894,	0.149587,	-0.815309,	-0.374213,	-0.0188049,	-0.031291,	-0.846721,	-0.488765,	-0.00664491,	-0.0859955,	-0.758778,	-0.517005,	-0.00235679,	-0.366319,	-0.2002,	0.67314,	-0.04704,	26089,	-225,	-2,	-469,	26119,	151,	-59,	-143,	26099,	71,	-26,	-342,	
2,	5,	101532,	1.65255e+015,	-9,	8,	63,	16,	-8,	-8,	-6,	-8,	1.65255e+009,	-0.931109,	-0.442288,	-0.526637,	-0.0263648,	-1.21962,	-1.42687,	-0.40894,	0.149587,	-0.815309,	-0.374213,	-0.0188049,	-0.031291,	-0.846721,	-0.488765,	-0.00664491,	-0.0859955,	-0.758778,	-0.517005,	-0.00235679,	-0.366319,	-0.2002,	0.67314,	-0.04704,	26099,	-223,	-1,	-472,	26129,	151,	-60,	-144,	26109,	72,	-26,	-343,	
2,	5,	101594,	1.65255e+015,	2,	11,	-26,	16,	11,	4,	0,	-3,	1.65255e+009,	-0.931109,	-0.442288,	-0.526637,	-0.0263648,	-1.21962,	-1.42687,	-0.40894,	0.149587,	-0.815309,	-0.374213,	-0.0188049,	-0.031291,	-0.846721,	-0.488765,	-0.00664491,	-0.0859955,	-0.758778,	-0.517005,	-0.00235679,	-0.366319,	-0.2002,	0.67314,	-0.04704,	26109,	-221,	0,	-475,	26139,	152,	-59,	-145,	26119,	73,	-24,	-344,	
2,	5,	101672,	1.65255e+015,	4,	-1,	4,	-14,	1,	0,	0,	0,	1.65255e+009,	-0.931109,	-0.442288,	-0.526637,	-0.0263648,	-1.21962,	-1.42687,	-0.40894,	0.149587,	-0.815309,	-0.374213,	-0.0188049,	-0.031291,	-0.846721,	-0.488765,	-0.00664491,	-0.0859955,	-0.758778,	-0.517005,	-0.00235679,	-0.366319,	-0.2002,	0.67314,	-0.04704,	26119,	-220,	-1,	-478,	26149,	152,	-60,	-146,	26129,	72,	-25,	-344,	
2,	5,	101735,	1.65255e+015,	2,	-9,	1,	2,	-2,	-1,	-2,	-4,	1.65255e+009,	-0.931109,	-0.442288,	-0.526637,	-0.0263648,	-1.21962,	-1.42687,	-0.40894,	0.149587,	-0.815309,	-0.374213,	-0.0188049,	-0.031291,	-0.846721,	-0.488765,	-0.00664491,	-0.0859955,	-0.758778,	-0.517005,	-0.00235679,	-0.366319,	-0.2002,	0.67314,	-0.04704,	26129,	-217,	0,	-479,	26159,	152,	-61,	-147,	26139,	74,	-24,	-345,	
2,	5,	101813,	1.65255e+015,	1,	3,	18,	9,	-4,	-5,	-3,	-12,	1.65255e+009,	-0.931109,	-0.442288,	-0.526637,	-0.0263648,	-1.21962,	-1.48798,	-0.45555,	0.149587,	-0.815309,	-0.374213,	-0.0188049,	-0.031291,	-0.846721,	-0.488765,	-0.00664491,	-0.0859955,	-0.758778,	-0.517005,	-0.00235679,	-0.366319,	-0.2002,	0.67314,	-0.04704,	26139,	-216,	-1,	-481,	26169,	152,	-61,	-147,	26149,	74,	-24,	-345,	
2,	5,	101891,	1.65255e+015,	0,	-7,	-44,	10,	-5,	-9,	-5,	-4,	1.65255e+009,	-0.931109,	-0.442288,	-0.526637,	-0.0263648,	-1.21962,	-1.48798,	-0.45555,	0.149587,	-0.815309,	-0.374213,	-0.0188049,	-0.031291,	-0.846721,	-0.488765,	-0.00664491,	-0.0859955,	-0.758778,	-0.517005,	-0.00235679,	-0.366319,	-0.2002,	0.67314,	-0.04704,	26149,	-216,	0,	-483,	26179,	153,	-63,	-147,	26159,	75,	-24,	-345,	
2,	5,	101954,	1.65255e+015,	-6,	-10,	-59,	-20,	-5,	-3,	-3,	-19,	1.65255e+009,	-0.931109,	-0.442288,	-0.526637,	-0.0263648,	-1.21962,	-1.48798,	-0.45555,	0.149587,	-0.815309,	-0.374213,	-0.0188049,	-0.031291,	-0.846721,	-0.488765,	-0.00664491,	-0.0859955,	-0.758778,	-0.517005,	-0.00235679,	-0.366319,	-0.2002,	0.67314,	-0.04704,	26159,	-216,	-1,	-483,	26189,	153,	-62,	-147,	26169,	74,	-24,	-345,	
2,	5,	102032,	1.65255e+015,	-3,	9,	51,	29,	-8,	-6,	-3,	-2,	1.65255e+009,	-0.931109,	-0.442288,	-0.526637,	-0.0263648,	-1.21962,	-1.48798,	-0.45555,	0.149587,	-0.815309,	-0.374213,	-0.0188049,	-0.031291,	-0.846721,	-0.488765,	-0.00664491,	-0.0859955,	-0.758778,	-0.517005,	-0.00235679,	-0.366319,	-0.2002,	0.67314,	-0.04704,	26169,	-216,	-1,	-484,	26199,	154,	-63,	-148,	26179,	74,	-25,	-346,	
2,	5,	102110,	1.65255e+015,	3,	-2,	11,	-1,	-2,	-3,	0,	1,	1.65255e+009,	-0.931109,	-0.442288,	-0.526637,	-0.0263648,	-1.21962,	-1.48798,	-0.45555,	0.149587,	-0.815309,	-0.374213,	-0.0188049,	-0.031291,	-0.846721,	-0.488765,	-0.00664491,	-0.0859955,	-0.758778,	-0.517005,	-0.00235679,	-0.366319,	-0.2002,	0.67314,	-0.04704,	26179,	-216,	-1,	-485,	26209,	154,	-63,	-147,	26189,	75,	-24,	-346,	
2,	5,	102188,	1.65255e+015,	-6,	-7,	-5,	-1,	0,	-6,	-4,	-4,	1.65255e+009,	-0.931109,	-0.442288,	-0.526637,	-0.0263648,	-1.21962,	-1.48798,	-0.45555,	0.149587,	-0.815309,	-0.374213,	-0.0188049,	-0.031291,	-0.846721,	-0.488765,	-0.00664491,	-0.0859955,	-0.758778,	-0.517005,	-0.00235679,	-0.366319,	-0.2002,	0.67314,	-0.04704,	26189,	-217,	-1,	-486,	26219,	154,	-63,	-147,	26199,	74,	-26,	-346,	
2,	5,	102266,	1.65255e+015,	-4,	-1,	5,	11,	-1,	0,	1,	7,	1.65255e+009,	-0.931109,	-0.442288,	-0.526637,	-0.0263648,	-1.21962,	-1.42687,	-0.40894,	0.149587,	-0.909929,	-0.374213,	-0.0188049,	-0.031291,	-0.846721,	-0.488765,	-0.00664491,	-0.0859955,	-0.758778,	-0.517005,	-0.00235679,	-0.366319,	-0.2002,	0.67314,	-0.04704,	26199,	-217,	-2,	-487,	26229,	154,	-63,	-148,	26209,	75,	-26,	-346,	
2,	5,	102344,	1.65255e+015,	-1,	-4,	17,	9,	3,	-3,	1,	5,	1.65255e+009,	-0.765779,	-0.442288,	-0.526637,	-0.0263648,	-1.21962,	-1.01439,	-0.156831,	0.13124,	-0.909929,	-0.374213,	-0.0188049,	-0.0252403,	-0.846721,	-0.488765,	-0.00664491,	-0.0799448,	-0.758778,	-0.517005,	-0.00235679,	-0.360268,	-0.2912,	0.67314,	-0.04704,	26209,	-217,	-2,	-488,	26239,	155,	-62,	-148,	26219,	74,	-26,	-346,	
2,	5,	102422,	1.65255e+015,	-1,	3,	-6,	6,	-2,	-2,	1,	0,	1.65255e+009,	-0.690629,	-0.442288,	-0.526637,	-0.0263648,	-1.12352,	-0.586637,	-0.0103974,	0.1229,	-0.909929,	-0.374213,	-0.0188049,	-0.02249,	-0.846721,	-0.488765,	-0.00664491,	-0.0771945,	-0.758778,	-0.517005,	-0.00235679,	-0.357518,	-0.3458,	0.67314,	-0.04704,	26219,	-217,	-2,	-489,	26249,	155,	-63,	-148,	26229,	74,	-26,	-347,	
2,	5,	102500,	1.65255e+015,	1,	-9,	4,	1,	-1,	0,	0,	-2,	1.65255e+009,	-0.630509,	-0.442288,	-0.526637,	-0.0263648,	-0.947346,	-0.525529,	-0.000962125,	0.112892,	-0.909929,	-0.374213,	-0.0188049,	-0.0191896,	-0.846721,	-0.488765,	-0.00664491,	-0.0738941,	-0.758778,	-0.517005,	-0.00235679,	-0.354218,	-0.3913,	0.67314,	-0.04704,	26229,	-217,	-1,	-491,	26259,	156,	-64,	-149,	26239,	75,	-25,	-347,	
2,	5,	102579,	1.65255e+015,	2,	-4,	-14,	6,	1,	2,	-2,	0,	1.65255e+009,	-0.630509,	-0.442288,	-0.526637,	-0.0263648,	-0.915314,	-0.449144,	-0.0118008,	0.106221,	-0.909929,	-0.374213,	-0.0188049,	-0.0169893,	-0.846721,	-0.488765,	-0.00664491,	-0.0716938,	-0.758778,	-0.517005,	-0.00235679,	-0.352017,	-0.3913,	0.67314,	-0.04704,	26239,	-216,	-2,	-493,	26269,	156,	-64,	-149,	26249,	74,	-26,	-347,	
2,	5,	102657,	1.65255e+015,	-1,	-3,	1,	-1,	-4,	-2,	-1,	-2,	1.65255e+009,	-0.630509,	-0.442288,	-0.526637,	-0.0263648,	-0.85125,	-0.449144,	-0.0118008,	0.106221,	-0.909929,	-0.374213,	-0.0188049,	-0.0169893,	-0.846721,	-0.488765,	-0.00664491,	-0.0716938,	-0.758778,	-0.517005,	-0.00235679,	-0.352017,	-0.3913,	0.67314,	-0.04704,	26249,	-217,	-1,	-494,	26279,	157,	-65,	-150,	26259,	75,	-27,	-347,	
2,	5,	102735,	1.65255e+015,	-1,	-8,	14,	6,	-2,	-4,	-1,	-3,	1.65255e+009,	-0.630509,	-0.442288,	-0.526637,	-0.0263648,	-0.85125,	-0.449144,	-0.0118008,	0.106221,	-0.909929,	-0.374213,	-0.0188049,	-0.0169893,	-0.846721,	-0.488765,	-0.00664491,	-0.0716938,	-0.758778,	-0.517005,	-0.00235679,	-0.352017,	-0.3913,	0.67314,	-0.04704,	26259,	-217,	-2,	-495,	26289,	157,	-64,	-150,	26269,	74,	-28,	-347,	
2,	5,	102813,	1.65255e+015,	-6,	-18,	19,	9,	-1,	-2,	-2,	-2,	1.65255e+009,	-0.630509,	-0.442288,	-0.526637,	-0.0263648,	-0.85125,	-0.449144,	-0.0118008,	0.106221,	-0.909929,	-0.274422,	-0.0225534,	-0.0169893,	-0.846721,	-0.488765,	-0.00664491,	-0.0716938,	-0.758778,	-0.517005,	-0.00235679,	-0.352017,	-0.3913,	0.67314,	-0.04704,	26269,	-217,	-3,	-496,	26299,	155,	-65,	-149,	26279,	75,	-28,	-347,	
2,	5,	102891,	1.65255e+015,	1,	-4,	0,	8,	1,	-1,	-1,	-1,	1.65255e+009,	-0.630509,	-0.442288,	-0.526637,	-0.0263648,	-0.85125,	-0.449144,	-0.0118008,	0.106221,	-0.909929,	-0.274422,	-0.0225534,	-0.0169893,	-0.846721,	-0.488765,	-0.00664491,	-0.0716938,	-0.758778,	-0.517005,	-0.00235679,	-0.352017,	-0.3913,	0.67314,	-0.04704,	26279,	-218,	-3,	-496,	26309,	155,	-65,	-149,	26289,	74,	-28,	-346,	
2,	5,	102969,	1.65255e+015,	-4,	-5,	6,	-1,	0,	-1,	0,	-3,	1.65255e+009,	-0.630509,	-0.442288,	-0.526637,	-0.0263648,	-0.85125,	-0.449144,	-0.0118008,	0.106221,	-0.909929,	-0.274422,	-0.0225534,	-0.0169893,	-0.846721,	-0.488765,	-0.00664491,	-0.0716938,	-0.758778,	-0.517005,	-0.00235679,	-0.352017,	-0.3913,	0.67314,	-0.04704,	26289,	-220,	-3,	-495,	26319,	155,	-67,	-148,	26299,	74,	-29,	-346,	
2,	5,	103047,	1.65255e+015,	1,	11,	18,	-4,	-6,	-5,	-2,	-1,	1.65255e+009,	-0.630509,	-0.442288,	-0.526637,	-0.0263648,	-0.85125,	-0.449144,	-0.0118008,	0.106221,	-0.909929,	-0.274422,	-0.0225534,	-0.0169893,	-0.846721,	-0.488765,	-0.00664491,	-0.0716938,	-0.758778,	-0.517005,	-0.00235679,	-0.352017,	-0.3913,	0.67314,	-0.04704,	26299,	-221,	-4,	-493,	26329,	155,	-67,	-147,	26309,	73,	-29,	-346,	
2,	5,	103141,	1.65255e+015,	0,	-3,	-41,	-13,	3,	3,	0,	0,	1.65255e+009,	-0.630509,	-0.442288,	-0.526637,	-0.0263648,	-0.85125,	-0.449144,	-0.0118008,	0.106221,	-0.909929,	-0.274422,	-0.0225534,	-0.0169893,	-0.846721,	-0.488765,	-0.00664491,	-0.0716938,	-0.758778,	-0.517005,	-0.00235679,	-0.352017,	-0.3913,	0.67314,	-0.04704,	26309,	-222,	-5,	-493,	26339,	155,	-67,	-147,	26319,	73,	-31,	-346,	
2,	5,	103219,	1.65255e+015,	0,	0,	-10,	1,	3,	4,	-1,	-2,	1.65255e+009,	-0.630509,	-0.442288,	-0.526637,	-0.0263648,	-0.85125,	-0.449144,	-0.0118008,	0.106221,	-0.909929,	-0.274422,	-0.0225534,	-0.0169893,	-0.846721,	-0.488765,	-0.00664491,	-0.0716938,	-0.758778,	-0.517005,	-0.00235679,	-0.352017,	-0.3913,	0.67314,	-0.04704,	26319,	-221,	-4,	-492,	26349,	155,	-67,	-146,	26329,	73,	-31,	-345,	
2,	5,	103297,	1.65255e+015,	2,	-2,	13,	4,	3,	-1,	-2,	-2,	1.65255e+009,	-0.630509,	-0.442288,	-0.526637,	-0.0263648,	-0.85125,	-0.449144,	-0.0118008,	0.106221,	-0.909929,	-0.274422,	-0.0225534,	-0.0169893,	-0.846721,	-0.488765,	-0.00664491,	-0.0716938,	-0.758778,	-0.517005,	-0.00235679,	-0.352017,	-0.3913,	0.67314,	-0.04704,	26329,	-223,	-4,	-492,	26359,	155,	-66,	-146,	26339,	72,	-32,	-345,	
2,	5,	103375,	1.65255e+015,	4,	-2,	21,	-2,	-1,	-1,	0,	0,	1.65255e+009,	-0.630509,	-0.442288,	-0.526637,	-0.0263648,	-0.85125,	-0.449144,	-0.0118008,	0.106221,	-0.909929,	-0.274422,	-0.0225534,	-0.0169893,	-0.846721,	-0.488765,	-0.00664491,	-0.0716938,	-0.758778,	-0.517005,	-0.00235679,	-0.352017,	-0.3913,	0.67314,	-0.04704,	26339,	-222,	-5,	-493,	26369,	155,	-67,	-145,	26349,	73,	-32,	-345,	
2,	5,	103438,	1.65255e+015,	0,	0,	8,	-1,	-4,	-3,	-1,	1,	1.65255e+009,	-0.630509,	-0.442288,	-0.526637,	-0.0263648,	-0.85125,	-0.449144,	-0.0118008,	0.106221,	-0.846849,	-0.274422,	-0.0225534,	-0.0169893,	-0.846721,	-0.488765,	-0.00664491,	-0.0716938,	-0.758778,	-0.517005,	-0.00235679,	-0.352017,	-0.3913,	0.67314,	-0.04704,	26349,	-222,	-4,	-493,	26379,	157,	-67,	-145,	26359,	72,	-33,	-345,	
2,	5,	103500,	1.65255e+015,	-1,	-10,	-1,	-6,	-2,	1,	0,	-1,	1.65255e+009,	-0.630509,	-0.442288,	-0.526637,	-0.0263648,	-0.85125,	-0.449144,	-0.0118008,	0.106221,	-0.846849,	-0.274422,	-0.0225534,	-0.0169893,	-0.846721,	-0.488765,	-0.00664491,	-0.0716938,	-0.758778,	-0.517005,	-0.00235679,	-0.352017,	-0.3913,	0.67314,	-0.04704,	26359,	-221,	-3,	-494,	26389,	156,	-68,	-146,	26369,	72,	-34,	-344,	
2,	5,	103563,	1.65255e+015,	1,	-4,	8,	10,	5,	2,	-1,	-1,	1.65255e+009,	-0.630509,	-0.442288,	-0.526637,	-0.0263648,	-0.85125,	-0.449144,	-0.0118008,	0.106221,	-0.846849,	-0.274422,	-0.0225534,	-0.0169893,	-0.846721,	-0.488765,	-0.00664491,	-0.0716938,	-0.758778,	-0.517005,	-0.00235679,	-0.352017,	-0.3913,	0.67314,	-0.04704,	26369,	-220,	-3,	-497,	26399,	157,	-69,	-146,	26379,	72,	-33,	-344,	
2,	5,	103641,	1.65255e+015,	0,	0,	20,	1,	-1,	0,	1,	0,	1.65255e+009,	-0.630509,	-0.442288,	-0.526637,	-0.0263648,	-0.85125,	-0.449144,	-0.0118008,	0.106221,	-0.846849,	-0.274422,	-0.0225534,	-0.0169893,	-0.846721,	-0.488765,	-0.00664491,	-0.0716938,	-0.758778,	-0.517005,	-0.00235679,	-0.352017,	-0.3913,	0.67314,	-0.04704,	26379,	-220,	-4,	-500,	26409,	156,	-68,	-146,	26389,	73,	-34,	-345,	
2,	5,	103719,	1.65255e+015,	-2,	1,	-35,	-13,	-5,	-2,	-1,	-1,	1.65255e+009,	-0.630509,	-0.442288,	-0.526637,	-0.0263648,	-0.85125,	-0.449144,	-0.0118008,	0.106221,	-0.846849,	-0.274422,	-0.0225534,	-0.0169893,	-0.846721,	-0.488765,	-0.00664491,	-0.0716938,	-0.758778,	-0.517005,	-0.00235679,	-0.352017,	-0.3913,	0.67314,	-0.04704,	26389,	-218,	-3,	-503,	26419,	158,	-68,	-147,	26399,	74,	-33,	-345,	
2,	5,	103782,	1.65255e+015,	0,	1,	0,	10,	0,	2,	0,	0,	1.65255e+009,	-0.630509,	-0.442288,	-0.526637,	-0.0263648,	-0.85125,	-0.449144,	-0.0118008,	0.106221,	-0.846849,	-0.274422,	-0.0225534,	-0.0169893,	-0.846721,	-0.488765,	-0.00664491,	-0.0716938,	-0.758778,	-0.517005,	-0.00235679,	-0.352017,	-0.3913,	0.67314,	-0.04704,	26399,	-218,	-4,	-505,	26429,	158,	-69,	-147,	26409,	75,	-33,	-345,	
2,	5,	103860,	1.65255e+015,	0,	5,	3,	4,	-1,	-1,	-2,	0,	1.65255e+009,	-0.630509,	-0.442288,	-0.526637,	-0.0263648,	-0.85125,	-0.449144,	-0.0118008,	0.106221,	-0.846849,	-0.274422,	-0.0225534,	-0.0169893,	-0.846721,	-0.488765,	-0.00664491,	-0.0716938,	-0.758778,	-0.517005,	-0.00235679,	-0.352017,	-0.3913,	0.67314,	-0.04704,	26409,	-216,	-4,	-508,	26439,	157,	-68,	-148,	26419,	75,	-32,	-345,	
2,	5,	103922,	1.65255e+015,	0,	-5,	21,	-5,	-4,	-3,	-2,	1,	1.65255e+009,	-0.630509,	-0.442288,	-0.526637,	-0.0263648,	-0.85125,	-0.449144,	-0.0118008,	0.106221,	-0.846849,	-0.274422,	-0.0225534,	-0.0169893,	-0.846721,	-0.488765,	-0.00664491,	-0.0716938,	-0.758778,	-0.517005,	-0.00235679,	-0.352017,	-0.3913,	0.67314,	-0.04704,	26419,	-214,	-3,	-510,	26449,	158,	-67,	-149,	26429,	74,	-32,	-346,	
2,	5,	103985,	1.65255e+015,	0,	-5,	-1,	-4,	-3,	-2,	-1,	0,	1.65255e+009,	-0.630509,	-0.442288,	-0.526637,	-0.0263648,	-0.85125,	-0.449144,	-0.0118008,	0.106221,	-0.846849,	-0.274422,	-0.0225534,	-0.0169893,	-0.846721,	-0.488765,	-0.00664491,	-0.0716938,	-0.758778,	-0.517005,	-0.00235679,	-0.352017,	-0.3913,	0.67314,	-0.04704,	26429,	-215,	-3,	-512,	26459,	157,	-66,	-149,	26439,	75,	-32,	-346,	
2,	5,	104063,	1.65255e+015,	0,	7,	15,	10,	0,	0,	-1,	1,	1.65255e+009,	-0.630509,	-0.442288,	-0.526637,	-0.0263648,	-0.85125,	-0.449144,	-0.0118008,	0.106221,	-0.846849,	-0.274422,	-0.0225534,	-0.0169893,	-0.846721,	-0.488765,	-0.00664491,	-0.0716938,	-0.758778,	-0.517005,	-0.00235679,	-0.352017,	-0.3913,	0.67314,	-0.04704,	26439,	-213,	-2,	-512,	26469,	158,	-67,	-149,	26449,	76,	-31,	-346,	
2,	5,	104125,	1.65255e+015,	-1,	-1,	-2,	-2,	-2,	-3,	-1,	0,	1.65255e+009,	-0.630509,	-0.442288,	-0.526637,	-0.0263648,	-0.85125,	-0.449144,	-0.0118008,	0.106221,	-0.846849,	-0.274422,	-0.0225534,	-0.0169893,	-0.846721,	-0.488765,	-0.00664491,	-0.0716938,	-0.758778,	-0.517005,	-0.00235679,	-0.352017,	-0.3913,	0.67314,	-0.04704,	26449,	-213,	-3,	-512,	26479,	157,	-66,	-150,	26459,	77,	-31,	-346,	
2,	5,	104188,	1.65255e+015,	1,	3,	9,	12,	0,	-1,	0,	-1,	1.65255e+009,	-0.630509,	-0.442288,	-0.526637,	-0.0263648,	-0.85125,	-0.449144,	-0.0118008,	0.106221,	-0.846849,	-0.274422,	-0.0225534,	-0.0169893,	-0.846721,	-0.488765,	-0.00664491,	-0.0716938,	-0.758778,	-0.517005,	-0.00235679,	-0.352017,	-0.3913,	0.67314,	-0.04704,	26459,	-213,	-2,	-511,	26489,	157,	-65,	-150,	26469,	77,	-30,	-346,	
2,	5,	104266,	1.65255e+015,	-2,	-8,	13,	1,	1,	-1,	-1,	0,	1.65255e+009,	-0.630509,	-0.442288,	-0.526637,	-0.0263648,	-0.85125,	-0.449144,	-0.0118008,	0.106221,	-0.846849,	-0.274422,	-0.0225534,	-0.0169893,	-0.846721,	-0.488765,	-0.00664491,	-0.0716938,	-0.758778,	-0.517005,	-0.00235679,	-0.352017,	-0.3913,	0.67314,	-0.04704,	26469,	-213,	-1,	-510,	26499,	157,	-65,	-149,	26479,	76,	-30,	-346,	
2,	5,	104329,	1.65255e+015,	0,	-2,	-30,	-2,	2,	-3,	-2,	-2,	1.65255e+009,	-0.630509,	-0.442288,	-0.526637,	-0.0263648,	-0.85125,	-0.449144,	-0.0118008,	0.106221,	-0.846849,	-0.274422,	-0.0225534,	-0.0169893,	-0.846721,	-0.488765,	-0.00664491,	-0.0716938,	-0.758778,	-0.517005,	-0.00235679,	-0.352017,	-0.3913,	0.67314,	-0.04704,	26479,	-213,	-2,	-510,	26509,	157,	-66,	-150,	26489,	77,	-29,	-345,	
2,	5,	104422,	1.65255e+015,	-2,	-2,	23,	1,	-2,	-4,	-1,	-1,	1.65255e+009,	-0.630509,	-0.442288,	-0.526637,	-0.0263648,	-0.85125,	-0.449144,	-0.0118008,	0.106221,	-0.846849,	-0.274422,	-0.0225534,	-0.0169893,	-0.846721,	-0.488765,	-0.00664491,	-0.0716938,	-0.758778,	-0.517005,	-0.00235679,	-0.352017,	-0.3913,	0.67314,	-0.04704,	26489,	-214,	-2,	-509,	26519,	157,	-66,	-150,	26499,	76,	-29,	-346,	
