1,	11,	121329,	1.65255e+015,	-1,	-2,	5,	-4,	-1,	-1,	-1,	0,	1.65255e+009,	-0.645539,	-0.540848,	-0.361547,	-0.0460768,	-0.787186,	-0.449144,	-0.0118008,	0.083272,	-0.878389,	-0.434087,	-0.0134968,	-0.0133219,	-0.890087,	-0.612952,	-0.0160253,	-0.0561984,	-0.758778,	-0.619509,	-0.0174966,	-0.324694,	-0.3913,	0.59547,	-0.04704,	48079,	-230,	0,	-468,	48109,	150,	-57,	-138,	48089,	68,	-30,	-334,	
1,	11,	121407,	1.65255e+015,	1,	0,	-1,	-6,	-1,	-1,	0,	-1,	1.65255e+009,	-0.645539,	-0.540848,	-0.361547,	-0.0460768,	-0.787186,	-0.449144,	-0.0118008,	0.083272,	-0.878389,	-0.434087,	-0.0134968,	-0.0133219,	-0.890087,	-0.612952,	-0.0160253,	-0.0561984,	-0.758778,	-0.619509,	-0.0174966,	-0.324694,	-0.3913,	0.59547,	-0.04704,	48089,	-230,	0,	-468,	48119,	149,	-56,	-139,	48099,	68,	-30,	-334,	
1,	11,	121485,	1.65255e+015,	1,	-1,	8,	28,	3,	0,	0,	1,	1.65255e+009,	-0.645539,	-0.540848,	-0.361547,	-0.0460768,	-0.787186,	-0.449144,	-0.0118008,	0.083272,	-0.878389,	-0.434087,	-0.0134968,	-0.0133219,	-0.890087,	-0.612952,	-0.0160253,	-0.0561984,	-0.758778,	-0.619509,	-0.0174966,	-0.324694,	-0.3913,	0.59547,	-0.04704,	48099,	-230,	-1,	-468,	48129,	148,	-58,	-139,	48109,	68,	-31,	-334,	
1,	11,	121563,	1.65255e+015,	-2,	-6,	-15,	-9,	-2,	-2,	-1,	-1,	1.65255e+009,	-0.645539,	-0.540848,	-0.361547,	-0.0460768,	-0.787186,	-0.449144,	-0.0118008,	0.083272,	-0.878389,	-0.434087,	-0.0134968,	-0.0133219,	-0.890087,	-0.612952,	-0.0160253,	-0.0561984,	-0.758778,	-0.619509,	-0.0174966,	-0.324694,	-0.3913,	0.59547,	-0.04704,	48109,	-229,	0,	-468,	48139,	149,	-56,	-139,	48119,	67,	-30,	-334,	
1,	11,	121625,	1.65255e+015,	1,	3,	5,	13,	1,	0,	0,	1,	1.65255e+009,	-0.645539,	-0.540848,	-0.361547,	-0.0460768,	-0.787186,	-0.449144,	-0.0118008,	0.083272,	-0.878389,	-0.434087,	-0.0134968,	-0.0133219,	-0.890087,	-0.612952,	-0.0160253,	-0.0561984,	-0.758778,	-0.619509,	-0.0174966,	-0.324694,	-0.3913,	0.59547,	-0.04704,	48119,	-230,	0,	-469,	48149,	149,	-56,	-139,	48129,	67,	-31,	-334,	
1,	11,	121704,	1.65255e+015,	-2,	1,	1,	-9,	-2,	-1,	-1,	-1,	1.65255e+009,	-0.645539,	-0.540848,	-0.361547,	-0.0460768,	-0.787186,	-0.449144,	-0.0118008,	0.083272,	-0.878389,	-0.434087,	-0.0134968,	-0.0133219,	-0.890087,	-0.612952,	-0.0160253,	-0.0561984,	-0.758778,	-0.619509,	-0.0174966,	-0.324694,	-0.3913,	0.59547,	-0.04704,	48129,	-229,	0,	-469,	48159,	149,	-57,	-138,	48139,	69,	-30,	-334,	
1,	11,	121782,	1.65255e+015,	1,	5,	0,	0,	-2,	2,	0,	1,	1.65255e+009,	-0.645539,	-0.540848,	-0.361547,	-0.0460768,	-0.787186,	-0.449144,	-0.0118008,	0.083272,	-0.878389,	-0.434087,	-0.0134968,	-0.0133219,	-0.890087,	-0.612952,	-0.0160253,	-0.0561984,	-0.758778,	-0.619509,	-0.0174966,	-0.324694,	-0.3913,	0.59547,	-0.04704,	48139,	-230,	-1,	-469,	48169,	149,	-57,	-138,	48149,	68,	-31,	-334,	
1,	11,	121860,	1.65255e+015,	1,	5,	18,	3,	-3,	-2,	-1,	1,	1.65255e+009,	-0.645539,	-0.540848,	-0.361547,	-0.0460768,	-0.787186,	-0.449144,	-0.0118008,	0.0899437,	-0.878389,	-0.434087,	-0.0134968,	-0.0155222,	-0.890087,	-0.612952,	-0.0160253,	-0.0583987,	-0.758778,	-0.619509,	-0.0174966,	-0.326894,	-0.3913,	0.59547,	-0.04704,	48149,	-230,	0,	-468,	48179,	149,	-57,	-138,	48159,	69,	-30,	-334,	
1,	11,	121938,	1.65255e+015,	0,	-2,	-16,	-4,	-4,	-1,	0,	1,	1.65255e+009,	-0.645539,	-0.540848,	-0.361547,	-0.0460768,	-0.787186,	-0.449144,	-0.0118008,	0.0899437,	-0.878389,	-0.434087,	-0.0134968,	-0.0155222,	-0.890087,	-0.612952,	-0.0160253,	-0.0583987,	-0.758778,	-0.619509,	-0.0174966,	-0.326894,	-0.3913,	0.59547,	-0.04704,	48159,	-230,	0,	-467,	48189,	148,	-57,	-138,	48169,	68,	-30,	-334,	
1,	11,	122000,	1.65255e+015,	-1,	2,	17,	9,	2,	0,	0,	-1,	1.65255e+009,	-0.645539,	-0.540848,	-0.361547,	-0.0460768,	-0.787186,	-0.449144,	-0.0118008,	0.0899437,	-0.878389,	-0.434087,	-0.0134968,	-0.0155222,	-0.890087,	-0.612952,	-0.0160253,	-0.0583987,	-0.758778,	-0.619509,	-0.0174966,	-0.326894,	-0.3913,	0.59547,	-0.04704,	48169,	-231,	0,	-468,	48199,	149,	-57,	-138,	48179,	67,	-31,	-334,	
1,	11,	122063,	1.65255e+015,	0,	4,	-4,	-3,	0,	0,	-1,	-1,	1.65255e+009,	-0.645539,	-0.540848,	-0.361547,	-0.0460768,	-0.787186,	-0.449144,	-0.0118008,	0.0899437,	-0.878389,	-0.434087,	-0.0134968,	-0.0155222,	-0.890087,	-0.612952,	-0.0160253,	-0.0583987,	-0.758778,	-0.619509,	-0.0174966,	-0.326894,	-0.3913,	0.59547,	-0.04704,	48179,	-230,	0,	-468,	48209,	149,	-57,	-139,	48189,	68,	-30,	-334,	
1,	11,	122125,	1.65255e+015,	-7,	-13,	-35,	-7,	-4,	-3,	-1,	-2,	1.65255e+009,	-0.645539,	-0.540848,	-0.361547,	-0.0460768,	-0.787186,	-0.449144,	-0.0118008,	0.0899437,	-0.878389,	-0.434087,	-0.0134968,	-0.0155222,	-0.890087,	-0.612952,	-0.0160253,	-0.0583987,	-0.758778,	-0.619509,	-0.0174966,	-0.326894,	-0.3913,	0.59547,	-0.04704,	48189,	-230,	-1,	-468,	48219,	149,	-56,	-139,	48199,	67,	-30,	-334,	
1,	11,	122188,	1.65255e+015,	-1,	-6,	-6,	-9,	-2,	0,	-2,	0,	1.65255e+009,	-0.645539,	-0.540848,	-0.361547,	-0.0460768,	-0.787186,	-0.449144,	-0.0118008,	0.0899437,	-0.878389,	-0.434087,	-0.0134968,	-0.0155222,	-0.890087,	-0.612952,	-0.0160253,	-0.0583987,	-0.758778,	-0.619509,	-0.0174966,	-0.326894,	-0.3913,	0.59547,	-0.04704,	48199,	-230,	0,	-468,	48229,	149,	-56,	-139,	48209,	68,	-29,	-334,	
1,	11,	122266,	1.65255e+015,	0,	-3,	-4,	11,	2,	1,	-2,	0,	1.65255e+009,	-0.645539,	-0.540848,	-0.361547,	-0.0460768,	-0.787186,	-0.449144,	-0.0118008,	0.0899437,	-0.878389,	-0.434087,	-0.0134968,	-0.0155222,	-0.890087,	-0.612952,	-0.0160253,	-0.0583987,	-0.758778,	-0.619509,	-0.0174966,	-0.326894,	-0.3913,	0.59547,	-0.04704,	48209,	-231,	0,	-468,	48239,	149,	-57,	-139,	48219,	68,	-30,	-334,	
1,	11,	122344,	1.65255e+015,	0,	3,	8,	-20,	-2,	0,	1,	0,	1.65255e+009,	-0.645539,	-0.540848,	-0.361547,	-0.0460768,	-0.787186,	-0.449144,	-0.0118008,	0.0899437,	-0.878389,	-0.434087,	-0.0134968,	-0.0155222,	-0.890087,	-0.612952,	-0.0160253,	-0.0583987,	-0.758778,	-0.619509,	-0.0174966,	-0.326894,	-0.3913,	0.59547,	-0.04704,	48219,	-231,	0,	-468,	48249,	149,	-57,	-139,	48229,	68,	-30,	-334,	
1,	11,	122407,	1.65255e+015,	-1,	2,	-7,	-9,	-1,	-1,	0,	0,	1.65255e+009,	-0.645539,	-0.540848,	-0.361547,	-0.0460768,	-0.787186,	-0.449144,	-0.0118008,	0.0899437,	-0.878389,	-0.434087,	-0.0134968,	-0.0155222,	-0.890087,	-0.612952,	-0.0160253,	-0.0583987,	-0.758778,	-0.619509,	-0.0174966,	-0.326894,	-0.3913,	0.59547,	-0.04704,	48229,	-230,	0,	-469,	48259,	150,	-57,	-139,	48239,	69,	-30,	-334,	
1,	11,	122469,	1.65255e+015,	0,	3,	13,	0,	-2,	-2,	-2,	-3,	1.65255e+009,	-0.645539,	-0.540848,	-0.361547,	-0.0460768,	-0.787186,	-0.449144,	-0.0118008,	0.0899437,	-0.878389,	-0.434087,	-0.0134968,	-0.0155222,	-0.890087,	-0.612952,	-0.0160253,	-0.0583987,	-0.758778,	-0.619509,	-0.0174966,	-0.326894,	-0.3913,	0.59547,	-0.04704,	48239,	-230,	0,	-469,	48269,	149,	-58,	-139,	48249,	68,	-30,	-334,	
1,	11,	122547,	1.65255e+015,	0,	4,	8,	5,	1,	1,	0,	-1,	1.65255e+009,	-0.645539,	-0.540848,	-0.361547,	-0.0460768,	-0.787186,	-0.449144,	-0.0118008,	0.0899437,	-0.878389,	-0.434087,	-0.0134968,	-0.0155222,	-0.890087,	-0.612952,	-0.0160253,	-0.0583987,	-0.758778,	-0.619509,	-0.0174966,	-0.326894,	-0.3913,	0.59547,	-0.04704,	48249,	-231,	-1,	-469,	48279,	149,	-57,	-139,	48259,	68,	-31,	-334,	
1,	11,	122610,	1.65255e+015,	-3,	-5,	-2,	-1,	0,	-1,	-1,	-2,	1.65255e+009,	-0.645539,	-0.540848,	-0.361547,	-0.0460768,	-0.787186,	-0.449144,	-0.0118008,	0.0899437,	-0.878389,	-0.434087,	-0.0134968,	-0.0155222,	-0.890087,	-0.612952,	-0.0160253,	-0.0583987,	-0.758778,	-0.619509,	-0.0174966,	-0.326894,	-0.3913,	0.59547,	-0.04704,	48259,	-231,	-1,	-469,	48289,	150,	-56,	-139,	48269,	69,	-30,	-334,	
1,	11,	122688,	1.65255e+015,	-1,	-5,	-7,	-5,	-7,	-5,	0,	-2,	1.65255e+009,	-0.645539,	-0.540848,	-0.361547,	-0.0460768,	-0.787186,	-0.449144,	-0.0118008,	0.0899437,	-0.878389,	-0.434087,	-0.0134968,	-0.0155222,	-0.890087,	-0.612952,	-0.0160253,	-0.0583987,	-0.758778,	-0.619509,	-0.0174966,	-0.326894,	-0.3913,	0.59547,	-0.04704,	48269,	-230,	0,	-470,	48299,	149,	-56,	-139,	48279,	69,	-30,	-334,	
1,	11,	122766,	1.65255e+015,	1,	11,	4,	16,	3,	-1,	0,	0,	1.65255e+009,	-0.645539,	-0.540848,	-0.361547,	-0.0460768,	-0.787186,	-0.449144,	-0.0118008,	0.0899437,	-0.878389,	-0.434087,	-0.0134968,	-0.0155222,	-0.890087,	-0.612952,	-0.0160253,	-0.0583987,	-0.758778,	-0.619509,	-0.0174966,	-0.326894,	-0.3913,	0.59547,	-0.04704,	48279,	-230,	0,	-470,	48309,	149,	-56,	-138,	48289,	68,	-31,	-334,	
1,	11,	122829,	1.65255e+015,	-3,	0,	3,	-1,	-3,	-2,	-2,	-1,	1.65255e+009,	-0.645539,	-0.540848,	-0.361547,	-0.0460768,	-0.787186,	-0.449144,	-0.0118008,	0.0899437,	-0.878389,	-0.434087,	-0.0134968,	-0.0155222,	-0.890087,	-0.612952,	-0.0160253,	-0.0583987,	-0.758778,	-0.619509,	-0.0174966,	-0.326894,	-0.3913,	0.59547,	-0.04704,	48289,	-230,	-1,	-470,	48319,	150,	-56,	-138,	48299,	68,	-31,	-334,	
1,	11,	122907,	1.65255e+015,	-2,	0,	-1,	-15,	-1,	2,	1,	-1,	1.65255e+009,	-0.645539,	-0.540848,	-0.361547,	-0.0460768,	-0.787186,	-0.449144,	-0.0118008,	0.0899437,	-0.878389,	-0.434087,	-0.0134968,	-0.0155222,	-0.890087,	-0.612952,	-0.0160253,	-0.0583987,	-0.758778,	-0.619509,	-0.0174966,	-0.326894,	-0.3913,	0.59547,	-0.04704,	48299,	-229,	-1,	-470,	48329,	150,	-56,	-138,	48309,	69,	-30,	-333,	
1,	11,	122969,	1.65255e+015,	0,	-3,	-2,	2,	0,	0,	0,	1,	1.65255e+009,	-0.645539,	-0.540848,	-0.361547,	-0.0460768,	-0.787186,	-0.449144,	-0.0118008,	0.0899437,	-0.878389,	-0.434087,	-0.0134968,	-0.0155222,	-0.890087,	-0.612952,	-0.0160253,	-0.0583987,	-0.758778,	-0.619509,	-0.0174966,	-0.326894,	-0.3913,	0.59547,	-0.04704,	48309,	-231,	-1,	-469,	48339,	150,	-56,	-138,	48319,	68,	-30,	-333,	
1,	11,	123032,	1.65255e+015,	-2,	3,	9,	0,	-1,	-1,	-1,	-1,	1.65255e+009,	-0.645539,	-0.540848,	-0.361547,	-0.0460768,	-0.787186,	-0.449144,	-0.0118008,	0.0899437,	-0.878389,	-0.434087,	-0.0134968,	-0.0155222,	-0.890087,	-0.612952,	-0.0160253,	-0.0583987,	-0.758778,	-0.619509,	-0.0174966,	-0.326894,	-0.3913,	0.59547,	-0.04704,	48319,	-231,	0,	-469,	48349,	149,	-57,	-138,	48329,	68,	-30,	-333,	
1,	11,	123110,	1.65255e+015,	-2,	-3,	-7,	1,	2,	0,	0,	0,	1.65255e+009,	-0.645539,	-0.540848,	-0.361547,	-0.0460768,	-0.787186,	-0.449144,	-0.0118008,	0.0899437,	-0.878389,	-0.434087,	-0.0134968,	-0.0155222,	-0.890087,	-0.612952,	-0.0160253,	-0.0583987,	-0.758778,	-0.619509,	-0.0174966,	-0.326894,	-0.3913,	0.59547,	-0.04704,	48329,	-233,	0,	-469,	48359,	150,	-56,	-138,	48339,	67,	-30,	-333,	
1,	11,	123188,	1.65255e+015,	-4,	-7,	-27,	-14,	-4,	-2,	-2,	-2,	1.65255e+009,	-0.645539,	-0.540848,	-0.361547,	-0.0460768,	-0.787186,	-0.449144,	-0.0118008,	0.0899437,	-0.878389,	-0.434087,	-0.0134968,	-0.0155222,	-0.890087,	-0.612952,	-0.0160253,	-0.0583987,	-0.758778,	-0.619509,	-0.0174966,	-0.326894,	-0.3913,	0.59547,	-0.04704,	48339,	-230,	0,	-469,	48369,	150,	-55,	-138,	48349,	68,	-30,	-333,	
1,	11,	123266,	1.65255e+015,	1,	1,	-16,	-28,	-5,	0,	-1,	-1,	1.65255e+009,	-0.645539,	-0.540848,	-0.361547,	-0.0460768,	-0.787186,	-0.449144,	-0.0118008,	0.0899437,	-0.878389,	-0.434087,	-0.0134968,	-0.0155222,	-0.890087,	-0.612952,	-0.0160253,	-0.0583987,	-0.758778,	-0.619509,	-0.0174966,	-0.326894,	-0.3913,	0.59547,	-0.04704,	48349,	-230,	0,	-469,	48379,	149,	-56,	-138,	48359,	68,	-31,	-333,	
1,	11,	123329,	1.65255e+015,	1,	3,	0,	6,	-2,	0,	-1,	0,	1.65255e+009,	-0.645539,	-0.540848,	-0.361547,	-0.0460768,	-0.787186,	-0.449144,	-0.0118008,	0.0899437,	-0.878389,	-0.434087,	-0.0134968,	-0.0155222,	-0.890087,	-0.612952,	-0.0160253,	-0.0583987,	-0.758778,	-0.619509,	-0.0174966,	-0.326894,	-0.3913,	0.59547,	-0.04704,	48359,	-230,	-1,	-470,	48389,	149,	-56,	-138,	48369,	68,	-31,	-333,	
1,	11,	123407,	1.65255e+015,	-1,	-2,	-3,	-2,	-3,	-2,	-2,	-1,	1.65255e+009,	-0.645539,	-0.540848,	-0.361547,	-0.0460768,	-0.787186,	-0.449144,	-0.0118008,	0.0899437,	-0.878389,	-0.434087,	-0.0134968,	-0.0155222,	-0.890087,	-0.612952,	-0.0160253,	-0.0583987,	-0.758778,	-0.619509,	-0.0174966,	-0.326894,	-0.3913,	0.59547,	-0.04704,	48369,	-230,	0,	-470,	48399,	148,	-57,	-139,	48379,	68,	-30,	-334,	
1,	11,	123469,	1.65255e+015,	0,	2,	0,	1,	2,	2,	0,	1,	1.65255e+009,	-0.645539,	-0.540848,	-0.361547,	-0.0460768,	-0.787186,	-0.449144,	-0.0118008,	0.0899437,	-0.878389,	-0.434087,	-0.0134968,	-0.0155222,	-0.890087,	-0.612952,	-0.0160253,	-0.0583987,	-0.758778,	-0.619509,	-0.0174966,	-0.326894,	-0.3913,	0.59547,	-0.04704,	48379,	-230,	0,	-470,	48409,	148,	-55,	-139,	48389,	68,	-31,	-334,	
1,	11,	123547,	1.65255e+015,	-4,	-8,	-20,	-18,	-4,	-3,	-4,	-2,	1.65255e+009,	-0.645539,	-0.540848,	-0.361547,	-0.0460768,	-0.787186,	-0.449144,	-0.0118008,	0.0899437,	-0.878389,	-0.434087,	-0.0134968,	-0.0155222,	-0.890087,	-0.612952,	-0.0160253,	-0.0583987,	-0.758778,	-0.619509,	-0.0174966,	-0.326894,	-0.3913,	0.59547,	-0.04704,	48389,	-230,	1,	-470,	48419,	148,	-55,	-139,	48399,	68,	-30,	-334,	
1,	11,	123625,	1.65255e+015,	-1,	-5,	-3,	-19,	0,	1,	-1,	0,	1.65255e+009,	-0.645539,	-0.540848,	-0.361547,	-0.0460768,	-0.787186,	-0.449144,	-0.0118008,	0.0899437,	-0.878389,	-0.434087,	-0.0134968,	-0.0155222,	-0.890087,	-0.612952,	-0.0160253,	-0.0583987,	-0.758778,	-0.619509,	-0.0174966,	-0.326894,	-0.3913,	0.59547,	-0.04704,	48399,	-231,	0,	-470,	48429,	149,	-55,	-138,	48409,	68,	-30,	-334,	
1,	11,	123688,	1.65255e+015,	0,	0,	0,	2,	5,	2,	-2,	0,	1.65255e+009,	-0.645539,	-0.540848,	-0.361547,	-0.0460768,	-0.787186,	-0.449144,	-0.0118008,	0.0899437,	-0.878389,	-0.434087,	-0.0134968,	-0.0155222,	-0.890087,	-0.612952,	-0.0160253,	-0.0583987,	-0.758778,	-0.619509,	-0.0174966,	-0.326894,	-0.3913,	0.59547,	-0.04704,	48409,	-231,	1,	-469,	48439,	149,	-55,	-138,	48419,	68,	-30,	-333,	
1,	11,	123766,	1.65255e+015,	1,	2,	-2,	0,	-1,	-3,	0,	0,	1.65255e+009,	-0.645539,	-0.540848,	-0.361547,	-0.0460768,	-0.787186,	-0.449144,	-0.0118008,	0.0899437,	-0.878389,	-0.434087,	-0.0134968,	-0.0155222,	-0.890087,	-0.612952,	-0.0160253,	-0.0583987,	-0.758778,	-0.619509,	-0.0174966,	-0.326894,	-0.3913,	0.59547,	-0.04704,	48419,	-232,	0,	-468,	48449,	149,	-56,	-138,	48429,	68,	-30,	-333,	
1,	11,	123829,	1.65255e+015,	0,	6,	-1,	11,	1,	2,	0,	0,	1.65255e+009,	-0.645539,	-0.540848,	-0.361547,	-0.0460768,	-0.787186,	-0.449144,	-0.0118008,	0.0899437,	-0.878389,	-0.434087,	-0.0134968,	-0.0155222,	-0.890087,	-0.612952,	-0.0160253,	-0.0583987,	-0.758778,	-0.619509,	-0.0174966,	-0.326894,	-0.3913,	0.59547,	-0.04704,	48429,	-232,	0,	-469,	48459,	149,	-57,	-138,	48439,	68,	-31,	-333,	
1,	11,	123907,	1.65255e+015,	1,	-3,	-9,	-3,	1,	-2,	-1,	-1,	1.65255e+009,	-0.645539,	-0.540848,	-0.361547,	-0.0460768,	-0.787186,	-0.449144,	-0.0118008,	0.0899437,	-0.878389,	-0.434087,	-0.0134968,	-0.0155222,	-0.890087,	-0.612952,	-0.0160253,	-0.0583987,	-0.758778,	-0.619509,	-0.0174966,	-0.326894,	-0.3913,	0.59547,	-0.04704,	48439,	-230,	0,	-469,	48469,	149,	-57,	-138,	48449,	68,	-29,	-333,	
1,	11,	123985,	1.65255e+015,	1,	2,	-9,	5,	2,	1,	1,	-1,	1.65255e+009,	-0.645539,	-0.540848,	-0.361547,	-0.0460768,	-0.787186,	-0.449144,	-0.0118008,	0.0899437,	-0.878389,	-0.434087,	-0.0134968,	-0.0155222,	-0.890087,	-0.612952,	-0.0160253,	-0.0583987,	-0.758778,	-0.619509,	-0.0174966,	-0.326894,	-0.3913,	0.59547,	-0.04704,	48449,	-231,	0,	-468,	48479,	150,	-55,	-138,	48459,	68,	-31,	-333,	
1,	11,	124063,	1.65255e+015,	0,	1,	-1,	10,	1,	-1,	1,	2,	1.65255e+009,	-0.645539,	-0.540848,	-0.361547,	-0.0460768,	-0.787186,	-0.449144,	-0.0118008,	0.0899437,	-0.878389,	-0.434087,	-0.0134968,	-0.0155222,	-0.890087,	-0.612952,	-0.0160253,	-0.0583987,	-0.758778,	-0.619509,	-0.0174966,	-0.326894,	-0.3913,	0.59547,	-0.04704,	48459,	-232,	-1,	-468,	48489,	149,	-56,	-138,	48469,	68,	-31,	-333,	
1,	11,	124141,	1.65255e+015,	-5,	-2,	-9,	-5,	-4,	-3,	-2,	-2,	1.65255e+009,	-0.645539,	-0.540848,	-0.361547,	-0.0460768,	-0.787186,	-0.449144,	-0.0118008,	0.0899437,	-0.878389,	-0.434087,	-0.0134968,	-0.0155222,	-0.890087,	-0.612952,	-0.0160253,	-0.0583987,	-0.758778,	-0.619509,	-0.0174966,	-0.326894,	-0.3913,	0.59547,	-0.04704,	48469,	-231,	0,	-468,	48499,	149,	-57,	-138,	48479,	68,	-31,	-333,	
2,	11,	124235,	1.65255e+015,	-3,	-5,	-3,	-9,	1,	0,	0,	-1,	1.65255e+009,	-0.645539,	-0.540848,	-0.361547,	-0.0460768,	-0.787186,	-0.449144,	-0.0118008,	0.0899437,	-0.878389,	-0.434087,	-0.0134968,	-0.0155222,	-0.890087,	-0.612952,	-0.0160253,	-0.0583987,	-0.758778,	-0.619509,	-0.0174966,	-0.326894,	-0.3913,	0.59547,	-0.04704,	48479,	-232,	0,	-469,	48509,	148,	-57,	-138,	48489,	68,	-31,	-334,	
2,	11,	124313,	1.65255e+015,	2,	0,	-1,	-1,	2,	-1,	0,	1,	1.65255e+009,	-0.645539,	-0.540848,	-0.361547,	-0.0460768,	-0.787186,	-0.449144,	-0.0118008,	0.0899437,	-0.878389,	-0.434087,	-0.0134968,	-0.0155222,	-0.890087,	-0.612952,	-0.0160253,	-0.0583987,	-0.758778,	-0.619509,	-0.0174966,	-0.326894,	-0.3913,	0.59547,	-0.04704,	48489,	-230,	0,	-469,	48519,	149,	-56,	-138,	48499,	69,	-30,	-333,	
2,	11,	124391,	1.65255e+015,	-3,	-11,	-12,	-3,	-4,	-2,	0,	-1,	1.65255e+009,	-0.645539,	-0.540848,	-0.361547,	-0.0460768,	-0.787186,	-0.449144,	-0.0118008,	0.0899437,	-0.878389,	-0.434087,	-0.0134968,	-0.0155222,	-0.890087,	-0.612952,	-0.0160253,	-0.0583987,	-0.758778,	-0.619509,	-0.0174966,	-0.326894,	-0.3913,	0.59547,	-0.04704,	48499,	-231,	-2,	-469,	48529,	150,	-57,	-138,	48509,	68,	-31,	-334,	
2,	11,	124469,	1.65255e+015,	-2,	0,	10,	-5,	-4,	-3,	0,	-1,	1.65255e+009,	-0.645539,	-0.540848,	-0.361547,	-0.0460768,	-0.787186,	-0.449144,	-0.0118008,	0.0899437,	-0.878389,	-0.434087,	-0.0134968,	-0.0155222,	-0.890087,	-0.612952,	-0.0160253,	-0.0583987,	-0.758778,	-0.619509,	-0.0174966,	-0.326894,	-0.3913,	0.59547,	-0.04704,	48509,	-229,	-1,	-470,	48539,	149,	-57,	-138,	48519,	69,	-30,	-334,	
2,	11,	124547,	1.65255e+015,	-1,	1,	1,	-4,	1,	-4,	-1,	-1,	1.65255e+009,	-0.645539,	-0.540848,	-0.361547,	-0.0460768,	-0.787186,	-0.449144,	-0.0118008,	0.0899437,	-0.878389,	-0.434087,	-0.0134968,	-0.0155222,	-0.890087,	-0.612952,	-0.0160253,	-0.0583987,	-0.758778,	-0.619509,	-0.0174966,	-0.326894,	-0.3913,	0.59547,	-0.04704,	48519,	-229,	0,	-471,	48549,	150,	-57,	-139,	48529,	68,	-30,	-334,	
2,	11,	124625,	1.65255e+015,	-1,	-3,	-5,	1,	-1,	-1,	-1,	0,	1.65255e+009,	-0.645539,	-0.540848,	-0.361547,	-0.0460768,	-0.787186,	-0.449144,	-0.0118008,	0.0899437,	-0.878389,	-0.434087,	-0.0134968,	-0.0155222,	-0.890087,	-0.612952,	-0.0160253,	-0.0583987,	-0.758778,	-0.619509,	-0.0174966,	-0.326894,	-0.3913,	0.59547,	-0.04704,	48529,	-228,	-1,	-472,	48559,	150,	-57,	-139,	48539,	69,	-29,	-334,	
2,	11,	124704,	1.65255e+015,	0,	1,	-5,	-5,	0,	-2,	-1,	-1,	1.65255e+009,	-0.645539,	-0.540848,	-0.361547,	-0.0460768,	-0.787186,	-0.449144,	-0.0118008,	0.0899437,	-0.878389,	-0.434087,	-0.0134968,	-0.0155222,	-0.890087,	-0.612952,	-0.0160253,	-0.0583987,	-0.758778,	-0.619509,	-0.0174966,	-0.326894,	-0.3913,	0.59547,	-0.04704,	48539,	-229,	-1,	-472,	48569,	150,	-56,	-140,	48549,	69,	-30,	-334,	
2,	11,	124782,	1.65255e+015,	1,	-1,	4,	-3,	1,	-2,	-1,	-1,	1.65255e+009,	-0.585419,	-0.540848,	-0.361547,	-0.0460768,	-0.787186,	-0.449144,	-0.0118008,	0.0966155,	-0.878389,	-0.434087,	-0.0134968,	-0.0177224,	-0.890087,	-0.612952,	-0.0160253,	-0.0605989,	-0.758778,	-0.619509,	-0.0174966,	-0.329095,	-0.3913,	0.59547,	-0.04704,	48549,	-229,	0,	-472,	48579,	151,	-56,	-140,	48559,	69,	-30,	-334,	
2,	11,	124860,	1.65255e+015,	0,	-8,	8,	5,	0,	-3,	-4,	-1,	1.65255e+009,	-0.510269,	-0.540848,	-0.361547,	-0.0460768,	-0.787186,	-0.449144,	-0.0118008,	0.0966155,	-0.878389,	-0.434087,	-0.0134968,	-0.0177224,	-0.890087,	-0.612952,	-0.0160253,	-0.0605989,	-0.758778,	-0.619509,	-0.0174966,	-0.329095,	-0.3913,	0.59547,	-0.04704,	48559,	-229,	0,	-471,	48589,	150,	-56,	-139,	48569,	70,	-29,	-334,	
2,	11,	124938,	1.65255e+015,	9,	2,	36,	21,	2,	2,	5,	12,	1.65255e+009,	-0.344939,	-0.121968,	-0.212966,	-0.0904288,	-0.787186,	-0.449144,	-0.0118008,	0.0966155,	-0.878389,	-0.434087,	-0.0134968,	-0.0177224,	-0.890087,	-0.612952,	-0.0160253,	-0.0605989,	-0.758778,	-0.619509,	-0.0174966,	-0.329095,	-0.3913,	0.59547,	-0.04704,	48569,	-229,	0,	-472,	48599,	150,	-56,	-139,	48579,	69,	-30,	-334,	
2,	11,	125016,	1.65255e+015,	3,	-17,	-19,	-7,	-2,	-3,	-2,	-1,	1.65255e+009,	-0.0593685,	0.346192,	-0.0643851,	-0.193917,	-0.787186,	-0.449144,	-0.0118008,	0.0966155,	-0.878389,	-0.434087,	-0.0134968,	-0.0177224,	-0.890087,	-0.612952,	-0.0160253,	-0.0605989,	-0.758778,	-0.619509,	-0.0174966,	-0.329095,	-0.3094,	0.59547,	-0.04704,	48579,	-228,	0,	-472,	48609,	150,	-56,	-139,	48589,	70,	-29,	-334,	
2,	11,	125094,	1.65255e+015,	-11,	-27,	-6,	-7,	-4,	-2,	0,	1,	1.65255e+009,	0.0157815,	0.444752,	-0.0643851,	-0.272765,	-0.723122,	-0.449144,	-0.0118008,	0.0966155,	-0.878389,	-0.434087,	-0.0134968,	-0.0177224,	-0.890087,	-0.612952,	-0.0160253,	-0.0605989,	-0.758778,	-0.619509,	-0.0174966,	-0.329095,	-0.3094,	0.59547,	-0.04704,	48589,	-229,	0,	-473,	48619,	149,	-56,	-140,	48599,	69,	-30,	-334,	
2,	11,	125172,	1.65255e+015,	2,	3,	6,	1,	2,	3,	1,	-6,	1.65255e+009,	0.0759015,	0.444752,	-0.0643851,	-0.326973,	-0.723122,	-0.449144,	-0.0118008,	0.104955,	-0.878389,	-0.434087,	-0.0134968,	-0.0204727,	-0.890087,	-0.612952,	-0.0160253,	-0.0633492,	-0.758778,	-0.619509,	-0.0174966,	-0.331845,	-0.2639,	0.59547,	-0.04704,	48599,	-227,	0,	-473,	48629,	150,	-55,	-140,	48609,	70,	-29,	-334,	
2,	11,	125250,	1.65255e+015,	-4,	10,	-3,	0,	-1,	-3,	-2,	-3,	1.65255e+009,	0.0759015,	0.444752,	-0.0643851,	-0.326973,	-0.723122,	-0.449144,	-0.0118008,	0.104955,	-0.878389,	-0.434087,	-0.0134968,	-0.0204727,	-0.890087,	-0.612952,	-0.0160253,	-0.0633492,	-0.758778,	-0.619509,	-0.0174966,	-0.331845,	-0.2639,	0.59547,	-0.04704,	48609,	-227,	0,	-474,	48639,	150,	-55,	-140,	48619,	69,	-29,	-335,	
2,	11,	125329,	1.65255e+015,	-4,	1,	-7,	-4,	-2,	-2,	-1,	6,	1.65255e+009,	0.151051,	0.444752,	-0.0643851,	-0.346685,	-0.723122,	-0.449144,	-0.0118008,	0.104955,	-0.878389,	-0.434087,	-0.0134968,	-0.0204727,	-0.890087,	-0.612952,	-0.0160253,	-0.0633492,	-0.758778,	-0.619509,	-0.0174966,	-0.331845,	-0.2639,	0.59547,	-0.04704,	48619,	-228,	0,	-474,	48649,	149,	-55,	-141,	48629,	69,	-30,	-335,	
2,	11,	125407,	1.65255e+015,	0,	-1,	-28,	-20,	-4,	-2,	-2,	4,	1.65255e+009,	0.151051,	0.444752,	-0.0643851,	-0.346685,	-0.723122,	-0.449144,	-0.0118008,	0.104955,	-0.878389,	-0.434087,	-0.0134968,	-0.0204727,	-0.890087,	-0.612952,	-0.0160253,	-0.0633492,	-0.758778,	-0.619509,	-0.0174966,	-0.331845,	-0.2639,	0.59547,	-0.04704,	48629,	-227,	0,	-474,	48659,	149,	-56,	-141,	48639,	69,	-29,	-335,	
2,	11,	125485,	1.65255e+015,	-8,	-1,	-4,	-2,	0,	-1,	-2,	-10,	1.65255e+009,	0.151051,	0.444752,	-0.0643851,	-0.346685,	-0.723122,	-0.449144,	-0.0118008,	0.104955,	-0.878389,	-0.434087,	-0.0134968,	-0.0204727,	-0.890087,	-0.612952,	-0.0160253,	-0.0633492,	-0.758778,	-0.619509,	-0.0174966,	-0.331845,	-0.2639,	0.59547,	-0.04704,	48639,	-227,	0,	-475,	48669,	149,	-55,	-140,	48649,	69,	-30,	-335,	
2,	11,	125563,	1.65255e+015,	-3,	-6,	8,	-1,	0,	-2,	0,	-4,	1.65255e+009,	0.151051,	0.444752,	-0.0643851,	-0.371325,	-0.723122,	-0.449144,	-0.0118008,	0.104955,	-0.878389,	-0.434087,	-0.0134968,	-0.0204727,	-0.890087,	-0.612952,	-0.0160253,	-0.0633492,	-0.758778,	-0.619509,	-0.0174966,	-0.331845,	-0.3003,	0.59547,	-0.04704,	48649,	-226,	0,	-476,	48679,	150,	-56,	-140,	48659,	70,	-29,	-335,	
2,	11,	125641,	1.65255e+015,	14,	6,	4,	2,	0,	-1,	1,	4,	1.65255e+009,	0.151051,	0.444752,	-0.0643851,	-0.371325,	-0.723122,	-0.449144,	-0.0118008,	0.104955,	-0.878389,	-0.434087,	-0.0134968,	-0.0204727,	-0.890087,	-0.612952,	-0.0160253,	-0.0633492,	-0.758778,	-0.619509,	-0.0174966,	-0.331845,	-0.3003,	0.59547,	-0.04704,	48659,	-227,	-1,	-476,	48689,	150,	-55,	-140,	48669,	69,	-29,	-335,	
2,	11,	125719,	1.65255e+015,	-4,	-21,	-10,	-7,	-4,	-4,	-5,	-4,	1.65255e+009,	0.151051,	0.444752,	-0.0643851,	-0.371325,	-0.723122,	-0.449144,	-0.0118008,	0.104955,	-0.878389,	-0.434087,	-0.0134968,	-0.0204727,	-0.890087,	-0.612952,	-0.0160253,	-0.0633492,	-0.758778,	-0.619509,	-0.0174966,	-0.331845,	-0.3003,	0.59547,	-0.04704,	48669,	-227,	-1,	-476,	48699,	149,	-56,	-140,	48679,	70,	-29,	-336,	
2,	11,	125797,	1.65255e+015,	0,	6,	11,	7,	1,	0,	1,	-3,	1.65255e+009,	0.151051,	0.444752,	-0.0643851,	-0.371325,	-0.723122,	-0.449144,	-0.0118008,	0.104955,	-0.878389,	-0.434087,	-0.0134968,	-0.0204727,	-0.890087,	-0.612952,	-0.0160253,	-0.0633492,	-0.758778,	-0.619509,	-0.0174966,	-0.331845,	-0.3003,	0.59547,	-0.04704,	48679,	-226,	0,	-476,	48709,	150,	-56,	-140,	48689,	70,	-29,	-335,	
2,	11,	125875,	1.65255e+015,	2,	0,	-5,	-8,	1,	3,	3,	3,	1.65255e+009,	0.151051,	0.444752,	-0.0643851,	-0.371325,	-0.723122,	-0.449144,	-0.0118008,	0.104955,	-0.878389,	-0.434087,	-0.0134968,	-0.0204727,	-0.890087,	-0.612952,	-0.0160253,	-0.0633492,	-0.758778,	-0.619509,	-0.0174966,	-0.331845,	-0.3003,	0.59547,	-0.04704,	48689,	-227,	0,	-475,	48719,	150,	-56,	-141,	48699,	70,	-30,	-335,	
2,	11,	125954,	1.65255e+015,	-9,	0,	-2,	-1,	0,	0,	-1,	1,	1.65255e+009,	0.151051,	0.444752,	-0.0643851,	-0.371325,	-0.723122,	-0.449144,	-0.0118008,	0.104955,	-0.878389,	-0.434087,	-0.0134968,	-0.0204727,	-0.890087,	-0.612952,	-0.0160253,	-0.0633492,	-0.758778,	-0.619509,	-0.0174966,	-0.331845,	-0.3003,	0.59547,	-0.04704,	48699,	-227,	0,	-475,	48729,	149,	-56,	-140,	48709,	70,	-29,	-335,	
2,	11,	126032,	1.65255e+015,	10,	-13,	-3,	-3,	0,	-1,	1,	4,	1.65255e+009,	0.151051,	0.444752,	-0.0643851,	-0.371325,	-0.723122,	-0.449144,	-0.0118008,	0.104955,	-0.878389,	-0.434087,	-0.0134968,	-0.0204727,	-0.890087,	-0.612952,	-0.0160253,	-0.0633492,	-0.758778,	-0.619509,	-0.0174966,	-0.331845,	-0.3003,	0.59547,	-0.04704,	48709,	-228,	0,	-475,	48739,	150,	-56,	-140,	48719,	69,	-29,	-335,	
2,	11,	126110,	1.65255e+015,	9,	-3,	0,	3,	-2,	-3,	1,	10,	1.65255e+009,	0.151051,	0.444752,	-0.0643851,	-0.371325,	-0.723122,	-0.449144,	-0.0118008,	0.104955,	-0.878389,	-0.434087,	-0.0134968,	-0.0204727,	-0.890087,	-0.612952,	-0.0160253,	-0.0633492,	-0.758778,	-0.619509,	-0.0174966,	-0.331845,	-0.3367,	0.59547,	-0.04704,	48719,	-228,	0,	-474,	48749,	150,	-56,	-140,	48729,	70,	-29,	-335,	
2,	11,	126188,	1.65255e+015,	-5,	-7,	-4,	-3,	-1,	-1,	-1,	-2,	1.65255e+009,	0.151051,	0.444752,	-0.0643851,	-0.371325,	-0.723122,	-0.449144,	-0.0118008,	0.104955,	-0.878389,	-0.434087,	-0.0134968,	-0.0204727,	-0.890087,	-0.612952,	-0.0160253,	-0.0633492,	-0.758778,	-0.619509,	-0.0174966,	-0.331845,	-0.3367,	0.59547,	-0.04704,	48729,	-228,	0,	-474,	48759,	150,	-56,	-140,	48739,	69,	-30,	-335,	
2,	11,	126266,	1.65255e+015,	6,	-3,	5,	4,	1,	1,	0,	2,	1.65255e+009,	0.151051,	0.444752,	-0.0643851,	-0.371325,	-0.723122,	-0.449144,	-0.0118008,	0.104955,	-0.878389,	-0.434087,	-0.0134968,	-0.0204727,	-0.890087,	-0.612952,	-0.0160253,	-0.0633492,	-0.758778,	-0.619509,	-0.0174966,	-0.331845,	-0.3367,	0.59547,	-0.04704,	48739,	-228,	0,	-474,	48769,	149,	-55,	-140,	48749,	69,	-30,	-335,	
2,	11,	126344,	1.65255e+015,	3,	9,	-3,	-3,	-2,	-1,	2,	1,	1.65255e+009,	0.151051,	0.444752,	-0.0643851,	-0.371325,	-0.723122,	-0.449144,	-0.0118008,	0.104955,	-0.878389,	-0.434087,	-0.0134968,	-0.0204727,	-0.890087,	-0.612952,	-0.0160253,	-0.0633492,	-0.758778,	-0.619509,	-0.0174966,	-0.331845,	-0.3367,	0.59547,	-0.04704,	48749,	-228,	-1,	-474,	48779,	149,	-56,	-140,	48759,	69,	-29,	-335,	
2,	11,	126422,	1.65255e+015,	-5,	2,	8,	-1,	0,	-1,	-1,	-2,	1.65255e+009,	0.151051,	0.444752,	-0.0643851,	-0.371325,	-0.723122,	-0.449144,	-0.0118008,	0.104955,	-0.878389,	-0.434087,	-0.0134968,	-0.0204727,	-0.890087,	-0.612952,	-0.0160253,	-0.0633492,	-0.758778,	-0.619509,	-0.0174966,	-0.331845,	-0.3367,	0.59547,	-0.04704,	48759,	-227,	-1,	-474,	48789,	150,	-56,	-140,	48769,	69,	-30,	-335,	
2,	11,	126500,	1.65255e+015,	8,	6,	7,	2,	0,	0,	0,	1,	1.65255e+009,	0.151051,	0.444752,	-0.0643851,	-0.371325,	-0.723122,	-0.449144,	-0.0118008,	0.104955,	-0.878389,	-0.434087,	-0.0134968,	-0.0204727,	-0.890087,	-0.612952,	-0.0160253,	-0.0633492,	-0.758778,	-0.619509,	-0.0174966,	-0.331845,	-0.3367,	0.59547,	-0.04704,	48769,	-227,	0,	-474,	48799,	150,	-56,	-140,	48779,	70,	-29,	-335,	
2,	11,	126579,	1.65255e+015,	6,	-7,	2,	4,	0,	-1,	-2,	3,	1.65255e+009,	0.151051,	0.444752,	-0.0643851,	-0.371325,	-0.723122,	-0.449144,	-0.0118008,	0.104955,	-0.878389,	-0.434087,	-0.0134968,	-0.0204727,	-0.890087,	-0.612952,	-0.0160253,	-0.0633492,	-0.758778,	-0.619509,	-0.0174966,	-0.331845,	-0.3367,	0.59547,	-0.04704,	48779,	-227,	0,	-475,	48809,	149,	-55,	-140,	48789,	70,	-29,	-335,	
2,	11,	126657,	1.65255e+015,	9,	0,	-5,	-2,	-2,	-2,	2,	6,	1.65255e+009,	0.151051,	0.444752,	-0.0643851,	-0.371325,	-0.723122,	-0.449144,	-0.0118008,	0.104955,	-0.878389,	-0.434087,	-0.0134968,	-0.0204727,	-0.890087,	-0.612952,	-0.0160253,	-0.0633492,	-0.758778,	-0.619509,	-0.0174966,	-0.331845,	-0.3367,	0.59547,	-0.04704,	48789,	-226,	0,	-476,	48819,	150,	-55,	-141,	48799,	70,	-30,	-336,	
2,	11,	126735,	1.65255e+015,	8,	-4,	0,	-2,	-2,	0,	-1,	-1,	1.65255e+009,	0.151051,	0.444752,	-0.0643851,	-0.371325,	-0.723122,	-0.449144,	-0.0118008,	0.104955,	-0.878389,	-0.434087,	-0.0134968,	-0.0204727,	-0.890087,	-0.612952,	-0.0160253,	-0.0633492,	-0.758778,	-0.619509,	-0.0174966,	-0.331845,	-0.3367,	0.59547,	-0.04704,	48799,	-225,	-1,	-477,	48829,	150,	-55,	-141,	48809,	70,	-29,	-336,	
2,	11,	126813,	1.65255e+015,	1,	0,	6,	11,	-1,	0,	-1,	-1,	1.65255e+009,	0.151051,	0.444752,	-0.0643851,	-0.371325,	-0.723122,	-0.449144,	-0.0118008,	0.104955,	-0.878389,	-0.434087,	-0.0134968,	-0.0204727,	-0.890087,	-0.612952,	-0.0160253,	-0.0633492,	-0.758778,	-0.619509,	-0.0174966,	-0.331845,	-0.3367,	0.59547,	-0.04704,	48809,	-225,	-1,	-477,	48839,	150,	-55,	-141,	48819,	70,	-29,	-336,	
2,	11,	126891,	1.65255e+015,	3,	7,	-14,	-7,	-2,	-2,	-2,	-1,	1.65255e+009,	0.151051,	0.444752,	-0.0643851,	-0.371325,	-0.723122,	-0.449144,	-0.0118008,	0.104955,	-0.878389,	-0.434087,	-0.0134968,	-0.0204727,	-0.890087,	-0.612952,	-0.0160253,	-0.0633492,	-0.758778,	-0.619509,	-0.0174966,	-0.331845,	-0.3367,	0.59547,	-0.04704,	48819,	-225,	0,	-478,	48849,	150,	-55,	-141,	48829,	70,	-28,	-336,	
2,	11,	126969,	1.65255e+015,	-1,	-7,	-2,	-1,	2,	1,	0,	0,	1.65255e+009,	0.151051,	0.444752,	-0.0643851,	-0.371325,	-0.723122,	-0.449144,	-0.0118008,	0.104955,	-0.878389,	-0.434087,	-0.0134968,	-0.0204727,	-0.890087,	-0.612952,	-0.0160253,	-0.0633492,	-0.758778,	-0.619509,	-0.0174966,	-0.331845,	-0.3367,	0.59547,	-0.04704,	48829,	-224,	0,	-479,	48859,	151,	-55,	-141,	48839,	70,	-29,	-337,	
2,	11,	127047,	1.65255e+015,	0,	3,	4,	4,	-1,	1,	2,	2,	1.65255e+009,	0.151051,	0.444752,	-0.0643851,	-0.371325,	-0.723122,	-0.449144,	-0.0118008,	0.104955,	-0.878389,	-0.434087,	-0.0134968,	-0.0204727,	-0.890087,	-0.612952,	-0.0160253,	-0.0633492,	-0.758778,	-0.619509,	-0.0174966,	-0.331845,	-0.3367,	0.59547,	-0.04704,	48839,	-223,	0,	-479,	48869,	151,	-55,	-141,	48849,	70,	-28,	-337,	
2,	11,	127125,	1.65255e+015,	1,	-16,	-14,	-11,	-3,	0,	0,	7,	1.65255e+009,	0.151051,	0.444752,	-0.0643851,	-0.371325,	-0.723122,	-0.449144,	-0.0118008,	0.104955,	-0.878389,	-0.434087,	-0.0134968,	-0.0204727,	-0.890087,	-0.612952,	-0.0160253,	-0.0633492,	-0.758778,	-0.619509,	-0.0174966,	-0.331845,	-0.3367,	0.59547,	-0.04704,	48849,	-223,	0,	-478,	48879,	150,	-57,	-141,	48859,	69,	-28,	-336,	
2,	11,	127204,	1.65255e+015,	4,	0,	-5,	0,	0,	-1,	-3,	0,	1.65255e+009,	0.151051,	0.444752,	-0.0643851,	-0.371325,	-0.723122,	-0.449144,	-0.0118008,	0.104955,	-0.878389,	-0.434087,	-0.0134968,	-0.0204727,	-0.890087,	-0.612952,	-0.0160253,	-0.0633492,	-0.758778,	-0.619509,	-0.0174966,	-0.331845,	-0.3367,	0.59547,	-0.04704,	48859,	-224,	-1,	-477,	48889,	149,	-55,	-141,	48869,	70,	-29,	-336,	
2,	11,	127282,	1.65255e+015,	-2,	3,	3,	-1,	-2,	0,	0,	-6,	1.65255e+009,	0.151051,	0.444752,	-0.0643851,	-0.371325,	-0.723122,	-0.449144,	-0.0118008,	0.104955,	-0.878389,	-0.434087,	-0.0134968,	-0.0204727,	-0.890087,	-0.612952,	-0.0160253,	-0.0633492,	-0.758778,	-0.619509,	-0.0174966,	-0.331845,	-0.3367,	0.59547,	-0.04704,	48869,	-225,	0,	-476,	48899,	149,	-56,	-140,	48879,	69,	-29,	-336,	
2,	11,	127360,	1.65255e+015,	4,	8,	9,	8,	0,	-1,	0,	2,	1.65255e+009,	0.151051,	0.444752,	-0.0643851,	-0.371325,	-0.723122,	-0.449144,	-0.0118008,	0.104955,	-0.878389,	-0.434087,	-0.0134968,	-0.0204727,	-0.890087,	-0.612952,	-0.0160253,	-0.0633492,	-0.758778,	-0.619509,	-0.0174966,	-0.331845,	-0.3367,	0.59547,	-0.04704,	48879,	-226,	-1,	-475,	48909,	148,	-56,	-140,	48889,	68,	-30,	-336,	
2,	11,	127438,	1.65255e+015,	0,	-9,	-1,	0,	-1,	-2,	0,	1,	1.65255e+009,	0.151051,	0.444752,	-0.0643851,	-0.371325,	-0.723122,	-0.449144,	-0.0118008,	0.104955,	-0.878389,	-0.434087,	-0.0134968,	-0.0204727,	-0.890087,	-0.612952,	-0.0160253,	-0.0633492,	-0.758778,	-0.619509,	-0.0174966,	-0.331845,	-0.3367,	0.59547,	-0.04704,	48889,	-225,	0,	-474,	48919,	148,	-56,	-139,	48899,	70,	-30,	-335,	
2,	11,	127516,	1.65255e+015,	0,	-4,	-5,	-2,	-3,	-3,	-2,	-2,	1.65255e+009,	0.151051,	0.444752,	-0.0643851,	-0.371325,	-0.723122,	-0.449144,	-0.0118008,	0.104955,	-0.878389,	-0.434087,	-0.0134968,	-0.0204727,	-0.890087,	-0.612952,	-0.0160253,	-0.0633492,	-0.758778,	-0.619509,	-0.0174966,	-0.331845,	-0.3367,	0.59547,	-0.04704,	48899,	-226,	-1,	-474,	48929,	150,	-56,	-139,	48909,	70,	-31,	-335,	
2,	11,	127594,	1.65255e+015,	-6,	-6,	2,	-1,	1,	1,	1,	0,	1.65255e+009,	0.151051,	0.444752,	-0.0643851,	-0.371325,	-0.723122,	-0.449144,	-0.0118008,	0.104955,	-0.878389,	-0.434087,	-0.0134968,	-0.0204727,	-0.890087,	-0.612952,	-0.0160253,	-0.0633492,	-0.758778,	-0.619509,	-0.0174966,	-0.331845,	-0.3367,	0.59547,	-0.04704,	48909,	-225,	-1,	-473,	48939,	150,	-56,	-139,	48919,	70,	-30,	-335,	
2,	11,	127672,	1.65255e+015,	-10,	-1,	-3,	-6,	-2,	-2,	-1,	5,	1.65255e+009,	0.151051,	0.444752,	-0.0643851,	-0.371325,	-0.723122,	-0.449144,	-0.0118008,	0.104955,	-0.878389,	-0.434087,	-0.0134968,	-0.0204727,	-0.890087,	-0.612952,	-0.0160253,	-0.0633492,	-0.758778,	-0.619509,	-0.0174966,	-0.331845,	-0.3367,	0.59547,	-0.04704,	48919,	-227,	-1,	-473,	48949,	149,	-56,	-139,	48929,	68,	-30,	-335,	
2,	11,	127750,	1.65255e+015,	1,	5,	7,	4,	1,	0,	0,	3,	1.65255e+009,	0.151051,	0.444752,	-0.0643851,	-0.371325,	-0.723122,	-0.449144,	-0.0118008,	0.104955,	-0.878389,	-0.434087,	-0.0134968,	-0.0204727,	-0.890087,	-0.612952,	-0.0160253,	-0.0633492,	-0.758778,	-0.619509,	-0.0174966,	-0.331845,	-0.3367,	0.59547,	-0.04704,	48929,	-227,	-1,	-473,	48959,	149,	-56,	-139,	48939,	69,	-30,	-335,	
2,	11,	127829,	1.65255e+015,	13,	2,	-1,	-4,	0,	2,	3,	2,	1.65255e+009,	0.151051,	0.444752,	-0.0643851,	-0.371325,	-0.723122,	-0.449144,	-0.0118008,	0.104955,	-0.878389,	-0.434087,	-0.0134968,	-0.0204727,	-0.890087,	-0.612952,	-0.0160253,	-0.0633492,	-0.758778,	-0.619509,	-0.0174966,	-0.331845,	-0.3367,	0.59547,	-0.04704,	48939,	-227,	0,	-473,	48969,	150,	-56,	-139,	48949,	69,	-30,	-334,	
2,	11,	127907,	1.65255e+015,	-1,	-4,	-8,	-5,	1,	1,	-1,	-2,	1.65255e+009,	0.151051,	0.444752,	-0.0643851,	-0.346685,	-0.723122,	-0.449144,	-0.0118008,	0.104955,	-0.878389,	-0.434087,	-0.0134968,	-0.0204727,	-0.890087,	-0.612952,	-0.0160253,	-0.0633492,	-0.758778,	-0.619509,	-0.0174966,	-0.331845,	-0.3367,	0.59547,	-0.04704,	48949,	-227,	-1,	-472,	48979,	150,	-56,	-138,	48959,	69,	-30,	-334,	
2,	11,	127985,	1.65255e+015,	0,	2,	0,	-1,	-1,	-1,	-1,	-3,	1.65255e+009,	0.151051,	0.444752,	-0.0643851,	-0.346685,	-0.723122,	-0.449144,	-0.0118008,	0.104955,	-0.878389,	-0.434087,	-0.0134968,	-0.0204727,	-0.890087,	-0.612952,	-0.0160253,	-0.0633492,	-0.758778,	-0.619509,	-0.0174966,	-0.331845,	-0.3367,	0.59547,	-0.04704,	48959,	-227,	-1,	-471,	48989,	150,	-57,	-138,	48969,	69,	-30,	-334,	
2,	11,	128063,	1.65255e+015,	1,	9,	-1,	-5,	-1,	-2,	-1,	0,	1.65255e+009,	-0.0142785,	0.346192,	-0.0643851,	-0.262909,	-0.723122,	-0.449144,	-0.0118008,	0.104955,	-0.878389,	-0.434087,	-0.0134968,	-0.0204727,	-0.890087,	-0.612952,	-0.0160253,	-0.0633492,	-0.758778,	-0.619509,	-0.0174966,	-0.331845,	-0.3367,	0.59547,	-0.04704,	48969,	-228,	0,	-470,	48999,	149,	-56,	-138,	48979,	68,	-31,	-334,	
2,	11,	128141,	1.65255e+015,	0,	-2,	-1,	-3,	0,	-1,	2,	-2,	1.65255e+009,	-0.0743985,	0.222992,	-0.0643851,	-0.233341,	-0.723122,	-0.449144,	-0.0118008,	0.104955,	-0.878389,	-0.434087,	-0.0134968,	-0.0204727,	-0.890087,	-0.612952,	-0.0160253,	-0.0633492,	-0.758778,	-0.619509,	-0.0174966,	-0.331845,	-0.3367,	0.59547,	-0.04704,	48979,	-227,	0,	-470,	49009,	150,	-57,	-138,	48989,	70,	-30,	-334,	
2,	11,	128219,	1.65255e+015,	0,	2,	-1,	4,	-3,	-3,	-1,	-2,	1.65255e+009,	-0.420089,	0.0505121,	-0.130421,	-0.100285,	-0.723122,	-0.449144,	-0.0118008,	0.104955,	-0.878389,	-0.434087,	-0.0134968,	-0.0204727,	-0.890087,	-0.612952,	-0.0160253,	-0.0633492,	-0.758778,	-0.619509,	-0.0174966,	-0.337759,	-0.3367,	0.59547,	-0.04704,	48989,	-228,	0,	-470,	49019,	150,	-57,	-138,	48999,	69,	-29,	-334,	
2,	11,	128297,	1.65255e+015,	-1,	2,	0,	-4,	-1,	3,	4,	2,	1.65255e+009,	-0.510269,	-0.220528,	-0.279002,	-0.0756448,	-0.723122,	-0.449144,	-0.0118008,	0.104955,	-0.878389,	-0.434087,	-0.0134968,	-0.0204727,	-0.890087,	-0.612952,	-0.0160253,	-0.0633492,	-0.758778,	-0.619509,	-0.0174966,	-0.337759,	-0.3367,	0.59547,	-0.04704,	48999,	-228,	0,	-470,	49029,	149,	-57,	-138,	49009,	69,	-30,	-334,	
2,	11,	128375,	1.65255e+015,	3,	5,	-2,	-2,	0,	0,	-1,	0,	1.65255e+009,	-0.510269,	-0.343728,	-0.361547,	-0.0510048,	-0.723122,	-0.449144,	-0.0118008,	0.104955,	-0.878389,	-0.434087,	-0.0134968,	-0.0204727,	-0.890087,	-0.612952,	-0.0160253,	-0.0633492,	-0.758778,	-0.568256,	-0.00672934,	-0.337759,	-0.3367,	0.59547,	-0.04704,	49009,	-228,	0,	-470,	49039,	150,	-56,	-138,	49019,	69,	-30,	-334,	
2,	11,	128469,	1.65255e+015,	1,	3,	2,	9,	0,	-2,	9,	-3,	1.65255e+009,	-0.570388,	-0.343728,	-0.361547,	-0.0510048,	-0.723122,	-0.449144,	-0.0118008,	0.104955,	-0.878389,	-0.434087,	-0.0134968,	-0.0204727,	-0.890087,	-0.612952,	-0.0160253,	-0.0633492,	-0.758778,	-0.568256,	-0.00672934,	-0.337759,	-0.3367,	0.59547,	-0.04704,	49019,	-229,	0,	-471,	49049,	149,	-57,	-138,	49029,	69,	-31,	-335,	
2,	11,	128547,	1.65255e+015,	0,	-2,	0,	1,	3,	3,	3,	0,	1.65255e+009,	-0.570388,	-0.343728,	-0.361547,	-0.0510048,	-0.723122,	-0.449144,	-0.0118008,	0.104955,	-0.878389,	-0.434087,	-0.0134968,	-0.0204727,	-0.890087,	-0.612952,	-0.0160253,	-0.0633492,	-0.758778,	-0.568256,	-0.00672934,	-0.337759,	-0.3367,	0.59547,	-0.04704,	49029,	-227,	0,	-471,	49059,	149,	-57,	-138,	49039,	70,	-30,	-334,	
2,	11,	128610,	1.65255e+015,	-2,	-1,	-5,	-16,	0,	-7,	-1,	-2,	1.65255e+009,	-0.570388,	-0.343728,	-0.361547,	-0.0510048,	-0.723122,	-0.449144,	-0.0118008,	0.104955,	-0.878389,	-0.434087,	-0.0134968,	-0.0204727,	-0.890087,	-0.612952,	-0.0160253,	-0.0633492,	-0.758778,	-0.568256,	-0.00672934,	-0.337759,	-0.3367,	0.59547,	-0.04704,	49039,	-228,	0,	-472,	49069,	149,	-57,	-139,	49049,	68,	-30,	-335,	
2,	11,	128688,	1.65255e+015,	1,	1,	3,	6,	0,	-1,	-1,	-1,	1.65255e+009,	-0.570388,	-0.343728,	-0.361547,	-0.0510048,	-0.723122,	-0.449144,	-0.0118008,	0.104955,	-0.878389,	-0.434087,	-0.0134968,	-0.0204727,	-0.890087,	-0.612952,	-0.0160253,	-0.0633492,	-0.758778,	-0.568256,	-0.00672934,	-0.337759,	-0.3367,	0.59547,	-0.04704,	49049,	-228,	0,	-472,	49079,	148,	-57,	-139,	49059,	70,	-30,	-335,	
2,	11,	128766,	1.65255e+015,	-3,	-6,	-5,	-6,	0,	-1,	0,	-3,	1.65255e+009,	-0.570388,	-0.343728,	-0.361547,	-0.0510048,	-0.723122,	-0.449144,	-0.0118008,	0.104955,	-0.878389,	-0.434087,	-0.0134968,	-0.0204727,	-0.890087,	-0.612952,	-0.0160253,	-0.0633492,	-0.758778,	-0.568256,	-0.00672934,	-0.337759,	-0.3367,	0.59547,	-0.04704,	49059,	-227,	0,	-472,	49089,	149,	-57,	-139,	49069,	69,	-29,	-335,	
2,	11,	128844,	1.65255e+015,	-1,	3,	0,	-6,	-2,	-1,	-1,	-1,	1.65255e+009,	-0.570388,	-0.343728,	-0.361547,	-0.0510048,	-0.723122,	-0.449144,	-0.0118008,	0.104955,	-0.878389,	-0.434087,	-0.0134968,	-0.0204727,	-0.890087,	-0.612952,	-0.0160253,	-0.0633492,	-0.758778,	-0.568256,	-0.00672934,	-0.337759,	-0.3367,	0.59547,	-0.04704,	49069,	-228,	0,	-472,	49099,	150,	-56,	-139,	49079,	69,	-30,	-335,	
2,	11,	128922,	1.65255e+015,	0,	2,	-2,	-2,	1,	1,	-1,	-1,	1.65255e+009,	-0.570388,	-0.343728,	-0.361547,	-0.0510048,	-0.723122,	-0.449144,	-0.0118008,	0.104955,	-0.878389,	-0.434087,	-0.0134968,	-0.0204727,	-0.890087,	-0.612952,	-0.0160253,	-0.0633492,	-0.758778,	-0.568256,	-0.00672934,	-0.337759,	-0.3367,	0.59547,	-0.04704,	49079,	-227,	0,	-472,	49109,	150,	-57,	-138,	49089,	69,	-30,	-334,	
2,	11,	129000,	1.65255e+015,	-4,	0,	-3,	-21,	-2,	-2,	-1,	-1,	1.65255e+009,	-0.570388,	-0.343728,	-0.361547,	-0.0510048,	-0.723122,	-0.449144,	-0.0118008,	0.104955,	-0.878389,	-0.434087,	-0.0134968,	-0.0204727,	-0.890087,	-0.612952,	-0.0160253,	-0.0633492,	-0.758778,	-0.568256,	-0.00672934,	-0.337759,	-0.3367,	0.59547,	-0.04704,	49089,	-227,	0,	-472,	49119,	149,	-57,	-138,	49099,	69,	-30,	-335,	
2,	11,	129079,	1.65255e+015,	-3,	-5,	-3,	-3,	1,	-3,	-2,	0,	1.65255e+009,	-0.570388,	-0.343728,	-0.361547,	-0.0510048,	-0.723122,	-0.449144,	-0.0118008,	0.104955,	-0.878389,	-0.434087,	-0.0134968,	-0.0204727,	-0.890087,	-0.612952,	-0.0160253,	-0.0633492,	-0.758778,	-0.568256,	-0.00672934,	-0.337759,	-0.3367,	0.59547,	-0.04704,	49099,	-227,	-1,	-472,	49129,	149,	-56,	-139,	49109,	70,	-30,	-334,	
2,	11,	129157,	1.65255e+015,	0,	-2,	-3,	1,	1,	0,	0,	0,	1.65255e+009,	-0.570388,	-0.343728,	-0.361547,	-0.0510048,	-0.723122,	-0.449144,	-0.0118008,	0.104955,	-0.878389,	-0.434087,	-0.0134968,	-0.0204727,	-0.890087,	-0.612952,	-0.0160253,	-0.0633492,	-0.758778,	-0.568256,	-0.00672934,	-0.337759,	-0.3367,	0.59547,	-0.04704,	49109,	-227,	-1,	-472,	49139,	149,	-56,	-138,	49119,	69,	-30,	-335,	
2,	11,	129235,	1.65255e+015,	2,	2,	-1,	3,	1,	1,	-1,	0,	1.65255e+009,	-0.570388,	-0.343728,	-0.361547,	-0.0510048,	-0.723122,	-0.449144,	-0.0118008,	0.104955,	-0.878389,	-0.434087,	-0.0134968,	-0.0204727,	-0.890087,	-0.612952,	-0.0160253,	-0.0633492,	-0.758778,	-0.568256,	-0.00672934,	-0.337759,	-0.3367,	0.59547,	-0.04704,	49119,	-227,	0,	-473,	49149,	149,	-57,	-139,	49129,	69,	-30,	-335,	
2,	11,	129313,	1.65255e+015,	-2,	-4,	-2,	-2,	-2,	0,	-2,	-1,	1.65255e+009,	-0.570388,	-0.343728,	-0.361547,	-0.0510048,	-0.723122,	-0.449144,	-0.0118008,	0.104955,	-0.878389,	-0.434087,	-0.0134968,	-0.0204727,	-0.890087,	-0.612952,	-0.0160253,	-0.0633492,	-0.758778,	-0.568256,	-0.00672934,	-0.337759,	-0.3367,	0.59547,	-0.04704,	49129,	-226,	0,	-474,	49159,	148,	-56,	-139,	49139,	69,	-29,	-335,	
2,	11,	129391,	1.65255e+015,	-1,	-3,	-4,	0,	-2,	1,	-1,	-1,	1.65255e+009,	-0.570388,	-0.343728,	-0.361547,	-0.0510048,	-0.723122,	-0.449144,	-0.0118008,	0.104955,	-0.878389,	-0.434087,	-0.0134968,	-0.0204727,	-0.890087,	-0.612952,	-0.0160253,	-0.0633492,	-0.758778,	-0.568256,	-0.00672934,	-0.337759,	-0.3367,	0.59547,	-0.04704,	49139,	-227,	0,	-474,	49169,	150,	-57,	-139,	49149,	70,	-30,	-335,	
2,	11,	129454,	1.65255e+015,	-1,	0,	2,	20,	3,	-2,	-1,	1,	1.65255e+009,	-0.570388,	-0.343728,	-0.361547,	-0.0510048,	-0.723122,	-0.449144,	-0.0118008,	0.104955,	-0.878389,	-0.434087,	-0.0134968,	-0.0204727,	-0.890087,	-0.612952,	-0.0160253,	-0.0633492,	-0.758778,	-0.568256,	-0.00672934,	-0.337759,	-0.3367,	0.59547,	-0.04704,	49149,	-226,	0,	-474,	49179,	149,	-56,	-139,	49159,	70,	-29,	-336,	
2,	11,	129532,	1.65255e+015,	2,	3,	3,	7,	0,	1,	-1,	0,	1.65255e+009,	-0.570388,	-0.343728,	-0.361547,	-0.0510048,	-0.723122,	-0.449144,	-0.0118008,	0.104955,	-0.878389,	-0.434087,	-0.0134968,	-0.0204727,	-0.890087,	-0.612952,	-0.0160253,	-0.0633492,	-0.758778,	-0.568256,	-0.00672934,	-0.337759,	-0.3367,	0.59547,	-0.04704,	49159,	-226,	0,	-474,	49189,	150,	-57,	-139,	49169,	69,	-30,	-336,	
2,	11,	129610,	1.65255e+015,	1,	0,	1,	-3,	-3,	-3,	-1,	0,	1.65255e+009,	-0.570388,	-0.343728,	-0.361547,	-0.0510048,	-0.723122,	-0.449144,	-0.0118008,	0.104955,	-0.878389,	-0.434087,	-0.0134968,	-0.0204727,	-0.890087,	-0.612952,	-0.0160253,	-0.0633492,	-0.758778,	-0.568256,	-0.00672934,	-0.337759,	-0.3367,	0.59547,	-0.04704,	49169,	-227,	0,	-474,	49199,	150,	-57,	-139,	49179,	69,	-29,	-335,	
