1,	15,	112797,	1.65255e+015,	-1,	-4,	-10,	6,	-3,	-2,	-1,	-1,	1.65255e+009,	-0.690629,	-0.540848,	-0.526637,	-0.0510048,	-0.915314,	-0.388036,	-0.0177831,	0.0968167,	-1.03609,	-0.374213,	-0.0188049,	-0.0197392,	-0.846721,	-0.506506,	-0.00401062,	-0.0567017,	-0.846498,	-0.529818,	-0.000242864,	-0.337025,	-0.2184,	0.67314,	-0.04704,	46979,	-228,	0,	-473,	47009,	148,	-59,	-140,	46989,	69,	-30,	-335,	
1,	15,	112875,	1.65255e+015,	-1,	10,	12,	2,	2,	0,	0,	-1,	1.65255e+009,	-0.690629,	-0.540848,	-0.526637,	-0.0510048,	-0.915314,	-0.388036,	-0.0177831,	0.0968167,	-1.03609,	-0.374213,	-0.0188049,	-0.0197392,	-0.846721,	-0.506506,	-0.00401062,	-0.0567017,	-0.846498,	-0.529818,	-0.000242864,	-0.337025,	-0.2548,	0.67314,	-0.04704,	46989,	-228,	-1,	-472,	47019,	149,	-56,	-140,	46999,	69,	-30,	-335,	
1,	15,	112954,	1.65255e+015,	0,	6,	17,	5,	1,	-1,	-1,	-2,	1.65255e+009,	-0.690629,	-0.540848,	-0.526637,	-0.0510048,	-0.915314,	-0.388036,	-0.0177831,	0.0968167,	-1.03609,	-0.374213,	-0.0188049,	-0.0197392,	-0.846721,	-0.506506,	-0.00401062,	-0.0567017,	-0.846498,	-0.529818,	-0.000242864,	-0.337025,	-0.2548,	0.67314,	-0.04704,	46999,	-229,	0,	-471,	47029,	148,	-57,	-140,	47009,	69,	-30,	-335,	
1,	15,	113032,	1.65255e+015,	1,	4,	4,	63,	0,	-2,	1,	-1,	1.65255e+009,	-0.690629,	-0.540848,	-0.526637,	-0.0510048,	-0.915314,	-0.388036,	-0.0177831,	0.0968167,	-1.03609,	-0.374213,	-0.0188049,	-0.0197392,	-0.846721,	-0.506506,	-0.00401062,	-0.0567017,	-0.846498,	-0.529818,	-0.000242864,	-0.337025,	-0.2548,	0.67314,	-0.04704,	47009,	-229,	0,	-471,	47039,	150,	-56,	-139,	47019,	69,	-30,	-335,	
1,	15,	113110,	1.65255e+015,	1,	0,	0,	6,	0,	1,	0,	0,	1.65255e+009,	-0.690629,	-0.540848,	-0.526637,	-0.0510048,	-0.915314,	-0.388036,	-0.0177831,	0.0968167,	-1.03609,	-0.374213,	-0.0188049,	-0.0197392,	-0.846721,	-0.506506,	-0.00401062,	-0.0567017,	-0.846498,	-0.529818,	-0.000242864,	-0.337025,	-0.2548,	0.67314,	-0.04704,	47019,	-229,	0,	-471,	47049,	148,	-56,	-140,	47029,	69,	-30,	-335,	
1,	15,	113188,	1.65255e+015,	-1,	-2,	-3,	-1,	0,	0,	-1,	-1,	1.65255e+009,	-0.690629,	-0.540848,	-0.526637,	-0.0510048,	-0.915314,	-0.388036,	-0.0177831,	0.0968167,	-1.03609,	-0.374213,	-0.0188049,	-0.0197392,	-0.846721,	-0.506506,	-0.00401062,	-0.0567017,	-0.846498,	-0.529818,	-0.000242864,	-0.337025,	-0.2548,	0.67314,	-0.04704,	47029,	-228,	0,	-471,	47059,	149,	-56,	-139,	47039,	69,	-30,	-335,	
1,	15,	113266,	1.65255e+015,	0,	7,	0,	-23,	-6,	0,	1,	-1,	1.65255e+009,	-0.690629,	-0.540848,	-0.526637,	-0.0510048,	-0.915314,	-0.388036,	-0.0177831,	0.0968167,	-1.03609,	-0.374213,	-0.0188049,	-0.0197392,	-0.846721,	-0.506506,	-0.00401062,	-0.0567017,	-0.846498,	-0.529818,	-0.000242864,	-0.337025,	-0.2548,	0.67314,	-0.04704,	47039,	-227,	0,	-471,	47069,	148,	-56,	-140,	47049,	69,	-30,	-335,	
1,	15,	113344,	1.65255e+015,	-2,	1,	6,	-12,	-4,	-2,	-2,	-1,	1.65255e+009,	-0.690629,	-0.540848,	-0.526637,	-0.0510048,	-0.915314,	-0.388036,	-0.0177831,	0.0968167,	-1.03609,	-0.374213,	-0.0188049,	-0.0197392,	-0.846721,	-0.506506,	-0.00401062,	-0.0567017,	-0.846498,	-0.529818,	-0.000242864,	-0.337025,	-0.2548,	0.67314,	-0.04704,	47049,	-228,	0,	-472,	47079,	148,	-57,	-140,	47059,	68,	-30,	-335,	
1,	15,	113422,	1.65255e+015,	2,	9,	14,	0,	1,	-2,	0,	0,	1.65255e+009,	-0.690629,	-0.540848,	-0.526637,	-0.0510048,	-0.915314,	-0.388036,	-0.0177831,	0.0968167,	-1.03609,	-0.374213,	-0.0188049,	-0.0197392,	-0.846721,	-0.506506,	-0.00401062,	-0.0567017,	-0.846498,	-0.529818,	-0.000242864,	-0.337025,	-0.2548,	0.67314,	-0.04704,	47059,	-229,	-1,	-472,	47089,	148,	-56,	-139,	47069,	68,	-29,	-335,	
1,	15,	113500,	1.65255e+015,	1,	5,	9,	2,	-3,	-1,	-1,	-1,	1.65255e+009,	-0.690629,	-0.540848,	-0.526637,	-0.0510048,	-0.915314,	-0.388036,	-0.0177831,	0.0968167,	-1.03609,	-0.374213,	-0.0188049,	-0.0197392,	-0.846721,	-0.506506,	-0.00401062,	-0.0567017,	-0.846498,	-0.529818,	-0.000242864,	-0.337025,	-0.2548,	0.67314,	-0.04704,	47069,	-228,	0,	-471,	47099,	148,	-56,	-139,	47079,	68,	-30,	-335,	
1,	15,	113579,	1.65255e+015,	2,	4,	0,	-30,	0,	0,	0,	-1,	1.65255e+009,	-0.690629,	-0.540848,	-0.526637,	-0.0510048,	-0.915314,	-0.388036,	-0.0177831,	0.0968167,	-1.03609,	-0.374213,	-0.0188049,	-0.0197392,	-0.846721,	-0.506506,	-0.00401062,	-0.0567017,	-0.846498,	-0.529818,	-0.000242864,	-0.337025,	-0.2548,	0.67314,	-0.04704,	47079,	-229,	-1,	-471,	47109,	149,	-57,	-139,	47089,	67,	-30,	-335,	
1,	15,	113657,	1.65255e+015,	0,	0,	2,	-1,	3,	0,	-1,	-1,	1.65255e+009,	-0.690629,	-0.540848,	-0.526637,	-0.0510048,	-0.915314,	-0.388036,	-0.0177831,	0.0968167,	-1.03609,	-0.374213,	-0.0188049,	-0.0197392,	-0.846721,	-0.506506,	-0.00401062,	-0.0567017,	-0.846498,	-0.529818,	-0.000242864,	-0.337025,	-0.2548,	0.67314,	-0.04704,	47089,	-229,	-1,	-470,	47119,	149,	-57,	-139,	47099,	68,	-30,	-334,	
1,	15,	113735,	1.65255e+015,	0,	9,	7,	4,	2,	0,	0,	0,	1.65255e+009,	-0.690629,	-0.540848,	-0.526637,	-0.0510048,	-0.915314,	-0.388036,	-0.0177831,	0.0968167,	-1.03609,	-0.374213,	-0.0188049,	-0.0197392,	-0.846721,	-0.506506,	-0.00401062,	-0.0567017,	-0.846498,	-0.529818,	-0.000242864,	-0.337025,	-0.2548,	0.67314,	-0.04704,	47099,	-230,	-2,	-470,	47129,	149,	-57,	-138,	47109,	68,	-31,	-334,	
1,	15,	113813,	1.65255e+015,	-2,	-11,	-2,	5,	2,	0,	-2,	-1,	1.65255e+009,	-0.690629,	-0.540848,	-0.526637,	-0.0510048,	-0.915314,	-0.388036,	-0.0177831,	0.0968167,	-1.03609,	-0.374213,	-0.0188049,	-0.0197392,	-0.846721,	-0.506506,	-0.00401062,	-0.0567017,	-0.846498,	-0.529818,	-0.000242864,	-0.337025,	-0.2548,	0.67314,	-0.04704,	47109,	-230,	0,	-470,	47139,	150,	-57,	-138,	47119,	69,	-30,	-334,	
1,	15,	113891,	1.65255e+015,	0,	-1,	-18,	-18,	-4,	-1,	2,	-2,	1.65255e+009,	-0.690629,	-0.540848,	-0.526637,	-0.0510048,	-0.915314,	-0.388036,	-0.0177831,	0.0968167,	-1.03609,	-0.374213,	-0.0188049,	-0.0197392,	-0.846721,	-0.506506,	-0.00401062,	-0.0567017,	-0.846498,	-0.529818,	-0.000242864,	-0.337025,	-0.2548,	0.67314,	-0.04704,	47119,	-229,	1,	-470,	47149,	150,	-57,	-138,	47129,	68,	-31,	-334,	
1,	15,	113969,	1.65255e+015,	0,	4,	4,	1,	1,	0,	0,	0,	1.65255e+009,	-0.690629,	-0.540848,	-0.526637,	-0.0510048,	-0.915314,	-0.388036,	-0.0177831,	0.0968167,	-1.03609,	-0.374213,	-0.0188049,	-0.0197392,	-0.846721,	-0.506506,	-0.00401062,	-0.0567017,	-0.846498,	-0.529818,	-0.000242864,	-0.337025,	-0.2548,	0.67314,	-0.04704,	47129,	-230,	0,	-470,	47159,	148,	-57,	-138,	47139,	68,	-31,	-334,	
1,	15,	114047,	1.65255e+015,	-2,	5,	-1,	4,	5,	-1,	-2,	0,	1.65255e+009,	-0.690629,	-0.540848,	-0.526637,	-0.0510048,	-0.915314,	-0.388036,	-0.0177831,	0.0968167,	-1.03609,	-0.374213,	-0.0188049,	-0.0197392,	-0.846721,	-0.506506,	-0.00401062,	-0.0567017,	-0.846498,	-0.529818,	-0.000242864,	-0.337025,	-0.2548,	0.67314,	-0.04704,	47139,	-229,	0,	-471,	47169,	149,	-57,	-139,	47149,	69,	-30,	-334,	
1,	15,	114125,	1.65255e+015,	-3,	-14,	-10,	4,	4,	0,	0,	-3,	1.65255e+009,	-0.690629,	-0.540848,	-0.526637,	-0.0510048,	-0.915314,	-0.388036,	-0.0177831,	0.0968167,	-1.03609,	-0.374213,	-0.0188049,	-0.0197392,	-0.846721,	-0.506506,	-0.00401062,	-0.0567017,	-0.846498,	-0.529818,	-0.000242864,	-0.337025,	-0.2548,	0.67314,	-0.04704,	47149,	-229,	-1,	-470,	47179,	150,	-58,	-138,	47159,	68,	-30,	-333,	
1,	15,	114204,	1.65255e+015,	-1,	-4,	-5,	14,	-2,	-2,	-1,	1,	1.65255e+009,	-0.690629,	-0.540848,	-0.526637,	-0.0510048,	-0.915314,	-0.388036,	-0.0177831,	0.0968167,	-1.03609,	-0.374213,	-0.0188049,	-0.0197392,	-0.846721,	-0.506506,	-0.00401062,	-0.0567017,	-0.846498,	-0.529818,	-0.000242864,	-0.337025,	-0.2548,	0.67314,	-0.04704,	47159,	-228,	-1,	-470,	47189,	150,	-57,	-138,	47169,	69,	-30,	-334,	
1,	15,	114282,	1.65255e+015,	1,	-4,	-5,	-3,	-3,	-1,	-1,	0,	1.65255e+009,	-0.690629,	-0.540848,	-0.526637,	-0.0510048,	-0.915314,	-0.388036,	-0.0177831,	0.0968167,	-1.03609,	-0.374213,	-0.0188049,	-0.0197392,	-0.846721,	-0.506506,	-0.00401062,	-0.0567017,	-0.846498,	-0.529818,	-0.000242864,	-0.337025,	-0.2548,	0.67314,	-0.04704,	47169,	-230,	0,	-470,	47199,	149,	-55,	-138,	47179,	68,	-30,	-333,	
1,	15,	114360,	1.65255e+015,	-5,	-10,	-3,	-3,	-6,	-5,	-3,	-2,	1.65255e+009,	-0.690629,	-0.540848,	-0.526637,	-0.0510048,	-0.915314,	-0.388036,	-0.0177831,	0.0968167,	-1.03609,	-0.374213,	-0.0188049,	-0.0197392,	-0.846721,	-0.506506,	-0.00401062,	-0.0567017,	-0.846498,	-0.529818,	-0.000242864,	-0.337025,	-0.2548,	0.67314,	-0.04704,	47179,	-230,	0,	-469,	47209,	149,	-56,	-138,	47189,	68,	-30,	-332,	
1,	15,	114438,	1.65255e+015,	2,	4,	7,	3,	3,	1,	-2,	-1,	1.65255e+009,	-0.690629,	-0.540848,	-0.526637,	-0.0510048,	-0.915314,	-0.388036,	-0.0177831,	0.0968167,	-1.03609,	-0.374213,	-0.0188049,	-0.0197392,	-0.846721,	-0.506506,	-0.00401062,	-0.0567017,	-0.846498,	-0.529818,	-0.000242864,	-0.337025,	-0.2548,	0.67314,	-0.04704,	47189,	-231,	1,	-469,	47219,	149,	-57,	-138,	47199,	68,	-30,	-332,	
1,	15,	114532,	1.65255e+015,	2,	10,	4,	12,	4,	0,	0,	-1,	1.65255e+009,	-0.690629,	-0.540848,	-0.526637,	-0.0510048,	-0.915314,	-0.388036,	-0.0177831,	0.0968167,	-1.03609,	-0.374213,	-0.0188049,	-0.0197392,	-0.846721,	-0.506506,	-0.00401062,	-0.0567017,	-0.846498,	-0.529818,	-0.000242864,	-0.337025,	-0.2548,	0.67314,	-0.04704,	47199,	-231,	0,	-468,	47229,	149,	-57,	-138,	47209,	67,	-31,	-332,	
1,	15,	114610,	1.65255e+015,	1,	0,	3,	7,	3,	-1,	-3,	-1,	1.65255e+009,	-0.690629,	-0.540848,	-0.526637,	-0.0510048,	-0.915314,	-0.388036,	-0.0177831,	0.0968167,	-1.03609,	-0.374213,	-0.0188049,	-0.0197392,	-0.846721,	-0.506506,	-0.00401062,	-0.0567017,	-0.846498,	-0.529818,	-0.000242864,	-0.337025,	-0.2548,	0.67314,	-0.04704,	47209,	-229,	0,	-468,	47239,	148,	-58,	-138,	47219,	68,	-30,	-332,	
1,	15,	114688,	1.65255e+015,	-1,	-2,	-7,	-20,	-1,	1,	-2,	-1,	1.65255e+009,	-0.690629,	-0.540848,	-0.526637,	-0.0510048,	-0.915314,	-0.388036,	-0.0177831,	0.0968167,	-1.03609,	-0.374213,	-0.0188049,	-0.0197392,	-0.846721,	-0.506506,	-0.00401062,	-0.0567017,	-0.846498,	-0.529818,	-0.000242864,	-0.337025,	-0.2548,	0.67314,	-0.04704,	47219,	-230,	-1,	-468,	47249,	149,	-57,	-137,	47229,	67,	-31,	-333,	
1,	15,	114766,	1.65255e+015,	0,	2,	-2,	3,	-4,	-1,	-1,	-1,	1.65255e+009,	-0.690629,	-0.540848,	-0.526637,	-0.0510048,	-0.915314,	-0.388036,	-0.0177831,	0.0968167,	-1.03609,	-0.374213,	-0.0188049,	-0.0197392,	-0.846721,	-0.506506,	-0.00401062,	-0.0567017,	-0.846498,	-0.529818,	-0.000242864,	-0.337025,	-0.2548,	0.67314,	-0.04704,	47229,	-230,	0,	-467,	47259,	148,	-58,	-138,	47239,	68,	-30,	-333,	
1,	15,	114844,	1.65255e+015,	-2,	0,	-7,	-9,	-3,	-4,	-2,	-2,	1.65255e+009,	-0.690629,	-0.540848,	-0.526637,	-0.0510048,	-0.915314,	-0.388036,	-0.0177831,	0.0968167,	-1.03609,	-0.374213,	-0.0188049,	-0.0197392,	-0.846721,	-0.506506,	-0.00401062,	-0.0567017,	-0.846498,	-0.529818,	-0.000242864,	-0.337025,	-0.2548,	0.67314,	-0.04704,	47239,	-231,	0,	-468,	47269,	150,	-57,	-138,	47249,	68,	-31,	-333,	
1,	15,	114938,	1.65255e+015,	-2,	-3,	-9,	-58,	3,	0,	1,	-2,	1.65255e+009,	-0.690629,	-0.540848,	-0.526637,	-0.0510048,	-0.915314,	-0.388036,	-0.0177831,	0.0968167,	-1.03609,	-0.374213,	-0.0188049,	-0.0197392,	-0.846721,	-0.506506,	-0.00401062,	-0.0567017,	-0.846498,	-0.529818,	-0.000242864,	-0.337025,	-0.2548,	0.67314,	-0.04704,	47249,	-231,	0,	-468,	47279,	150,	-56,	-138,	47259,	69,	-31,	-333,	
1,	15,	115032,	1.65255e+015,	0,	5,	2,	45,	8,	2,	0,	-1,	1.65255e+009,	-0.690629,	-0.540848,	-0.526637,	-0.0510048,	-0.915314,	-0.388036,	-0.0177831,	0.0968167,	-1.03609,	-0.374213,	-0.0188049,	-0.0197392,	-0.846721,	-0.506506,	-0.00401062,	-0.0567017,	-0.846498,	-0.529818,	-0.000242864,	-0.337025,	-0.2548,	0.67314,	-0.04704,	47259,	-229,	0,	-468,	47289,	151,	-55,	-138,	47269,	68,	-30,	-333,	
1,	15,	115110,	1.65255e+015,	1,	-2,	5,	1,	-3,	0,	1,	0,	1.65255e+009,	-0.690629,	-0.540848,	-0.526637,	-0.0510048,	-0.915314,	-0.388036,	-0.0177831,	0.0968167,	-1.03609,	-0.374213,	-0.0188049,	-0.0197392,	-0.846721,	-0.506506,	-0.00401062,	-0.0567017,	-0.846498,	-0.529818,	-0.000242864,	-0.337025,	-0.2548,	0.67314,	-0.04704,	47269,	-229,	-1,	-468,	47299,	150,	-55,	-138,	47279,	68,	-30,	-333,	
1,	15,	115188,	1.65255e+015,	-2,	-3,	-2,	-29,	-5,	-2,	-1,	-2,	1.65255e+009,	-0.690629,	-0.540848,	-0.526637,	-0.0510048,	-0.915314,	-0.388036,	-0.0177831,	0.0968167,	-1.03609,	-0.374213,	-0.0188049,	-0.0197392,	-0.846721,	-0.506506,	-0.00401062,	-0.0567017,	-0.846498,	-0.529818,	-0.000242864,	-0.337025,	-0.2548,	0.67314,	-0.04704,	47279,	-229,	0,	-469,	47309,	149,	-56,	-138,	47289,	68,	-30,	-334,	
1,	15,	115266,	1.65255e+015,	2,	8,	-4,	-2,	8,	4,	0,	0,	1.65255e+009,	-0.690629,	-0.540848,	-0.526637,	-0.0510048,	-0.915314,	-0.388036,	-0.0177831,	0.0968167,	-1.03609,	-0.374213,	-0.0188049,	-0.0197392,	-0.846721,	-0.506506,	-0.00401062,	-0.0567017,	-0.846498,	-0.529818,	-0.000242864,	-0.337025,	-0.2548,	0.67314,	-0.04704,	47289,	-230,	-1,	-469,	47319,	149,	-56,	-138,	47299,	68,	-31,	-334,	
1,	15,	115344,	1.65255e+015,	0,	3,	8,	1,	-4,	-2,	0,	0,	1.65255e+009,	-0.690629,	-0.540848,	-0.526637,	-0.0510048,	-0.915314,	-0.388036,	-0.0177831,	0.0968167,	-1.03609,	-0.374213,	-0.0188049,	-0.0197392,	-0.846721,	-0.506506,	-0.00401062,	-0.0567017,	-0.846498,	-0.529818,	-0.000242864,	-0.337025,	-0.2548,	0.67314,	-0.04704,	47299,	-231,	0,	-469,	47329,	148,	-56,	-138,	47309,	68,	-30,	-334,	
1,	15,	115422,	1.65255e+015,	-2,	0,	-15,	1,	5,	2,	0,	-1,	1.65255e+009,	-0.690629,	-0.540848,	-0.526637,	-0.0510048,	-0.915314,	-0.388036,	-0.0177831,	0.0968167,	-1.03609,	-0.374213,	-0.0188049,	-0.0197392,	-0.846721,	-0.506506,	-0.00401062,	-0.0567017,	-0.846498,	-0.529818,	-0.000242864,	-0.337025,	-0.2548,	0.67314,	-0.04704,	47309,	-231,	0,	-470,	47339,	149,	-56,	-139,	47319,	68,	-31,	-334,	
1,	15,	115500,	1.65255e+015,	1,	12,	2,	0,	1,	-3,	-2,	0,	1.65255e+009,	-0.690629,	-0.540848,	-0.526637,	-0.0510048,	-0.915314,	-0.388036,	-0.0177831,	0.0968167,	-1.03609,	-0.374213,	-0.0188049,	-0.0197392,	-0.846721,	-0.506506,	-0.00401062,	-0.0567017,	-0.846498,	-0.529818,	-0.000242864,	-0.337025,	-0.2548,	0.67314,	-0.04704,	47319,	-230,	-1,	-470,	47349,	149,	-55,	-138,	47329,	68,	-31,	-334,	
1,	15,	115579,	1.65255e+015,	-2,	-11,	-7,	-5,	0,	0,	0,	-1,	1.65255e+009,	-0.690629,	-0.540848,	-0.526637,	-0.0510048,	-0.915314,	-0.388036,	-0.0177831,	0.0968167,	-1.03609,	-0.374213,	-0.0188049,	-0.0197392,	-0.846721,	-0.506506,	-0.00401062,	-0.0567017,	-0.846498,	-0.529818,	-0.000242864,	-0.337025,	-0.2548,	0.67314,	-0.04704,	47329,	-229,	0,	-469,	47359,	149,	-56,	-138,	47339,	68,	-30,	-334,	
1,	15,	115657,	1.65255e+015,	-3,	-10,	2,	-4,	-2,	0,	-2,	-1,	1.65255e+009,	-0.690629,	-0.540848,	-0.526637,	-0.0510048,	-0.915314,	-0.388036,	-0.0177831,	0.0968167,	-1.03609,	-0.374213,	-0.0188049,	-0.0197392,	-0.846721,	-0.506506,	-0.00401062,	-0.0567017,	-0.846498,	-0.529818,	-0.000242864,	-0.337025,	-0.2548,	0.67314,	-0.04704,	47339,	-229,	-1,	-470,	47369,	149,	-56,	-138,	47349,	68,	-32,	-334,	
1,	15,	115735,	1.65255e+015,	2,	-3,	4,	1,	1,	1,	0,	-1,	1.65255e+009,	-0.690629,	-0.540848,	-0.526637,	-0.0510048,	-0.915314,	-0.388036,	-0.0177831,	0.0968167,	-1.03609,	-0.374213,	-0.0188049,	-0.0197392,	-0.846721,	-0.506506,	-0.00401062,	-0.0567017,	-0.846498,	-0.529818,	-0.000242864,	-0.337025,	-0.2548,	0.67314,	-0.04704,	47349,	-229,	-1,	-470,	47379,	149,	-55,	-138,	47359,	68,	-30,	-334,	
1,	15,	115813,	1.65255e+015,	-1,	3,	1,	-26,	-5,	0,	0,	-2,	1.65255e+009,	-0.690629,	-0.540848,	-0.526637,	-0.0510048,	-0.915314,	-0.388036,	-0.0177831,	0.0968167,	-1.03609,	-0.374213,	-0.0188049,	-0.0197392,	-0.846721,	-0.506506,	-0.00401062,	-0.0567017,	-0.846498,	-0.529818,	-0.000242864,	-0.337025,	-0.2548,	0.67314,	-0.04704,	47359,	-229,	-1,	-470,	47389,	149,	-56,	-138,	47369,	68,	-30,	-334,	
1,	15,	115891,	1.65255e+015,	-1,	-1,	-8,	-6,	3,	1,	0,	-1,	1.65255e+009,	-0.690629,	-0.540848,	-0.526637,	-0.0510048,	-0.915314,	-0.388036,	-0.0177831,	0.0968167,	-1.03609,	-0.374213,	-0.0188049,	-0.0197392,	-0.846721,	-0.506506,	-0.00401062,	-0.0567017,	-0.846498,	-0.529818,	-0.000242864,	-0.337025,	-0.2548,	0.67314,	-0.04704,	47369,	-230,	-1,	-469,	47399,	149,	-56,	-138,	47379,	68,	-30,	-334,	
2,	15,	116000,	1.65255e+015,	1,	-9,	15,	7,	0,	0,	-1,	-1,	1.65255e+009,	-0.690629,	-0.540848,	-0.526637,	-0.0510048,	-0.915314,	-0.388036,	-0.0177831,	0.0968167,	-1.03609,	-0.374213,	-0.0188049,	-0.0197392,	-0.846721,	-0.506506,	-0.00401062,	-0.0567017,	-0.846498,	-0.529818,	-0.000242864,	-0.337025,	-0.2548,	0.67314,	-0.04704,	47379,	-229,	-1,	-469,	47409,	149,	-57,	-138,	47389,	68,	-30,	-334,	
2,	15,	116079,	1.65255e+015,	3,	3,	-22,	6,	0,	1,	0,	-1,	1.65255e+009,	-0.690629,	-0.540848,	-0.526637,	-0.0510048,	-0.915314,	-0.388036,	-0.0177831,	0.0968167,	-1.03609,	-0.374213,	-0.0188049,	-0.0197392,	-0.846721,	-0.506506,	-0.00401062,	-0.0567017,	-0.846498,	-0.529818,	-0.000242864,	-0.337025,	-0.2548,	0.67314,	-0.04704,	47389,	-230,	-1,	-469,	47419,	148,	-56,	-138,	47399,	69,	-30,	-334,	
2,	15,	116157,	1.65255e+015,	-2,	-2,	4,	3,	-1,	-1,	0,	-1,	1.65255e+009,	-0.690629,	-0.540848,	-0.526637,	-0.0510048,	-0.915314,	-0.388036,	-0.0177831,	0.0968167,	-1.03609,	-0.374213,	-0.0188049,	-0.0197392,	-0.846721,	-0.506506,	-0.00401062,	-0.0567017,	-0.846498,	-0.529818,	-0.000242864,	-0.337025,	-0.2548,	0.67314,	-0.04704,	47399,	-230,	0,	-469,	47429,	150,	-56,	-138,	47409,	69,	-29,	-333,	
2,	15,	116235,	1.65255e+015,	-2,	0,	9,	7,	1,	1,	1,	-1,	1.65255e+009,	-0.690629,	-0.540848,	-0.526637,	-0.0510048,	-0.915314,	-0.388036,	-0.0177831,	0.0968167,	-1.03609,	-0.374213,	-0.0188049,	-0.0197392,	-0.846721,	-0.506506,	-0.00401062,	-0.0567017,	-0.846498,	-0.529818,	-0.000242864,	-0.337025,	-0.2548,	0.67314,	-0.04704,	47409,	-230,	-1,	-469,	47439,	148,	-55,	-138,	47419,	69,	-30,	-334,	
2,	15,	116313,	1.65255e+015,	-2,	1,	-6,	-6,	1,	1,	0,	-1,	1.65255e+009,	-0.690629,	-0.540848,	-0.526637,	-0.0510048,	-0.915314,	-0.388036,	-0.0177831,	0.0968167,	-1.03609,	-0.374213,	-0.0188049,	-0.0197392,	-0.846721,	-0.506506,	-0.00401062,	-0.0567017,	-0.846498,	-0.529818,	-0.000242864,	-0.337025,	-0.2548,	0.67314,	-0.04704,	47419,	-230,	0,	-469,	47449,	148,	-55,	-138,	47429,	70,	-30,	-334,	
2,	15,	116391,	1.65255e+015,	5,	4,	32,	1,	5,	18,	10,	4,	1.65255e+009,	-0.690629,	-0.540848,	-0.526637,	-0.0510048,	-0.915314,	-0.388036,	-0.0177831,	0.103488,	-1.03609,	-0.374213,	-0.0188049,	-0.0219394,	-0.846721,	-0.506506,	-0.00401062,	-0.0589019,	-0.846498,	-0.529818,	-0.000242864,	-0.339226,	-0.2548,	0.67314,	-0.04704,	47429,	-231,	-1,	-469,	47459,	148,	-57,	-138,	47439,	68,	-30,	-334,	
2,	15,	116469,	1.65255e+015,	-6,	-14,	49,	1,	-5,	8,	15,	-6,	1.65255e+009,	-0.525299,	-0.540848,	-0.526637,	-0.0756448,	-0.915314,	-0.311651,	-0.0219002,	0.111828,	-1.03609,	-0.374213,	-0.0188049,	-0.0246897,	-0.846721,	-0.506506,	-0.00401062,	-0.0616522,	-0.846498,	-0.414501,	-0.0154857,	-0.341976,	-0.2093,	0.67314,	-0.04704,	47439,	-231,	0,	-468,	47469,	149,	-55,	-137,	47449,	67,	-30,	-334,	
2,	15,	116547,	1.65255e+015,	6,	-6,	-36,	14,	7,	34,	32,	20,	1.65255e+009,	-0.284819,	-0.540848,	-0.361547,	-0.193917,	-0.947346,	-0.250543,	-0.0225053,	0.125833,	-1.03609,	-0.154675,	-0.0186389,	-0.0195566,	-0.846721,	-0.346837,	-0.0204676,	-0.0860891,	-0.846498,	-0.260745,	-0.0225705,	-0.366413,	-0.1638,	0.67314,	-0.04704,	47449,	-231,	0,	-468,	47479,	150,	-56,	-137,	47459,	67,	-31,	-334,	
2,	15,	116625,	1.65255e+015,	20,	30,	26,	-7,	8,	67,	69,	-18,	1.65255e+009,	-0.119489,	-0.540848,	-0.328529,	-0.272765,	-0.835234,	-0.0672188,	-0.00998132,	0.137106,	-0.878389,	-0.0349265,	-0.00554715,	-0.0193736,	-0.846721,	-0.133945,	-0.0170294,	-0.0977341,	-0.846498,	-0.183867,	-0.0204391,	-0.378058,	-0.1274,	0.63862,	-0.04704,	47459,	-231,	-1,	-468,	47489,	149,	-56,	-137,	47469,	68,	-30,	-334,	
2,	15,	116704,	1.65255e+015,	2,	5,	-9,	-9,	5,	22,	58,	5,	1.65255e+009,	-0.0293085,	-0.540848,	-0.245984,	-0.322045,	-0.578978,	0.00916617,	0.00158513,	0.151773,	-0.515679,	0.0648635,	0.0123731,	-0.00470689,	-0.629891,	0.0257244,	0.00458491,	-0.142207,	-0.605268,	-0.0557365,	-0.00848111,	-0.452101,	-0.1274,	0.59547,	-0.04704,	47469,	-230,	0,	-469,	47499,	148,	-57,	-138,	47479,	68,	-30,	-334,	
2,	15,	116782,	1.65255e+015,	15,	27,	74,	22,	10,	21,	-18,	0,	1.65255e+009,	-0.0293085,	-0.442288,	-0.245984,	-0.341757,	-0.322722,	0.00916617,	0.00158513,	0.15764,	-0.216049,	0.144696,	0.031298,	0.0011598,	-0.499793,	0.0257244,	0.00458491,	-0.159997,	-0.495618,	0.00832848,	0.00143804,	-0.493546,	-0.2821,	0.56095,	-0.04704,	47479,	-230,	-1,	-468,	47509,	149,	-56,	-138,	47489,	67,	-30,	-333,	
2,	15,	116875,	1.65255e+015,	-19,	12,	31,	-1,	8,	-38,	-4,	-10,	1.65255e+009,	-0.0293085,	-0.442288,	-0.179948,	-0.341757,	-0.242642,	0.00916617,	0.00158513,	0.15764,	-0.0741191,	0.144696,	0.031298,	0.0011598,	-0.413061,	0.0966884,	0.0194286,	-0.159997,	-0.385968,	0.00832848,	0.00143804,	-0.493546,	-0.2821,	0.56095,	-0.04704,	47489,	-230,	0,	-468,	47519,	149,	-56,	-138,	47499,	68,	-30,	-333,	
2,	15,	116954,	1.65255e+015,	6,	-11,	39,	-29,	-3,	-51,	-3,	17,	1.65255e+009,	-0.0293085,	-0.442288,	-0.179948,	-0.341757,	-0.242642,	0.00916617,	0.00158513,	0.163506,	-0.0741191,	0.144696,	0.031298,	0.00702648,	-0.413061,	0.0966884,	0.0194286,	-0.177786,	-0.385968,	0.00832848,	0.00143804,	-0.511336,	-0.2821,	0.56095,	-0.04704,	47499,	-232,	-1,	-468,	47529,	148,	-57,	-138,	47509,	67,	-31,	-333,	
2,	15,	117032,	1.65255e+015,	-16,	-14,	-30,	-8,	-8,	-39,	-59,	-24,	1.65255e+009,	-0.0293085,	-0.442288,	-0.179948,	-0.341757,	-0.178578,	0.0702742,	0.0135269,	0.163506,	-0.0741191,	0.144696,	0.031298,	0.00702648,	-0.413061,	0.0966884,	0.0194286,	-0.177786,	-0.385968,	0.00832848,	0.00143804,	-0.511336,	-0.2821,	0.56095,	-0.04704,	47509,	-231,	-2,	-469,	47539,	148,	-57,	-138,	47519,	68,	-31,	-333,	
2,	15,	117110,	1.65255e+015,	7,	22,	-14,	7,	1,	-11,	16,	0,	1.65255e+009,	-0.0293085,	-0.442288,	-0.179948,	-0.341757,	-0.178578,	0.0702742,	0.0135269,	0.163506,	-0.0741191,	0.144696,	0.031298,	0.00702648,	-0.413061,	0.0966884,	0.0194286,	-0.177786,	-0.385968,	0.00832848,	0.00143804,	-0.511336,	-0.2821,	0.56095,	-0.04704,	47519,	-230,	-1,	-469,	47549,	149,	-57,	-138,	47529,	67,	-30,	-333,	
2,	15,	117188,	1.65255e+015,	-1,	-5,	-14,	-3,	-1,	-1,	13,	11,	1.65255e+009,	-0.0293085,	-0.442288,	-0.179948,	-0.341757,	-0.178578,	0.0702742,	0.0135269,	0.163506,	-0.0741191,	0.144696,	0.031298,	0.00702648,	-0.413061,	0.0966884,	0.0194286,	-0.177786,	-0.385968,	0.00832848,	0.00143804,	-0.511336,	-0.2821,	0.56095,	-0.04704,	47529,	-229,	-1,	-470,	47559,	149,	-57,	-138,	47539,	68,	-30,	-333,	
2,	15,	117266,	1.65255e+015,	0,	-4,	10,	-18,	-5,	-13,	17,	-3,	1.65255e+009,	-0.0293085,	-0.442288,	-0.179948,	-0.341757,	-0.178578,	0.0702742,	0.0135269,	0.163506,	-0.0741191,	0.144696,	0.031298,	0.00702648,	-0.413061,	0.0966884,	0.0194286,	-0.177786,	-0.385968,	0.00832848,	0.00143804,	-0.511336,	-0.2821,	0.56095,	-0.04704,	47539,	-228,	-1,	-470,	47569,	149,	-57,	-138,	47549,	68,	-29,	-333,	
2,	15,	117344,	1.65255e+015,	2,	-9,	10,	0,	5,	11,	28,	1,	1.65255e+009,	-0.0293085,	-0.442288,	-0.179948,	-0.341757,	-0.178578,	0.0702742,	0.0135269,	0.163506,	-0.0741191,	0.144696,	0.031298,	0.00702648,	-0.413061,	0.0966884,	0.0194286,	-0.177786,	-0.385968,	0.00832848,	0.00143804,	-0.511336,	-0.2821,	0.56095,	-0.04704,	47549,	-230,	-2,	-470,	47579,	149,	-56,	-138,	47559,	69,	-31,	-334,	
2,	15,	117407,	1.65255e+015,	-2,	1,	48,	9,	-4,	-26,	10,	1,	1.65255e+009,	-0.0293085,	-0.442288,	-0.179948,	-0.341757,	-0.178578,	0.0702742,	0.0135269,	0.163506,	-0.0741191,	0.144696,	0.031298,	0.00702648,	-0.413061,	0.0966884,	0.0194286,	-0.177786,	-0.385968,	0.00832848,	0.00143804,	-0.511336,	-0.2821,	0.56095,	-0.04704,	47559,	-230,	-1,	-470,	47589,	149,	-57,	-138,	47569,	69,	-30,	-334,	
2,	15,	117469,	1.65255e+015,	1,	8,	29,	5,	6,	17,	7,	9,	1.65255e+009,	-0.0293085,	-0.442288,	-0.179948,	-0.341757,	-0.178578,	0.0702742,	0.0135269,	0.163506,	-0.0741191,	0.144696,	0.031298,	0.00702648,	-0.413061,	0.0966884,	0.0194286,	-0.177786,	-0.385968,	0.00832848,	0.00143804,	-0.511336,	-0.2821,	0.56095,	-0.04704,	47569,	-231,	-1,	-470,	47599,	149,	-56,	-138,	47579,	68,	-30,	-334,	
2,	15,	117532,	1.65255e+015,	-2,	-13,	-55,	-29,	3,	11,	-9,	-7,	1.65255e+009,	-0.0293085,	-0.442288,	-0.179948,	-0.341757,	-0.178578,	0.0702742,	0.0135269,	0.163506,	-0.0741191,	0.144696,	0.031298,	0.00702648,	-0.413061,	0.0966884,	0.0194286,	-0.177786,	-0.385968,	0.00832848,	0.00143804,	-0.511336,	-0.2821,	0.56095,	-0.04704,	47579,	-230,	-1,	-470,	47609,	150,	-55,	-138,	47589,	67,	-31,	-334,	
2,	15,	117594,	1.65255e+015,	5,	7,	12,	6,	1,	8,	24,	8,	1.65255e+009,	-0.0293085,	-0.442288,	-0.179948,	-0.341757,	-0.178578,	0.0702742,	0.0135269,	0.163506,	-0.0741191,	0.144696,	0.031298,	0.00702648,	-0.413061,	0.0966884,	0.0194286,	-0.177786,	-0.385968,	0.00832848,	0.00143804,	-0.511336,	-0.2821,	0.56095,	-0.04704,	47589,	-230,	-2,	-469,	47619,	149,	-56,	-138,	47599,	68,	-30,	-334,	
2,	15,	117657,	1.65255e+015,	7,	-5,	-10,	1,	3,	28,	14,	2,	1.65255e+009,	-0.0293085,	-0.442288,	-0.179948,	-0.341757,	-0.178578,	0.0702742,	0.0135269,	0.163506,	-0.0741191,	0.144696,	0.031298,	0.00702648,	-0.413061,	0.0966884,	0.0194286,	-0.177786,	-0.385968,	0.00832848,	0.00143804,	-0.511336,	-0.2821,	0.56095,	-0.04704,	47599,	-231,	-3,	-469,	47629,	149,	-56,	-138,	47609,	68,	-31,	-334,	
2,	15,	117719,	1.65255e+015,	4,	15,	87,	26,	5,	-1,	-2,	6,	1.65255e+009,	-0.0293085,	-0.442288,	-0.179948,	-0.341757,	-0.178578,	0.0702742,	0.0135269,	0.163506,	-0.0741191,	0.144696,	0.031298,	0.00702648,	-0.413061,	0.0966884,	0.0194286,	-0.177786,	-0.385968,	0.00832848,	0.00143804,	-0.511336,	-0.2821,	0.56095,	-0.04704,	47609,	-229,	-2,	-468,	47639,	149,	-56,	-138,	47619,	68,	-30,	-334,	
2,	15,	117797,	1.65255e+015,	2,	3,	0,	6,	-2,	-1,	-13,	5,	1.65255e+009,	-0.0293085,	-0.442288,	-0.179948,	-0.341757,	-0.178578,	0.0702742,	0.0135269,	0.163506,	-0.0741191,	0.144696,	0.031298,	0.00702648,	-0.413061,	0.0966884,	0.0194286,	-0.177786,	-0.385968,	0.00832848,	0.00143804,	-0.511336,	-0.2821,	0.56095,	-0.04704,	47619,	-230,	-1,	-469,	47649,	148,	-56,	-138,	47629,	67,	-30,	-334,	
2,	15,	117860,	1.65255e+015,	0,	15,	26,	13,	-3,	3,	-30,	-9,	1.65255e+009,	-0.0293085,	-0.442288,	-0.179948,	-0.341757,	-0.178578,	0.0702742,	0.0135269,	0.163506,	-0.0741191,	0.144696,	0.031298,	0.00702648,	-0.326329,	0.0966884,	0.0194286,	-0.177786,	-0.298248,	0.00832848,	0.00143804,	-0.511336,	-0.2821,	0.56095,	-0.04704,	47629,	-231,	-1,	-468,	47659,	148,	-55,	-138,	47639,	68,	-31,	-334,	
2,	15,	117938,	1.65255e+015,	-3,	-41,	-2,	11,	-7,	4,	8,	7,	1.65255e+009,	-0.104459,	-0.442288,	-0.179948,	-0.341757,	-0.178578,	0.0702742,	0.0135269,	0.163506,	-0.0741191,	0.144696,	0.031298,	0.00702648,	-0.326329,	0.0966884,	0.0194286,	-0.177786,	-0.298248,	0.00832848,	0.00143804,	-0.511336,	-0.2821,	0.56095,	-0.04704,	47639,	-231,	0,	-468,	47669,	148,	-56,	-138,	47649,	68,	-31,	-334,	
2,	15,	118000,	1.65255e+015,	4,	6,	-58,	-8,	0,	-5,	32,	9,	1.65255e+009,	-0.104459,	-0.442288,	-0.179948,	-0.341757,	-0.178578,	0.0702742,	0.0135269,	0.163506,	-0.0741191,	0.144696,	0.031298,	0.00702648,	-0.326329,	0.0966884,	0.0194286,	-0.177786,	-0.298248,	0.00832848,	0.00143804,	-0.511336,	-0.2821,	0.56095,	-0.04704,	47649,	-231,	-2,	-468,	47679,	148,	-56,	-138,	47659,	69,	-31,	-334,	
2,	15,	118079,	1.65255e+015,	-8,	-4,	27,	31,	-5,	-7,	-24,	-9,	1.65255e+009,	-0.104459,	-0.442288,	-0.179948,	-0.341757,	-0.178578,	0.0702742,	0.0135269,	0.163506,	-0.0741191,	0.144696,	0.031298,	0.00702648,	-0.326329,	0.0966884,	0.0194286,	-0.177786,	-0.298248,	0.00832848,	0.00143804,	-0.511336,	-0.2821,	0.56095,	-0.04704,	47659,	-230,	-2,	-468,	47689,	148,	-57,	-138,	47669,	68,	-30,	-334,	
2,	15,	118157,	1.65255e+015,	0,	1,	3,	-2,	4,	5,	-12,	2,	1.65255e+009,	-0.104459,	-0.442288,	-0.179948,	-0.341757,	-0.178578,	0.0702742,	0.0135269,	0.163506,	-0.0741191,	0.144696,	0.031298,	0.00702648,	-0.326329,	0.0966884,	0.0194286,	-0.177786,	-0.298248,	0.00832848,	0.00143804,	-0.511336,	-0.2821,	0.56095,	-0.04704,	47669,	-231,	-2,	-469,	47699,	148,	-56,	-138,	47679,	68,	-32,	-334,	
2,	15,	118235,	1.65255e+015,	4,	6,	-6,	-14,	-2,	-14,	-18,	-1,	1.65255e+009,	-0.104459,	-0.442288,	-0.179948,	-0.341757,	-0.178578,	0.0702742,	0.0135269,	0.163506,	-0.0741191,	0.144696,	0.031298,	0.00702648,	-0.326329,	0.0966884,	0.0194286,	-0.177786,	-0.298248,	0.00832848,	0.00143804,	-0.511336,	-0.2821,	0.56095,	-0.04704,	47679,	-230,	-2,	-469,	47709,	148,	-55,	-139,	47689,	68,	-30,	-333,	
2,	15,	118313,	1.65255e+015,	7,	8,	-13,	-12,	0,	1,	-3,	1,	1.65255e+009,	-0.104459,	-0.442288,	-0.179948,	-0.341757,	-0.178578,	0.0702742,	0.0135269,	0.163506,	-0.0741191,	0.144696,	0.031298,	0.00702648,	-0.326329,	0.0966884,	0.0194286,	-0.177786,	-0.298248,	0.00832848,	0.00143804,	-0.511336,	-0.2366,	0.56095,	-0.04704,	47689,	-229,	-2,	-469,	47719,	148,	-56,	-138,	47699,	68,	-30,	-333,	
2,	15,	118375,	1.65255e+015,	0,	9,	2,	6,	-5,	3,	-30,	0,	1.65255e+009,	-0.104459,	-0.442288,	-0.179948,	-0.341757,	-0.178578,	0.0702742,	0.0135269,	0.163506,	-0.0741191,	0.144696,	0.031298,	0.00702648,	-0.326329,	0.0966884,	0.0194286,	-0.177786,	-0.298248,	0.00832848,	0.00143804,	-0.511336,	-0.2366,	0.56095,	-0.04704,	47699,	-229,	-3,	-470,	47729,	148,	-57,	-139,	47709,	68,	-31,	-334,	
2,	15,	118469,	1.65255e+015,	-8,	-20,	-37,	-33,	-12,	-10,	-26,	-12,	1.65255e+009,	-0.104459,	-0.442288,	-0.179948,	-0.341757,	-0.178578,	0.0702742,	0.0135269,	0.163506,	-0.0741191,	0.144696,	0.031298,	0.00702648,	-0.326329,	0.0966884,	0.0194286,	-0.177786,	-0.298248,	0.00832848,	0.00143804,	-0.511336,	-0.2366,	0.56095,	-0.04704,	47709,	-229,	-2,	-471,	47739,	149,	-55,	-139,	47719,	67,	-29,	-334,	
2,	15,	118547,	1.65255e+015,	-6,	-6,	-10,	0,	-2,	12,	36,	6,	1.65255e+009,	-0.104459,	-0.442288,	-0.179948,	-0.341757,	-0.178578,	0.0702742,	0.0135269,	0.163506,	-0.0741191,	0.144696,	0.031298,	0.00702648,	-0.326329,	0.0966884,	0.0194286,	-0.177786,	-0.298248,	0.00832848,	0.00143804,	-0.511336,	-0.2366,	0.56095,	-0.04704,	47719,	-230,	-2,	-471,	47749,	149,	-56,	-139,	47729,	67,	-29,	-334,	
2,	15,	118625,	1.65255e+015,	-7,	-5,	-20,	13,	-6,	-10,	-3,	-13,	1.65255e+009,	-0.104459,	-0.442288,	-0.179948,	-0.322045,	-0.178578,	0.0702742,	0.0135269,	0.163506,	-0.0110391,	0.144696,	0.031298,	0.00702648,	-0.326329,	0.0966884,	0.0194286,	-0.177786,	-0.298248,	0.00832848,	0.00143804,	-0.511336,	-0.2366,	0.56095,	-0.04704,	47729,	-229,	-2,	-471,	47759,	148,	-56,	-139,	47739,	68,	-29,	-334,	
2,	15,	118704,	1.65255e+015,	1,	-3,	11,	6,	1,	11,	-15,	2,	1.65255e+009,	-0.104459,	-0.442288,	-0.179948,	-0.322045,	-0.178578,	0.0702742,	0.0135269,	0.163506,	-0.0110391,	0.144696,	0.031298,	0.00702648,	-0.326329,	0.0966884,	0.0194286,	-0.177786,	-0.298248,	0.00832848,	0.00143804,	-0.511336,	-0.1911,	0.56095,	-0.04704,	47739,	-231,	0,	-470,	47769,	150,	-56,	-139,	47749,	68,	-30,	-334,	
2,	15,	118782,	1.65255e+015,	2,	-2,	-10,	-16,	0,	2,	15,	-2,	1.65255e+009,	-0.104459,	-0.442288,	-0.179948,	-0.322045,	-0.178578,	0.0702742,	0.0135269,	0.163506,	-0.0110391,	0.144696,	0.031298,	0.00702648,	-0.326329,	0.0966884,	0.0194286,	-0.177786,	-0.298248,	0.00832848,	0.00143804,	-0.511336,	-0.1911,	0.56095,	-0.04704,	47749,	-230,	-1,	-470,	47779,	149,	-56,	-139,	47759,	68,	-29,	-334,	
2,	15,	118860,	1.65255e+015,	1,	6,	11,	-5,	-1,	6,	17,	5,	1.65255e+009,	-0.104459,	-0.442288,	-0.179948,	-0.322045,	-0.178578,	0.0702742,	0.0135269,	0.163506,	-0.0110391,	0.144696,	0.031298,	0.00702648,	-0.326329,	0.0966884,	0.0194286,	-0.177786,	-0.298248,	0.00832848,	0.00143804,	-0.511336,	-0.1911,	0.56095,	-0.04704,	47759,	-231,	0,	-471,	47789,	150,	-55,	-139,	47769,	68,	-30,	-334,	
2,	15,	118938,	1.65255e+015,	2,	8,	17,	12,	1,	-1,	-28,	-2,	1.65255e+009,	-0.104459,	-0.442288,	-0.179948,	-0.322045,	-0.178578,	0.0702742,	0.0135269,	0.163506,	-0.0110391,	0.144696,	0.031298,	0.00702648,	-0.326329,	0.0966884,	0.0194286,	-0.177786,	-0.298248,	0.00832848,	0.00143804,	-0.511336,	-0.1911,	0.56095,	-0.04704,	47769,	-230,	0,	-471,	47799,	149,	-56,	-139,	47779,	68,	-30,	-333,	
2,	15,	119016,	1.65255e+015,	-3,	-11,	-3,	19,	-4,	-24,	-17,	-6,	1.65255e+009,	-0.104459,	-0.442288,	-0.179948,	-0.322045,	-0.178578,	0.0702742,	0.0135269,	0.163506,	-0.0110391,	0.144696,	0.031298,	0.00702648,	-0.326329,	0.0966884,	0.0194286,	-0.177786,	-0.298248,	0.00832848,	0.00143804,	-0.511336,	-0.1911,	0.56095,	-0.04704,	47779,	-230,	0,	-470,	47809,	149,	-56,	-139,	47789,	68,	-30,	-333,	
2,	15,	119094,	1.65255e+015,	-4,	-19,	-21,	5,	-1,	13,	8,	-4,	1.65255e+009,	-0.104459,	-0.442288,	-0.179948,	-0.322045,	-0.178578,	0.0702742,	0.0135269,	0.163506,	-0.0110391,	0.144696,	0.031298,	0.00702648,	-0.326329,	0.0966884,	0.0194286,	-0.177786,	-0.298248,	0.00832848,	0.00143804,	-0.511336,	-0.1911,	0.56095,	-0.04704,	47789,	-231,	-1,	-470,	47819,	149,	-56,	-139,	47799,	68,	-30,	-333,	
2,	15,	119172,	1.65255e+015,	2,	13,	-2,	3,	0,	-7,	25,	4,	1.65255e+009,	-0.104459,	-0.442288,	-0.179948,	-0.322045,	-0.178578,	0.0702742,	0.0135269,	0.163506,	-0.0110391,	0.144696,	0.031298,	0.00702648,	-0.326329,	0.0966884,	0.0194286,	-0.177786,	-0.298248,	0.00832848,	0.00143804,	-0.511336,	-0.1911,	0.56095,	-0.04704,	47799,	-230,	0,	-470,	47829,	148,	-56,	-139,	47809,	68,	-29,	-333,	
2,	15,	119250,	1.65255e+015,	4,	14,	3,	3,	2,	3,	16,	8,	1.65255e+009,	-0.104459,	-0.442288,	-0.179948,	-0.322045,	-0.178578,	0.0702742,	0.0135269,	0.163506,	-0.0110391,	0.144696,	0.031298,	0.00702648,	-0.326329,	0.0966884,	0.0194286,	-0.177786,	-0.298248,	0.00832848,	0.00143804,	-0.511336,	-0.1911,	0.56095,	-0.04704,	47809,	-230,	0,	-469,	47839,	148,	-56,	-139,	47819,	68,	-29,	-333,	
2,	15,	119329,	1.65255e+015,	-13,	-11,	-8,	9,	-7,	-12,	5,	-14,	1.65255e+009,	-0.104459,	-0.442288,	-0.179948,	-0.322045,	-0.178578,	0.0702742,	0.0135269,	0.163506,	-0.0110391,	0.144696,	0.031298,	0.00702648,	-0.326329,	0.0966884,	0.0194286,	-0.177786,	-0.298248,	0.00832848,	0.00143804,	-0.511336,	-0.1911,	0.56095,	-0.04704,	47819,	-230,	0,	-469,	47849,	148,	-56,	-138,	47829,	69,	-29,	-333,	
2,	15,	119407,	1.65255e+015,	4,	9,	7,	2,	-13,	-9,	-8,	1,	1.65255e+009,	-0.104459,	-0.442288,	-0.179948,	-0.322045,	-0.178578,	0.0702742,	0.0135269,	0.163506,	-0.0110391,	0.144696,	0.031298,	0.00702648,	-0.326329,	0.0966884,	0.0194286,	-0.177786,	-0.298248,	0.00832848,	0.00143804,	-0.511336,	-0.1547,	0.56095,	-0.04704,	47829,	-230,	0,	-469,	47859,	149,	-56,	-138,	47839,	69,	-29,	-334,	
2,	15,	119469,	1.65255e+015,	5,	3,	-12,	-5,	2,	-17,	6,	10,	1.65255e+009,	-0.104459,	-0.442288,	-0.179948,	-0.322045,	-0.258658,	0.0702742,	0.0135269,	0.15764,	-0.0898891,	0.144696,	0.031298,	0.0011598,	-0.326329,	0.0966884,	0.0194286,	-0.159997,	-0.298248,	0.00832848,	0.00143804,	-0.493546,	-0.0637,	0.56095,	-0.04704,	47839,	-230,	0,	-470,	47869,	150,	-56,	-138,	47849,	68,	-30,	-334,	
2,	15,	119563,	1.65255e+015,	-2,	-4,	-2,	-11,	0,	12,	0,	3,	1.65255e+009,	-0.0443385,	-0.540848,	-0.179948,	-0.297405,	-0.514914,	0.0702742,	0.0135269,	0.143433,	-0.357979,	0.144696,	0.031298,	-0.00195657,	-0.499793,	0.0257244,	0.00458491,	-0.139457,	-0.407898,	-0.158241,	-0.0188881,	-0.473007,	-0.1456,	0.56095,	-0.04704,	47849,	-229,	0,	-469,	47879,	149,	-56,	-138,	47859,	68,	-30,	-334,	
2,	15,	119641,	1.65255e+015,	8,	27,	1,	-6,	3,	1,	4,	1,	1.65255e+009,	-0.359969,	-0.540848,	-0.179948,	-0.124925,	-0.77117,	-0.0672188,	-0.00998132,	0.129428,	-0.799539,	-0.114758,	-0.0152947,	-0.00708968,	-0.738306,	-0.275873,	-0.0225445,	-0.11502,	-0.649128,	-0.414501,	-0.0154857,	-0.424914,	-0.2002,	0.59547,	-0.04704,	47859,	-230,	0,	-469,	47889,	150,	-55,	-138,	47869,	68,	-30,	-334,	
2,	15,	119704,	1.65255e+015,	-17,	-10,	-16,	-14,	-7,	-4,	-5,	-9,	1.65255e+009,	-0.525299,	-0.540848,	-0.262493,	-0.0657888,	-0.85125,	-0.41859,	-0.0150907,	0.119162,	-1.00455,	-0.414129,	-0.0155211,	-0.0173564,	-0.846721,	-0.524247,	-0.00117488,	-0.0838889,	-0.736848,	-0.606696,	-0.0146472,	-0.393782,	-0.2457,	0.62999,	-0.04704,	47869,	-230,	0,	-468,	47899,	149,	-56,	-138,	47879,	68,	-30,	-334,	
2,	15,	119782,	1.65255e+015,	-1,	-7,	-5,	6,	-2,	1,	0,	-1,	1.65255e+009,	-0.525299,	-0.540848,	-0.328529,	-0.0460768,	-0.93133,	-0.586637,	-0.0103974,	0.110822,	-1.09917,	-0.533876,	-0.000448713,	-0.0146061,	-1.08523,	-0.701657,	-0.0382614,	-0.0811386,	-0.846498,	-0.683574,	-0.0333198,	-0.349634,	-0.2457,	0.62999,	-0.04704,	47879,	-232,	0,	-468,	47909,	149,	-56,	-139,	47889,	68,	-31,	-334,	
2,	15,	119860,	1.65255e+015,	-1,	-5,	5,	4,	1,	-1,	-1,	1,	1.65255e+009,	-0.585419,	-0.540848,	-0.361547,	-0.0460768,	-0.93133,	-0.647745,	-0.0241469,	0.104955,	-1.09917,	-0.633667,	-0.0207673,	-0.0204727,	-1.08523,	-0.701657,	-0.0382614,	-0.0633492,	-0.934218,	-0.747639,	-0.0517697,	-0.331845,	-0.2093,	0.62999,	-0.06272,	47889,	-230,	0,	-468,	47919,	149,	-56,	-139,	47899,	68,	-31,	-334,	
2,	15,	119922,	1.65255e+015,	0,	7,	2,	14,	-4,	-3,	-1,	-1,	1.65255e+009,	-0.585419,	-0.540848,	-0.361547,	-0.0460768,	-0.93133,	-0.647745,	-0.0241469,	0.0982834,	-1.09917,	-0.633667,	-0.0207673,	-0.0182725,	-1.08523,	-0.701657,	-0.0382614,	-0.061149,	-0.934218,	-0.747639,	-0.0517697,	-0.329645,	-0.2093,	0.59547,	-0.06272,	47899,	-231,	0,	-468,	47929,	149,	-57,	-139,	47909,	68,	-30,	-333,	
2,	15,	119985,	1.65255e+015,	-3,	4,	2,	1,	-3,	-6,	-1,	-2,	1.65255e+009,	-0.585419,	-0.540848,	-0.361547,	-0.0460768,	-0.93133,	-0.647745,	-0.0241469,	0.0982834,	-1.02032,	-0.633667,	-0.0207673,	-0.0182725,	-1.08523,	-0.701657,	-0.0382614,	-0.061149,	-0.934218,	-0.683574,	-0.0333198,	-0.329645,	-0.2457,	0.59547,	-0.06272,	47909,	-231,	0,	-468,	47939,	148,	-56,	-139,	47919,	68,	-31,	-334,	
2,	15,	120047,	1.65255e+015,	1,	-1,	-13,	9,	2,	1,	-1,	0,	1.65255e+009,	-0.585419,	-0.540848,	-0.361547,	-0.0460768,	-0.93133,	-0.586637,	-0.0103974,	0.0899437,	-1.02032,	-0.533876,	-0.000448713,	-0.0155222,	-0.976819,	-0.701657,	-0.0382614,	-0.0583987,	-0.934218,	-0.683574,	-0.0333198,	-0.326894,	-0.2912,	0.59547,	-0.06272,	47919,	-230,	0,	-468,	47949,	149,	-56,	-139,	47929,	67,	-30,	-334,	
2,	15,	120110,	1.65255e+015,	-2,	-4,	13,	-5,	-1,	0,	2,	2,	1.65255e+009,	-0.645539,	-0.540848,	-0.361547,	-0.0460768,	-0.85125,	-0.586637,	-0.0103974,	0.0899437,	-0.941469,	-0.533876,	-0.000448713,	-0.0155222,	-0.976819,	-0.612952,	-0.0160253,	-0.0583987,	-0.846498,	-0.619509,	-0.0174966,	-0.326894,	-0.3458,	0.59547,	-0.06272,	47929,	-231,	0,	-468,	47959,	150,	-57,	-138,	47939,	67,	-31,	-334,	
2,	15,	120204,	1.65255e+015,	0,	4,	16,	8,	-1,	0,	2,	0,	1.65255e+009,	-0.645539,	-0.540848,	-0.361547,	-0.0460768,	-0.85125,	-0.525529,	-0.000962125,	0.083272,	-0.941469,	-0.533876,	-0.000448713,	-0.0133219,	-0.976819,	-0.612952,	-0.0160253,	-0.0561984,	-0.846498,	-0.619509,	-0.0174966,	-0.324694,	-0.3458,	0.59547,	-0.06272,	47939,	-230,	0,	-468,	47969,	148,	-57,	-139,	47949,	67,	-30,	-334,	
2,	15,	120282,	1.65255e+015,	3,	8,	-8,	-4,	-1,	2,	0,	1,	1.65255e+009,	-0.645539,	-0.540848,	-0.361547,	-0.0460768,	-0.85125,	-0.525529,	-0.000962125,	0.083272,	-0.941469,	-0.533876,	-0.000448713,	-0.0133219,	-0.976819,	-0.612952,	-0.0160253,	-0.0561984,	-0.846498,	-0.619509,	-0.0174966,	-0.324694,	-0.3913,	0.59547,	-0.06272,	47949,	-230,	0,	-469,	47979,	149,	-57,	-139,	47959,	67,	-30,	-334,	
2,	15,	120360,	1.65255e+015,	0,	4,	4,	-9,	-1,	-1,	-1,	0,	1.65255e+009,	-0.645539,	-0.540848,	-0.361547,	-0.0460768,	-0.85125,	-0.525529,	-0.000962125,	0.083272,	-0.878389,	-0.533876,	-0.000448713,	-0.0133219,	-0.890087,	-0.612952,	-0.0160253,	-0.0561984,	-0.846498,	-0.619509,	-0.0174966,	-0.324694,	-0.3913,	0.59547,	-0.06272,	47959,	-230,	-1,	-469,	47989,	150,	-56,	-138,	47969,	67,	-31,	-334,	
2,	15,	120438,	1.65255e+015,	2,	10,	7,	1,	3,	-1,	-1,	0,	1.65255e+009,	-0.645539,	-0.540848,	-0.361547,	-0.0460768,	-0.85125,	-0.525529,	-0.000962125,	0.083272,	-0.878389,	-0.533876,	-0.000448713,	-0.0133219,	-0.890087,	-0.612952,	-0.0160253,	-0.0561984,	-0.846498,	-0.619509,	-0.0174966,	-0.324694,	-0.3913,	0.59547,	-0.06272,	47969,	-230,	-1,	-469,	47999,	148,	-57,	-139,	47979,	68,	-30,	-333,	
2,	15,	120516,	1.65255e+015,	-3,	-6,	-5,	-4,	-3,	-4,	-1,	-1,	1.65255e+009,	-0.645539,	-0.540848,	-0.361547,	-0.0460768,	-0.787186,	-0.525529,	-0.000962125,	0.083272,	-0.878389,	-0.533876,	-0.000448713,	-0.0133219,	-0.890087,	-0.612952,	-0.0160253,	-0.0561984,	-0.758778,	-0.619509,	-0.0174966,	-0.324694,	-0.3913,	0.59547,	-0.06272,	47979,	-231,	-1,	-469,	48009,	148,	-56,	-139,	47989,	68,	-31,	-333,	
2,	15,	120610,	1.65255e+015,	0,	-2,	8,	-11,	0,	0,	1,	0,	1.65255e+009,	-0.645539,	-0.540848,	-0.361547,	-0.0460768,	-0.787186,	-0.525529,	-0.000962125,	0.083272,	-0.878389,	-0.533876,	-0.000448713,	-0.0133219,	-0.890087,	-0.612952,	-0.0160253,	-0.0561984,	-0.758778,	-0.619509,	-0.0174966,	-0.324694,	-0.3913,	0.59547,	-0.06272,	47989,	-231,	0,	-468,	48019,	148,	-56,	-139,	47999,	69,	-30,	-334,	
2,	15,	120688,	1.65255e+015,	-2,	-3,	3,	-9,	-1,	0,	-1,	0,	1.65255e+009,	-0.645539,	-0.540848,	-0.361547,	-0.0460768,	-0.787186,	-0.449144,	-0.0118008,	0.083272,	-0.878389,	-0.533876,	-0.000448713,	-0.0133219,	-0.890087,	-0.612952,	-0.0160253,	-0.0561984,	-0.758778,	-0.619509,	-0.0174966,	-0.324694,	-0.3913,	0.59547,	-0.06272,	47999,	-230,	0,	-468,	48029,	149,	-56,	-139,	48009,	69,	-30,	-333,	
2,	15,	120766,	1.65255e+015,	2,	5,	0,	14,	6,	1,	-1,	-2,	1.65255e+009,	-0.645539,	-0.540848,	-0.361547,	-0.0460768,	-0.787186,	-0.449144,	-0.0118008,	0.083272,	-0.878389,	-0.533876,	-0.000448713,	-0.0133219,	-0.890087,	-0.612952,	-0.0160253,	-0.0561984,	-0.758778,	-0.619509,	-0.0174966,	-0.324694,	-0.3913,	0.59547,	-0.06272,	48009,	-230,	0,	-469,	48039,	148,	-56,	-138,	48019,	69,	-30,	-334,	
2,	15,	120844,	1.65255e+015,	-3,	-8,	-9,	-13,	0,	-1,	0,	-3,	1.65255e+009,	-0.645539,	-0.540848,	-0.361547,	-0.0460768,	-0.787186,	-0.449144,	-0.0118008,	0.083272,	-0.878389,	-0.533876,	-0.000448713,	-0.0133219,	-0.890087,	-0.612952,	-0.0160253,	-0.0561984,	-0.758778,	-0.619509,	-0.0174966,	-0.324694,	-0.3913,	0.59547,	-0.06272,	48019,	-229,	0,	-469,	48049,	149,	-56,	-138,	48029,	69,	-30,	-334,	
2,	15,	120922,	1.65255e+015,	-4,	-6,	-22,	-13,	-5,	-4,	-4,	-2,	1.65255e+009,	-0.645539,	-0.540848,	-0.361547,	-0.0460768,	-0.787186,	-0.449144,	-0.0118008,	0.083272,	-0.878389,	-0.434087,	-0.0134968,	-0.0133219,	-0.890087,	-0.612952,	-0.0160253,	-0.0561984,	-0.758778,	-0.619509,	-0.0174966,	-0.324694,	-0.3913,	0.59547,	-0.04704,	48029,	-230,	0,	-469,	48059,	149,	-57,	-138,	48039,	68,	-31,	-334,	
2,	15,	121000,	1.65255e+015,	-3,	-9,	12,	4,	-3,	-3,	-1,	-3,	1.65255e+009,	-0.645539,	-0.540848,	-0.361547,	-0.0460768,	-0.787186,	-0.449144,	-0.0118008,	0.083272,	-0.878389,	-0.434087,	-0.0134968,	-0.0133219,	-0.890087,	-0.612952,	-0.0160253,	-0.0561984,	-0.758778,	-0.619509,	-0.0174966,	-0.324694,	-0.3913,	0.59547,	-0.04704,	48039,	-230,	0,	-469,	48069,	149,	-57,	-138,	48049,	68,	-31,	-334,	
2,	15,	121079,	1.65255e+015,	-1,	-6,	-29,	-14,	-4,	-1,	-2,	-1,	1.65255e+009,	-0.645539,	-0.540848,	-0.361547,	-0.0460768,	-0.787186,	-0.449144,	-0.0118008,	0.083272,	-0.878389,	-0.434087,	-0.0134968,	-0.0133219,	-0.890087,	-0.612952,	-0.0160253,	-0.0561984,	-0.758778,	-0.619509,	-0.0174966,	-0.324694,	-0.3913,	0.59547,	-0.04704,	48049,	-230,	0,	-468,	48079,	148,	-57,	-139,	48059,	68,	-31,	-334,	
2,	15,	121157,	1.65255e+015,	-1,	-4,	-3,	-3,	-3,	-2,	0,	-1,	1.65255e+009,	-0.645539,	-0.540848,	-0.361547,	-0.0460768,	-0.787186,	-0.449144,	-0.0118008,	0.083272,	-0.878389,	-0.434087,	-0.0134968,	-0.0133219,	-0.890087,	-0.612952,	-0.0160253,	-0.0561984,	-0.758778,	-0.619509,	-0.0174966,	-0.324694,	-0.3913,	0.59547,	-0.04704,	48059,	-230,	0,	-468,	48089,	149,	-56,	-138,	48069,	68,	-31,	-334,	
2,	15,	121219,	1.65255e+015,	-2,	-2,	9,	1,	1,	-2,	-2,	-2,	1.65255e+009,	-0.645539,	-0.540848,	-0.361547,	-0.0460768,	-0.787186,	-0.449144,	-0.0118008,	0.083272,	-0.878389,	-0.434087,	-0.0134968,	-0.0133219,	-0.890087,	-0.612952,	-0.0160253,	-0.0561984,	-0.758778,	-0.619509,	-0.0174966,	-0.324694,	-0.3913,	0.59547,	-0.04704,	48069,	-232,	-1,	-468,	48099,	150,	-56,	-138,	48079,	68,	-31,	-334,	
