1,	7,	172829,	1.65255e+015,	-3,	-8,	13,	-8,	-1,	-1,	1,	-1,	1.65255e+009,	-0.750749,	-0.442288,	-0.31202,	-0.0460768,	-0.739138,	-0.235266,	-0.0222832,	0.107083,	-0.673379,	-0.134716,	-0.0170943,	-0.00947246,	-0.781672,	-0.204909,	-0.0213985,	-0.087833,	-0.561408,	-0.388875,	-0.0177172,	-0.368157,	-0.3913,	0.61273,	-0.05488,	27733,	-484,	-35,	-28,	27763,	112,	-58,	-28,	27743,	-38,	-103,	-39,	
1,	7,	172907,	1.65255e+015,	0,	-1,	-32,	-8,	-2,	-1,	-3,	-2,	1.65255e+009,	-0.750749,	-0.442288,	-0.31202,	-0.0460768,	-0.739138,	-0.235266,	-0.0222832,	0.107083,	-0.673379,	-0.134716,	-0.0170943,	-0.00947246,	-0.781672,	-0.204909,	-0.0213985,	-0.087833,	-0.561408,	-0.388875,	-0.0177172,	-0.368157,	-0.3913,	0.61273,	-0.05488,	27743,	-483,	-35,	-27,	27773,	112,	-58,	-28,	27753,	-37,	-103,	-39,	
1,	7,	172969,	1.65255e+015,	-2,	-1,	14,	6,	-1,	1,	0,	-1,	1.65255e+009,	-0.750749,	-0.442288,	-0.31202,	-0.0460768,	-0.659058,	-0.235266,	-0.0222832,	0.107083,	-0.673379,	-0.134716,	-0.0170943,	-0.00947246,	-0.69494,	-0.204909,	-0.0213985,	-0.087833,	-0.561408,	-0.388875,	-0.0177172,	-0.368157,	-0.3913,	0.61273,	-0.05488,	27753,	-484,	-36,	-27,	27783,	113,	-58,	-28,	27763,	-38,	-103,	-39,	
1,	7,	173032,	1.65255e+015,	1,	4,	-15,	12,	2,	-1,	-2,	0,	1.65255e+009,	-0.750749,	-0.442288,	-0.31202,	-0.0460768,	-0.659058,	-0.235266,	-0.0222832,	0.107083,	-0.673379,	-0.134716,	-0.0170943,	-0.00947246,	-0.69494,	-0.204909,	-0.0213985,	-0.087833,	-0.561408,	-0.388875,	-0.0177172,	-0.368157,	-0.3913,	0.61273,	-0.05488,	27763,	-484,	-35,	-27,	27793,	113,	-58,	-28,	27773,	-39,	-104,	-39,	
1,	7,	173110,	1.65255e+015,	1,	2,	-33,	-4,	-2,	-2,	-1,	0,	1.65255e+009,	-0.750749,	-0.442288,	-0.31202,	-0.0460768,	-0.659058,	-0.235266,	-0.0222832,	0.107083,	-0.673379,	-0.134716,	-0.0170943,	-0.00947246,	-0.69494,	-0.204909,	-0.0213985,	-0.087833,	-0.561408,	-0.388875,	-0.0177172,	-0.368157,	-0.3913,	0.61273,	-0.05488,	27773,	-486,	-35,	-27,	27803,	113,	-58,	-28,	27783,	-38,	-103,	-39,	
1,	7,	173172,	1.65255e+015,	1,	-5,	31,	-2,	-2,	-1,	-1,	-1,	1.65255e+009,	-0.750749,	-0.442288,	-0.31202,	-0.0460768,	-0.659058,	-0.235266,	-0.0222832,	0.107083,	-0.673379,	-0.134716,	-0.0170943,	-0.00947246,	-0.69494,	-0.204909,	-0.0213985,	-0.087833,	-0.561408,	-0.388875,	-0.0177172,	-0.368157,	-0.3913,	0.61273,	-0.05488,	27783,	-484,	-35,	-29,	27813,	111,	-58,	-28,	27793,	-38,	-102,	-40,	
1,	7,	173235,	1.65255e+015,	0,	-3,	-14,	3,	-1,	-1,	0,	-1,	1.65255e+009,	-0.750749,	-0.442288,	-0.31202,	-0.0460768,	-0.659058,	-0.235266,	-0.0222832,	0.107083,	-0.673379,	-0.134716,	-0.0170943,	-0.00947246,	-0.69494,	-0.204909,	-0.0213985,	-0.087833,	-0.561408,	-0.388875,	-0.0177172,	-0.368157,	-0.3913,	0.61273,	-0.05488,	27793,	-484,	-34,	-30,	27823,	112,	-58,	-28,	27803,	-37,	-101,	-40,	
1,	7,	173313,	1.65255e+015,	1,	-7,	-1,	0,	-3,	-2,	-1,	-2,	1.65255e+009,	-0.750749,	-0.442288,	-0.31202,	-0.0460768,	-0.659058,	-0.235266,	-0.0222832,	0.107083,	-0.673379,	-0.134716,	-0.0170943,	-0.00947246,	-0.69494,	-0.204909,	-0.0213985,	-0.087833,	-0.561408,	-0.388875,	-0.0177172,	-0.368157,	-0.3913,	0.61273,	-0.05488,	27803,	-483,	-35,	-30,	27833,	114,	-57,	-28,	27813,	-37,	-102,	-40,	
1,	7,	173375,	1.65255e+015,	-1,	5,	-6,	6,	0,	1,	-1,	-2,	1.65255e+009,	-0.750749,	-0.442288,	-0.31202,	-0.0460768,	-0.659058,	-0.235266,	-0.0222832,	0.107083,	-0.673379,	-0.134716,	-0.0170943,	-0.00947246,	-0.69494,	-0.204909,	-0.0213985,	-0.087833,	-0.561408,	-0.388875,	-0.0177172,	-0.368157,	-0.3913,	0.61273,	-0.05488,	27813,	-482,	-35,	-30,	27843,	115,	-56,	-28,	27823,	-37,	-103,	-41,	
1,	7,	173438,	1.65255e+015,	-5,	-12,	9,	-8,	-5,	-2,	-3,	-3,	1.65255e+009,	-0.750749,	-0.442288,	-0.31202,	-0.0460768,	-0.659058,	-0.235266,	-0.0222832,	0.107083,	-0.673379,	-0.134716,	-0.0170943,	-0.00947246,	-0.69494,	-0.204909,	-0.0213985,	-0.087833,	-0.561408,	-0.388875,	-0.0177172,	-0.368157,	-0.3913,	0.61273,	-0.05488,	27823,	-481,	-36,	-29,	27853,	115,	-56,	-27,	27833,	-36,	-102,	-41,	
1,	7,	173500,	1.65255e+015,	1,	7,	3,	4,	-2,	-1,	1,	0,	1.65255e+009,	-0.750749,	-0.442288,	-0.31202,	-0.0460768,	-0.659058,	-0.235266,	-0.0222832,	0.107083,	-0.673379,	-0.134716,	-0.0170943,	-0.00947246,	-0.69494,	-0.204909,	-0.0213985,	-0.087833,	-0.561408,	-0.388875,	-0.0177172,	-0.368157,	-0.3913,	0.61273,	-0.05488,	27833,	-481,	-36,	-27,	27863,	115,	-56,	-27,	27843,	-37,	-103,	-40,	
1,	7,	173563,	1.65255e+015,	-6,	-4,	-28,	-10,	-5,	-2,	0,	-3,	1.65255e+009,	-0.750749,	-0.442288,	-0.31202,	-0.0460768,	-0.659058,	-0.235266,	-0.0222832,	0.107083,	-0.673379,	-0.134716,	-0.0170943,	-0.00947246,	-0.69494,	-0.204909,	-0.0213985,	-0.087833,	-0.561408,	-0.388875,	-0.0177172,	-0.368157,	-0.3913,	0.61273,	-0.05488,	27843,	-482,	-36,	-25,	27873,	114,	-56,	-25,	27853,	-36,	-103,	-38,	
1,	7,	173641,	1.65255e+015,	3,	9,	10,	4,	0,	-1,	-1,	3,	1.65255e+009,	-0.750749,	-0.442288,	-0.31202,	-0.0460768,	-0.659058,	-0.235266,	-0.0222832,	0.107083,	-0.673379,	-0.134716,	-0.0170943,	-0.00947246,	-0.69494,	-0.204909,	-0.0213985,	-0.087833,	-0.561408,	-0.388875,	-0.0177172,	-0.368157,	-0.3913,	0.61273,	-0.05488,	27853,	-483,	-35,	-23,	27883,	111,	-55,	-23,	27863,	-37,	-103,	-37,	
1,	7,	173719,	1.65255e+015,	-3,	-4,	-13,	-8,	-1,	-1,	-2,	0,	1.65255e+009,	-0.750749,	-0.442288,	-0.31202,	-0.0460768,	-0.659058,	-0.235266,	-0.0222832,	0.107083,	-0.673379,	-0.134716,	-0.0170943,	-0.00947246,	-0.69494,	-0.204909,	-0.0213985,	-0.087833,	-0.561408,	-0.388875,	-0.0177172,	-0.368157,	-0.3913,	0.61273,	-0.05488,	27863,	-483,	-33,	-21,	27893,	112,	-54,	-22,	27873,	-36,	-103,	-36,	
1,	7,	173782,	1.65255e+015,	-1,	-1,	12,	2,	-2,	-1,	0,	-2,	1.65255e+009,	-0.750749,	-0.442288,	-0.31202,	-0.0460768,	-0.659058,	-0.235266,	-0.0222832,	0.107083,	-0.673379,	-0.134716,	-0.0170943,	-0.00947246,	-0.69494,	-0.204909,	-0.0213985,	-0.087833,	-0.561408,	-0.388875,	-0.0177172,	-0.368157,	-0.3913,	0.61273,	-0.05488,	27873,	-484,	-35,	-22,	27903,	113,	-52,	-22,	27883,	-37,	-101,	-33,	
1,	7,	173844,	1.65255e+015,	-5,	-22,	-38,	-11,	-4,	-3,	-3,	-1,	1.65255e+009,	-0.750749,	-0.442288,	-0.31202,	-0.0460768,	-0.659058,	-0.235266,	-0.0222832,	0.107083,	-0.673379,	-0.134716,	-0.0170943,	-0.00947246,	-0.69494,	-0.204909,	-0.0213985,	-0.087833,	-0.561408,	-0.388875,	-0.0177172,	-0.368157,	-0.3913,	0.61273,	-0.05488,	27883,	-483,	-34,	-23,	27913,	112,	-54,	-23,	27893,	-38,	-100,	-33,	
1,	7,	173922,	1.65255e+015,	-3,	-7,	7,	0,	0,	-1,	-1,	0,	1.65255e+009,	-0.750749,	-0.442288,	-0.31202,	-0.0460768,	-0.659058,	-0.235266,	-0.0222832,	0.107083,	-0.673379,	-0.134716,	-0.0170943,	-0.00947246,	-0.69494,	-0.204909,	-0.0213985,	-0.087833,	-0.561408,	-0.388875,	-0.0177172,	-0.368157,	-0.3913,	0.61273,	-0.05488,	27893,	-483,	-35,	-24,	27923,	111,	-55,	-24,	27903,	-37,	-100,	-33,	
1,	7,	174000,	1.65255e+015,	-6,	-6,	0,	2,	-5,	-2,	0,	-2,	1.65255e+009,	-0.750749,	-0.442288,	-0.31202,	-0.0460768,	-0.659058,	-0.235266,	-0.0222832,	0.107083,	-0.673379,	-0.134716,	-0.0170943,	-0.00947246,	-0.69494,	-0.204909,	-0.0213985,	-0.087833,	-0.561408,	-0.388875,	-0.0177172,	-0.368157,	-0.3913,	0.61273,	-0.05488,	27903,	-482,	-35,	-26,	27933,	111,	-56,	-25,	27913,	-37,	-100,	-35,	
1,	7,	174079,	1.65255e+015,	4,	10,	0,	19,	0,	-1,	-1,	-1,	1.65255e+009,	-0.750749,	-0.442288,	-0.31202,	-0.0460768,	-0.659058,	-0.235266,	-0.0222832,	0.107083,	-0.673379,	-0.134716,	-0.0170943,	-0.00947246,	-0.69494,	-0.204909,	-0.0213985,	-0.087833,	-0.561408,	-0.388875,	-0.0177172,	-0.368157,	-0.3913,	0.61273,	-0.05488,	27913,	-481,	-35,	-28,	27943,	112,	-55,	-26,	27923,	-35,	-98,	-37,	
1,	7,	174141,	1.65255e+015,	1,	-5,	33,	-1,	-1,	0,	-1,	0,	1.65255e+009,	-0.750749,	-0.442288,	-0.31202,	-0.0460768,	-0.659058,	-0.235266,	-0.0222832,	0.107083,	-0.673379,	-0.134716,	-0.0170943,	-0.00947246,	-0.69494,	-0.204909,	-0.0213985,	-0.087833,	-0.561408,	-0.388875,	-0.0177172,	-0.368157,	-0.3913,	0.61273,	-0.05488,	27923,	-480,	-35,	-31,	27953,	112,	-55,	-27,	27933,	-36,	-99,	-40,	
1,	7,	174204,	1.65255e+015,	2,	-1,	-17,	8,	4,	-1,	-3,	-1,	1.65255e+009,	-0.750749,	-0.442288,	-0.31202,	-0.0460768,	-0.659058,	-0.235266,	-0.0222832,	0.107083,	-0.673379,	-0.134716,	-0.0170943,	-0.00947246,	-0.69494,	-0.204909,	-0.0213985,	-0.087833,	-0.561408,	-0.388875,	-0.0177172,	-0.368157,	-0.3913,	0.61273,	-0.05488,	27933,	-478,	-33,	-34,	27963,	111,	-56,	-28,	27943,	-35,	-98,	-41,	
1,	7,	174282,	1.65255e+015,	6,	14,	-10,	7,	4,	1,	1,	0,	1.65255e+009,	-0.750749,	-0.442288,	-0.31202,	-0.0460768,	-0.659058,	-0.235266,	-0.0222832,	0.107083,	-0.673379,	-0.134716,	-0.0170943,	-0.00947246,	-0.69494,	-0.204909,	-0.0213985,	-0.087833,	-0.561408,	-0.388875,	-0.0177172,	-0.368157,	-0.3913,	0.61273,	-0.05488,	27943,	-478,	-34,	-35,	27973,	112,	-54,	-28,	27953,	-35,	-98,	-41,	
1,	7,	174344,	1.65255e+015,	-2,	-6,	17,	-8,	-2,	-2,	0,	5,	1.65255e+009,	-0.750749,	-0.442288,	-0.31202,	-0.0460768,	-0.659058,	-0.235266,	-0.0222832,	0.107083,	-0.673379,	-0.134716,	-0.0170943,	-0.00947246,	-0.69494,	-0.204909,	-0.0213985,	-0.087833,	-0.561408,	-0.388875,	-0.0177172,	-0.368157,	-0.3913,	0.61273,	-0.05488,	27953,	-478,	-34,	-35,	27983,	114,	-55,	-27,	27963,	-34,	-99,	-42,	
1,	7,	174422,	1.65255e+015,	0,	8,	26,	12,	2,	2,	1,	0,	1.65255e+009,	-0.750749,	-0.442288,	-0.31202,	-0.0460768,	-0.659058,	-0.235266,	-0.0222832,	0.107083,	-0.673379,	-0.134716,	-0.0170943,	-0.00947246,	-0.69494,	-0.204909,	-0.0213985,	-0.087833,	-0.561408,	-0.388875,	-0.0177172,	-0.368157,	-0.3913,	0.61273,	-0.05488,	27963,	-479,	-34,	-33,	27993,	114,	-54,	-26,	27973,	-34,	-100,	-42,	
1,	7,	174485,	1.65255e+015,	-1,	-6,	-16,	17,	2,	0,	-2,	-1,	1.65255e+009,	-0.750749,	-0.442288,	-0.31202,	-0.0460768,	-0.659058,	-0.235266,	-0.0222832,	0.107083,	-0.673379,	-0.134716,	-0.0170943,	-0.00947246,	-0.69494,	-0.204909,	-0.0213985,	-0.087833,	-0.561408,	-0.388875,	-0.0177172,	-0.368157,	-0.3913,	0.61273,	-0.05488,	27973,	-479,	-34,	-31,	28003,	113,	-54,	-25,	27983,	-35,	-98,	-41,	
1,	7,	174563,	1.65255e+015,	-4,	-4,	15,	-13,	-4,	-3,	-2,	-1,	1.65255e+009,	-0.750749,	-0.442288,	-0.31202,	-0.0460768,	-0.659058,	-0.235266,	-0.0222832,	0.107083,	-0.673379,	-0.134716,	-0.0170943,	-0.00947246,	-0.69494,	-0.204909,	-0.0213985,	-0.087833,	-0.561408,	-0.388875,	-0.0177172,	-0.368157,	-0.3913,	0.61273,	-0.05488,	27983,	-479,	-33,	-32,	28013,	113,	-55,	-25,	27993,	-35,	-99,	-40,	
1,	7,	174641,	1.65255e+015,	-5,	-14,	-18,	-14,	-5,	-3,	-2,	-5,	1.65255e+009,	-0.750749,	-0.442288,	-0.31202,	-0.0460768,	-0.659058,	-0.235266,	-0.0222832,	0.107083,	-0.673379,	-0.134716,	-0.0170943,	-0.00947246,	-0.69494,	-0.204909,	-0.0213985,	-0.087833,	-0.561408,	-0.388875,	-0.0177172,	-0.368157,	-0.3913,	0.61273,	-0.05488,	27993,	-480,	-34,	-31,	28023,	113,	-54,	-25,	28003,	-35,	-98,	-39,	
1,	7,	174719,	1.65255e+015,	-3,	-4,	-22,	-7,	-2,	-2,	0,	3,	1.65255e+009,	-0.750749,	-0.442288,	-0.31202,	-0.0460768,	-0.659058,	-0.235266,	-0.0222832,	0.107083,	-0.673379,	-0.134716,	-0.0170943,	-0.00947246,	-0.69494,	-0.204909,	-0.0213985,	-0.087833,	-0.561408,	-0.388875,	-0.0177172,	-0.368157,	-0.3913,	0.61273,	-0.05488,	28003,	-479,	-33,	-31,	28033,	113,	-54,	-25,	28013,	-36,	-99,	-39,	
1,	7,	174797,	1.65255e+015,	-3,	-3,	-7,	-2,	1,	0,	1,	-1,	1.65255e+009,	-0.750749,	-0.442288,	-0.31202,	-0.0460768,	-0.659058,	-0.235266,	-0.0222832,	0.107083,	-0.673379,	-0.134716,	-0.0170943,	-0.00947246,	-0.69494,	-0.204909,	-0.0213985,	-0.087833,	-0.561408,	-0.388875,	-0.0177172,	-0.368157,	-0.3913,	0.61273,	-0.05488,	28013,	-479,	-32,	-31,	28043,	114,	-53,	-25,	28023,	-35,	-98,	-39,	
1,	7,	174860,	1.65255e+015,	0,	5,	12,	2,	-3,	0,	-2,	-3,	1.65255e+009,	-0.750749,	-0.442288,	-0.31202,	-0.0460768,	-0.659058,	-0.235266,	-0.0222832,	0.107083,	-0.673379,	-0.134716,	-0.0170943,	-0.00947246,	-0.69494,	-0.204909,	-0.0213985,	-0.087833,	-0.561408,	-0.388875,	-0.0177172,	-0.368157,	-0.3913,	0.61273,	-0.05488,	28023,	-476,	-32,	-32,	28053,	114,	-53,	-25,	28033,	-34,	-98,	-40,	
1,	7,	174938,	1.65255e+015,	1,	2,	11,	2,	1,	1,	0,	2,	1.65255e+009,	-0.750749,	-0.442288,	-0.31202,	-0.0460768,	-0.659058,	-0.235266,	-0.0222832,	0.107083,	-0.673379,	-0.134716,	-0.0170943,	-0.00947246,	-0.69494,	-0.204909,	-0.0213985,	-0.087833,	-0.561408,	-0.388875,	-0.0177172,	-0.368157,	-0.3913,	0.61273,	-0.05488,	28033,	-476,	-33,	-34,	28063,	113,	-52,	-27,	28043,	-33,	-97,	-40,	
1,	7,	175000,	1.65255e+015,	-1,	-4,	-12,	13,	5,	0,	0,	0,	1.65255e+009,	-0.750749,	-0.442288,	-0.31202,	-0.0460768,	-0.659058,	-0.235266,	-0.0222832,	0.107083,	-0.673379,	-0.134716,	-0.0170943,	-0.00947246,	-0.69494,	-0.204909,	-0.0213985,	-0.087833,	-0.561408,	-0.388875,	-0.0177172,	-0.368157,	-0.3913,	0.61273,	-0.05488,	28043,	-476,	-33,	-36,	28073,	112,	-54,	-28,	28053,	-34,	-98,	-41,	
1,	7,	175079,	1.65255e+015,	0,	6,	19,	-6,	2,	-1,	1,	-1,	1.65255e+009,	-0.750749,	-0.442288,	-0.31202,	-0.0460768,	-0.659058,	-0.235266,	-0.0222832,	0.107083,	-0.673379,	-0.134716,	-0.0170943,	-0.00947246,	-0.69494,	-0.204909,	-0.0213985,	-0.087833,	-0.561408,	-0.388875,	-0.0177172,	-0.368157,	-0.3913,	0.61273,	-0.05488,	28053,	-475,	-32,	-36,	28083,	114,	-54,	-28,	28063,	-34,	-98,	-42,	
1,	7,	175157,	1.65255e+015,	-1,	-6,	-9,	-8,	-1,	-1,	-1,	-1,	1.65255e+009,	-0.750749,	-0.442288,	-0.31202,	-0.0460768,	-0.659058,	-0.235266,	-0.0222832,	0.107083,	-0.673379,	-0.134716,	-0.0170943,	-0.00947246,	-0.69494,	-0.204909,	-0.0213985,	-0.087833,	-0.561408,	-0.388875,	-0.0177172,	-0.368157,	-0.3913,	0.61273,	-0.05488,	28063,	-475,	-32,	-36,	28093,	113,	-54,	-28,	28073,	-34,	-98,	-42,	
1,	7,	175235,	1.65255e+015,	2,	5,	-12,	9,	1,	-2,	2,	1,	1.65255e+009,	-0.750749,	-0.442288,	-0.31202,	-0.0460768,	-0.659058,	-0.235266,	-0.0222832,	0.107083,	-0.673379,	-0.134716,	-0.0170943,	-0.00947246,	-0.69494,	-0.204909,	-0.0213985,	-0.087833,	-0.561408,	-0.388875,	-0.0177172,	-0.368157,	-0.3913,	0.61273,	-0.05488,	28073,	-474,	-32,	-35,	28103,	114,	-54,	-27,	28083,	-34,	-98,	-43,	
1,	7,	175313,	1.65255e+015,	-3,	-3,	1,	0,	-4,	-1,	-2,	1,	1.65255e+009,	-0.750749,	-0.442288,	-0.31202,	-0.0460768,	-0.659058,	-0.235266,	-0.0222832,	0.107083,	-0.673379,	-0.134716,	-0.0170943,	-0.00947246,	-0.69494,	-0.204909,	-0.0213985,	-0.087833,	-0.561408,	-0.388875,	-0.0177172,	-0.368157,	-0.3913,	0.61273,	-0.05488,	28083,	-474,	-31,	-35,	28113,	114,	-54,	-27,	28093,	-34,	-97,	-43,	
1,	7,	175391,	1.65255e+015,	-3,	-6,	-26,	0,	-2,	-1,	-3,	2,	1.65255e+009,	-0.750749,	-0.442288,	-0.31202,	-0.0460768,	-0.659058,	-0.235266,	-0.0222832,	0.107083,	-0.673379,	-0.134716,	-0.0170943,	-0.00947246,	-0.69494,	-0.204909,	-0.0213985,	-0.087833,	-0.561408,	-0.388875,	-0.0177172,	-0.368157,	-0.3913,	0.61273,	-0.05488,	28093,	-473,	-32,	-36,	28123,	114,	-53,	-27,	28103,	-34,	-98,	-43,	
1,	7,	175469,	1.65255e+015,	-1,	2,	9,	-10,	-1,	0,	1,	-2,	1.65255e+009,	-0.750749,	-0.442288,	-0.31202,	-0.0460768,	-0.659058,	-0.235266,	-0.0222832,	0.107083,	-0.673379,	-0.134716,	-0.0170943,	-0.00947246,	-0.69494,	-0.204909,	-0.0213985,	-0.087833,	-0.561408,	-0.388875,	-0.0177172,	-0.368157,	-0.3913,	0.61273,	-0.05488,	28103,	-471,	-33,	-36,	28133,	115,	-53,	-28,	28113,	-34,	-97,	-44,	
1,	7,	175547,	1.65255e+015,	-2,	-6,	-20,	2,	-2,	0,	-3,	-12,	1.65255e+009,	-0.750749,	-0.442288,	-0.31202,	-0.0460768,	-0.659058,	-0.235266,	-0.0222832,	0.107083,	-0.673379,	-0.134716,	-0.0170943,	-0.00947246,	-0.69494,	-0.204909,	-0.0213985,	-0.087833,	-0.561408,	-0.388875,	-0.0177172,	-0.368157,	-0.3913,	0.61273,	-0.05488,	28113,	-472,	-32,	-37,	28143,	113,	-54,	-28,	28123,	-34,	-97,	-43,	
1,	7,	175625,	1.65255e+015,	1,	-10,	-28,	-18,	-3,	1,	-2,	-1,	1.65255e+009,	-0.750749,	-0.442288,	-0.31202,	-0.0460768,	-0.659058,	-0.235266,	-0.0222832,	0.107083,	-0.673379,	-0.134716,	-0.0170943,	-0.00947246,	-0.69494,	-0.204909,	-0.0213985,	-0.087833,	-0.561408,	-0.388875,	-0.0177172,	-0.368157,	-0.3913,	0.61273,	-0.05488,	28123,	-473,	-32,	-38,	28153,	114,	-54,	-29,	28133,	-34,	-98,	-44,	
2,	7,	175735,	1.65255e+015,	-1,	1,	-9,	8,	1,	-2,	-3,	-10,	1.65255e+009,	-0.750749,	-0.442288,	-0.31202,	-0.0460768,	-0.659058,	-0.235266,	-0.0222832,	0.107083,	-0.673379,	-0.134716,	-0.0170943,	-0.00947246,	-0.69494,	-0.204909,	-0.0213985,	-0.087833,	-0.561408,	-0.388875,	-0.0177172,	-0.368157,	-0.3913,	0.61273,	-0.05488,	28133,	-472,	-32,	-40,	28163,	113,	-55,	-29,	28143,	-34,	-96,	-44,	
2,	7,	175813,	1.65255e+015,	-3,	-7,	-2,	0,	-3,	0,	-1,	-3,	1.65255e+009,	-0.750749,	-0.442288,	-0.31202,	-0.0460768,	-0.659058,	-0.235266,	-0.0222832,	0.107083,	-0.673379,	-0.134716,	-0.0170943,	-0.00947246,	-0.69494,	-0.204909,	-0.0213985,	-0.087833,	-0.561408,	-0.388875,	-0.0177172,	-0.368157,	-0.3913,	0.61273,	-0.05488,	28143,	-471,	-32,	-41,	28173,	114,	-54,	-30,	28153,	-34,	-97,	-45,	
2,	7,	175891,	1.65255e+015,	-2,	1,	11,	15,	-1,	1,	-3,	4,	1.65255e+009,	-0.750749,	-0.442288,	-0.31202,	-0.0460768,	-0.659058,	-0.235266,	-0.0222832,	0.107083,	-0.673379,	-0.134716,	-0.0170943,	-0.00947246,	-0.69494,	-0.204909,	-0.0213985,	-0.087833,	-0.561408,	-0.388875,	-0.0177172,	-0.368157,	-0.3913,	0.61273,	-0.05488,	28153,	-469,	-32,	-42,	28183,	113,	-54,	-30,	28163,	-33,	-96,	-45,	
2,	7,	175969,	1.65255e+015,	-1,	-6,	1,	-5,	1,	0,	-2,	-20,	1.65255e+009,	-0.750749,	-0.442288,	-0.31202,	-0.0460768,	-0.659058,	-0.235266,	-0.0222832,	0.107083,	-0.673379,	-0.134716,	-0.0170943,	-0.00947246,	-0.69494,	-0.204909,	-0.0213985,	-0.087833,	-0.561408,	-0.388875,	-0.0177172,	-0.368157,	-0.3913,	0.61273,	-0.05488,	28163,	-468,	-32,	-42,	28193,	113,	-54,	-30,	28173,	-34,	-97,	-46,	
2,	7,	176047,	1.65255e+015,	-2,	-8,	6,	0,	-1,	1,	-1,	3,	1.65255e+009,	-0.750749,	-0.442288,	-0.31202,	-0.0460768,	-0.659058,	-0.235266,	-0.0222832,	0.107083,	-0.673379,	-0.134716,	-0.0170943,	-0.00947246,	-0.69494,	-0.204909,	-0.0213985,	-0.087833,	-0.561408,	-0.388875,	-0.0177172,	-0.368157,	-0.3913,	0.61273,	-0.05488,	28173,	-469,	-32,	-43,	28203,	113,	-56,	-31,	28183,	-34,	-96,	-46,	
2,	7,	176125,	1.65255e+015,	0,	2,	-2,	-2,	-2,	-1,	2,	1,	1.65255e+009,	-0.750749,	-0.442288,	-0.31202,	-0.0460768,	-0.659058,	-0.235266,	-0.0222832,	0.107083,	-0.673379,	-0.134716,	-0.0170943,	-0.00947246,	-0.69494,	-0.204909,	-0.0213985,	-0.087833,	-0.561408,	-0.388875,	-0.0177172,	-0.368157,	-0.3913,	0.61273,	-0.05488,	28183,	-469,	-33,	-43,	28213,	113,	-55,	-31,	28193,	-35,	-96,	-45,	
2,	7,	176204,	1.65255e+015,	-1,	5,	26,	9,	0,	-2,	-2,	-1,	1.65255e+009,	-0.750749,	-0.442288,	-0.31202,	-0.0460768,	-0.659058,	-0.235266,	-0.0222832,	0.107083,	-0.673379,	-0.134716,	-0.0170943,	-0.00947246,	-0.69494,	-0.204909,	-0.0213985,	-0.087833,	-0.561408,	-0.388875,	-0.0177172,	-0.368157,	-0.3913,	0.61273,	-0.05488,	28193,	-469,	-34,	-42,	28223,	115,	-55,	-31,	28203,	-35,	-97,	-46,	
2,	7,	176282,	1.65255e+015,	0,	2,	-16,	-9,	0,	-1,	-1,	-4,	1.65255e+009,	-0.750749,	-0.442288,	-0.31202,	-0.0460768,	-0.659058,	-0.235266,	-0.0222832,	0.107083,	-0.673379,	-0.134716,	-0.0170943,	-0.00947246,	-0.69494,	-0.204909,	-0.0213985,	-0.087833,	-0.561408,	-0.388875,	-0.0177172,	-0.368157,	-0.3913,	0.61273,	-0.05488,	28203,	-468,	-34,	-43,	28233,	114,	-55,	-31,	28213,	-34,	-96,	-46,	
2,	7,	176344,	1.65255e+015,	2,	13,	12,	4,	-1,	-2,	-1,	-8,	1.65255e+009,	-0.750749,	-0.442288,	-0.31202,	-0.0460768,	-0.659058,	-0.235266,	-0.0222832,	0.107083,	-0.673379,	-0.134716,	-0.0170943,	-0.00947246,	-0.69494,	-0.204909,	-0.0213985,	-0.087833,	-0.561408,	-0.388875,	-0.0177172,	-0.368157,	-0.3913,	0.61273,	-0.05488,	28213,	-468,	-33,	-44,	28243,	114,	-56,	-32,	28223,	-35,	-97,	-47,	
2,	7,	176407,	1.65255e+015,	0,	-3,	-4,	-8,	0,	-2,	-4,	-16,	1.65255e+009,	-0.750749,	-0.442288,	-0.31202,	-0.0460768,	-0.659058,	-0.235266,	-0.0222832,	0.107083,	-0.673379,	-0.134716,	-0.0170943,	-0.00947246,	-0.69494,	-0.204909,	-0.0213985,	-0.087833,	-0.561408,	-0.388875,	-0.0177172,	-0.368157,	-0.3913,	0.61273,	-0.05488,	28223,	-468,	-34,	-46,	28253,	113,	-55,	-32,	28233,	-33,	-96,	-47,	
2,	7,	176485,	1.65255e+015,	-2,	-5,	-6,	-15,	-1,	-1,	1,	8,	1.65255e+009,	-0.750749,	-0.442288,	-0.31202,	-0.0460768,	-0.659058,	-0.235266,	-0.0222832,	0.107083,	-0.673379,	-0.134716,	-0.0170943,	-0.00947246,	-0.69494,	-0.204909,	-0.0213985,	-0.087833,	-0.561408,	-0.388875,	-0.0177172,	-0.368157,	-0.3913,	0.61273,	-0.05488,	28233,	-467,	-34,	-46,	28263,	113,	-55,	-32,	28243,	-34,	-96,	-47,	
2,	7,	176547,	1.65255e+015,	-1,	-6,	-57,	-2,	-1,	0,	-2,	-15,	1.65255e+009,	-0.750749,	-0.442288,	-0.31202,	-0.0460768,	-0.659058,	-0.235266,	-0.0222832,	0.107083,	-0.673379,	-0.134716,	-0.0170943,	-0.00947246,	-0.69494,	-0.204909,	-0.0213985,	-0.087833,	-0.561408,	-0.388875,	-0.0177172,	-0.368157,	-0.3913,	0.61273,	-0.05488,	28243,	-466,	-34,	-47,	28273,	114,	-55,	-33,	28253,	-33,	-96,	-48,	
2,	7,	176625,	1.65255e+015,	-7,	2,	23,	-12,	-3,	-4,	-4,	-6,	1.65255e+009,	-0.750749,	-0.442288,	-0.31202,	-0.0460768,	-0.659058,	-0.235266,	-0.0222832,	0.107083,	-0.673379,	-0.134716,	-0.0170943,	-0.00947246,	-0.69494,	-0.204909,	-0.0213985,	-0.087833,	-0.561408,	-0.388875,	-0.0177172,	-0.368157,	-0.3913,	0.61273,	-0.05488,	28253,	-466,	-34,	-48,	28283,	115,	-54,	-33,	28263,	-33,	-95,	-48,	
2,	7,	176688,	1.65255e+015,	-3,	-4,	-15,	-16,	-2,	-2,	-1,	-5,	1.65255e+009,	-0.750749,	-0.442288,	-0.31202,	-0.0460768,	-0.659058,	-0.235266,	-0.0222832,	0.107083,	-0.673379,	-0.134716,	-0.0170943,	-0.00947246,	-0.69494,	-0.204909,	-0.0213985,	-0.087833,	-0.561408,	-0.388875,	-0.0177172,	-0.368157,	-0.3913,	0.61273,	-0.05488,	28263,	-467,	-33,	-48,	28293,	114,	-54,	-32,	28273,	-33,	-96,	-49,	
2,	7,	176766,	1.65255e+015,	-3,	-7,	6,	2,	-3,	-1,	-2,	-3,	1.65255e+009,	-0.750749,	-0.442288,	-0.31202,	-0.0460768,	-0.659058,	-0.235266,	-0.0222832,	0.107083,	-0.673379,	-0.134716,	-0.0170943,	-0.00947246,	-0.69494,	-0.204909,	-0.0213985,	-0.087833,	-0.561408,	-0.388875,	-0.0177172,	-0.368157,	-0.3913,	0.61273,	-0.05488,	28273,	-466,	-34,	-49,	28303,	114,	-55,	-33,	28283,	-33,	-95,	-49,	
2,	7,	176844,	1.65255e+015,	3,	0,	8,	3,	4,	1,	1,	10,	1.65255e+009,	-0.750749,	-0.442288,	-0.31202,	-0.0460768,	-0.659058,	-0.235266,	-0.0222832,	0.107083,	-0.673379,	-0.134716,	-0.0170943,	-0.00947246,	-0.69494,	-0.204909,	-0.0213985,	-0.087833,	-0.561408,	-0.388875,	-0.0177172,	-0.368157,	-0.3913,	0.61273,	-0.05488,	28283,	-466,	-35,	-49,	28313,	114,	-55,	-33,	28293,	-34,	-96,	-49,	
2,	7,	176922,	1.65255e+015,	-2,	-10,	-9,	-12,	-3,	1,	1,	6,	1.65255e+009,	-0.750749,	-0.442288,	-0.31202,	-0.0460768,	-0.659058,	-0.235266,	-0.0222832,	0.107083,	-0.673379,	-0.134716,	-0.0170943,	-0.00947246,	-0.69494,	-0.204909,	-0.0213985,	-0.087833,	-0.561408,	-0.388875,	-0.0177172,	-0.368157,	-0.3913,	0.61273,	-0.05488,	28293,	-465,	-35,	-49,	28323,	115,	-54,	-33,	28303,	-32,	-95,	-50,	
2,	7,	177000,	1.65255e+015,	-6,	-14,	-32,	-6,	-5,	-5,	-3,	13,	1.65255e+009,	-0.750749,	-0.442288,	-0.31202,	-0.0460768,	-0.659058,	-0.235266,	-0.0222832,	0.107083,	-0.673379,	-0.134716,	-0.0170943,	-0.00947246,	-0.69494,	-0.293614,	-0.0223274,	-0.087833,	-0.561408,	-0.388875,	-0.0177172,	-0.368157,	-0.3913,	0.61273,	-0.05488,	28303,	-464,	-34,	-49,	28333,	114,	-55,	-33,	28313,	-33,	-94,	-50,	
2,	7,	177079,	1.65255e+015,	-2,	-2,	1,	11,	1,	-3,	-14,	-74,	1.65255e+009,	-0.750749,	-0.442288,	-0.31202,	-0.0460768,	-0.659058,	-0.235266,	-0.0222832,	0.10415,	-0.673379,	-0.134716,	-0.0170943,	-0.0124058,	-0.69494,	-0.382319,	-0.0182206,	-0.0789383,	-0.561408,	-0.388875,	-0.0177172,	-0.359262,	-0.3913,	0.61273,	-0.05488,	28313,	-464,	-33,	-50,	28343,	115,	-54,	-33,	28323,	-33,	-95,	-51,	
2,	7,	177157,	1.65255e+015,	3,	7,	22,	-8,	1,	-1,	6,	4,	1.65255e+009,	-0.750749,	-0.442288,	-0.31202,	-0.0460768,	-0.659058,	-0.235266,	-0.0222832,	0.10415,	-0.673379,	-0.134716,	-0.0170943,	-0.0124058,	-0.69494,	-0.737139,	-0.0485659,	-0.0789383,	-0.561408,	-0.388875,	-0.0177172,	-0.359262,	-0.3913,	0.61273,	-0.05488,	28323,	-463,	-35,	-51,	28353,	114,	-56,	-34,	28333,	-33,	-94,	-51,	
2,	7,	177235,	1.65255e+015,	2,	9,	34,	2,	2,	1,	3,	-9,	1.65255e+009,	-0.750749,	-0.442288,	-0.31202,	-0.0460768,	-0.659058,	-0.235266,	-0.0222832,	0.0982834,	-0.673379,	-0.134716,	-0.0170943,	-0.0182725,	-0.781672,	-1.05648,	-0.177565,	-0.061149,	-0.561408,	-0.388875,	-0.0177172,	-0.341473,	-0.3913,	0.61273,	-0.05488,	28333,	-461,	-34,	-54,	28363,	116,	-54,	-35,	47773,	70,	-26,	-350,	
2,	7,	177313,	1.65255e+015,	-3,	-1,	-42,	1,	0,	-4,	-22,	-98,	1.65255e+009,	-0.750749,	-0.442288,	-0.31202,	-0.0460768,	-0.659058,	-0.235266,	-0.0222832,	0.0982834,	-0.673379,	-0.134716,	-0.0170943,	-0.0182725,	-0.781672,	-1.30485,	-0.323019,	-0.061149,	-0.561408,	-0.388875,	-0.0177172,	-0.341473,	-0.4368,	0.61273,	-0.05488,	47833,	-228,	8,	-492,	47863,	145,	-63,	-150,	47783,	70,	-26,	-350,	
2,	7,	177391,	1.65255e+015,	4,	-6,	-1,	8,	0,	-2,	1,	12,	1.65255e+009,	-0.750749,	-0.442288,	-0.31202,	-0.0460768,	-0.659058,	-0.235266,	-0.0222832,	0.0982834,	-0.673379,	-0.134716,	-0.0170943,	-0.0182725,	-0.868404,	-1.39356,	-0.384535,	-0.061149,	-0.561408,	-0.388875,	-0.0177172,	-0.341473,	-0.4732,	0.61273,	-0.05488,	47843,	-228,	9,	-492,	47873,	146,	-63,	-150,	47793,	70,	-26,	-350,	
2,	7,	177469,	1.65255e+015,	5,	6,	20,	5,	1,	-2,	-6,	-33,	1.65255e+009,	-0.690629,	-0.442288,	-0.31202,	-0.0460768,	-0.659058,	-0.235266,	-0.0222832,	0.0909501,	-0.673379,	-0.134716,	-0.0170943,	-0.0256059,	-0.868404,	-1.48226,	-0.451087,	-0.0389124,	-0.561408,	-0.388875,	-0.0177172,	-0.319236,	-0.4732,	0.61273,	-0.05488,	47853,	-228,	8,	-493,	47883,	145,	-63,	-150,	47803,	69,	-26,	-350,	
2,	7,	177547,	1.65255e+015,	8,	15,	26,	-3,	5,	5,	13,	45,	1.65255e+009,	-0.690629,	-0.442288,	-0.31202,	-0.0460768,	-0.659058,	-0.235266,	-0.0222832,	0.0909501,	-0.673379,	-0.134716,	-0.0170943,	-0.0256059,	-0.868404,	-1.57097,	-0.522674,	-0.0389124,	-0.561408,	-0.388875,	-0.0177172,	-0.319236,	-0.4732,	0.61273,	-0.05488,	47863,	-227,	9,	-493,	47893,	145,	-62,	-150,	47813,	69,	-27,	-350,	
2,	7,	177625,	1.65255e+015,	4,	8,	40,	23,	3,	-2,	-6,	-41,	1.65255e+009,	-0.690629,	-0.442288,	-0.31202,	-0.0460768,	-0.659058,	-0.235266,	-0.0222832,	0.0909501,	-0.673379,	-0.134716,	-0.0170943,	-0.0256059,	-0.868404,	-1.57097,	-0.522674,	-0.0389124,	-0.561408,	-0.388875,	-0.0177172,	-0.319236,	-0.4732,	0.61273,	-0.05488,	47873,	-228,	8,	-493,	47903,	146,	-63,	-150,	47823,	71,	-26,	-351,	
2,	7,	177688,	1.65255e+015,	2,	9,	-8,	11,	0,	0,	0,	8,	1.65255e+009,	-0.690629,	-0.442288,	-0.31202,	-0.0460768,	-0.659058,	-0.235266,	-0.0222832,	0.0909501,	-0.673379,	-0.134716,	-0.0170943,	-0.0256059,	-0.868404,	-1.65967,	-0.599298,	-0.0389124,	-0.561408,	-0.388875,	-0.0177172,	-0.319236,	-0.5278,	0.61273,	-0.05488,	47883,	-228,	9,	-493,	47913,	146,	-64,	-150,	47833,	70,	-27,	-351,	
2,	7,	177750,	1.65255e+015,	-1,	5,	-10,	-13,	-2,	-4,	-10,	-20,	1.65255e+009,	-0.690629,	-0.442288,	-0.31202,	-0.0460768,	-0.659058,	-0.235266,	-0.0222832,	0.0909501,	-0.673379,	-0.134716,	-0.0170943,	-0.0256059,	-0.868404,	-1.65967,	-0.599298,	-0.0389124,	-0.561408,	-0.388875,	-0.0177172,	-0.319236,	-0.5278,	0.61273,	-0.05488,	47893,	-228,	9,	-494,	47923,	146,	-65,	-151,	47843,	70,	-27,	-351,	
2,	7,	177813,	1.65255e+015,	1,	7,	18,	7,	-2,	-3,	1,	14,	1.65255e+009,	-0.690629,	-0.442288,	-0.31202,	-0.0460768,	-0.659058,	-0.235266,	-0.0222832,	0.0909501,	-0.673379,	-0.134716,	-0.0170943,	-0.0256059,	-0.868404,	-1.65967,	-0.599298,	-0.0389124,	-0.561408,	-0.388875,	-0.0177172,	-0.319236,	-0.5278,	0.61273,	-0.05488,	47903,	-226,	9,	-495,	47933,	148,	-64,	-151,	47853,	70,	-27,	-351,	
2,	7,	177875,	1.65255e+015,	-2,	2,	11,	13,	0,	-2,	-7,	-13,	1.65255e+009,	-0.690629,	-0.442288,	-0.31202,	-0.0460768,	-0.659058,	-0.235266,	-0.0222832,	0.0909501,	-0.673379,	-0.134716,	-0.0170943,	-0.0256059,	-0.868404,	-1.65967,	-0.599298,	-0.0389124,	-0.561408,	-0.388875,	-0.0177172,	-0.319236,	-0.5278,	0.61273,	-0.05488,	47913,	-226,	10,	-495,	47943,	147,	-64,	-151,	47863,	70,	-26,	-351,	
2,	7,	177938,	1.65255e+015,	-7,	-12,	35,	4,	-5,	-4,	0,	-4,	1.65255e+009,	-0.690629,	-0.442288,	-0.31202,	-0.0460768,	-0.659058,	-0.235266,	-0.0222832,	0.0909501,	-0.673379,	-0.134716,	-0.0170943,	-0.0256059,	-0.868404,	-1.65967,	-0.599298,	-0.0389124,	-0.561408,	-0.388875,	-0.0177172,	-0.319236,	-0.5278,	0.61273,	-0.05488,	47923,	-227,	9,	-495,	47953,	147,	-63,	-151,	47873,	69,	-26,	-351,	
2,	7,	178000,	1.65255e+015,	6,	4,	-2,	-6,	2,	1,	5,	10,	1.65255e+009,	-0.690629,	-0.442288,	-0.31202,	-0.0460768,	-0.659058,	-0.235266,	-0.0222832,	0.0909501,	-0.673379,	-0.134716,	-0.0170943,	-0.0256059,	-0.868404,	-1.65967,	-0.599298,	-0.0389124,	-0.561408,	-0.388875,	-0.0177172,	-0.319236,	-0.5278,	0.61273,	-0.05488,	47933,	-227,	9,	-495,	47963,	147,	-64,	-152,	47883,	70,	-27,	-351,	
2,	7,	178063,	1.65255e+015,	2,	-3,	-26,	-7,	-1,	0,	1,	32,	1.65255e+009,	-0.690629,	-0.442288,	-0.31202,	-0.0460768,	-0.659058,	-0.235266,	-0.0222832,	0.0909501,	-0.673379,	-0.134716,	-0.0170943,	-0.0256059,	-0.868404,	-1.65967,	-0.599298,	-0.0389124,	-0.561408,	-0.388875,	-0.0177172,	-0.319236,	-0.5278,	0.61273,	-0.05488,	47943,	-227,	8,	-496,	47973,	147,	-65,	-151,	47893,	70,	-27,	-351,	
2,	7,	178125,	1.65255e+015,	0,	-7,	-4,	-15,	-1,	-1,	-3,	-7,	1.65255e+009,	-0.690629,	-0.442288,	-0.31202,	-0.0460768,	-0.659058,	-0.235266,	-0.0222832,	0.0909501,	-0.673379,	-0.134716,	-0.0170943,	-0.0256059,	-0.868404,	-1.65967,	-0.599298,	-0.0389124,	-0.561408,	-0.388875,	-0.0177172,	-0.319236,	-0.5278,	0.61273,	-0.05488,	47953,	-226,	9,	-495,	47983,	148,	-64,	-151,	47903,	70,	-27,	-351,	
2,	7,	178188,	1.65255e+015,	2,	4,	7,	-2,	2,	0,	2,	12,	1.65255e+009,	-0.690629,	-0.442288,	-0.31202,	-0.0460768,	-0.659058,	-0.235266,	-0.0222832,	0.0909501,	-0.673379,	-0.134716,	-0.0170943,	-0.0256059,	-0.868404,	-1.65967,	-0.599298,	-0.0389124,	-0.561408,	-0.388875,	-0.0177172,	-0.319236,	-0.5278,	0.61273,	-0.05488,	47963,	-226,	8,	-495,	47993,	147,	-64,	-151,	47913,	71,	-27,	-352,	
2,	7,	178250,	1.65255e+015,	-4,	-6,	-3,	-7,	-1,	0,	-1,	-8,	1.65255e+009,	-0.690629,	-0.442288,	-0.31202,	-0.0460768,	-0.659058,	-0.235266,	-0.0222832,	0.0909501,	-0.673379,	-0.134716,	-0.0170943,	-0.0256059,	-0.868404,	-1.65967,	-0.599298,	-0.0389124,	-0.561408,	-0.388875,	-0.0177172,	-0.319236,	-0.5278,	0.61273,	-0.05488,	47973,	-226,	7,	-495,	48003,	146,	-64,	-151,	47923,	70,	-26,	-352,	
2,	7,	178313,	1.65255e+015,	-2,	-4,	-16,	-4,	-1,	0,	1,	-8,	1.65255e+009,	-0.690629,	-0.442288,	-0.31202,	-0.0460768,	-0.659058,	-0.235266,	-0.0222832,	0.0909501,	-0.673379,	-0.134716,	-0.0170943,	-0.0256059,	-0.868404,	-1.65967,	-0.599298,	-0.0389124,	-0.561408,	-0.388875,	-0.0177172,	-0.319236,	-0.5278,	0.61273,	-0.05488,	47983,	-227,	8,	-495,	48013,	147,	-63,	-151,	47933,	70,	-25,	-352,	
2,	7,	178375,	1.65255e+015,	4,	-1,	-36,	-6,	1,	1,	1,	12,	1.65255e+009,	-0.690629,	-0.442288,	-0.31202,	-0.0460768,	-0.659058,	-0.235266,	-0.0222832,	0.0909501,	-0.673379,	-0.134716,	-0.0170943,	-0.0256059,	-0.868404,	-1.65967,	-0.599298,	-0.0389124,	-0.561408,	-0.388875,	-0.0177172,	-0.319236,	-0.5278,	0.61273,	-0.05488,	47993,	-226,	8,	-495,	48023,	148,	-64,	-150,	47943,	70,	-26,	-352,	
2,	7,	178438,	1.65255e+015,	2,	-2,	24,	18,	4,	2,	0,	8,	1.65255e+009,	-0.690629,	-0.442288,	-0.31202,	-0.0460768,	-0.659058,	-0.235266,	-0.0222832,	0.0909501,	-0.673379,	-0.134716,	-0.0170943,	-0.0256059,	-0.868404,	-1.65967,	-0.599298,	-0.0389124,	-0.561408,	-0.388875,	-0.0177172,	-0.319236,	-0.5278,	0.61273,	-0.05488,	48003,	-226,	8,	-495,	48033,	148,	-63,	-151,	47953,	70,	-26,	-351,	
2,	7,	178516,	1.65255e+015,	-1,	3,	25,	19,	2,	2,	-2,	-4,	1.65255e+009,	-0.690629,	-0.442288,	-0.31202,	-0.0460768,	-0.659058,	-0.235266,	-0.0222832,	0.0909501,	-0.673379,	-0.134716,	-0.0170943,	-0.0256059,	-0.868404,	-1.65967,	-0.599298,	-0.0389124,	-0.561408,	-0.388875,	-0.0177172,	-0.319236,	-0.5278,	0.61273,	-0.05488,	48013,	-227,	9,	-495,	48043,	147,	-62,	-151,	47963,	70,	-25,	-351,	
2,	7,	178579,	1.65255e+015,	2,	5,	-2,	8,	0,	2,	3,	19,	1.65255e+009,	-0.690629,	-0.442288,	-0.31202,	-0.0460768,	-0.659058,	-0.235266,	-0.0222832,	0.0909501,	-0.673379,	-0.134716,	-0.0170943,	-0.0256059,	-0.868404,	-1.65967,	-0.599298,	-0.0389124,	-0.561408,	-0.388875,	-0.0177172,	-0.319236,	-0.5278,	0.61273,	-0.05488,	48023,	-225,	9,	-495,	48053,	147,	-63,	-151,	47973,	70,	-26,	-351,	
2,	7,	178657,	1.65255e+015,	-2,	-4,	-21,	-6,	-3,	-3,	-1,	-4,	1.65255e+009,	-0.690629,	-0.442288,	-0.31202,	-0.0460768,	-0.659058,	-0.235266,	-0.0222832,	0.0909501,	-0.673379,	-0.134716,	-0.0170943,	-0.0256059,	-0.868404,	-1.65967,	-0.599298,	-0.0389124,	-0.561408,	-0.388875,	-0.0177172,	-0.319236,	-0.5096,	0.61273,	-0.05488,	48033,	-225,	9,	-495,	48063,	147,	-65,	-151,	47983,	70,	-26,	-351,	
2,	7,	178735,	1.65255e+015,	-4,	-6,	-3,	1,	0,	-1,	-2,	-2,	1.65255e+009,	-0.690629,	-0.442288,	-0.31202,	-0.0460768,	-0.659058,	-0.235266,	-0.0222832,	0.0909501,	-0.673379,	-0.134716,	-0.0170943,	-0.0256059,	-0.868404,	-1.46452,	-0.437373,	-0.0389124,	-0.561408,	-0.388875,	-0.0177172,	-0.319236,	-0.5096,	0.61273,	-0.05488,	48043,	-225,	7,	-495,	48073,	148,	-64,	-151,	47993,	70,	-27,	-351,	
2,	7,	178797,	1.65255e+015,	2,	4,	-47,	4,	1,	1,	-2,	1,	1.65255e+009,	-0.690629,	-0.442288,	-0.31202,	-0.0460768,	-0.659058,	-0.235266,	-0.0222832,	0.0909501,	-0.673379,	-0.134716,	-0.0170943,	-0.0256059,	-0.868404,	-0.772621,	-0.0596761,	-0.0389124,	-0.561408,	-0.388875,	-0.0177172,	-0.319236,	-0.4368,	0.61273,	-0.05488,	48053,	-226,	8,	-494,	48083,	147,	-64,	-151,	48003,	70,	-26,	-351,	
2,	7,	178875,	1.65255e+015,	-1,	-2,	13,	-1,	0,	1,	0,	1,	1.65255e+009,	-0.690629,	-0.442288,	-0.31202,	-0.0460768,	-0.659058,	-0.235266,	-0.0222832,	0.0982834,	-0.673379,	-0.134716,	-0.0170943,	-0.0182725,	-0.781672,	-0.40006,	-0.0167949,	-0.061149,	-0.561408,	-0.388875,	-0.0177172,	-0.341473,	-0.4368,	0.61273,	-0.05488,	48063,	-226,	8,	-494,	48093,	147,	-64,	-151,	48013,	70,	-26,	-351,	
2,	7,	178938,	1.65255e+015,	-2,	-10,	-85,	-18,	-3,	0,	-1,	0,	1.65255e+009,	-0.690629,	-0.442288,	-0.31202,	-0.0460768,	-0.659058,	-0.235266,	-0.0222832,	0.10415,	-0.673379,	-0.134716,	-0.0170943,	-0.0124058,	-0.781672,	-0.311355,	-0.0219089,	-0.0789383,	-0.561408,	-0.388875,	-0.0177172,	-0.359262,	-0.4004,	0.61273,	-0.05488,	48073,	-226,	8,	-494,	48103,	146,	-64,	-151,	48023,	70,	-27,	-351,	
2,	7,	179016,	1.65255e+015,	-3,	-10,	41,	7,	1,	1,	1,	0,	1.65255e+009,	-0.690629,	-0.442288,	-0.31202,	-0.0460768,	-0.659058,	-0.235266,	-0.0222832,	0.107083,	-0.673379,	-0.134716,	-0.0170943,	-0.00947246,	-0.781672,	-0.240391,	-0.0223744,	-0.087833,	-0.561408,	-0.388875,	-0.0177172,	-0.368157,	-0.4004,	0.61273,	-0.05488,	48083,	-226,	7,	-494,	48113,	147,	-64,	-150,	48033,	70,	-25,	-351,	
2,	7,	179094,	1.65255e+015,	-7,	-9,	-29,	-20,	-4,	-3,	-3,	-3,	1.65255e+009,	-0.690629,	-0.442288,	-0.31202,	-0.0460768,	-0.659058,	-0.235266,	-0.0222832,	0.107083,	-0.673379,	-0.134716,	-0.0170943,	-0.00947246,	-0.781672,	-0.240391,	-0.0223744,	-0.087833,	-0.561408,	-0.388875,	-0.0177172,	-0.368157,	-0.4004,	0.61273,	-0.05488,	48093,	-227,	7,	-494,	48123,	148,	-63,	-150,	48043,	70,	-25,	-351,	
2,	7,	179172,	1.65255e+015,	-3,	-11,	-8,	-6,	-3,	-4,	-2,	-2,	1.65255e+009,	-0.690629,	-0.442288,	-0.31202,	-0.0460768,	-0.659058,	-0.235266,	-0.0222832,	0.107083,	-0.673379,	-0.134716,	-0.0170943,	-0.00947246,	-0.781672,	-0.240391,	-0.0223744,	-0.087833,	-0.561408,	-0.388875,	-0.0177172,	-0.368157,	-0.4004,	0.61273,	-0.05488,	48103,	-226,	9,	-494,	48133,	147,	-64,	-150,	48053,	70,	-25,	-351,	
2,	7,	179250,	1.65255e+015,	-4,	1,	8,	-3,	-3,	-1,	0,	-1,	1.65255e+009,	-0.690629,	-0.442288,	-0.31202,	-0.0460768,	-0.659058,	-0.235266,	-0.0222832,	0.107083,	-0.673379,	-0.134716,	-0.0170943,	-0.00947246,	-0.781672,	-0.240391,	-0.0223744,	-0.087833,	-0.561408,	-0.388875,	-0.0177172,	-0.368157,	-0.3549,	0.61273,	-0.05488,	48113,	-226,	8,	-495,	48143,	148,	-64,	-150,	48063,	70,	-26,	-351,	
2,	7,	179329,	1.65255e+015,	-2,	-1,	-24,	-8,	-3,	0,	1,	0,	1.65255e+009,	-0.690629,	-0.442288,	-0.31202,	-0.0460768,	-0.659058,	-0.235266,	-0.0222832,	0.107083,	-0.673379,	-0.134716,	-0.0170943,	-0.00947246,	-0.781672,	-0.240391,	-0.0223744,	-0.087833,	-0.561408,	-0.32481,	-0.0214572,	-0.368157,	-0.3549,	0.61273,	-0.05488,	48123,	-225,	8,	-494,	48153,	149,	-65,	-150,	48073,	69,	-26,	-350,	
2,	7,	179422,	1.65255e+015,	-2,	-1,	-8,	0,	0,	-1,	-1,	-2,	1.65255e+009,	-0.690629,	-0.442288,	-0.31202,	-0.0460768,	-0.659058,	-0.235266,	-0.0222832,	0.107083,	-0.673379,	-0.134716,	-0.0170943,	-0.00947246,	-0.781672,	-0.240391,	-0.0223744,	-0.087833,	-0.561408,	-0.32481,	-0.0214572,	-0.368157,	-0.3549,	0.61273,	-0.05488,	48133,	-226,	7,	-494,	48163,	148,	-64,	-149,	48083,	70,	-25,	-350,	
2,	7,	179500,	1.65255e+015,	-2,	-5,	6,	-9,	-3,	-2,	-2,	-2,	1.65255e+009,	-0.690629,	-0.442288,	-0.31202,	-0.0460768,	-0.659058,	-0.235266,	-0.0222832,	0.107083,	-0.673379,	-0.134716,	-0.0170943,	-0.00947246,	-0.781672,	-0.240391,	-0.0223744,	-0.087833,	-0.561408,	-0.32481,	-0.0214572,	-0.368157,	-0.3549,	0.61273,	-0.05488,	48143,	-225,	8,	-493,	48173,	149,	-63,	-149,	48093,	70,	-27,	-350,	
2,	7,	179579,	1.65255e+015,	0,	4,	4,	0,	0,	-1,	1,	-2,	1.65255e+009,	-0.690629,	-0.442288,	-0.31202,	-0.0460768,	-0.659058,	-0.235266,	-0.0222832,	0.107083,	-0.673379,	-0.134716,	-0.0170943,	-0.00947246,	-0.781672,	-0.240391,	-0.0223744,	-0.087833,	-0.561408,	-0.32481,	-0.0214572,	-0.368157,	-0.3549,	0.61273,	-0.05488,	48153,	-227,	9,	-493,	48183,	149,	-64,	-149,	48103,	71,	-26,	-350,	
2,	7,	179641,	1.65255e+015,	-1,	-4,	-5,	-3,	-2,	0,	1,	-1,	1.65255e+009,	-0.690629,	-0.442288,	-0.31202,	-0.0460768,	-0.659058,	-0.235266,	-0.0222832,	0.107083,	-0.673379,	-0.134716,	-0.0170943,	-0.00947246,	-0.69494,	-0.240391,	-0.0223744,	-0.087833,	-0.561408,	-0.32481,	-0.0214572,	-0.368157,	-0.3549,	0.61273,	-0.05488,	48163,	-226,	9,	-493,	48193,	149,	-63,	-149,	48113,	70,	-28,	-350,	
2,	7,	179704,	1.65255e+015,	-2,	-10,	-31,	-29,	-3,	-2,	-2,	0,	1.65255e+009,	-0.690629,	-0.442288,	-0.31202,	-0.0460768,	-0.659058,	-0.235266,	-0.0222832,	0.107083,	-0.673379,	-0.134716,	-0.0170943,	-0.00947246,	-0.69494,	-0.240391,	-0.0223744,	-0.087833,	-0.561408,	-0.32481,	-0.0214572,	-0.368157,	-0.3549,	0.61273,	-0.05488,	48173,	-225,	9,	-494,	48203,	148,	-64,	-149,	48123,	70,	-27,	-350,	
2,	7,	179782,	1.65255e+015,	2,	13,	21,	17,	2,	1,	-1,	1,	1.65255e+009,	-0.690629,	-0.442288,	-0.31202,	-0.0460768,	-0.659058,	-0.235266,	-0.0222832,	0.107083,	-0.673379,	-0.134716,	-0.0170943,	-0.00947246,	-0.69494,	-0.240391,	-0.0223744,	-0.087833,	-0.561408,	-0.32481,	-0.0214572,	-0.368157,	-0.3549,	0.61273,	-0.05488,	48183,	-226,	8,	-494,	48213,	148,	-63,	-149,	48133,	70,	-27,	-349,	
2,	7,	179844,	1.65255e+015,	2,	17,	32,	4,	-2,	0,	-1,	0,	1.65255e+009,	-0.690629,	-0.442288,	-0.31202,	-0.0460768,	-0.659058,	-0.235266,	-0.0222832,	0.107083,	-0.673379,	-0.134716,	-0.0170943,	-0.00947246,	-0.69494,	-0.240391,	-0.0223744,	-0.087833,	-0.561408,	-0.32481,	-0.0214572,	-0.368157,	-0.3549,	0.61273,	-0.05488,	48193,	-225,	9,	-494,	48223,	148,	-63,	-149,	48143,	70,	-26,	-349,	
2,	7,	179907,	1.65255e+015,	-1,	-6,	-21,	-2,	-4,	-2,	-1,	-2,	1.65255e+009,	-0.690629,	-0.442288,	-0.31202,	-0.0460768,	-0.659058,	-0.235266,	-0.0222832,	0.107083,	-0.673379,	-0.134716,	-0.0170943,	-0.00947246,	-0.69494,	-0.240391,	-0.0223744,	-0.087833,	-0.561408,	-0.32481,	-0.0214572,	-0.368157,	-0.3549,	0.61273,	-0.05488,	48203,	-226,	9,	-495,	48233,	149,	-63,	-149,	48153,	70,	-26,	-349,	
2,	7,	179985,	1.65255e+015,	-2,	4,	36,	-5,	-2,	-1,	-1,	-3,	1.65255e+009,	-0.690629,	-0.442288,	-0.31202,	-0.0460768,	-0.659058,	-0.235266,	-0.0222832,	0.107083,	-0.673379,	-0.134716,	-0.0170943,	-0.00947246,	-0.69494,	-0.240391,	-0.0223744,	-0.087833,	-0.561408,	-0.32481,	-0.0214572,	-0.368157,	-0.3549,	0.61273,	-0.05488,	48213,	-226,	9,	-495,	48243,	148,	-62,	-150,	48163,	70,	-27,	-349,	
2,	7,	180079,	1.65255e+015,	-3,	-7,	-41,	-8,	-4,	-3,	-2,	-2,	1.65255e+009,	-0.690629,	-0.442288,	-0.31202,	-0.0460768,	-0.659058,	-0.235266,	-0.0222832,	0.107083,	-0.673379,	-0.134716,	-0.0170943,	-0.00947246,	-0.69494,	-0.240391,	-0.0223744,	-0.087833,	-0.561408,	-0.32481,	-0.0214572,	-0.368157,	-0.3549,	0.61273,	-0.05488,	48223,	-225,	8,	-495,	48253,	148,	-63,	-150,	48173,	71,	-26,	-349,	
2,	7,	180157,	1.65255e+015,	1,	3,	9,	-17,	-3,	-1,	-1,	-1,	1.65255e+009,	-0.690629,	-0.442288,	-0.31202,	-0.0460768,	-0.659058,	-0.235266,	-0.0222832,	0.107083,	-0.673379,	-0.134716,	-0.0170943,	-0.00947246,	-0.69494,	-0.240391,	-0.0223744,	-0.087833,	-0.561408,	-0.32481,	-0.0214572,	-0.368157,	-0.3549,	0.61273,	-0.05488,	48233,	-226,	8,	-494,	48263,	149,	-62,	-149,	48183,	70,	-26,	-349,	
2,	7,	180235,	1.65255e+015,	1,	-1,	10,	-1,	-1,	0,	-1,	0,	1.65255e+009,	-0.690629,	-0.442288,	-0.31202,	-0.0460768,	-0.659058,	-0.235266,	-0.0222832,	0.107083,	-0.673379,	-0.134716,	-0.0170943,	-0.00947246,	-0.69494,	-0.240391,	-0.0223744,	-0.087833,	-0.561408,	-0.32481,	-0.0214572,	-0.368157,	-0.3549,	0.61273,	-0.05488,	48243,	-225,	9,	-494,	48273,	148,	-64,	-149,	48193,	71,	-26,	-349,	
2,	7,	180297,	1.65255e+015,	-1,	-4,	-3,	-1,	-1,	-2,	-1,	0,	1.65255e+009,	-0.690629,	-0.442288,	-0.31202,	-0.0460768,	-0.659058,	-0.235266,	-0.0222832,	0.107083,	-0.673379,	-0.134716,	-0.0170943,	-0.00947246,	-0.69494,	-0.240391,	-0.0223744,	-0.087833,	-0.561408,	-0.32481,	-0.0214572,	-0.368157,	-0.3549,	0.61273,	-0.05488,	48253,	-225,	9,	-494,	48283,	148,	-63,	-149,	48203,	70,	-26,	-349,	
2,	7,	180360,	1.65255e+015,	0,	0,	-17,	-4,	-2,	-1,	0,	-1,	1.65255e+009,	-0.690629,	-0.442288,	-0.31202,	-0.0460768,	-0.659058,	-0.235266,	-0.0222832,	0.107083,	-0.673379,	-0.134716,	-0.0170943,	-0.00947246,	-0.69494,	-0.240391,	-0.0223744,	-0.087833,	-0.561408,	-0.32481,	-0.0214572,	-0.368157,	-0.3549,	0.61273,	-0.05488,	48263,	-225,	9,	-493,	48293,	149,	-63,	-149,	48213,	70,	-26,	-349,	
2,	7,	180422,	1.65255e+015,	-3,	-2,	18,	0,	-1,	-1,	0,	-1,	1.65255e+009,	-0.690629,	-0.442288,	-0.31202,	-0.0460768,	-0.659058,	-0.235266,	-0.0222832,	0.107083,	-0.673379,	-0.134716,	-0.0170943,	-0.00947246,	-0.69494,	-0.240391,	-0.0223744,	-0.087833,	-0.561408,	-0.32481,	-0.0214572,	-0.368157,	-0.3549,	0.61273,	-0.05488,	48273,	-226,	9,	-493,	48303,	148,	-64,	-149,	48223,	71,	-26,	-349,	
2,	7,	180500,	1.65255e+015,	1,	-6,	-9,	-10,	0,	-1,	-2,	-1,	1.65255e+009,	-0.690629,	-0.442288,	-0.31202,	-0.0460768,	-0.659058,	-0.235266,	-0.0222832,	0.107083,	-0.673379,	-0.134716,	-0.0170943,	-0.00947246,	-0.69494,	-0.240391,	-0.0223744,	-0.087833,	-0.561408,	-0.32481,	-0.0214572,	-0.368157,	-0.3549,	0.61273,	-0.05488,	48283,	-226,	9,	-493,	48313,	149,	-63,	-149,	48233,	71,	-26,	-349,	
2,	7,	180579,	1.65255e+015,	-4,	-1,	-22,	-13,	-7,	-2,	-3,	-4,	1.65255e+009,	-0.690629,	-0.442288,	-0.31202,	-0.0460768,	-0.659058,	-0.235266,	-0.0222832,	0.107083,	-0.673379,	-0.134716,	-0.0170943,	-0.00947246,	-0.69494,	-0.240391,	-0.0223744,	-0.087833,	-0.561408,	-0.32481,	-0.0214572,	-0.368157,	-0.3549,	0.61273,	-0.05488,	48293,	-225,	9,	-493,	48323,	149,	-63,	-149,	48243,	71,	-26,	-349,	
2,	7,	180657,	1.65255e+015,	0,	-5,	-7,	-2,	3,	2,	1,	0,	1.65255e+009,	-0.690629,	-0.442288,	-0.31202,	-0.0460768,	-0.659058,	-0.235266,	-0.0222832,	0.107083,	-0.673379,	-0.134716,	-0.0170943,	-0.00947246,	-0.69494,	-0.240391,	-0.0223744,	-0.087833,	-0.561408,	-0.32481,	-0.0214572,	-0.368157,	-0.3549,	0.61273,	-0.05488,	48303,	-225,	9,	-494,	48333,	148,	-62,	-150,	48253,	71,	-27,	-349,	
2,	7,	180719,	1.65255e+015,	0,	1,	-18,	-5,	0,	0,	1,	-2,	1.65255e+009,	-0.690629,	-0.442288,	-0.31202,	-0.0460768,	-0.659058,	-0.235266,	-0.0222832,	0.107083,	-0.673379,	-0.134716,	-0.0170943,	-0.00947246,	-0.69494,	-0.240391,	-0.0223744,	-0.087833,	-0.561408,	-0.32481,	-0.0214572,	-0.368157,	-0.3549,	0.61273,	-0.05488,	48313,	-225,	8,	-494,	48343,	148,	-64,	-150,	48263,	71,	-27,	-349,	
