1,	6,	164782,	1.65255e+015,	1,	4,	6,	9,	5,	0,	0,	0,	1.65255e+009,	-0.750749,	-0.442288,	-0.31202,	-0.0460768,	-0.739138,	-0.235266,	-0.0222832,	0.105818,	-0.767999,	-0.254465,	-0.0225383,	-0.0129559,	-0.69494,	-0.346837,	-0.0204676,	-0.0794884,	-0.649128,	-0.440127,	-0.0128339,	-0.359812,	-0.3185,	0.61273,	-0.05488,	26633,	-558,	-53,	99,	26663,	116,	-61,	14,	26643,	-72,	-127,	65,	
1,	6,	164860,	1.65255e+015,	3,	3,	-7,	6,	2,	1,	1,	1,	1.65255e+009,	-0.750749,	-0.442288,	-0.31202,	-0.0460768,	-0.739138,	-0.235266,	-0.0222832,	0.105818,	-0.767999,	-0.254465,	-0.0225383,	-0.0129559,	-0.69494,	-0.346837,	-0.0204676,	-0.0794884,	-0.649128,	-0.440127,	-0.0128339,	-0.359812,	-0.3185,	0.61273,	-0.05488,	26643,	-557,	-54,	97,	26673,	115,	-62,	14,	26653,	-71,	-125,	63,	
1,	6,	164938,	1.65255e+015,	-1,	0,	9,	5,	-4,	-2,	-3,	-1,	1.65255e+009,	-0.750749,	-0.442288,	-0.31202,	-0.0460768,	-0.739138,	-0.235266,	-0.0222832,	0.105818,	-0.767999,	-0.254465,	-0.0225383,	-0.0129559,	-0.69494,	-0.346837,	-0.0204676,	-0.0794884,	-0.649128,	-0.440127,	-0.0128339,	-0.359812,	-0.3185,	0.61273,	-0.05488,	26653,	-555,	-53,	95,	26683,	116,	-60,	13,	26663,	-70,	-127,	62,	
1,	6,	165016,	1.65255e+015,	-1,	-2,	1,	-5,	-2,	-3,	0,	0,	1.65255e+009,	-0.750749,	-0.442288,	-0.31202,	-0.0460768,	-0.739138,	-0.235266,	-0.0222832,	0.105818,	-0.767999,	-0.254465,	-0.0225383,	-0.0129559,	-0.69494,	-0.346837,	-0.0204676,	-0.0794884,	-0.649128,	-0.440127,	-0.0128339,	-0.359812,	-0.3185,	0.61273,	-0.05488,	26663,	-555,	-54,	94,	26693,	116,	-60,	12,	26673,	-70,	-125,	60,	
1,	6,	165079,	1.65255e+015,	-4,	-11,	11,	-25,	-6,	-3,	-2,	-1,	1.65255e+009,	-0.750749,	-0.442288,	-0.31202,	-0.0460768,	-0.739138,	-0.235266,	-0.0222832,	0.105818,	-0.767999,	-0.254465,	-0.0225383,	-0.0129559,	-0.69494,	-0.346837,	-0.0204676,	-0.0794884,	-0.649128,	-0.440127,	-0.0128339,	-0.359812,	-0.3185,	0.61273,	-0.05488,	26673,	-554,	-54,	92,	26703,	117,	-60,	12,	26683,	-69,	-126,	58,	
1,	6,	165157,	1.65255e+015,	1,	1,	3,	6,	3,	0,	-2,	-2,	1.65255e+009,	-0.750749,	-0.442288,	-0.31202,	-0.0460768,	-0.739138,	-0.235266,	-0.0222832,	0.105818,	-0.767999,	-0.254465,	-0.0225383,	-0.0129559,	-0.69494,	-0.346837,	-0.0204676,	-0.0794884,	-0.649128,	-0.440127,	-0.0128339,	-0.359812,	-0.3185,	0.61273,	-0.05488,	26683,	-553,	-53,	90,	26713,	118,	-61,	12,	26693,	-67,	-125,	55,	
1,	6,	165219,	1.65255e+015,	-3,	-6,	-10,	-1,	-1,	1,	0,	0,	1.65255e+009,	-0.750749,	-0.442288,	-0.31202,	-0.0460768,	-0.739138,	-0.235266,	-0.0222832,	0.105818,	-0.767999,	-0.254465,	-0.0225383,	-0.0129559,	-0.69494,	-0.346837,	-0.0204676,	-0.0794884,	-0.649128,	-0.440127,	-0.0128339,	-0.359812,	-0.3185,	0.61273,	-0.05488,	26693,	-552,	-53,	87,	26723,	118,	-61,	10,	26703,	-67,	-124,	53,	
1,	6,	165297,	1.65255e+015,	0,	2,	0,	4,	0,	-2,	0,	-2,	1.65255e+009,	-0.750749,	-0.442288,	-0.31202,	-0.0460768,	-0.739138,	-0.235266,	-0.0222832,	0.105818,	-0.767999,	-0.254465,	-0.0225383,	-0.0129559,	-0.69494,	-0.346837,	-0.0204676,	-0.0794884,	-0.649128,	-0.440127,	-0.0128339,	-0.359812,	-0.3185,	0.61273,	-0.05488,	26703,	-550,	-52,	85,	26733,	117,	-60,	9,	26713,	-65,	-125,	50,	
1,	6,	165360,	1.65255e+015,	0,	0,	19,	4,	-2,	-2,	-1,	-1,	1.65255e+009,	-0.750749,	-0.442288,	-0.31202,	-0.0460768,	-0.739138,	-0.235266,	-0.0222832,	0.105818,	-0.767999,	-0.254465,	-0.0225383,	-0.0129559,	-0.69494,	-0.346837,	-0.0204676,	-0.0794884,	-0.649128,	-0.440127,	-0.0128339,	-0.359812,	-0.3185,	0.61273,	-0.05488,	26713,	-548,	-53,	83,	26743,	118,	-61,	9,	26723,	-64,	-124,	48,	
1,	6,	165438,	1.65255e+015,	0,	0,	-6,	-3,	2,	0,	-2,	0,	1.65255e+009,	-0.750749,	-0.442288,	-0.31202,	-0.0460768,	-0.739138,	-0.235266,	-0.0222832,	0.105818,	-0.767999,	-0.254465,	-0.0225383,	-0.0129559,	-0.69494,	-0.346837,	-0.0204676,	-0.0794884,	-0.649128,	-0.440127,	-0.0128339,	-0.359812,	-0.3185,	0.61273,	-0.05488,	26723,	-547,	-52,	82,	26753,	118,	-60,	9,	26733,	-64,	-125,	46,	
1,	6,	165500,	1.65255e+015,	-2,	-7,	-33,	-9,	-1,	0,	0,	-1,	1.65255e+009,	-0.750749,	-0.442288,	-0.31202,	-0.0460768,	-0.739138,	-0.235266,	-0.0222832,	0.105818,	-0.767999,	-0.254465,	-0.0225383,	-0.0129559,	-0.69494,	-0.346837,	-0.0204676,	-0.0794884,	-0.649128,	-0.440127,	-0.0128339,	-0.359812,	-0.3185,	0.61273,	-0.05488,	26733,	-545,	-52,	81,	26763,	119,	-60,	9,	26743,	-62,	-124,	44,	
1,	6,	165563,	1.65255e+015,	0,	11,	14,	8,	-1,	-2,	0,	-1,	1.65255e+009,	-0.750749,	-0.442288,	-0.31202,	-0.0460768,	-0.739138,	-0.235266,	-0.0222832,	0.105818,	-0.767999,	-0.254465,	-0.0225383,	-0.0129559,	-0.69494,	-0.346837,	-0.0204676,	-0.0794884,	-0.649128,	-0.440127,	-0.0128339,	-0.359812,	-0.3185,	0.61273,	-0.05488,	26743,	-545,	-50,	81,	26773,	119,	-61,	8,	26753,	-61,	-124,	42,	
1,	6,	165641,	1.65255e+015,	2,	3,	1,	2,	1,	-2,	-2,	-1,	1.65255e+009,	-0.750749,	-0.442288,	-0.31202,	-0.0460768,	-0.739138,	-0.235266,	-0.0222832,	0.105818,	-0.767999,	-0.254465,	-0.0225383,	-0.0129559,	-0.69494,	-0.346837,	-0.0204676,	-0.0794884,	-0.649128,	-0.440127,	-0.0128339,	-0.359812,	-0.3185,	0.61273,	-0.05488,	26753,	-545,	-50,	80,	26783,	119,	-60,	9,	26763,	-61,	-124,	41,	
1,	6,	165704,	1.65255e+015,	1,	-3,	-2,	-4,	-2,	0,	0,	-1,	1.65255e+009,	-0.750749,	-0.442288,	-0.31202,	-0.0460768,	-0.739138,	-0.235266,	-0.0222832,	0.105818,	-0.767999,	-0.254465,	-0.0225383,	-0.0129559,	-0.69494,	-0.346837,	-0.0204676,	-0.0794884,	-0.649128,	-0.440127,	-0.0128339,	-0.359812,	-0.3185,	0.61273,	-0.05488,	26763,	-547,	-51,	80,	26793,	118,	-61,	9,	26773,	-61,	-123,	41,	
1,	6,	165766,	1.65255e+015,	0,	-3,	13,	7,	1,	-1,	-1,	1,	1.65255e+009,	-0.750749,	-0.442288,	-0.31202,	-0.0460768,	-0.739138,	-0.235266,	-0.0222832,	0.105818,	-0.767999,	-0.254465,	-0.0225383,	-0.0129559,	-0.69494,	-0.346837,	-0.0204676,	-0.0794884,	-0.649128,	-0.440127,	-0.0128339,	-0.359812,	-0.3185,	0.61273,	-0.05488,	26773,	-544,	-51,	79,	26803,	119,	-61,	8,	26783,	-61,	-125,	40,	
1,	6,	165829,	1.65255e+015,	0,	-3,	-17,	-1,	-1,	0,	-2,	-1,	1.65255e+009,	-0.750749,	-0.442288,	-0.31202,	-0.0460768,	-0.739138,	-0.235266,	-0.0222832,	0.105818,	-0.767999,	-0.254465,	-0.0225383,	-0.0129559,	-0.69494,	-0.346837,	-0.0204676,	-0.0794884,	-0.649128,	-0.440127,	-0.0128339,	-0.359812,	-0.3185,	0.61273,	-0.05488,	26783,	-544,	-51,	78,	26813,	117,	-60,	8,	26793,	-60,	-123,	39,	
1,	6,	165891,	1.65255e+015,	-1,	-4,	-6,	-15,	0,	-1,	-1,	-2,	1.65255e+009,	-0.750749,	-0.442288,	-0.31202,	-0.0460768,	-0.739138,	-0.235266,	-0.0222832,	0.105818,	-0.767999,	-0.254465,	-0.0225383,	-0.0129559,	-0.69494,	-0.346837,	-0.0204676,	-0.0794884,	-0.649128,	-0.440127,	-0.0128339,	-0.359812,	-0.3185,	0.61273,	-0.05488,	26793,	-543,	-49,	77,	26823,	118,	-61,	8,	26803,	-60,	-123,	37,	
1,	6,	165969,	1.65255e+015,	-1,	3,	-6,	6,	-1,	-3,	-1,	-1,	1.65255e+009,	-0.750749,	-0.442288,	-0.31202,	-0.0460768,	-0.739138,	-0.235266,	-0.0222832,	0.105818,	-0.767999,	-0.254465,	-0.0225383,	-0.0129559,	-0.69494,	-0.346837,	-0.0204676,	-0.0794884,	-0.649128,	-0.440127,	-0.0128339,	-0.359812,	-0.3185,	0.61273,	-0.05488,	26803,	-543,	-49,	75,	26833,	117,	-61,	7,	26813,	-59,	-122,	35,	
1,	6,	166032,	1.65255e+015,	0,	4,	24,	8,	3,	2,	2,	0,	1.65255e+009,	-0.750749,	-0.442288,	-0.31202,	-0.0460768,	-0.739138,	-0.235266,	-0.0222832,	0.105818,	-0.767999,	-0.254465,	-0.0225383,	-0.0129559,	-0.69494,	-0.346837,	-0.0204676,	-0.0794884,	-0.649128,	-0.440127,	-0.0128339,	-0.359812,	-0.3185,	0.61273,	-0.05488,	26813,	-542,	-50,	74,	26843,	118,	-61,	7,	26823,	-59,	-122,	34,	
1,	6,	166094,	1.65255e+015,	-3,	-1,	28,	-1,	-2,	0,	-1,	-1,	1.65255e+009,	-0.750749,	-0.442288,	-0.31202,	-0.0460768,	-0.739138,	-0.235266,	-0.0222832,	0.105818,	-0.767999,	-0.254465,	-0.0225383,	-0.0129559,	-0.69494,	-0.346837,	-0.0204676,	-0.0794884,	-0.649128,	-0.440127,	-0.0128339,	-0.359812,	-0.3185,	0.61273,	-0.05488,	26823,	-542,	-49,	73,	26853,	117,	-61,	7,	26833,	-59,	-122,	34,	
1,	6,	166157,	1.65255e+015,	2,	3,	7,	3,	0,	0,	-2,	0,	1.65255e+009,	-0.750749,	-0.442288,	-0.31202,	-0.0460768,	-0.739138,	-0.235266,	-0.0222832,	0.105818,	-0.767999,	-0.254465,	-0.0225383,	-0.0129559,	-0.69494,	-0.346837,	-0.0204676,	-0.0794884,	-0.649128,	-0.440127,	-0.0128339,	-0.359812,	-0.3185,	0.61273,	-0.05488,	26833,	-543,	-49,	75,	26863,	118,	-61,	8,	26843,	-59,	-122,	34,	
1,	6,	166219,	1.65255e+015,	-1,	-6,	-30,	-14,	-4,	-2,	0,	-1,	1.65255e+009,	-0.750749,	-0.442288,	-0.31202,	-0.0460768,	-0.739138,	-0.235266,	-0.0222832,	0.105818,	-0.767999,	-0.254465,	-0.0225383,	-0.0129559,	-0.69494,	-0.346837,	-0.0204676,	-0.0794884,	-0.649128,	-0.440127,	-0.0128339,	-0.359812,	-0.3185,	0.61273,	-0.05488,	26843,	-542,	-48,	75,	26873,	117,	-61,	8,	26853,	-59,	-122,	34,	
1,	6,	166297,	1.65255e+015,	-4,	-13,	-12,	-9,	-3,	-2,	-1,	-1,	1.65255e+009,	-0.750749,	-0.442288,	-0.31202,	-0.0460768,	-0.739138,	-0.235266,	-0.0222832,	0.105818,	-0.767999,	-0.254465,	-0.0225383,	-0.0129559,	-0.69494,	-0.346837,	-0.0204676,	-0.0794884,	-0.649128,	-0.440127,	-0.0128339,	-0.359812,	-0.3185,	0.61273,	-0.05488,	26853,	-542,	-49,	75,	26883,	116,	-61,	8,	26863,	-58,	-120,	34,	
1,	6,	166391,	1.65255e+015,	-1,	-3,	-31,	-9,	-3,	0,	-1,	-2,	1.65255e+009,	-0.750749,	-0.442288,	-0.31202,	-0.0460768,	-0.739138,	-0.235266,	-0.0222832,	0.105818,	-0.767999,	-0.254465,	-0.0225383,	-0.0129559,	-0.69494,	-0.346837,	-0.0204676,	-0.0794884,	-0.649128,	-0.440127,	-0.0128339,	-0.359812,	-0.3185,	0.61273,	-0.05488,	26863,	-542,	-49,	74,	26893,	117,	-61,	7,	26873,	-58,	-122,	34,	
1,	6,	166469,	1.65255e+015,	-1,	-11,	-24,	5,	-2,	-4,	0,	-2,	1.65255e+009,	-0.750749,	-0.442288,	-0.31202,	-0.0460768,	-0.739138,	-0.235266,	-0.0222832,	0.105818,	-0.767999,	-0.254465,	-0.0225383,	-0.0129559,	-0.69494,	-0.346837,	-0.0204676,	-0.0794884,	-0.649128,	-0.440127,	-0.0128339,	-0.359812,	-0.3185,	0.61273,	-0.05488,	26873,	-542,	-48,	72,	26903,	117,	-60,	7,	26883,	-58,	-121,	33,	
1,	6,	166547,	1.65255e+015,	0,	4,	0,	3,	2,	0,	1,	0,	1.65255e+009,	-0.750749,	-0.442288,	-0.31202,	-0.0460768,	-0.739138,	-0.235266,	-0.0222832,	0.105818,	-0.767999,	-0.254465,	-0.0225383,	-0.0129559,	-0.69494,	-0.346837,	-0.0204676,	-0.0794884,	-0.649128,	-0.440127,	-0.0128339,	-0.359812,	-0.3185,	0.61273,	-0.05488,	26883,	-538,	-48,	67,	26913,	117,	-60,	5,	26893,	-58,	-120,	31,	
1,	6,	166625,	1.65255e+015,	0,	1,	37,	15,	1,	0,	1,	1,	1.65255e+009,	-0.750749,	-0.442288,	-0.31202,	-0.0460768,	-0.739138,	-0.235266,	-0.0222832,	0.105818,	-0.767999,	-0.254465,	-0.0225383,	-0.0129559,	-0.69494,	-0.346837,	-0.0204676,	-0.0794884,	-0.649128,	-0.440127,	-0.0128339,	-0.359812,	-0.3185,	0.61273,	-0.05488,	26893,	-536,	-48,	63,	26923,	117,	-61,	4,	26903,	-57,	-118,	28,	
1,	6,	166688,	1.65255e+015,	-1,	-3,	-1,	-3,	-2,	-1,	0,	-1,	1.65255e+009,	-0.750749,	-0.442288,	-0.31202,	-0.0460768,	-0.739138,	-0.235266,	-0.0222832,	0.105818,	-0.767999,	-0.254465,	-0.0225383,	-0.0129559,	-0.69494,	-0.346837,	-0.0204676,	-0.0794884,	-0.649128,	-0.440127,	-0.0128339,	-0.359812,	-0.3185,	0.61273,	-0.05488,	26903,	-533,	-49,	57,	26933,	116,	-62,	2,	26913,	-55,	-118,	25,	
1,	6,	166766,	1.65255e+015,	-2,	-6,	-25,	0,	-1,	-2,	-1,	-1,	1.65255e+009,	-0.750749,	-0.442288,	-0.31202,	-0.0460768,	-0.739138,	-0.235266,	-0.0222832,	0.105818,	-0.767999,	-0.254465,	-0.0225383,	-0.0129559,	-0.69494,	-0.346837,	-0.0204676,	-0.0794884,	-0.649128,	-0.440127,	-0.0128339,	-0.359812,	-0.3185,	0.61273,	-0.05488,	26913,	-531,	-48,	52,	26943,	117,	-60,	0,	26923,	-54,	-118,	21,	
1,	6,	166844,	1.65255e+015,	-4,	-9,	-16,	-9,	0,	-3,	-2,	-3,	1.65255e+009,	-0.750749,	-0.442288,	-0.31202,	-0.0460768,	-0.739138,	-0.235266,	-0.0222832,	0.105818,	-0.767999,	-0.254465,	-0.0225383,	-0.0129559,	-0.69494,	-0.346837,	-0.0204676,	-0.0794884,	-0.649128,	-0.440127,	-0.0128339,	-0.359812,	-0.3185,	0.61273,	-0.05488,	26923,	-529,	-47,	47,	26953,	117,	-59,	-1,	26933,	-51,	-117,	18,	
1,	6,	166907,	1.65255e+015,	-2,	-6,	6,	-5,	-3,	-1,	0,	0,	1.65255e+009,	-0.750749,	-0.442288,	-0.31202,	-0.0460768,	-0.739138,	-0.235266,	-0.0222832,	0.105818,	-0.767999,	-0.254465,	-0.0225383,	-0.0129559,	-0.69494,	-0.346837,	-0.0204676,	-0.0794884,	-0.649128,	-0.440127,	-0.0128339,	-0.359812,	-0.3185,	0.61273,	-0.05488,	26933,	-524,	-47,	42,	26963,	117,	-60,	-4,	26943,	-50,	-117,	14,	
1,	6,	166985,	1.65255e+015,	2,	6,	2,	5,	1,	1,	1,	2,	1.65255e+009,	-0.750749,	-0.442288,	-0.31202,	-0.0460768,	-0.739138,	-0.235266,	-0.0222832,	0.105818,	-0.767999,	-0.254465,	-0.0225383,	-0.0129559,	-0.69494,	-0.346837,	-0.0204676,	-0.0794884,	-0.649128,	-0.440127,	-0.0128339,	-0.359812,	-0.3185,	0.61273,	-0.05488,	26943,	-522,	-46,	37,	26973,	118,	-60,	-6,	26953,	-50,	-117,	10,	
1,	6,	167047,	1.65255e+015,	1,	2,	-6,	-2,	-1,	-2,	-1,	0,	1.65255e+009,	-0.750749,	-0.442288,	-0.31202,	-0.0460768,	-0.739138,	-0.235266,	-0.0222832,	0.105818,	-0.767999,	-0.254465,	-0.0225383,	-0.0129559,	-0.69494,	-0.346837,	-0.0204676,	-0.0794884,	-0.649128,	-0.440127,	-0.0128339,	-0.359812,	-0.3185,	0.61273,	-0.05488,	26953,	-521,	-46,	34,	26983,	118,	-61,	-6,	26963,	-49,	-117,	7,	
1,	6,	167125,	1.65255e+015,	3,	1,	3,	0,	-4,	-2,	1,	1,	1.65255e+009,	-0.750749,	-0.442288,	-0.31202,	-0.0460768,	-0.739138,	-0.235266,	-0.0222832,	0.105818,	-0.767999,	-0.254465,	-0.0225383,	-0.0129559,	-0.69494,	-0.346837,	-0.0204676,	-0.0794884,	-0.649128,	-0.440127,	-0.0128339,	-0.359812,	-0.3185,	0.61273,	-0.05488,	26963,	-519,	-46,	34,	26993,	119,	-61,	-6,	26973,	-47,	-117,	3,	
1,	6,	167204,	1.65255e+015,	2,	2,	10,	4,	2,	-1,	0,	0,	1.65255e+009,	-0.750749,	-0.442288,	-0.31202,	-0.0460768,	-0.739138,	-0.235266,	-0.0222832,	0.105818,	-0.767999,	-0.254465,	-0.0225383,	-0.0129559,	-0.69494,	-0.346837,	-0.0204676,	-0.0794884,	-0.649128,	-0.440127,	-0.0128339,	-0.359812,	-0.3185,	0.61273,	-0.05488,	26973,	-519,	-47,	34,	27003,	119,	-61,	-5,	26983,	-46,	-117,	1,	
1,	6,	167282,	1.65255e+015,	1,	7,	-2,	10,	1,	1,	0,	0,	1.65255e+009,	-0.750749,	-0.442288,	-0.31202,	-0.0460768,	-0.739138,	-0.235266,	-0.0222832,	0.105818,	-0.767999,	-0.254465,	-0.0225383,	-0.0129559,	-0.69494,	-0.346837,	-0.0204676,	-0.0794884,	-0.649128,	-0.440127,	-0.0128339,	-0.359812,	-0.3185,	0.61273,	-0.05488,	26983,	-520,	-45,	34,	27013,	118,	-61,	-5,	26993,	-46,	-117,	0,	
1,	6,	167344,	1.65255e+015,	-3,	-9,	-2,	-11,	-3,	-2,	-2,	-3,	1.65255e+009,	-0.750749,	-0.442288,	-0.31202,	-0.0460768,	-0.739138,	-0.235266,	-0.0222832,	0.105818,	-0.767999,	-0.254465,	-0.0225383,	-0.0129559,	-0.69494,	-0.346837,	-0.0204676,	-0.0794884,	-0.649128,	-0.440127,	-0.0128339,	-0.359812,	-0.3185,	0.61273,	-0.05488,	26993,	-519,	-45,	34,	27023,	119,	-60,	-5,	27003,	-46,	-117,	0,	
1,	6,	167407,	1.65255e+015,	0,	-2,	8,	11,	-2,	-1,	0,	0,	1.65255e+009,	-0.750749,	-0.442288,	-0.31202,	-0.0460768,	-0.739138,	-0.235266,	-0.0222832,	0.105818,	-0.767999,	-0.254465,	-0.0225383,	-0.0129559,	-0.69494,	-0.346837,	-0.0204676,	-0.0794884,	-0.649128,	-0.440127,	-0.0128339,	-0.359812,	-0.3185,	0.61273,	-0.05488,	27003,	-520,	-46,	34,	27033,	118,	-59,	-4,	27013,	-47,	-116,	2,	
1,	6,	167485,	1.65255e+015,	-1,	2,	-16,	-3,	-2,	2,	2,	-1,	1.65255e+009,	-0.750749,	-0.442288,	-0.31202,	-0.0460768,	-0.739138,	-0.235266,	-0.0222832,	0.105818,	-0.767999,	-0.254465,	-0.0225383,	-0.0129559,	-0.69494,	-0.346837,	-0.0204676,	-0.0794884,	-0.649128,	-0.440127,	-0.0128339,	-0.359812,	-0.3185,	0.61273,	-0.05488,	27013,	-521,	-46,	36,	27043,	119,	-60,	-4,	27023,	-48,	-118,	2,	
1,	6,	167563,	1.65255e+015,	-1,	1,	-2,	3,	-1,	-1,	-2,	-2,	1.65255e+009,	-0.750749,	-0.442288,	-0.31202,	-0.0460768,	-0.739138,	-0.235266,	-0.0222832,	0.105818,	-0.767999,	-0.254465,	-0.0225383,	-0.0129559,	-0.69494,	-0.346837,	-0.0204676,	-0.0794884,	-0.649128,	-0.440127,	-0.0128339,	-0.359812,	-0.3185,	0.61273,	-0.05488,	27023,	-522,	-47,	37,	27053,	118,	-61,	-3,	27033,	-48,	-116,	2,	
2,	6,	167672,	1.65255e+015,	-2,	-11,	-24,	-4,	0,	-2,	-2,	-2,	1.65255e+009,	-0.750749,	-0.442288,	-0.31202,	-0.0460768,	-0.739138,	-0.235266,	-0.0222832,	0.105818,	-0.767999,	-0.254465,	-0.0225383,	-0.0129559,	-0.69494,	-0.346837,	-0.0204676,	-0.0794884,	-0.649128,	-0.440127,	-0.0128339,	-0.359812,	-0.3185,	0.61273,	-0.05488,	27033,	-523,	-46,	37,	27063,	119,	-59,	-3,	27043,	-48,	-118,	3,	
2,	6,	167735,	1.65255e+015,	-4,	-3,	18,	-2,	-3,	-2,	-3,	-1,	1.65255e+009,	-0.750749,	-0.442288,	-0.31202,	-0.0460768,	-0.739138,	-0.235266,	-0.0222832,	0.105818,	-0.767999,	-0.254465,	-0.0225383,	-0.0129559,	-0.69494,	-0.346837,	-0.0204676,	-0.0794884,	-0.649128,	-0.440127,	-0.0128339,	-0.359812,	-0.3185,	0.61273,	-0.05488,	27043,	-523,	-46,	38,	27073,	117,	-60,	-2,	27053,	-47,	-117,	3,	
2,	6,	167797,	1.65255e+015,	0,	-1,	-7,	-9,	1,	1,	-1,	-2,	1.65255e+009,	-0.750749,	-0.442288,	-0.31202,	-0.0460768,	-0.739138,	-0.235266,	-0.0222832,	0.105818,	-0.767999,	-0.254465,	-0.0225383,	-0.0129559,	-0.69494,	-0.346837,	-0.0204676,	-0.0794884,	-0.649128,	-0.440127,	-0.0128339,	-0.359812,	-0.3185,	0.61273,	-0.05488,	27053,	-523,	-47,	39,	27083,	118,	-60,	-2,	27063,	-48,	-119,	4,	
2,	6,	167875,	1.65255e+015,	3,	7,	15,	19,	4,	1,	-2,	1,	1.65255e+009,	-0.750749,	-0.442288,	-0.31202,	-0.0460768,	-0.739138,	-0.235266,	-0.0222832,	0.105818,	-0.767999,	-0.254465,	-0.0225383,	-0.0129559,	-0.69494,	-0.346837,	-0.0204676,	-0.0794884,	-0.649128,	-0.440127,	-0.0128339,	-0.359812,	-0.3185,	0.61273,	-0.05488,	27063,	-523,	-48,	40,	27093,	117,	-60,	-2,	27073,	-49,	-119,	4,	
2,	6,	167938,	1.65255e+015,	0,	-2,	8,	5,	-2,	-2,	1,	0,	1.65255e+009,	-0.750749,	-0.442288,	-0.31202,	-0.0460768,	-0.739138,	-0.235266,	-0.0222832,	0.105818,	-0.767999,	-0.254465,	-0.0225383,	-0.0129559,	-0.69494,	-0.346837,	-0.0204676,	-0.0794884,	-0.649128,	-0.440127,	-0.0128339,	-0.359812,	-0.3185,	0.61273,	-0.05488,	27073,	-523,	-47,	40,	27103,	117,	-60,	-2,	27083,	-49,	-119,	5,	
2,	6,	168000,	1.65255e+015,	1,	12,	17,	11,	-1,	-2,	0,	1,	1.65255e+009,	-0.750749,	-0.442288,	-0.31202,	-0.0460768,	-0.739138,	-0.235266,	-0.0222832,	0.105818,	-0.767999,	-0.254465,	-0.0225383,	-0.0129559,	-0.69494,	-0.346837,	-0.0204676,	-0.0794884,	-0.649128,	-0.440127,	-0.0128339,	-0.359812,	-0.3185,	0.61273,	-0.05488,	27083,	-524,	-47,	40,	27113,	117,	-60,	-2,	27093,	-49,	-120,	4,	
2,	6,	168063,	1.65255e+015,	-1,	3,	24,	1,	0,	0,	-1,	-1,	1.65255e+009,	-0.750749,	-0.442288,	-0.31202,	-0.0460768,	-0.739138,	-0.235266,	-0.0222832,	0.105818,	-0.767999,	-0.254465,	-0.0225383,	-0.0129559,	-0.69494,	-0.346837,	-0.0204676,	-0.0794884,	-0.649128,	-0.440127,	-0.0128339,	-0.359812,	-0.3185,	0.61273,	-0.05488,	27093,	-523,	-48,	38,	27123,	117,	-61,	-2,	27103,	-48,	-118,	4,	
2,	6,	168141,	1.65255e+015,	-3,	-5,	6,	8,	1,	0,	-3,	-2,	1.65255e+009,	-0.750749,	-0.442288,	-0.31202,	-0.0460768,	-0.739138,	-0.235266,	-0.0222832,	0.105818,	-0.767999,	-0.254465,	-0.0225383,	-0.0129559,	-0.69494,	-0.346837,	-0.0204676,	-0.0794884,	-0.649128,	-0.440127,	-0.0128339,	-0.359812,	-0.3185,	0.61273,	-0.05488,	27103,	-521,	-47,	36,	27133,	116,	-60,	-3,	27113,	-48,	-119,	2,	
2,	6,	168219,	1.65255e+015,	-1,	-3,	0,	-1,	-1,	-1,	0,	-2,	1.65255e+009,	-0.750749,	-0.442288,	-0.31202,	-0.0460768,	-0.739138,	-0.235266,	-0.0222832,	0.105818,	-0.767999,	-0.254465,	-0.0225383,	-0.0129559,	-0.69494,	-0.346837,	-0.0204676,	-0.0794884,	-0.649128,	-0.440127,	-0.0128339,	-0.359812,	-0.3185,	0.61273,	-0.05488,	27113,	-520,	-47,	35,	27143,	115,	-61,	-3,	27123,	-47,	-117,	1,	
2,	6,	168282,	1.65255e+015,	-1,	4,	18,	12,	3,	0,	0,	1,	1.65255e+009,	-0.750749,	-0.442288,	-0.31202,	-0.0460768,	-0.739138,	-0.235266,	-0.0222832,	0.105818,	-0.767999,	-0.254465,	-0.0225383,	-0.0129559,	-0.69494,	-0.346837,	-0.0204676,	-0.0794884,	-0.649128,	-0.440127,	-0.0128339,	-0.359812,	-0.3185,	0.61273,	-0.05488,	27123,	-519,	-47,	35,	27153,	115,	-61,	-3,	27133,	-47,	-117,	1,	
2,	6,	168360,	1.65255e+015,	1,	0,	3,	11,	-4,	-1,	0,	-2,	1.65255e+009,	-0.750749,	-0.442288,	-0.31202,	-0.0460768,	-0.739138,	-0.235266,	-0.0222832,	0.105818,	-0.767999,	-0.254465,	-0.0225383,	-0.0129559,	-0.69494,	-0.346837,	-0.0204676,	-0.0794884,	-0.649128,	-0.440127,	-0.0128339,	-0.359812,	-0.3185,	0.61273,	-0.05488,	27133,	-518,	-46,	34,	27163,	117,	-60,	-4,	27143,	-47,	-115,	0,	
2,	6,	168438,	1.65255e+015,	-1,	6,	4,	17,	1,	-1,	0,	2,	1.65255e+009,	-0.750749,	-0.442288,	-0.31202,	-0.0460768,	-0.739138,	-0.235266,	-0.0222832,	0.105818,	-0.767999,	-0.254465,	-0.0225383,	-0.0129559,	-0.69494,	-0.346837,	-0.0204676,	-0.0794884,	-0.649128,	-0.440127,	-0.0128339,	-0.359812,	-0.3185,	0.61273,	-0.05488,	27143,	-518,	-46,	33,	27173,	117,	-60,	-4,	27153,	-48,	-116,	0,	
2,	6,	168532,	1.65255e+015,	-4,	0,	11,	0,	-1,	0,	-1,	-1,	1.65255e+009,	-0.750749,	-0.442288,	-0.31202,	-0.0460768,	-0.739138,	-0.235266,	-0.0222832,	0.105818,	-0.767999,	-0.254465,	-0.0225383,	-0.0129559,	-0.69494,	-0.346837,	-0.0204676,	-0.0794884,	-0.649128,	-0.440127,	-0.0128339,	-0.359812,	-0.3185,	0.61273,	-0.05488,	27153,	-517,	-46,	32,	27183,	116,	-60,	-4,	27163,	-48,	-116,	0,	
2,	6,	168610,	1.65255e+015,	-5,	-13,	-20,	-10,	-2,	-2,	-1,	0,	1.65255e+009,	-0.750749,	-0.442288,	-0.31202,	-0.0460768,	-0.739138,	-0.235266,	-0.0222832,	0.105818,	-0.767999,	-0.254465,	-0.0225383,	-0.0129559,	-0.69494,	-0.346837,	-0.0204676,	-0.0794884,	-0.649128,	-0.440127,	-0.0128339,	-0.359812,	-0.3185,	0.61273,	-0.05488,	27163,	-517,	-47,	32,	27193,	116,	-61,	-4,	27173,	-47,	-117,	-1,	
2,	6,	168688,	1.65255e+015,	0,	-3,	-5,	1,	2,	0,	0,	-1,	1.65255e+009,	-0.750749,	-0.442288,	-0.31202,	-0.0460768,	-0.739138,	-0.235266,	-0.0222832,	0.105818,	-0.767999,	-0.254465,	-0.0225383,	-0.0129559,	-0.69494,	-0.346837,	-0.0204676,	-0.0794884,	-0.649128,	-0.440127,	-0.0128339,	-0.359812,	-0.3549,	0.61273,	-0.05488,	27173,	-516,	-47,	32,	27203,	116,	-60,	-4,	27183,	-48,	-118,	-1,	
2,	6,	168750,	1.65255e+015,	-3,	-3,	-8,	2,	-2,	-2,	0,	-2,	1.65255e+009,	-0.750749,	-0.442288,	-0.31202,	-0.0460768,	-0.739138,	-0.235266,	-0.0222832,	0.105818,	-0.767999,	-0.254465,	-0.0225383,	-0.0129559,	-0.69494,	-0.346837,	-0.0204676,	-0.0794884,	-0.649128,	-0.440127,	-0.0128339,	-0.359812,	-0.3549,	0.61273,	-0.05488,	27183,	-516,	-45,	32,	27213,	117,	-61,	-3,	27193,	-46,	-116,	-2,	
2,	6,	168813,	1.65255e+015,	3,	-7,	-21,	-5,	-3,	-2,	-3,	3,	1.65255e+009,	-0.750749,	-0.442288,	-0.31202,	-0.0460768,	-0.739138,	-0.235266,	-0.0222832,	0.105818,	-0.767999,	-0.254465,	-0.0225383,	-0.0129559,	-0.69494,	-0.346837,	-0.0204676,	-0.0794884,	-0.649128,	-0.440127,	-0.0128339,	-0.359812,	-0.3549,	0.61273,	-0.05488,	27193,	-515,	-45,	32,	27223,	117,	-61,	-4,	27203,	-47,	-116,	-3,	
2,	6,	168891,	1.65255e+015,	-1,	-1,	-2,	1,	-2,	0,	-2,	-2,	1.65255e+009,	-0.750749,	-0.442288,	-0.31202,	-0.0460768,	-0.739138,	-0.235266,	-0.0222832,	0.105818,	-0.767999,	-0.254465,	-0.0225383,	-0.0129559,	-0.69494,	-0.346837,	-0.0204676,	-0.0794884,	-0.649128,	-0.440127,	-0.0128339,	-0.359812,	-0.3549,	0.61273,	-0.05488,	27203,	-515,	-45,	32,	27233,	117,	-60,	-4,	27213,	-47,	-117,	-3,	
2,	6,	168954,	1.65255e+015,	-2,	-11,	-3,	-9,	-5,	-2,	-2,	-1,	1.65255e+009,	-0.750749,	-0.442288,	-0.31202,	-0.0460768,	-0.739138,	-0.235266,	-0.0222832,	0.105818,	-0.767999,	-0.254465,	-0.0225383,	-0.0129559,	-0.69494,	-0.346837,	-0.0204676,	-0.0794884,	-0.649128,	-0.440127,	-0.0128339,	-0.359812,	-0.3549,	0.61273,	-0.05488,	27213,	-515,	-45,	31,	27243,	116,	-61,	-4,	27223,	-47,	-116,	-4,	
2,	6,	169016,	1.65255e+015,	-5,	-10,	0,	-4,	-1,	-2,	-1,	-1,	1.65255e+009,	-0.750749,	-0.442288,	-0.31202,	-0.0460768,	-0.739138,	-0.235266,	-0.0222832,	0.105818,	-0.767999,	-0.254465,	-0.0225383,	-0.0129559,	-0.69494,	-0.346837,	-0.0204676,	-0.0794884,	-0.649128,	-0.440127,	-0.0128339,	-0.359812,	-0.3549,	0.61273,	-0.05488,	27223,	-515,	-45,	31,	27253,	117,	-59,	-4,	27233,	-46,	-116,	-5,	
2,	6,	169079,	1.65255e+015,	-1,	-4,	-24,	-4,	5,	2,	-1,	-1,	1.65255e+009,	-0.750749,	-0.442288,	-0.31202,	-0.0460768,	-0.739138,	-0.235266,	-0.0222832,	0.105818,	-0.767999,	-0.254465,	-0.0225383,	-0.0129559,	-0.69494,	-0.346837,	-0.0204676,	-0.0794884,	-0.649128,	-0.440127,	-0.0128339,	-0.359812,	-0.3549,	0.61273,	-0.05488,	27233,	-516,	-45,	31,	27263,	117,	-59,	-4,	27243,	-46,	-115,	-5,	
2,	6,	169157,	1.65255e+015,	-1,	6,	3,	9,	3,	-1,	-1,	1,	1.65255e+009,	-0.750749,	-0.442288,	-0.31202,	-0.0460768,	-0.739138,	-0.235266,	-0.0222832,	0.105818,	-0.767999,	-0.254465,	-0.0225383,	-0.0129559,	-0.69494,	-0.346837,	-0.0204676,	-0.0794884,	-0.649128,	-0.440127,	-0.0128339,	-0.359812,	-0.3549,	0.61273,	-0.05488,	27243,	-515,	-45,	30,	27273,	116,	-61,	-4,	27253,	-46,	-116,	-5,	
2,	6,	169219,	1.65255e+015,	0,	1,	-14,	0,	2,	-3,	-1,	-1,	1.65255e+009,	-0.750749,	-0.442288,	-0.31202,	-0.0460768,	-0.739138,	-0.235266,	-0.0222832,	0.105818,	-0.767999,	-0.254465,	-0.0225383,	-0.0129559,	-0.69494,	-0.346837,	-0.0204676,	-0.0794884,	-0.649128,	-0.440127,	-0.0128339,	-0.359812,	-0.3549,	0.61273,	-0.05488,	27253,	-514,	-47,	29,	27283,	116,	-60,	-5,	27263,	-45,	-117,	-6,	
2,	6,	169297,	1.65255e+015,	-3,	-1,	-10,	1,	-2,	-3,	-2,	-2,	1.65255e+009,	-0.750749,	-0.442288,	-0.31202,	-0.0460768,	-0.739138,	-0.235266,	-0.0222832,	0.105818,	-0.767999,	-0.254465,	-0.0225383,	-0.0129559,	-0.69494,	-0.346837,	-0.0204676,	-0.0794884,	-0.649128,	-0.440127,	-0.0128339,	-0.359812,	-0.3549,	0.61273,	-0.05488,	27263,	-513,	-46,	28,	27293,	116,	-60,	-6,	27273,	-47,	-116,	-6,	
2,	6,	169375,	1.65255e+015,	-3,	-12,	15,	2,	0,	1,	0,	0,	1.65255e+009,	-0.750749,	-0.442288,	-0.31202,	-0.0460768,	-0.739138,	-0.235266,	-0.0222832,	0.105818,	-0.767999,	-0.254465,	-0.0225383,	-0.0129559,	-0.69494,	-0.346837,	-0.0204676,	-0.0794884,	-0.649128,	-0.440127,	-0.0128339,	-0.359812,	-0.3549,	0.61273,	-0.05488,	27273,	-513,	-46,	27,	27303,	117,	-60,	-6,	27283,	-46,	-117,	-6,	
2,	6,	169454,	1.65255e+015,	0,	6,	27,	11,	-1,	-2,	-1,	0,	1.65255e+009,	-0.750749,	-0.442288,	-0.31202,	-0.0460768,	-0.739138,	-0.235266,	-0.0222832,	0.105818,	-0.767999,	-0.254465,	-0.0225383,	-0.0129559,	-0.69494,	-0.346837,	-0.0204676,	-0.0794884,	-0.649128,	-0.440127,	-0.0128339,	-0.359812,	-0.3549,	0.61273,	-0.05488,	27283,	-513,	-46,	26,	27313,	116,	-59,	-6,	27293,	-45,	-116,	-6,	
2,	6,	169532,	1.65255e+015,	2,	4,	-1,	-6,	-2,	0,	-1,	0,	1.65255e+009,	-0.750749,	-0.442288,	-0.31202,	-0.0460768,	-0.739138,	-0.235266,	-0.0222832,	0.105818,	-0.767999,	-0.254465,	-0.0225383,	-0.0129559,	-0.69494,	-0.346837,	-0.0204676,	-0.0794884,	-0.649128,	-0.440127,	-0.0128339,	-0.359812,	-0.3549,	0.61273,	-0.05488,	27293,	-511,	-46,	24,	27323,	116,	-61,	-6,	27303,	-46,	-117,	-7,	
2,	6,	169610,	1.65255e+015,	-6,	-8,	15,	4,	0,	0,	-2,	-2,	1.65255e+009,	-0.750749,	-0.442288,	-0.31202,	-0.0460768,	-0.739138,	-0.235266,	-0.0222832,	0.105818,	-0.767999,	-0.254465,	-0.0225383,	-0.0129559,	-0.69494,	-0.346837,	-0.0204676,	-0.0794884,	-0.649128,	-0.440127,	-0.0128339,	-0.359812,	-0.3549,	0.61273,	-0.05488,	27303,	-512,	-46,	22,	27333,	117,	-60,	-7,	27313,	-44,	-116,	-8,	
2,	6,	169688,	1.65255e+015,	-2,	-4,	6,	1,	3,	0,	1,	-1,	1.65255e+009,	-0.750749,	-0.442288,	-0.31202,	-0.0460768,	-0.739138,	-0.235266,	-0.0222832,	0.105818,	-0.767999,	-0.254465,	-0.0225383,	-0.0129559,	-0.69494,	-0.346837,	-0.0204676,	-0.0794884,	-0.649128,	-0.440127,	-0.0128339,	-0.359812,	-0.3549,	0.61273,	-0.05488,	27313,	-510,	-44,	21,	27343,	116,	-60,	-7,	27323,	-44,	-116,	-9,	
2,	6,	169766,	1.65255e+015,	3,	2,	17,	6,	1,	0,	-1,	4,	1.65255e+009,	-0.750749,	-0.442288,	-0.31202,	-0.0460768,	-0.739138,	-0.235266,	-0.0222832,	0.105818,	-0.767999,	-0.254465,	-0.0225383,	-0.0129559,	-0.69494,	-0.346837,	-0.0204676,	-0.0794884,	-0.649128,	-0.440127,	-0.0128339,	-0.359812,	-0.3549,	0.61273,	-0.05488,	27323,	-510,	-44,	20,	27353,	116,	-59,	-7,	27333,	-45,	-114,	-9,	
2,	6,	169860,	1.65255e+015,	-3,	2,	27,	5,	1,	2,	-1,	-1,	1.65255e+009,	-0.750749,	-0.442288,	-0.31202,	-0.0460768,	-0.739138,	-0.235266,	-0.0222832,	0.105818,	-0.767999,	-0.254465,	-0.0225383,	-0.0129559,	-0.69494,	-0.346837,	-0.0204676,	-0.0794884,	-0.649128,	-0.440127,	-0.0128339,	-0.359812,	-0.3549,	0.61273,	-0.05488,	27333,	-511,	-44,	20,	27363,	116,	-61,	-7,	27343,	-45,	-115,	-9,	
2,	6,	169938,	1.65255e+015,	2,	0,	23,	-1,	0,	0,	0,	1,	1.65255e+009,	-0.750749,	-0.442288,	-0.31202,	-0.0460768,	-0.739138,	-0.235266,	-0.0222832,	0.105818,	-0.767999,	-0.254465,	-0.0225383,	-0.0129559,	-0.69494,	-0.346837,	-0.0204676,	-0.0794884,	-0.649128,	-0.440127,	-0.0128339,	-0.359812,	-0.3549,	0.61273,	-0.05488,	27343,	-512,	-43,	22,	27373,	116,	-60,	-6,	27353,	-45,	-114,	-8,	
2,	6,	170016,	1.65255e+015,	1,	0,	20,	-2,	3,	0,	-4,	-15,	1.65255e+009,	-0.750749,	-0.442288,	-0.31202,	-0.0460768,	-0.739138,	-0.235266,	-0.0222832,	0.105818,	-0.767999,	-0.254465,	-0.0225383,	-0.0129559,	-0.69494,	-0.346837,	-0.0204676,	-0.0794884,	-0.649128,	-0.440127,	-0.0128339,	-0.359812,	-0.3549,	0.61273,	-0.05488,	27353,	-511,	-44,	23,	27383,	116,	-59,	-5,	27363,	-45,	-114,	-8,	
2,	6,	170094,	1.65255e+015,	0,	-3,	7,	5,	0,	-1,	-4,	-1,	1.65255e+009,	-0.750749,	-0.442288,	-0.31202,	-0.0460768,	-0.739138,	-0.235266,	-0.0222832,	0.105818,	-0.767999,	-0.254465,	-0.0225383,	-0.0129559,	-0.69494,	-0.346837,	-0.0204676,	-0.0794884,	-0.649128,	-0.440127,	-0.0128339,	-0.359812,	-0.3549,	0.61273,	-0.05488,	27363,	-512,	-43,	24,	27393,	116,	-59,	-5,	27373,	-45,	-114,	-8,	
2,	6,	170172,	1.65255e+015,	3,	5,	23,	-8,	1,	0,	1,	0,	1.65255e+009,	-0.750749,	-0.442288,	-0.31202,	-0.0460768,	-0.739138,	-0.235266,	-0.0222832,	0.105818,	-0.767999,	-0.254465,	-0.0225383,	-0.0129559,	-0.69494,	-0.346837,	-0.0204676,	-0.0794884,	-0.649128,	-0.440127,	-0.0128339,	-0.359812,	-0.3549,	0.61273,	-0.05488,	27373,	-513,	-43,	25,	27403,	116,	-60,	-5,	27383,	-44,	-114,	-8,	
2,	6,	170250,	1.65255e+015,	-4,	-1,	14,	0,	-1,	1,	0,	1,	1.65255e+009,	-0.750749,	-0.442288,	-0.31202,	-0.0460768,	-0.739138,	-0.235266,	-0.0222832,	0.105818,	-0.767999,	-0.254465,	-0.0225383,	-0.0129559,	-0.69494,	-0.346837,	-0.0204676,	-0.0794884,	-0.649128,	-0.440127,	-0.0128339,	-0.359812,	-0.3913,	0.61273,	-0.05488,	27383,	-511,	-42,	24,	27413,	115,	-60,	-6,	27393,	-45,	-114,	-8,	
2,	6,	170329,	1.65255e+015,	-1,	-1,	3,	2,	2,	-4,	-5,	-3,	1.65255e+009,	-0.750749,	-0.442288,	-0.31202,	-0.0460768,	-0.739138,	-0.235266,	-0.0222832,	0.105818,	-0.767999,	-0.254465,	-0.0225383,	-0.0129559,	-0.69494,	-0.346837,	-0.0204676,	-0.0794884,	-0.649128,	-0.440127,	-0.0128339,	-0.359812,	-0.3913,	0.61273,	-0.05488,	27393,	-510,	-41,	23,	27423,	116,	-60,	-6,	27403,	-45,	-114,	-9,	
2,	6,	170407,	1.65255e+015,	-7,	-7,	-15,	-2,	3,	-2,	-2,	-7,	1.65255e+009,	-0.750749,	-0.442288,	-0.31202,	-0.0460768,	-0.739138,	-0.235266,	-0.0222832,	0.105818,	-0.846849,	-0.254465,	-0.0225383,	-0.0129559,	-0.69494,	-0.346837,	-0.0204676,	-0.0794884,	-0.649128,	-0.440127,	-0.0128339,	-0.359812,	-0.3913,	0.61273,	-0.05488,	27403,	-510,	-42,	21,	27433,	116,	-59,	-8,	27413,	-45,	-113,	-10,	
2,	6,	170485,	1.65255e+015,	0,	-2,	-24,	-13,	-2,	-6,	-3,	0,	1.65255e+009,	-0.750749,	-0.442288,	-0.31202,	-0.0460768,	-0.739138,	-0.235266,	-0.0222832,	0.105818,	-0.846849,	-0.254465,	-0.0225383,	-0.0129559,	-0.69494,	-0.346837,	-0.0204676,	-0.0794884,	-0.649128,	-0.440127,	-0.0128339,	-0.359812,	-0.3913,	0.61273,	-0.05488,	27413,	-510,	-41,	20,	27443,	115,	-59,	-9,	27423,	-46,	-114,	-11,	
2,	6,	170579,	1.65255e+015,	0,	3,	6,	4,	-1,	3,	2,	1,	1.65255e+009,	-0.750749,	-0.442288,	-0.31202,	-0.0460768,	-0.739138,	-0.235266,	-0.0222832,	0.0974784,	-0.846849,	-0.334296,	-0.0210691,	-0.0102055,	-0.69494,	-0.346837,	-0.0204676,	-0.0767381,	-0.649128,	-0.440127,	-0.0128339,	-0.357062,	-0.4368,	0.61273,	-0.05488,	27423,	-510,	-41,	20,	27453,	114,	-60,	-9,	27433,	-45,	-114,	-11,	
2,	6,	170657,	1.65255e+015,	-5,	-7,	5,	11,	0,	-1,	3,	3,	1.65255e+009,	-0.750749,	-0.442288,	-0.31202,	-0.0460768,	-0.739138,	-0.235266,	-0.0222832,	0.0974784,	-0.846849,	-0.334296,	-0.0210691,	-0.0102055,	-0.69494,	-0.346837,	-0.0204676,	-0.0767381,	-0.649128,	-0.440127,	-0.0128339,	-0.357062,	-0.4368,	0.61273,	-0.05488,	27433,	-509,	-41,	19,	27463,	114,	-60,	-10,	27443,	-46,	-115,	-11,	
2,	6,	170735,	1.65255e+015,	-8,	-11,	-32,	-12,	-2,	-1,	1,	7,	1.65255e+009,	-0.810869,	-0.442288,	-0.31202,	-0.0460768,	-0.739138,	-0.235266,	-0.0222832,	0.0974784,	-0.925699,	-0.513919,	-0.00285023,	-0.0102055,	-0.69494,	-0.346837,	-0.0204676,	-0.0767381,	-0.561408,	-0.440127,	-0.0128339,	-0.357062,	-0.4004,	0.61273,	-0.05488,	27443,	-509,	-41,	18,	27473,	114,	-60,	-10,	27453,	-45,	-114,	-13,	
2,	6,	170813,	1.65255e+015,	6,	-8,	-59,	-18,	0,	-5,	-5,	4,	1.65255e+009,	-0.810869,	-0.442288,	-0.31202,	-0.0460768,	-0.739138,	-0.235266,	-0.0222832,	0.100412,	-1.02032,	-0.613708,	-0.0161938,	-0.0072722,	-0.781672,	-0.275873,	-0.0225445,	-0.0856327,	-0.561408,	-0.440127,	-0.0128339,	-0.365956,	-0.4004,	0.61273,	-0.05488,	27453,	-507,	-40,	15,	27483,	114,	-61,	-11,	27463,	-45,	-114,	-14,	
2,	6,	170891,	1.65255e+015,	-8,	-1,	-73,	-5,	-1,	2,	3,	-1,	1.65255e+009,	-0.810869,	-0.442288,	-0.31202,	-0.0460768,	-0.739138,	-0.235266,	-0.0222832,	0.100412,	-1.14648,	-0.893121,	-0.103422,	-0.0072722,	-0.781672,	-0.275873,	-0.0225445,	-0.0856327,	-0.561408,	-0.440127,	-0.0128339,	-0.365956,	-0.4004,	0.61273,	-0.05488,	27463,	-506,	-40,	12,	27493,	115,	-61,	-12,	27473,	-45,	-113,	-15,	
2,	6,	170969,	1.65255e+015,	5,	1,	9,	0,	-1,	3,	8,	7,	1.65255e+009,	-0.810869,	-0.442288,	-0.31202,	-0.0460768,	-0.739138,	-0.235266,	-0.0222832,	0.100412,	-1.14648,	-1.03283,	-0.165773,	-0.0072722,	-0.781672,	-0.275873,	-0.0225445,	-0.0856327,	-0.561408,	-0.440127,	-0.0128339,	-0.365956,	-0.4004,	0.61273,	-0.05488,	27473,	-505,	-40,	9,	27503,	114,	-61,	-13,	27483,	-45,	-113,	-16,	
2,	6,	171032,	1.65255e+015,	-6,	-5,	25,	12,	1,	2,	8,	10,	1.65255e+009,	-0.810869,	-0.442288,	-0.31202,	-0.0460768,	-0.739138,	-0.235266,	-0.0222832,	0.100412,	-1.14648,	-1.25236,	-0.288991,	-0.0072722,	-0.781672,	-0.275873,	-0.0225445,	-0.0856327,	-0.561408,	-0.440127,	-0.0128339,	-0.365956,	-0.4368,	0.61273,	-0.05488,	27483,	-505,	-40,	6,	27513,	115,	-61,	-14,	27493,	-45,	-113,	-16,	
2,	6,	171094,	1.65255e+015,	-6,	3,	27,	17,	2,	0,	1,	9,	1.65255e+009,	-0.810869,	-0.442288,	-0.31202,	-0.0460768,	-0.739138,	-0.235266,	-0.0222832,	0.100412,	-1.14648,	-1.3322,	-0.341446,	-0.0072722,	-0.781672,	-0.275873,	-0.0225445,	-0.0856327,	-0.561408,	-0.440127,	-0.0128339,	-0.365956,	-0.4368,	0.61273,	-0.05488,	27493,	-504,	-41,	2,	27523,	115,	-60,	-15,	27503,	-45,	-112,	-15,	
2,	6,	171157,	1.65255e+015,	3,	1,	4,	1,	0,	-1,	-7,	-5,	1.65255e+009,	-0.810869,	-0.442288,	-0.31202,	-0.0460768,	-0.739138,	-0.235266,	-0.0222832,	0.100412,	-1.14648,	-1.3322,	-0.341446,	-0.0072722,	-0.781672,	-0.275873,	-0.0225445,	-0.0856327,	-0.561408,	-0.440127,	-0.0128339,	-0.365956,	-0.4368,	0.61273,	-0.05488,	27503,	-504,	-40,	0,	27533,	114,	-60,	-15,	27513,	-45,	-111,	-15,	
2,	6,	171219,	1.65255e+015,	9,	5,	-2,	7,	0,	0,	-7,	-13,	1.65255e+009,	-0.810869,	-0.442288,	-0.31202,	-0.0460768,	-0.739138,	-0.235266,	-0.0222832,	0.100412,	-1.14648,	-1.3322,	-0.341446,	-0.0072722,	-0.781672,	-0.275873,	-0.0225445,	-0.0856327,	-0.561408,	-0.440127,	-0.0128339,	-0.365956,	-0.4368,	0.61273,	-0.05488,	27513,	-503,	-41,	-1,	27543,	113,	-59,	-16,	27523,	-43,	-110,	-16,	
2,	6,	171297,	1.65255e+015,	-4,	3,	-28,	-8,	-2,	1,	8,	8,	1.65255e+009,	-0.810869,	-0.442288,	-0.31202,	-0.0460768,	-0.739138,	-0.235266,	-0.0222832,	0.100412,	-1.14648,	-1.3322,	-0.341446,	-0.0072722,	-0.781672,	-0.275873,	-0.0225445,	-0.0856327,	-0.561408,	-0.440127,	-0.0128339,	-0.365956,	-0.4368,	0.61273,	-0.05488,	27523,	-499,	-41,	-2,	27553,	114,	-60,	-16,	27533,	-44,	-111,	-17,	
2,	6,	171375,	1.65255e+015,	-3,	-2,	10,	5,	0,	-1,	-1,	3,	1.65255e+009,	-0.810869,	-0.442288,	-0.31202,	-0.0460768,	-0.739138,	-0.235266,	-0.0222832,	0.100412,	-1.14648,	-1.43199,	-0.41275,	-0.0072722,	-0.781672,	-0.275873,	-0.0225445,	-0.0856327,	-0.561408,	-0.440127,	-0.0128339,	-0.365956,	-0.4368,	0.61273,	-0.05488,	27533,	-499,	-41,	-3,	27563,	115,	-60,	-16,	27543,	-43,	-111,	-18,	
2,	6,	171454,	1.65255e+015,	1,	6,	3,	7,	-1,	-3,	-11,	-12,	1.65255e+009,	-0.810869,	-0.442288,	-0.31202,	-0.0460768,	-0.739138,	-0.235266,	-0.0222832,	0.100412,	-1.14648,	-1.43199,	-0.41275,	-0.0072722,	-0.781672,	-0.275873,	-0.0225445,	-0.0856327,	-0.561408,	-0.440127,	-0.0128339,	-0.365956,	-0.4368,	0.61273,	-0.05488,	27543,	-499,	-41,	-2,	27573,	115,	-59,	-15,	27553,	-43,	-109,	-19,	
2,	6,	171532,	1.65255e+015,	1,	12,	42,	2,	2,	1,	1,	4,	1.65255e+009,	-0.810869,	-0.442288,	-0.31202,	-0.0460768,	-0.739138,	-0.235266,	-0.0222832,	0.100412,	-1.14648,	-1.43199,	-0.41275,	-0.0072722,	-0.781672,	-0.275873,	-0.0225445,	-0.0856327,	-0.561408,	-0.440127,	-0.0128339,	-0.365956,	-0.4368,	0.61273,	-0.05488,	27553,	-498,	-39,	-2,	27583,	115,	-59,	-15,	27563,	-43,	-108,	-20,	
2,	6,	171610,	1.65255e+015,	-5,	-5,	18,	0,	-1,	0,	0,	-2,	1.65255e+009,	-0.810869,	-0.442288,	-0.31202,	-0.0460768,	-0.739138,	-0.235266,	-0.0222832,	0.100412,	-1.14648,	-1.43199,	-0.41275,	-0.0072722,	-0.781672,	-0.275873,	-0.0225445,	-0.0856327,	-0.561408,	-0.440127,	-0.0128339,	-0.365956,	-0.4368,	0.61273,	-0.05488,	27563,	-498,	-39,	-2,	27593,	114,	-58,	-14,	27573,	-43,	-107,	-21,	
2,	6,	171672,	1.65255e+015,	-3,	5,	30,	5,	1,	0,	0,	1,	1.65255e+009,	-0.810869,	-0.442288,	-0.31202,	-0.0460768,	-0.739138,	-0.235266,	-0.0222832,	0.100412,	-1.14648,	-1.43199,	-0.41275,	-0.0072722,	-0.781672,	-0.275873,	-0.0225445,	-0.0856327,	-0.561408,	-0.440127,	-0.0128339,	-0.365956,	-0.4368,	0.61273,	-0.05488,	27573,	-498,	-39,	-3,	27603,	113,	-59,	-15,	27583,	-43,	-107,	-22,	
2,	6,	171750,	1.65255e+015,	2,	-8,	11,	1,	-3,	-3,	-2,	-4,	1.65255e+009,	-0.810869,	-0.442288,	-0.31202,	-0.0460768,	-0.739138,	-0.235266,	-0.0222832,	0.100412,	-1.14648,	-1.43199,	-0.41275,	-0.0072722,	-0.781672,	-0.275873,	-0.0225445,	-0.0856327,	-0.561408,	-0.440127,	-0.0128339,	-0.365956,	-0.4368,	0.61273,	-0.05488,	27583,	-498,	-38,	-4,	27613,	114,	-58,	-15,	27593,	-43,	-106,	-23,	
2,	6,	171813,	1.65255e+015,	-1,	2,	16,	3,	1,	2,	-1,	-5,	1.65255e+009,	-0.810869,	-0.442288,	-0.31202,	-0.0460768,	-0.739138,	-0.235266,	-0.0222832,	0.100412,	-1.14648,	-1.43199,	-0.41275,	-0.0072722,	-0.781672,	-0.275873,	-0.0225445,	-0.0856327,	-0.561408,	-0.440127,	-0.0128339,	-0.365956,	-0.4368,	0.61273,	-0.05488,	27593,	-496,	-37,	-6,	27623,	113,	-58,	-16,	27603,	-43,	-107,	-24,	
2,	6,	171875,	1.65255e+015,	6,	9,	45,	6,	0,	1,	0,	8,	1.65255e+009,	-0.810869,	-0.442288,	-0.31202,	-0.0460768,	-0.739138,	-0.235266,	-0.0222832,	0.100412,	-1.14648,	-1.43199,	-0.41275,	-0.0072722,	-0.781672,	-0.275873,	-0.0225445,	-0.0856327,	-0.561408,	-0.440127,	-0.0128339,	-0.365956,	-0.4368,	0.61273,	-0.05488,	27603,	-495,	-37,	-8,	27633,	113,	-59,	-18,	27613,	-42,	-106,	-26,	
2,	6,	171954,	1.65255e+015,	5,	10,	9,	10,	1,	4,	6,	1,	1.65255e+009,	-0.810869,	-0.442288,	-0.31202,	-0.0460768,	-0.739138,	-0.235266,	-0.0222832,	0.100412,	-1.14648,	-1.43199,	-0.41275,	-0.0072722,	-0.781672,	-0.275873,	-0.0225445,	-0.0856327,	-0.561408,	-0.440127,	-0.0128339,	-0.365956,	-0.4368,	0.61273,	-0.05488,	27613,	-493,	-38,	-10,	27643,	113,	-58,	-19,	27623,	-42,	-106,	-27,	
2,	6,	172032,	1.65255e+015,	-3,	1,	7,	3,	-2,	0,	-3,	-1,	1.65255e+009,	-0.810869,	-0.442288,	-0.31202,	-0.0460768,	-0.739138,	-0.235266,	-0.0222832,	0.100412,	-1.14648,	-1.43199,	-0.41275,	-0.0072722,	-0.781672,	-0.275873,	-0.0225445,	-0.0856327,	-0.561408,	-0.440127,	-0.0128339,	-0.365956,	-0.4368,	0.61273,	-0.05488,	27623,	-493,	-36,	-10,	27653,	112,	-59,	-20,	27633,	-42,	-106,	-29,	
2,	6,	172094,	1.65255e+015,	-8,	-6,	-45,	-16,	-4,	-5,	-2,	0,	1.65255e+009,	-0.810869,	-0.442288,	-0.31202,	-0.0460768,	-0.739138,	-0.235266,	-0.0222832,	0.100412,	-1.14648,	-1.51182,	-0.474381,	-0.0072722,	-0.781672,	-0.275873,	-0.0225445,	-0.0856327,	-0.561408,	-0.440127,	-0.0128339,	-0.365956,	-0.4368,	0.61273,	-0.05488,	27633,	-493,	-35,	-11,	27663,	111,	-60,	-21,	27643,	-42,	-106,	-30,	
2,	6,	172172,	1.65255e+015,	2,	-8,	-43,	-13,	-5,	-2,	-2,	1,	1.65255e+009,	-0.810869,	-0.442288,	-0.31202,	-0.0460768,	-0.739138,	-0.235266,	-0.0222832,	0.100412,	-1.14648,	-1.51182,	-0.474381,	-0.0072722,	-0.781672,	-0.275873,	-0.0225445,	-0.0856327,	-0.561408,	-0.440127,	-0.0128339,	-0.365956,	-0.4368,	0.61273,	-0.05488,	27643,	-492,	-34,	-12,	27673,	112,	-59,	-21,	27653,	-42,	-106,	-31,	
2,	6,	172235,	1.65255e+015,	0,	6,	34,	4,	-1,	-6,	-6,	-4,	1.65255e+009,	-0.810869,	-0.442288,	-0.31202,	-0.0460768,	-0.739138,	-0.235266,	-0.0222832,	0.100412,	-1.14648,	-1.51182,	-0.474381,	-0.0072722,	-0.781672,	-0.275873,	-0.0225445,	-0.0856327,	-0.561408,	-0.440127,	-0.0128339,	-0.365956,	-0.4368,	0.61273,	-0.05488,	27653,	-491,	-34,	-12,	27683,	113,	-58,	-22,	27663,	-41,	-106,	-32,	
2,	6,	172297,	1.65255e+015,	-2,	-15,	-51,	-21,	0,	1,	0,	4,	1.65255e+009,	-0.810869,	-0.442288,	-0.31202,	-0.0460768,	-0.739138,	-0.235266,	-0.0222832,	0.100412,	-1.14648,	-1.51182,	-0.474381,	-0.0072722,	-0.781672,	-0.275873,	-0.0225445,	-0.0856327,	-0.561408,	-0.440127,	-0.0128339,	-0.365956,	-0.4368,	0.61273,	-0.05488,	27663,	-491,	-34,	-15,	27693,	112,	-59,	-23,	27673,	-41,	-106,	-33,	
2,	6,	172360,	1.65255e+015,	1,	2,	14,	-24,	-5,	-1,	-2,	-1,	1.65255e+009,	-0.750749,	-0.442288,	-0.31202,	-0.0460768,	-0.739138,	-0.235266,	-0.0222832,	0.100412,	-1.06763,	-1.31224,	-0.32795,	-0.0072722,	-0.781672,	-0.275873,	-0.0225445,	-0.0856327,	-0.561408,	-0.440127,	-0.0128339,	-0.365956,	-0.4368,	0.61273,	-0.05488,	27673,	-490,	-33,	-17,	27703,	113,	-58,	-24,	27683,	-41,	-106,	-34,	
2,	6,	172438,	1.65255e+015,	0,	7,	66,	-5,	3,	0,	-1,	-6,	1.65255e+009,	-0.750749,	-0.442288,	-0.31202,	-0.0460768,	-0.739138,	-0.235266,	-0.0222832,	0.100412,	-0.988779,	-0.753415,	-0.0535622,	-0.0072722,	-0.781672,	-0.275873,	-0.0225445,	-0.0856327,	-0.561408,	-0.440127,	-0.0128339,	-0.365956,	-0.4368,	0.61273,	-0.05488,	27683,	-489,	-33,	-19,	27713,	112,	-57,	-25,	27693,	-40,	-104,	-35,	
2,	6,	172500,	1.65255e+015,	2,	6,	49,	5,	3,	2,	1,	4,	1.65255e+009,	-0.750749,	-0.442288,	-0.31202,	-0.0460768,	-0.739138,	-0.235266,	-0.0222832,	0.100412,	-0.894159,	-0.414129,	-0.0155211,	-0.0072722,	-0.781672,	-0.275873,	-0.0225445,	-0.0856327,	-0.561408,	-0.440127,	-0.0128339,	-0.365956,	-0.4368,	0.61273,	-0.05488,	27693,	-487,	-34,	-22,	27723,	112,	-60,	-25,	27703,	-40,	-105,	-36,	
2,	6,	172579,	1.65255e+015,	-5,	2,	30,	7,	-1,	-1,	-1,	-4,	1.65255e+009,	-0.750749,	-0.442288,	-0.31202,	-0.0460768,	-0.739138,	-0.235266,	-0.0222832,	0.100412,	-0.815309,	-0.214548,	-0.0217433,	-0.0072722,	-0.781672,	-0.204909,	-0.0213985,	-0.0856327,	-0.561408,	-0.440127,	-0.0128339,	-0.365956,	-0.4368,	0.61273,	-0.05488,	27703,	-487,	-34,	-24,	27733,	114,	-58,	-26,	27713,	-38,	-103,	-37,	
2,	6,	172657,	1.65255e+015,	-8,	-18,	-22,	-12,	-4,	-5,	-2,	-2,	1.65255e+009,	-0.750749,	-0.442288,	-0.31202,	-0.0460768,	-0.739138,	-0.235266,	-0.0222832,	0.100412,	-0.736459,	-0.134716,	-0.0170943,	-0.0072722,	-0.781672,	-0.204909,	-0.0213985,	-0.0856327,	-0.561408,	-0.388875,	-0.0177172,	-0.365956,	-0.3913,	0.61273,	-0.05488,	27713,	-486,	-34,	-26,	27743,	112,	-58,	-28,	27723,	-39,	-104,	-38,	
2,	6,	172735,	1.65255e+015,	-4,	-6,	6,	-5,	-2,	-3,	0,	-2,	1.65255e+009,	-0.750749,	-0.442288,	-0.31202,	-0.0460768,	-0.739138,	-0.235266,	-0.0222832,	0.107083,	-0.673379,	-0.134716,	-0.0170943,	-0.00947246,	-0.781672,	-0.204909,	-0.0213985,	-0.087833,	-0.561408,	-0.388875,	-0.0177172,	-0.368157,	-0.3913,	0.61273,	-0.05488,	27723,	-484,	-33,	-27,	27753,	114,	-58,	-28,	27733,	-38,	-103,	-38,	
