1,	8,	180813,	1.65255e+015,	-2,	-1,	-14,	-5,	1,	2,	-1,	-2,	1.65255e+009,	-0.690629,	-0.442288,	-0.31202,	-0.0460768,	-0.659058,	-0.235266,	-0.0222832,	0.107083,	-0.673379,	-0.134716,	-0.0170943,	-0.00947246,	-0.69494,	-0.240391,	-0.0223744,	-0.087833,	-0.561408,	-0.32481,	-0.0214572,	-0.368157,	-0.3549,	0.61273,	-0.05488,	48323,	-225,	8,	-494,	48353,	148,	-63,	-150,	48273,	70,	-27,	-349,	
1,	8,	180875,	1.65255e+015,	-1,	-2,	27,	3,	0,	0,	-1,	-2,	1.65255e+009,	-0.690629,	-0.442288,	-0.31202,	-0.0460768,	-0.659058,	-0.235266,	-0.0222832,	0.107083,	-0.673379,	-0.134716,	-0.0170943,	-0.00947246,	-0.69494,	-0.240391,	-0.0223744,	-0.087833,	-0.561408,	-0.32481,	-0.0214572,	-0.368157,	-0.3549,	0.61273,	-0.05488,	48333,	-223,	9,	-495,	48363,	148,	-65,	-150,	48283,	71,	-26,	-349,	
1,	8,	180938,	1.65255e+015,	-2,	-3,	-4,	-5,	-1,	-1,	-1,	-3,	1.65255e+009,	-0.690629,	-0.442288,	-0.31202,	-0.0460768,	-0.659058,	-0.235266,	-0.0222832,	0.107083,	-0.673379,	-0.134716,	-0.0170943,	-0.00947246,	-0.69494,	-0.240391,	-0.0223744,	-0.087833,	-0.561408,	-0.32481,	-0.0214572,	-0.368157,	-0.3549,	0.61273,	-0.05488,	48343,	-225,	9,	-495,	48373,	148,	-65,	-150,	48293,	70,	-26,	-349,	
1,	8,	181016,	1.65255e+015,	0,	-5,	-8,	-17,	-2,	-2,	-1,	0,	1.65255e+009,	-0.690629,	-0.442288,	-0.31202,	-0.0460768,	-0.659058,	-0.235266,	-0.0222832,	0.107083,	-0.673379,	-0.134716,	-0.0170943,	-0.00947246,	-0.69494,	-0.240391,	-0.0223744,	-0.087833,	-0.561408,	-0.32481,	-0.0214572,	-0.368157,	-0.3549,	0.61273,	-0.05488,	48353,	-225,	8,	-495,	48383,	148,	-64,	-150,	48303,	70,	-26,	-349,	
1,	8,	181079,	1.65255e+015,	0,	-2,	-29,	-3,	-3,	-2,	-3,	-4,	1.65255e+009,	-0.690629,	-0.442288,	-0.31202,	-0.0460768,	-0.659058,	-0.235266,	-0.0222832,	0.107083,	-0.673379,	-0.134716,	-0.0170943,	-0.00947246,	-0.69494,	-0.240391,	-0.0223744,	-0.087833,	-0.561408,	-0.32481,	-0.0214572,	-0.368157,	-0.3549,	0.61273,	-0.05488,	48363,	-225,	9,	-495,	48393,	148,	-64,	-151,	48313,	70,	-26,	-349,	
1,	8,	181141,	1.65255e+015,	-4,	-10,	3,	1,	-2,	-2,	-1,	-2,	1.65255e+009,	-0.690629,	-0.442288,	-0.31202,	-0.0460768,	-0.659058,	-0.235266,	-0.0222832,	0.107083,	-0.673379,	-0.134716,	-0.0170943,	-0.00947246,	-0.69494,	-0.240391,	-0.0223744,	-0.087833,	-0.561408,	-0.32481,	-0.0214572,	-0.368157,	-0.3549,	0.61273,	-0.05488,	48373,	-225,	9,	-496,	48403,	148,	-64,	-151,	48323,	70,	-26,	-350,	
1,	8,	181204,	1.65255e+015,	-2,	-4,	0,	6,	-1,	-1,	-1,	-3,	1.65255e+009,	-0.690629,	-0.442288,	-0.31202,	-0.0460768,	-0.659058,	-0.235266,	-0.0222832,	0.107083,	-0.673379,	-0.134716,	-0.0170943,	-0.00947246,	-0.69494,	-0.240391,	-0.0223744,	-0.087833,	-0.561408,	-0.32481,	-0.0214572,	-0.368157,	-0.3549,	0.61273,	-0.05488,	48383,	-225,	10,	-496,	48413,	147,	-65,	-151,	48333,	71,	-26,	-350,	
1,	8,	181282,	1.65255e+015,	-3,	-1,	-6,	-5,	-1,	-1,	-3,	-2,	1.65255e+009,	-0.690629,	-0.442288,	-0.31202,	-0.0460768,	-0.659058,	-0.235266,	-0.0222832,	0.107083,	-0.673379,	-0.134716,	-0.0170943,	-0.00947246,	-0.69494,	-0.240391,	-0.0223744,	-0.087833,	-0.561408,	-0.32481,	-0.0214572,	-0.368157,	-0.3549,	0.61273,	-0.05488,	48393,	-225,	9,	-496,	48423,	147,	-64,	-151,	48343,	70,	-27,	-350,	
1,	8,	181360,	1.65255e+015,	-1,	-4,	7,	2,	3,	-2,	1,	2,	1.65255e+009,	-0.690629,	-0.442288,	-0.31202,	-0.0460768,	-0.659058,	-0.235266,	-0.0222832,	0.107083,	-0.673379,	-0.134716,	-0.0170943,	-0.00947246,	-0.69494,	-0.240391,	-0.0223744,	-0.087833,	-0.561408,	-0.32481,	-0.0214572,	-0.368157,	-0.3549,	0.61273,	-0.05488,	48403,	-225,	9,	-496,	48433,	147,	-65,	-150,	48353,	70,	-27,	-350,	
1,	8,	181438,	1.65255e+015,	-1,	2,	-33,	-3,	2,	-1,	-1,	1,	1.65255e+009,	-0.690629,	-0.442288,	-0.31202,	-0.0460768,	-0.659058,	-0.235266,	-0.0222832,	0.107083,	-0.673379,	-0.134716,	-0.0170943,	-0.00947246,	-0.69494,	-0.240391,	-0.0223744,	-0.087833,	-0.561408,	-0.32481,	-0.0214572,	-0.368157,	-0.3549,	0.61273,	-0.05488,	48413,	-226,	10,	-496,	48443,	147,	-64,	-151,	48363,	70,	-26,	-350,	
1,	8,	181516,	1.65255e+015,	-4,	-1,	-5,	-12,	-5,	-3,	-1,	0,	1.65255e+009,	-0.690629,	-0.442288,	-0.31202,	-0.0460768,	-0.659058,	-0.235266,	-0.0222832,	0.107083,	-0.673379,	-0.134716,	-0.0170943,	-0.00947246,	-0.69494,	-0.240391,	-0.0223744,	-0.087833,	-0.561408,	-0.32481,	-0.0214572,	-0.368157,	-0.3549,	0.61273,	-0.05488,	48423,	-225,	9,	-496,	48453,	147,	-63,	-150,	48373,	70,	-28,	-350,	
1,	8,	181594,	1.65255e+015,	-1,	5,	31,	12,	0,	-2,	0,	-1,	1.65255e+009,	-0.690629,	-0.442288,	-0.31202,	-0.0460768,	-0.659058,	-0.235266,	-0.0222832,	0.107083,	-0.673379,	-0.134716,	-0.0170943,	-0.00947246,	-0.69494,	-0.240391,	-0.0223744,	-0.087833,	-0.561408,	-0.32481,	-0.0214572,	-0.368157,	-0.3549,	0.61273,	-0.05488,	48433,	-224,	8,	-496,	48463,	147,	-65,	-151,	48383,	71,	-26,	-350,	
1,	8,	181688,	1.65255e+015,	-1,	-6,	1,	-1,	-2,	-1,	1,	-2,	1.65255e+009,	-0.690629,	-0.442288,	-0.31202,	-0.0460768,	-0.659058,	-0.235266,	-0.0222832,	0.107083,	-0.673379,	-0.134716,	-0.0170943,	-0.00947246,	-0.69494,	-0.240391,	-0.0223744,	-0.087833,	-0.561408,	-0.32481,	-0.0214572,	-0.368157,	-0.3549,	0.61273,	-0.05488,	48443,	-226,	8,	-496,	48473,	148,	-64,	-150,	48393,	70,	-27,	-351,	
1,	8,	181766,	1.65255e+015,	-2,	-3,	-8,	-9,	-1,	-1,	2,	-1,	1.65255e+009,	-0.690629,	-0.442288,	-0.31202,	-0.0460768,	-0.659058,	-0.235266,	-0.0222832,	0.107083,	-0.673379,	-0.134716,	-0.0170943,	-0.00947246,	-0.69494,	-0.240391,	-0.0223744,	-0.087833,	-0.561408,	-0.32481,	-0.0214572,	-0.368157,	-0.3549,	0.61273,	-0.05488,	48453,	-224,	10,	-496,	48483,	146,	-64,	-151,	48403,	70,	-27,	-351,	
1,	8,	181844,	1.65255e+015,	-1,	-3,	-8,	4,	1,	-3,	0,	-3,	1.65255e+009,	-0.690629,	-0.442288,	-0.31202,	-0.0460768,	-0.659058,	-0.235266,	-0.0222832,	0.107083,	-0.673379,	-0.134716,	-0.0170943,	-0.00947246,	-0.69494,	-0.240391,	-0.0223744,	-0.087833,	-0.561408,	-0.32481,	-0.0214572,	-0.368157,	-0.3549,	0.61273,	-0.05488,	48463,	-224,	8,	-496,	48493,	149,	-64,	-150,	48413,	69,	-27,	-351,	
1,	8,	181922,	1.65255e+015,	0,	-2,	4,	-1,	0,	1,	0,	0,	1.65255e+009,	-0.690629,	-0.442288,	-0.31202,	-0.0460768,	-0.659058,	-0.235266,	-0.0222832,	0.107083,	-0.673379,	-0.134716,	-0.0170943,	-0.00947246,	-0.69494,	-0.240391,	-0.0223744,	-0.087833,	-0.561408,	-0.32481,	-0.0214572,	-0.368157,	-0.3549,	0.61273,	-0.05488,	48473,	-225,	9,	-495,	48503,	149,	-63,	-149,	48423,	70,	-27,	-351,	
1,	8,	182000,	1.65255e+015,	-1,	1,	9,	-7,	-1,	1,	0,	1,	1.65255e+009,	-0.690629,	-0.442288,	-0.31202,	-0.0460768,	-0.659058,	-0.235266,	-0.0222832,	0.107083,	-0.673379,	-0.134716,	-0.0170943,	-0.00947246,	-0.69494,	-0.240391,	-0.0223744,	-0.087833,	-0.561408,	-0.32481,	-0.0214572,	-0.368157,	-0.3549,	0.61273,	-0.05488,	48483,	-224,	9,	-495,	48513,	149,	-62,	-150,	48433,	70,	-27,	-351,	
1,	8,	182079,	1.65255e+015,	2,	2,	-27,	6,	0,	1,	0,	2,	1.65255e+009,	-0.690629,	-0.442288,	-0.31202,	-0.0460768,	-0.659058,	-0.235266,	-0.0222832,	0.107083,	-0.673379,	-0.134716,	-0.0170943,	-0.00947246,	-0.69494,	-0.240391,	-0.0223744,	-0.087833,	-0.561408,	-0.32481,	-0.0214572,	-0.368157,	-0.3549,	0.61273,	-0.05488,	48493,	-224,	8,	-495,	48523,	149,	-63,	-150,	48443,	70,	-27,	-350,	
1,	8,	182157,	1.65255e+015,	-2,	-2,	-16,	-4,	1,	0,	1,	0,	1.65255e+009,	-0.690629,	-0.442288,	-0.31202,	-0.0460768,	-0.659058,	-0.235266,	-0.0222832,	0.107083,	-0.673379,	-0.134716,	-0.0170943,	-0.00947246,	-0.69494,	-0.240391,	-0.0223744,	-0.087833,	-0.561408,	-0.32481,	-0.0214572,	-0.368157,	-0.3549,	0.61273,	-0.05488,	48503,	-224,	9,	-495,	48533,	149,	-65,	-150,	48453,	70,	-27,	-350,	
1,	8,	182250,	1.65255e+015,	-1,	7,	17,	9,	1,	0,	-1,	-2,	1.65255e+009,	-0.690629,	-0.442288,	-0.31202,	-0.0460768,	-0.659058,	-0.235266,	-0.0222832,	0.107083,	-0.673379,	-0.134716,	-0.0170943,	-0.00947246,	-0.69494,	-0.240391,	-0.0223744,	-0.087833,	-0.561408,	-0.32481,	-0.0214572,	-0.368157,	-0.3549,	0.61273,	-0.05488,	48513,	-224,	8,	-495,	48543,	150,	-63,	-149,	48463,	70,	-28,	-350,	
1,	8,	182329,	1.65255e+015,	1,	8,	3,	5,	-1,	-2,	0,	0,	1.65255e+009,	-0.690629,	-0.442288,	-0.31202,	-0.0460768,	-0.659058,	-0.235266,	-0.0222832,	0.107083,	-0.673379,	-0.134716,	-0.0170943,	-0.00947246,	-0.69494,	-0.240391,	-0.0223744,	-0.087833,	-0.561408,	-0.32481,	-0.0214572,	-0.368157,	-0.3549,	0.61273,	-0.05488,	48523,	-224,	9,	-494,	48553,	149,	-63,	-149,	48473,	70,	-27,	-350,	
1,	8,	182407,	1.65255e+015,	1,	11,	15,	-3,	1,	-1,	0,	-1,	1.65255e+009,	-0.690629,	-0.442288,	-0.31202,	-0.0460768,	-0.659058,	-0.235266,	-0.0222832,	0.107083,	-0.673379,	-0.134716,	-0.0170943,	-0.00947246,	-0.69494,	-0.240391,	-0.0223744,	-0.087833,	-0.561408,	-0.32481,	-0.0214572,	-0.368157,	-0.3549,	0.61273,	-0.05488,	48533,	-223,	9,	-495,	48563,	149,	-65,	-149,	48483,	70,	-27,	-350,	
1,	8,	182485,	1.65255e+015,	-1,	3,	-19,	1,	0,	-1,	-1,	-2,	1.65255e+009,	-0.690629,	-0.442288,	-0.31202,	-0.0460768,	-0.659058,	-0.235266,	-0.0222832,	0.107083,	-0.673379,	-0.134716,	-0.0170943,	-0.00947246,	-0.69494,	-0.240391,	-0.0223744,	-0.087833,	-0.561408,	-0.32481,	-0.0214572,	-0.368157,	-0.3549,	0.61273,	-0.05488,	48543,	-224,	9,	-494,	48573,	149,	-64,	-149,	48493,	70,	-27,	-350,	
1,	8,	182563,	1.65255e+015,	-1,	-1,	-5,	-4,	-1,	1,	-1,	-1,	1.65255e+009,	-0.690629,	-0.442288,	-0.31202,	-0.0460768,	-0.659058,	-0.235266,	-0.0222832,	0.107083,	-0.673379,	-0.134716,	-0.0170943,	-0.00947246,	-0.69494,	-0.240391,	-0.0223744,	-0.087833,	-0.561408,	-0.32481,	-0.0214572,	-0.368157,	-0.3549,	0.61273,	-0.05488,	48553,	-225,	10,	-493,	48583,	148,	-65,	-149,	48503,	71,	-26,	-350,	
1,	8,	182641,	1.65255e+015,	-4,	-1,	41,	-7,	-5,	-1,	0,	-1,	1.65255e+009,	-0.690629,	-0.442288,	-0.31202,	-0.0460768,	-0.659058,	-0.235266,	-0.0222832,	0.107083,	-0.673379,	-0.134716,	-0.0170943,	-0.00947246,	-0.69494,	-0.240391,	-0.0223744,	-0.087833,	-0.561408,	-0.32481,	-0.0214572,	-0.368157,	-0.3549,	0.61273,	-0.05488,	48563,	-225,	8,	-492,	48593,	149,	-63,	-149,	48513,	70,	-28,	-350,	
1,	8,	182719,	1.65255e+015,	0,	1,	7,	13,	1,	-1,	0,	3,	1.65255e+009,	-0.690629,	-0.442288,	-0.31202,	-0.0460768,	-0.659058,	-0.235266,	-0.0222832,	0.107083,	-0.673379,	-0.134716,	-0.0170943,	-0.00947246,	-0.69494,	-0.240391,	-0.0223744,	-0.087833,	-0.561408,	-0.32481,	-0.0214572,	-0.368157,	-0.3549,	0.61273,	-0.05488,	48573,	-225,	8,	-492,	48603,	149,	-63,	-149,	48523,	71,	-27,	-349,	
1,	8,	182797,	1.65255e+015,	1,	6,	-6,	5,	1,	-1,	-1,	1,	1.65255e+009,	-0.690629,	-0.442288,	-0.31202,	-0.0460768,	-0.659058,	-0.235266,	-0.0222832,	0.107083,	-0.673379,	-0.134716,	-0.0170943,	-0.00947246,	-0.69494,	-0.240391,	-0.0223744,	-0.087833,	-0.561408,	-0.32481,	-0.0214572,	-0.368157,	-0.3549,	0.61273,	-0.05488,	48583,	-226,	8,	-492,	48613,	149,	-64,	-149,	48533,	70,	-27,	-350,	
1,	8,	182875,	1.65255e+015,	0,	0,	-11,	4,	3,	1,	-2,	0,	1.65255e+009,	-0.690629,	-0.442288,	-0.31202,	-0.0460768,	-0.659058,	-0.235266,	-0.0222832,	0.107083,	-0.673379,	-0.134716,	-0.0170943,	-0.00947246,	-0.69494,	-0.240391,	-0.0223744,	-0.087833,	-0.561408,	-0.32481,	-0.0214572,	-0.368157,	-0.3549,	0.61273,	-0.05488,	48593,	-225,	8,	-493,	48623,	148,	-64,	-149,	48543,	71,	-27,	-350,	
1,	8,	182938,	1.65255e+015,	-2,	-11,	-3,	2,	0,	-3,	-1,	-3,	1.65255e+009,	-0.690629,	-0.442288,	-0.31202,	-0.0460768,	-0.659058,	-0.235266,	-0.0222832,	0.107083,	-0.673379,	-0.134716,	-0.0170943,	-0.00947246,	-0.69494,	-0.240391,	-0.0223744,	-0.087833,	-0.561408,	-0.32481,	-0.0214572,	-0.368157,	-0.3549,	0.61273,	-0.05488,	48603,	-226,	9,	-492,	48633,	148,	-64,	-149,	48553,	70,	-26,	-349,	
1,	8,	183000,	1.65255e+015,	2,	-1,	-15,	0,	-1,	-2,	-2,	-1,	1.65255e+009,	-0.690629,	-0.442288,	-0.31202,	-0.0460768,	-0.659058,	-0.235266,	-0.0222832,	0.107083,	-0.673379,	-0.134716,	-0.0170943,	-0.00947246,	-0.69494,	-0.240391,	-0.0223744,	-0.087833,	-0.561408,	-0.32481,	-0.0214572,	-0.368157,	-0.3549,	0.61273,	-0.05488,	48613,	-227,	8,	-492,	48643,	148,	-65,	-149,	48563,	70,	-27,	-349,	
1,	8,	183063,	1.65255e+015,	2,	1,	-9,	2,	1,	-1,	0,	1,	1.65255e+009,	-0.690629,	-0.442288,	-0.31202,	-0.0460768,	-0.659058,	-0.235266,	-0.0222832,	0.107083,	-0.673379,	-0.134716,	-0.0170943,	-0.00947246,	-0.69494,	-0.240391,	-0.0223744,	-0.087833,	-0.561408,	-0.32481,	-0.0214572,	-0.368157,	-0.3549,	0.61273,	-0.05488,	48623,	-226,	9,	-493,	48653,	148,	-65,	-149,	48573,	70,	-27,	-349,	
1,	8,	183125,	1.65255e+015,	-1,	1,	-8,	-5,	1,	-1,	0,	-2,	1.65255e+009,	-0.690629,	-0.442288,	-0.31202,	-0.0460768,	-0.659058,	-0.235266,	-0.0222832,	0.107083,	-0.673379,	-0.134716,	-0.0170943,	-0.00947246,	-0.69494,	-0.240391,	-0.0223744,	-0.087833,	-0.561408,	-0.32481,	-0.0214572,	-0.368157,	-0.3549,	0.61273,	-0.05488,	48633,	-225,	7,	-493,	48663,	149,	-65,	-149,	48583,	70,	-28,	-349,	
1,	8,	183188,	1.65255e+015,	2,	3,	6,	3,	0,	0,	0,	1,	1.65255e+009,	-0.690629,	-0.442288,	-0.31202,	-0.0460768,	-0.659058,	-0.235266,	-0.0222832,	0.107083,	-0.673379,	-0.134716,	-0.0170943,	-0.00947246,	-0.69494,	-0.240391,	-0.0223744,	-0.087833,	-0.561408,	-0.32481,	-0.0214572,	-0.368157,	-0.3549,	0.61273,	-0.05488,	48643,	-225,	9,	-493,	48673,	149,	-66,	-149,	48593,	70,	-27,	-349,	
1,	8,	183266,	1.65255e+015,	-3,	-4,	-20,	0,	1,	1,	-2,	-1,	1.65255e+009,	-0.690629,	-0.442288,	-0.31202,	-0.0460768,	-0.659058,	-0.235266,	-0.0222832,	0.107083,	-0.673379,	-0.134716,	-0.0170943,	-0.00947246,	-0.69494,	-0.240391,	-0.0223744,	-0.087833,	-0.561408,	-0.32481,	-0.0214572,	-0.368157,	-0.3549,	0.61273,	-0.05488,	48653,	-225,	8,	-494,	48683,	148,	-65,	-149,	48603,	69,	-27,	-349,	
1,	8,	183329,	1.65255e+015,	-4,	1,	16,	-5,	-3,	-3,	-1,	-3,	1.65255e+009,	-0.690629,	-0.442288,	-0.31202,	-0.0460768,	-0.659058,	-0.235266,	-0.0222832,	0.107083,	-0.673379,	-0.134716,	-0.0170943,	-0.00947246,	-0.69494,	-0.240391,	-0.0223744,	-0.087833,	-0.561408,	-0.32481,	-0.0214572,	-0.368157,	-0.3549,	0.61273,	-0.05488,	48663,	-224,	8,	-494,	48693,	147,	-65,	-149,	48613,	70,	-27,	-349,	
1,	8,	183407,	1.65255e+015,	-2,	-1,	-6,	11,	0,	-2,	-3,	-2,	1.65255e+009,	-0.690629,	-0.442288,	-0.31202,	-0.0460768,	-0.659058,	-0.235266,	-0.0222832,	0.107083,	-0.673379,	-0.134716,	-0.0170943,	-0.00947246,	-0.69494,	-0.240391,	-0.0223744,	-0.087833,	-0.561408,	-0.32481,	-0.0214572,	-0.368157,	-0.3549,	0.61273,	-0.05488,	48673,	-225,	8,	-493,	48703,	149,	-65,	-149,	48623,	70,	-27,	-349,	
1,	8,	183469,	1.65255e+015,	-5,	-10,	-67,	-18,	-3,	-3,	-3,	-1,	1.65255e+009,	-0.690629,	-0.442288,	-0.31202,	-0.0460768,	-0.659058,	-0.235266,	-0.0222832,	0.107083,	-0.673379,	-0.134716,	-0.0170943,	-0.00947246,	-0.69494,	-0.240391,	-0.0223744,	-0.087833,	-0.561408,	-0.32481,	-0.0214572,	-0.368157,	-0.3549,	0.61273,	-0.05488,	48683,	-226,	7,	-492,	48713,	148,	-64,	-149,	48633,	70,	-28,	-349,	
1,	8,	183547,	1.65255e+015,	0,	-3,	-9,	1,	-4,	-3,	0,	-1,	1.65255e+009,	-0.690629,	-0.442288,	-0.31202,	-0.0460768,	-0.659058,	-0.235266,	-0.0222832,	0.107083,	-0.673379,	-0.134716,	-0.0170943,	-0.00947246,	-0.69494,	-0.240391,	-0.0223744,	-0.087833,	-0.561408,	-0.32481,	-0.0214572,	-0.368157,	-0.3549,	0.61273,	-0.05488,	48693,	-226,	7,	-492,	48723,	149,	-63,	-148,	48643,	70,	-28,	-349,	
1,	8,	183610,	1.65255e+015,	1,	6,	12,	6,	4,	1,	0,	1,	1.65255e+009,	-0.690629,	-0.442288,	-0.31202,	-0.0460768,	-0.659058,	-0.235266,	-0.0222832,	0.107083,	-0.673379,	-0.134716,	-0.0170943,	-0.00947246,	-0.69494,	-0.240391,	-0.0223744,	-0.087833,	-0.561408,	-0.32481,	-0.0214572,	-0.368157,	-0.3549,	0.61273,	-0.05488,	48703,	-227,	7,	-491,	48733,	148,	-63,	-148,	48653,	70,	-27,	-350,	
1,	8,	183688,	1.65255e+015,	-1,	2,	7,	-5,	-2,	-1,	-1,	-1,	1.65255e+009,	-0.690629,	-0.442288,	-0.31202,	-0.0460768,	-0.659058,	-0.235266,	-0.0222832,	0.107083,	-0.673379,	-0.134716,	-0.0170943,	-0.00947246,	-0.69494,	-0.240391,	-0.0223744,	-0.087833,	-0.561408,	-0.32481,	-0.0214572,	-0.368157,	-0.3549,	0.61273,	-0.05488,	48713,	-226,	8,	-491,	48743,	148,	-65,	-148,	48663,	70,	-28,	-350,	
2,	8,	183782,	1.65255e+015,	-2,	1,	24,	21,	0,	0,	-1,	-2,	1.65255e+009,	-0.690629,	-0.442288,	-0.31202,	-0.0460768,	-0.659058,	-0.235266,	-0.0222832,	0.107083,	-0.673379,	-0.134716,	-0.0170943,	-0.00947246,	-0.69494,	-0.240391,	-0.0223744,	-0.087833,	-0.561408,	-0.32481,	-0.0214572,	-0.368157,	-0.3549,	0.61273,	-0.05488,	48723,	-226,	8,	-491,	48753,	148,	-64,	-148,	48673,	70,	-26,	-350,	
2,	8,	183844,	1.65255e+015,	1,	6,	12,	0,	0,	1,	-2,	0,	1.65255e+009,	-0.690629,	-0.442288,	-0.31202,	-0.0460768,	-0.659058,	-0.235266,	-0.0222832,	0.107083,	-0.673379,	-0.134716,	-0.0170943,	-0.00947246,	-0.69494,	-0.240391,	-0.0223744,	-0.087833,	-0.561408,	-0.32481,	-0.0214572,	-0.368157,	-0.3549,	0.61273,	-0.05488,	48733,	-227,	7,	-491,	48763,	148,	-65,	-149,	48683,	69,	-27,	-350,	
2,	8,	183907,	1.65255e+015,	-2,	3,	5,	0,	-1,	-1,	1,	-1,	1.65255e+009,	-0.690629,	-0.442288,	-0.31202,	-0.0460768,	-0.659058,	-0.235266,	-0.0222832,	0.107083,	-0.673379,	-0.134716,	-0.0170943,	-0.00947246,	-0.69494,	-0.240391,	-0.0223744,	-0.087833,	-0.561408,	-0.32481,	-0.0214572,	-0.368157,	-0.3549,	0.61273,	-0.05488,	48743,	-226,	8,	-491,	48773,	148,	-64,	-148,	48693,	70,	-27,	-349,	
2,	8,	183985,	1.65255e+015,	-2,	-4,	17,	3,	0,	-2,	-1,	0,	1.65255e+009,	-0.690629,	-0.442288,	-0.31202,	-0.0460768,	-0.659058,	-0.235266,	-0.0222832,	0.107083,	-0.673379,	-0.134716,	-0.0170943,	-0.00947246,	-0.69494,	-0.240391,	-0.0223744,	-0.087833,	-0.561408,	-0.32481,	-0.0214572,	-0.368157,	-0.3549,	0.61273,	-0.05488,	48753,	-226,	9,	-491,	48783,	148,	-64,	-148,	48703,	70,	-28,	-349,	
2,	8,	184063,	1.65255e+015,	0,	-2,	-27,	-16,	-2,	0,	1,	0,	1.65255e+009,	-0.690629,	-0.442288,	-0.31202,	-0.0460768,	-0.659058,	-0.235266,	-0.0222832,	0.107083,	-0.673379,	-0.134716,	-0.0170943,	-0.00947246,	-0.69494,	-0.240391,	-0.0223744,	-0.087833,	-0.561408,	-0.32481,	-0.0214572,	-0.368157,	-0.3549,	0.61273,	-0.05488,	48763,	-226,	8,	-491,	48793,	148,	-64,	-148,	48713,	70,	-27,	-349,	
2,	8,	184157,	1.65255e+015,	0,	-3,	16,	-9,	-3,	-1,	-2,	-3,	1.65255e+009,	-0.690629,	-0.442288,	-0.31202,	-0.0460768,	-0.659058,	-0.235266,	-0.0222832,	0.107083,	-0.673379,	-0.134716,	-0.0170943,	-0.00947246,	-0.69494,	-0.240391,	-0.0223744,	-0.087833,	-0.561408,	-0.32481,	-0.0214572,	-0.368157,	-0.3549,	0.61273,	-0.05488,	48773,	-226,	6,	-490,	48803,	148,	-64,	-148,	48723,	70,	-28,	-349,	
2,	8,	184235,	1.65255e+015,	2,	3,	33,	-1,	1,	-1,	-1,	1,	1.65255e+009,	-0.690629,	-0.442288,	-0.31202,	-0.0460768,	-0.659058,	-0.235266,	-0.0222832,	0.107083,	-0.673379,	-0.134716,	-0.0170943,	-0.00947246,	-0.69494,	-0.240391,	-0.0223744,	-0.087833,	-0.561408,	-0.376062,	-0.0186753,	-0.368157,	-0.3549,	0.61273,	-0.05488,	48783,	-227,	7,	-490,	48813,	148,	-64,	-148,	48733,	69,	-27,	-349,	
2,	8,	184313,	1.65255e+015,	-9,	0,	-17,	-13,	-2,	-4,	-19,	-43,	1.65255e+009,	-0.690629,	-0.442288,	-0.31202,	-0.0460768,	-0.659058,	-0.235266,	-0.0222832,	0.107083,	-0.673379,	-0.134716,	-0.0170943,	-0.00947246,	-0.69494,	-0.240391,	-0.0223744,	-0.087833,	-0.561408,	-0.376062,	-0.0186753,	-0.368157,	-0.3549,	0.61273,	-0.05488,	48793,	-228,	8,	-490,	48823,	149,	-63,	-148,	48743,	69,	-27,	-349,	
2,	8,	184391,	1.65255e+015,	0,	3,	-17,	-3,	3,	1,	7,	17,	1.65255e+009,	-0.690629,	-0.442288,	-0.31202,	-0.0460768,	-0.659058,	-0.235266,	-0.0222832,	0.107083,	-0.673379,	-0.134716,	-0.0170943,	-0.00947246,	-0.69494,	-0.169427,	-0.0196168,	-0.087833,	-0.649128,	-0.645135,	-0.0235107,	-0.368157,	-0.2275,	0.61273,	-0.05488,	48803,	-227,	7,	-490,	48833,	147,	-64,	-148,	48753,	69,	-28,	-349,	
2,	8,	184469,	1.65255e+015,	4,	8,	8,	1,	2,	3,	6,	11,	1.65255e+009,	-0.690629,	-0.442288,	-0.31202,	-0.0460768,	-0.659058,	-0.235266,	-0.0222832,	0.107083,	-0.673379,	-0.134716,	-0.0170943,	-0.00947246,	-0.69494,	-0.169427,	-0.0196168,	-0.087833,	-0.758778,	-1.01671,	-0.157944,	-0.368157,	-0.1456,	0.61273,	-0.05488,	48813,	-227,	6,	-490,	48843,	148,	-64,	-147,	48763,	70,	-28,	-349,	
2,	8,	184547,	1.65255e+015,	-1,	4,	-8,	0,	-2,	-1,	-2,	6,	1.65255e+009,	-0.690629,	-0.442288,	-0.31202,	-0.0460768,	-0.659058,	-0.235266,	-0.0222832,	0.107083,	-0.673379,	-0.134716,	-0.0170943,	-0.00947246,	-0.69494,	-0.0984626,	-0.0136363,	-0.087833,	-0.868428,	-1.14484,	-0.224789,	-0.368157,	-0.1456,	0.61273,	-0.05488,	48823,	-227,	6,	-490,	48853,	149,	-63,	-147,	48773,	69,	-27,	-349,	
2,	8,	184625,	1.65255e+015,	-3,	-6,	-61,	-15,	-2,	0,	0,	-2,	1.65255e+009,	-0.690629,	-0.442288,	-0.31202,	-0.0460768,	-0.659058,	-0.235266,	-0.0222832,	0.107083,	-0.673379,	-0.134716,	-0.0170943,	-0.00947246,	-0.69494,	-0.0984626,	-0.0136363,	-0.087833,	-0.956148,	-1.19609,	-0.254469,	-0.356329,	-0.1092,	0.61273,	-0.05488,	48833,	-228,	6,	-489,	48863,	147,	-63,	-147,	48783,	70,	-27,	-349,	
2,	8,	184704,	1.65255e+015,	1,	-6,	-6,	-1,	1,	2,	3,	2,	1.65255e+009,	-0.690629,	-0.442288,	-0.31202,	-0.0460768,	-0.659058,	-0.235266,	-0.0222832,	0.10415,	-0.673379,	-0.134716,	-0.0170943,	-0.0124058,	-0.69494,	-0.0984626,	-0.0136363,	-0.0789383,	-0.956148,	-1.19609,	-0.254469,	-0.347434,	-0.1092,	0.61273,	-0.05488,	48843,	-228,	6,	-489,	48873,	149,	-64,	-147,	48793,	70,	-28,	-348,	
2,	8,	184782,	1.65255e+015,	1,	-8,	-28,	6,	4,	2,	1,	5,	1.65255e+009,	-0.690629,	-0.442288,	-0.31202,	-0.0460768,	-0.594994,	-0.235266,	-0.0222832,	0.10415,	-0.673379,	-0.134716,	-0.0170943,	-0.0124058,	-0.69494,	-0.0984626,	-0.0136363,	-0.0789383,	-0.956148,	-1.24735,	-0.28583,	-0.347434,	-0.1092,	0.61273,	-0.05488,	48853,	-228,	7,	-489,	48883,	147,	-64,	-148,	48803,	70,	-29,	-348,	
2,	8,	184860,	1.65255e+015,	0,	6,	5,	-3,	-1,	-1,	-2,	-2,	1.65255e+009,	-0.690629,	-0.442288,	-0.31202,	-0.0460768,	-0.594994,	-0.235266,	-0.0222832,	0.10415,	-0.673379,	-0.134716,	-0.0170943,	-0.0124058,	-0.69494,	-0.0984626,	-0.0136363,	-0.0789383,	-0.956148,	-1.24735,	-0.28583,	-0.347434,	-0.1092,	0.61273,	-0.05488,	48863,	-229,	7,	-489,	48893,	147,	-64,	-148,	48813,	70,	-29,	-348,	
2,	8,	184938,	1.65255e+015,	-2,	-4,	-29,	-2,	-4,	0,	2,	-1,	1.65255e+009,	-0.690629,	-0.442288,	-0.31202,	-0.0460768,	-0.594994,	-0.235266,	-0.0222832,	0.10415,	-0.673379,	-0.134716,	-0.0170943,	-0.0124058,	-0.69494,	-0.0984626,	-0.0136363,	-0.0789383,	-0.956148,	-1.24735,	-0.28583,	-0.347434,	-0.1092,	0.61273,	-0.05488,	48873,	-229,	7,	-489,	48903,	148,	-63,	-148,	48823,	70,	-29,	-348,	
2,	8,	185016,	1.65255e+015,	4,	18,	55,	16,	4,	2,	1,	-2,	1.65255e+009,	-0.690629,	-0.442288,	-0.31202,	-0.0460768,	-0.594994,	-0.235266,	-0.0222832,	0.10415,	-0.673379,	-0.134716,	-0.0170943,	-0.0124058,	-0.69494,	-0.0984626,	-0.0136363,	-0.0789383,	-0.956148,	-1.24735,	-0.28583,	-0.347434,	-0.1092,	0.61273,	-0.05488,	48883,	-228,	7,	-489,	48913,	148,	-64,	-148,	48833,	70,	-28,	-348,	
2,	8,	185094,	1.65255e+015,	2,	2,	-25,	-2,	0,	1,	-1,	0,	1.65255e+009,	-0.690629,	-0.442288,	-0.31202,	-0.0460768,	-0.594994,	-0.235266,	-0.0222832,	0.10415,	-0.673379,	-0.134716,	-0.0170943,	-0.0124058,	-0.69494,	-0.0984626,	-0.0136363,	-0.0789383,	-0.956148,	-1.2986,	-0.318872,	-0.347434,	-0.1092,	0.61273,	-0.05488,	48893,	-228,	6,	-489,	48923,	149,	-63,	-148,	48843,	69,	-29,	-348,	
2,	8,	185172,	1.65255e+015,	-1,	-8,	-94,	-11,	-2,	-1,	-2,	2,	1.65255e+009,	-0.690629,	-0.442288,	-0.31202,	-0.0460768,	-0.594994,	-0.235266,	-0.0222832,	0.10415,	-0.673379,	-0.134716,	-0.0170943,	-0.0124058,	-0.69494,	-0.0984626,	-0.0136363,	-0.0789383,	-1.0658,	-1.2986,	-0.318872,	-0.347434,	-0.1092,	0.61273,	-0.05488,	48903,	-228,	6,	-490,	48933,	147,	-64,	-148,	48853,	71,	-28,	-348,	
2,	8,	185250,	1.65255e+015,	1,	11,	20,	-2,	-2,	1,	3,	12,	1.65255e+009,	-0.690629,	-0.442288,	-0.31202,	-0.0460768,	-0.594994,	-0.235266,	-0.0222832,	0.10415,	-0.673379,	-0.134716,	-0.0170943,	-0.0124058,	-0.69494,	-0.0984626,	-0.0136363,	-0.0789383,	-1.0658,	-1.2986,	-0.318872,	-0.347434,	-0.1092,	0.61273,	-0.05488,	48913,	-229,	6,	-489,	48943,	147,	-64,	-148,	48863,	69,	-29,	-348,	
2,	8,	185329,	1.65255e+015,	-3,	-11,	14,	6,	0,	-3,	0,	2,	1.65255e+009,	-0.690629,	-0.442288,	-0.31202,	-0.0460768,	-0.594994,	-0.235266,	-0.0222832,	0.10415,	-0.673379,	-0.134716,	-0.0170943,	-0.0124058,	-0.69494,	-0.0984626,	-0.0136363,	-0.0789383,	-1.0658,	-1.2986,	-0.318872,	-0.347434,	-0.1092,	0.61273,	-0.05488,	48923,	-229,	7,	-489,	48953,	148,	-64,	-148,	48873,	69,	-29,	-348,	
2,	8,	185407,	1.65255e+015,	-4,	-12,	20,	-3,	-4,	-2,	-2,	0,	1.65255e+009,	-0.690629,	-0.442288,	-0.31202,	-0.0460768,	-0.594994,	-0.235266,	-0.0222832,	0.10415,	-0.673379,	-0.134716,	-0.0170943,	-0.0124058,	-0.69494,	-0.0984626,	-0.0136363,	-0.0789383,	-1.0658,	-1.2986,	-0.318872,	-0.347434,	-0.1092,	0.61273,	-0.05488,	48933,	-229,	7,	-489,	48963,	148,	-64,	-148,	48883,	69,	-29,	-348,	
2,	8,	185469,	1.65255e+015,	1,	4,	16,	-7,	1,	1,	1,	0,	1.65255e+009,	-0.690629,	-0.442288,	-0.31202,	-0.0460768,	-0.594994,	-0.235266,	-0.0222832,	0.10415,	-0.610299,	-0.134716,	-0.0170943,	-0.0124058,	-0.69494,	-0.0984626,	-0.0136363,	-0.0789383,	-1.0658,	-1.2986,	-0.318872,	-0.347434,	-0.1092,	0.61273,	-0.05488,	48943,	-229,	7,	-489,	48973,	148,	-64,	-148,	48893,	69,	-29,	-349,	
2,	8,	185563,	1.65255e+015,	-1,	3,	-26,	14,	-1,	-1,	0,	1,	1.65255e+009,	-0.690629,	-0.442288,	-0.31202,	-0.0460768,	-0.594994,	-0.235266,	-0.0222832,	0.10415,	-0.610299,	-0.134716,	-0.0170943,	-0.0124058,	-0.69494,	-0.0984626,	-0.0136363,	-0.0789383,	-1.0658,	-1.2986,	-0.318872,	-0.347434,	-0.1092,	0.61273,	-0.05488,	48953,	-227,	8,	-490,	48983,	148,	-65,	-149,	48903,	69,	-28,	-349,	
2,	8,	185641,	1.65255e+015,	-4,	-9,	-10,	-5,	-5,	-3,	-2,	-2,	1.65255e+009,	-0.690629,	-0.442288,	-0.31202,	-0.0460768,	-0.594994,	-0.235266,	-0.0222832,	0.10415,	-0.610299,	-0.134716,	-0.0170943,	-0.0124058,	-0.69494,	-0.0984626,	-0.0136363,	-0.0789383,	-1.0658,	-1.2986,	-0.318872,	-0.347434,	-0.1092,	0.61273,	-0.05488,	48963,	-228,	7,	-490,	48993,	148,	-64,	-149,	48913,	69,	-28,	-349,	
2,	8,	185704,	1.65255e+015,	-5,	-14,	-34,	-27,	-6,	-3,	1,	0,	1.65255e+009,	-0.690629,	-0.442288,	-0.31202,	-0.0460768,	-0.594994,	-0.235266,	-0.0222832,	0.10415,	-0.610299,	-0.134716,	-0.0170943,	-0.0124058,	-0.69494,	-0.0984626,	-0.0136363,	-0.0789383,	-1.0658,	-1.2986,	-0.318872,	-0.347434,	-0.1092,	0.61273,	-0.05488,	48973,	-226,	7,	-490,	49003,	148,	-65,	-149,	48923,	69,	-29,	-349,	
2,	8,	185782,	1.65255e+015,	1,	2,	-13,	1,	2,	0,	-1,	-3,	1.65255e+009,	-0.690629,	-0.442288,	-0.31202,	-0.0460768,	-0.594994,	-0.235266,	-0.0222832,	0.10415,	-0.610299,	-0.134716,	-0.0170943,	-0.0124058,	-0.69494,	-0.0984626,	-0.0136363,	-0.0789383,	-1.0658,	-1.2986,	-0.318872,	-0.347434,	-0.1092,	0.61273,	-0.05488,	48983,	-227,	7,	-491,	49013,	149,	-65,	-149,	48933,	69,	-28,	-349,	
2,	8,	185844,	1.65255e+015,	-5,	-14,	-67,	-14,	-4,	-1,	-2,	-1,	1.65255e+009,	-0.690629,	-0.442288,	-0.31202,	-0.0460768,	-0.594994,	-0.235266,	-0.0222832,	0.10415,	-0.610299,	-0.134716,	-0.0170943,	-0.0124058,	-0.69494,	-0.0984626,	-0.0136363,	-0.0789383,	-1.0658,	-1.2986,	-0.318872,	-0.347434,	-0.1092,	0.61273,	-0.05488,	48993,	-227,	7,	-490,	49023,	147,	-65,	-149,	48943,	69,	-28,	-349,	
2,	8,	185907,	1.65255e+015,	-1,	-3,	43,	3,	2,	2,	0,	-1,	1.65255e+009,	-0.690629,	-0.442288,	-0.31202,	-0.0460768,	-0.594994,	-0.235266,	-0.0222832,	0.10415,	-0.610299,	-0.134716,	-0.0170943,	-0.0124058,	-0.69494,	-0.0984626,	-0.0136363,	-0.0789383,	-1.0658,	-1.2986,	-0.318872,	-0.347434,	-0.1092,	0.61273,	-0.05488,	49003,	-228,	9,	-490,	49033,	148,	-65,	-149,	48953,	70,	-27,	-349,	
2,	8,	185985,	1.65255e+015,	-4,	-1,	-41,	-14,	-4,	-2,	-2,	-7,	1.65255e+009,	-0.690629,	-0.442288,	-0.31202,	-0.0460768,	-0.594994,	-0.235266,	-0.0222832,	0.10415,	-0.610299,	-0.134716,	-0.0170943,	-0.0124058,	-0.69494,	-0.0984626,	-0.0136363,	-0.0789383,	-1.0658,	-1.2986,	-0.318872,	-0.347434,	-0.1092,	0.61273,	-0.05488,	49013,	-228,	8,	-490,	49043,	148,	-64,	-149,	48963,	69,	-28,	-349,	
2,	8,	186063,	1.65255e+015,	-5,	-6,	3,	-5,	-2,	-2,	-6,	-10,	1.65255e+009,	-0.690629,	-0.442288,	-0.31202,	-0.0460768,	-0.594994,	-0.235266,	-0.0222832,	0.10415,	-0.610299,	-0.134716,	-0.0170943,	-0.0124058,	-0.69494,	-0.0984626,	-0.0136363,	-0.0789383,	-1.0658,	-1.2986,	-0.318872,	-0.347434,	-0.1092,	0.61273,	-0.05488,	49023,	-228,	8,	-490,	49053,	148,	-64,	-148,	48973,	69,	-28,	-349,	
2,	8,	186125,	1.65255e+015,	0,	-2,	-6,	-8,	-1,	-2,	-2,	-1,	1.65255e+009,	-0.690629,	-0.442288,	-0.31202,	-0.0460768,	-0.594994,	-0.235266,	-0.0222832,	0.10415,	-0.610299,	-0.134716,	-0.0170943,	-0.0124058,	-0.69494,	-0.0984626,	-0.0136363,	-0.0789383,	-1.0658,	-1.2986,	-0.318872,	-0.347434,	-0.1092,	0.61273,	-0.05488,	49033,	-229,	6,	-489,	49063,	148,	-63,	-149,	48983,	68,	-29,	-349,	
2,	8,	186188,	1.65255e+015,	-1,	-2,	-61,	-13,	-3,	-2,	2,	-1,	1.65255e+009,	-0.690629,	-0.442288,	-0.31202,	-0.0460768,	-0.594994,	-0.235266,	-0.0222832,	0.10415,	-0.610299,	-0.134716,	-0.0170943,	-0.0124058,	-0.69494,	-0.0984626,	-0.0136363,	-0.0789383,	-1.0658,	-1.2986,	-0.318872,	-0.347434,	-0.1092,	0.61273,	-0.05488,	49043,	-229,	8,	-489,	49073,	148,	-64,	-148,	48993,	69,	-28,	-349,	
2,	8,	186250,	1.65255e+015,	3,	12,	11,	11,	1,	0,	0,	1,	1.65255e+009,	-0.690629,	-0.442288,	-0.31202,	-0.0460768,	-0.594994,	-0.235266,	-0.0222832,	0.10415,	-0.610299,	-0.134716,	-0.0170943,	-0.0124058,	-0.69494,	-0.0984626,	-0.0136363,	-0.0789383,	-1.0658,	-1.2986,	-0.318872,	-0.347434,	-0.1092,	0.61273,	-0.05488,	49053,	-228,	7,	-489,	49083,	148,	-64,	-148,	49003,	69,	-27,	-349,	
2,	8,	186313,	1.65255e+015,	-2,	-8,	-21,	-12,	-1,	-1,	-2,	-1,	1.65255e+009,	-0.690629,	-0.442288,	-0.31202,	-0.0460768,	-0.594994,	-0.235266,	-0.0222832,	0.10415,	-0.610299,	-0.134716,	-0.0170943,	-0.0124058,	-0.69494,	-0.0984626,	-0.0136363,	-0.0789383,	-1.0658,	-1.06796,	-0.183421,	-0.347434,	-0.1092,	0.61273,	-0.05488,	49063,	-229,	8,	-489,	49093,	148,	-63,	-148,	49013,	69,	-29,	-349,	
2,	8,	186391,	1.65255e+015,	-1,	5,	50,	6,	-1,	0,	1,	1,	1.65255e+009,	-0.690629,	-0.442288,	-0.31202,	-0.0460768,	-0.594994,	-0.235266,	-0.0222832,	0.10415,	-0.610299,	-0.134716,	-0.0170943,	-0.0124058,	-0.69494,	-0.0984626,	-0.0136363,	-0.0789383,	-0.956148,	-0.722013,	-0.0440745,	-0.347434,	-0.1911,	0.61273,	-0.05488,	49073,	-228,	7,	-488,	49103,	148,	-64,	-148,	49023,	69,	-27,	-349,	
2,	8,	186454,	1.65255e+015,	-4,	-14,	8,	-5,	2,	0,	1,	0,	1.65255e+009,	-0.690629,	-0.442288,	-0.31202,	-0.0460768,	-0.594994,	-0.235266,	-0.0222832,	0.10415,	-0.610299,	-0.134716,	-0.0170943,	-0.0124058,	-0.69494,	-0.0984626,	-0.0136363,	-0.0789383,	-0.868428,	-0.504192,	-0.00436565,	-0.347434,	-0.2366,	0.61273,	-0.05488,	49083,	-229,	7,	-489,	49113,	147,	-65,	-148,	49033,	69,	-29,	-349,	
2,	8,	186516,	1.65255e+015,	-2,	9,	9,	4,	0,	-2,	-2,	-1,	1.65255e+009,	-0.690629,	-0.442288,	-0.31202,	-0.0460768,	-0.594994,	-0.235266,	-0.0222832,	0.10415,	-0.610299,	-0.134716,	-0.0170943,	-0.0124058,	-0.69494,	-0.0984626,	-0.0136363,	-0.0789383,	-0.868428,	-0.440127,	-0.0128339,	-0.359262,	-0.273,	0.61273,	-0.05488,	49093,	-229,	8,	-489,	49123,	147,	-64,	-148,	49043,	70,	-28,	-349,	
2,	8,	186594,	1.65255e+015,	0,	5,	5,	25,	2,	-1,	1,	1,	1.65255e+009,	-0.690629,	-0.442288,	-0.31202,	-0.0460768,	-0.594994,	-0.235266,	-0.0222832,	0.10415,	-0.610299,	-0.134716,	-0.0170943,	-0.0124058,	-0.69494,	-0.0984626,	-0.0136363,	-0.0789383,	-0.758778,	-0.376062,	-0.0186753,	-0.359262,	-0.273,	0.61273,	-0.05488,	49103,	-229,	7,	-489,	49133,	148,	-65,	-148,	49053,	69,	-28,	-349,	
2,	8,	186657,	1.65255e+015,	-3,	4,	-11,	1,	-3,	-3,	-2,	-1,	1.65255e+009,	-0.690629,	-0.442288,	-0.31202,	-0.0460768,	-0.594994,	-0.235266,	-0.0222832,	0.10415,	-0.610299,	-0.134716,	-0.0170943,	-0.0124058,	-0.69494,	-0.0984626,	-0.0136363,	-0.0789383,	-0.758778,	-0.311997,	-0.02189,	-0.359262,	-0.3094,	0.61273,	-0.05488,	49113,	-229,	7,	-489,	49143,	147,	-64,	-148,	49063,	69,	-28,	-349,	
2,	8,	186719,	1.65255e+015,	-1,	1,	-12,	-13,	-1,	-2,	-1,	-1,	1.65255e+009,	-0.690629,	-0.442288,	-0.31202,	-0.0460768,	-0.594994,	-0.235266,	-0.0222832,	0.10415,	-0.610299,	-0.134716,	-0.0170943,	-0.0124058,	-0.69494,	-0.0984626,	-0.0136363,	-0.0789383,	-0.758778,	-0.311997,	-0.02189,	-0.359262,	-0.3094,	0.61273,	-0.05488,	49123,	-229,	8,	-489,	49153,	148,	-65,	-148,	49073,	69,	-27,	-349,	
2,	8,	186797,	1.65255e+015,	1,	0,	-4,	-6,	-1,	-1,	-1,	1,	1.65255e+009,	-0.690629,	-0.442288,	-0.31202,	-0.0460768,	-0.594994,	-0.235266,	-0.0222832,	0.10415,	-0.610299,	-0.134716,	-0.0170943,	-0.0124058,	-0.69494,	-0.0984626,	-0.0136363,	-0.0789383,	-0.758778,	-0.311997,	-0.02189,	-0.359262,	-0.3094,	0.61273,	-0.05488,	49133,	-228,	6,	-489,	49163,	147,	-65,	-148,	49083,	68,	-28,	-349,	
2,	8,	186860,	1.65255e+015,	-3,	-6,	-12,	-9,	-4,	-2,	-2,	-2,	1.65255e+009,	-0.690629,	-0.442288,	-0.31202,	-0.0460768,	-0.594994,	-0.235266,	-0.0222832,	0.10415,	-0.610299,	-0.134716,	-0.0170943,	-0.0124058,	-0.69494,	-0.0984626,	-0.0136363,	-0.0789383,	-0.758778,	-0.311997,	-0.02189,	-0.359262,	-0.3094,	0.61273,	-0.05488,	49143,	-229,	7,	-488,	49173,	147,	-65,	-148,	49093,	69,	-28,	-349,	
2,	8,	186938,	1.65255e+015,	1,	2,	3,	-1,	-1,	0,	0,	0,	1.65255e+009,	-0.690629,	-0.442288,	-0.31202,	-0.0460768,	-0.594994,	-0.235266,	-0.0222832,	0.10415,	-0.610299,	-0.134716,	-0.0170943,	-0.0124058,	-0.69494,	-0.0984626,	-0.0136363,	-0.0789383,	-0.758778,	-0.311997,	-0.02189,	-0.359262,	-0.3094,	0.61273,	-0.05488,	49153,	-230,	7,	-489,	49183,	147,	-64,	-148,	49103,	68,	-28,	-349,	
2,	8,	187000,	1.65255e+015,	-1,	-4,	-3,	-7,	-1,	-1,	0,	-1,	1.65255e+009,	-0.690629,	-0.442288,	-0.31202,	-0.0460768,	-0.594994,	-0.235266,	-0.0222832,	0.10415,	-0.610299,	-0.134716,	-0.0170943,	-0.0124058,	-0.69494,	-0.0984626,	-0.0136363,	-0.0789383,	-0.758778,	-0.311997,	-0.02189,	-0.359262,	-0.3094,	0.61273,	-0.05488,	49163,	-228,	7,	-488,	49193,	148,	-64,	-148,	49113,	69,	-29,	-349,	
2,	8,	187079,	1.65255e+015,	-1,	-6,	-2,	-3,	0,	-1,	0,	-1,	1.65255e+009,	-0.690629,	-0.442288,	-0.31202,	-0.0460768,	-0.594994,	-0.235266,	-0.0222832,	0.10415,	-0.610299,	-0.134716,	-0.0170943,	-0.0124058,	-0.69494,	-0.0984626,	-0.0136363,	-0.0789383,	-0.758778,	-0.311997,	-0.02189,	-0.359262,	-0.3094,	0.61273,	-0.05488,	49173,	-229,	7,	-489,	49203,	147,	-64,	-148,	49123,	69,	-29,	-349,	
2,	8,	187157,	1.65255e+015,	-2,	-2,	29,	-10,	-1,	-1,	-1,	-1,	1.65255e+009,	-0.690629,	-0.442288,	-0.31202,	-0.0460768,	-0.594994,	-0.235266,	-0.0222832,	0.10415,	-0.610299,	-0.134716,	-0.0170943,	-0.0124058,	-0.69494,	-0.0984626,	-0.0136363,	-0.0789383,	-0.758778,	-0.311997,	-0.02189,	-0.359262,	-0.3094,	0.61273,	-0.05488,	49183,	-229,	8,	-488,	49213,	147,	-64,	-148,	49133,	69,	-29,	-349,	
2,	8,	187235,	1.65255e+015,	-1,	1,	5,	-4,	-3,	-3,	-1,	-2,	1.65255e+009,	-0.690629,	-0.442288,	-0.31202,	-0.0460768,	-0.594994,	-0.235266,	-0.0222832,	0.10415,	-0.610299,	-0.134716,	-0.0170943,	-0.0124058,	-0.69494,	-0.0984626,	-0.0136363,	-0.0789383,	-0.758778,	-0.311997,	-0.02189,	-0.359262,	-0.3094,	0.61273,	-0.05488,	49193,	-229,	7,	-488,	49223,	147,	-64,	-148,	49143,	69,	-29,	-349,	
2,	8,	187313,	1.65255e+015,	-1,	-3,	26,	8,	-1,	-2,	-1,	-1,	1.65255e+009,	-0.690629,	-0.442288,	-0.31202,	-0.0460768,	-0.594994,	-0.235266,	-0.0222832,	0.10415,	-0.610299,	-0.134716,	-0.0170943,	-0.0124058,	-0.69494,	-0.0984626,	-0.0136363,	-0.0789383,	-0.758778,	-0.311997,	-0.02189,	-0.359262,	-0.3094,	0.61273,	-0.05488,	49203,	-229,	7,	-488,	49233,	148,	-64,	-148,	49153,	68,	-30,	-349,	
2,	8,	187375,	1.65255e+015,	0,	1,	1,	2,	-1,	0,	-1,	-1,	1.65255e+009,	-0.690629,	-0.442288,	-0.31202,	-0.0460768,	-0.594994,	-0.235266,	-0.0222832,	0.10415,	-0.610299,	-0.134716,	-0.0170943,	-0.0124058,	-0.69494,	-0.0984626,	-0.0136363,	-0.0789383,	-0.758778,	-0.311997,	-0.02189,	-0.359262,	-0.3094,	0.61273,	-0.05488,	49213,	-229,	8,	-489,	49243,	147,	-64,	-148,	49163,	68,	-28,	-349,	
2,	8,	187438,	1.65255e+015,	-2,	-2,	-15,	9,	-2,	-1,	-1,	0,	1.65255e+009,	-0.690629,	-0.442288,	-0.31202,	-0.0460768,	-0.594994,	-0.235266,	-0.0222832,	0.10415,	-0.610299,	-0.134716,	-0.0170943,	-0.0124058,	-0.69494,	-0.0984626,	-0.0136363,	-0.0789383,	-0.671058,	-0.311997,	-0.02189,	-0.359262,	-0.3094,	0.61273,	-0.05488,	49223,	-230,	8,	-489,	49253,	148,	-64,	-148,	49173,	68,	-29,	-349,	
2,	8,	187516,	1.65255e+015,	-4,	-3,	13,	-13,	-5,	-3,	0,	-3,	1.65255e+009,	-0.690629,	-0.442288,	-0.31202,	-0.0460768,	-0.594994,	-0.235266,	-0.0222832,	0.10415,	-0.610299,	-0.134716,	-0.0170943,	-0.0124058,	-0.69494,	-0.169427,	-0.0196168,	-0.0789383,	-0.671058,	-0.311997,	-0.02189,	-0.359262,	-0.3094,	0.61273,	-0.05488,	49233,	-228,	9,	-489,	49263,	148,	-64,	-148,	49183,	69,	-28,	-349,	
2,	8,	187579,	1.65255e+015,	-3,	-11,	-21,	-3,	-1,	-1,	-2,	1,	1.65255e+009,	-0.690629,	-0.442288,	-0.31202,	-0.0460768,	-0.594994,	-0.235266,	-0.0222832,	0.10415,	-0.610299,	-0.134716,	-0.0170943,	-0.0124058,	-0.69494,	-0.169427,	-0.0196168,	-0.0789383,	-0.671058,	-0.311997,	-0.02189,	-0.359262,	-0.3094,	0.61273,	-0.05488,	49243,	-228,	8,	-489,	49273,	147,	-64,	-149,	49193,	67,	-29,	-349,	
2,	8,	187641,	1.65255e+015,	1,	7,	23,	24,	3,	2,	-2,	1,	1.65255e+009,	-0.690629,	-0.442288,	-0.31202,	-0.0460768,	-0.594994,	-0.235266,	-0.0222832,	0.10415,	-0.610299,	-0.134716,	-0.0170943,	-0.0124058,	-0.69494,	-0.169427,	-0.0196168,	-0.0789383,	-0.671058,	-0.311997,	-0.02189,	-0.359262,	-0.3094,	0.61273,	-0.05488,	49253,	-228,	8,	-489,	49283,	147,	-65,	-149,	49203,	68,	-29,	-349,	
2,	8,	187719,	1.65255e+015,	1,	2,	-3,	4,	-4,	-3,	-1,	0,	1.65255e+009,	-0.690629,	-0.442288,	-0.31202,	-0.0460768,	-0.594994,	-0.235266,	-0.0222832,	0.10415,	-0.610299,	-0.134716,	-0.0170943,	-0.0124058,	-0.69494,	-0.169427,	-0.0196168,	-0.0789383,	-0.671058,	-0.311997,	-0.02189,	-0.359262,	-0.3094,	0.61273,	-0.05488,	49263,	-228,	9,	-489,	49293,	149,	-65,	-149,	49213,	68,	-28,	-349,	
2,	8,	187782,	1.65255e+015,	-3,	-6,	-2,	-11,	-2,	-2,	-2,	-2,	1.65255e+009,	-0.690629,	-0.442288,	-0.31202,	-0.0460768,	-0.594994,	-0.235266,	-0.0222832,	0.10415,	-0.610299,	-0.134716,	-0.0170943,	-0.0124058,	-0.69494,	-0.169427,	-0.0196168,	-0.0789383,	-0.671058,	-0.311997,	-0.02189,	-0.359262,	-0.3094,	0.61273,	-0.05488,	49273,	-229,	9,	-489,	49303,	148,	-64,	-149,	49223,	68,	-28,	-349,	
2,	8,	187860,	1.65255e+015,	0,	-2,	-12,	1,	-1,	-2,	-1,	-1,	1.65255e+009,	-0.690629,	-0.442288,	-0.31202,	-0.0460768,	-0.594994,	-0.235266,	-0.0222832,	0.10415,	-0.610299,	-0.134716,	-0.0170943,	-0.0124058,	-0.69494,	-0.169427,	-0.0196168,	-0.0789383,	-0.671058,	-0.311997,	-0.02189,	-0.359262,	-0.3094,	0.61273,	-0.05488,	49283,	-229,	8,	-488,	49313,	148,	-65,	-149,	49233,	69,	-28,	-349,	
2,	8,	187938,	1.65255e+015,	0,	-1,	-29,	0,	1,	-1,	0,	0,	1.65255e+009,	-0.690629,	-0.442288,	-0.31202,	-0.0460768,	-0.594994,	-0.235266,	-0.0222832,	0.10415,	-0.610299,	-0.134716,	-0.0170943,	-0.0124058,	-0.69494,	-0.169427,	-0.0196168,	-0.0789383,	-0.671058,	-0.311997,	-0.02189,	-0.359262,	-0.3094,	0.61273,	-0.05488,	49293,	-229,	8,	-488,	49323,	148,	-64,	-149,	49243,	68,	-28,	-349,	
2,	8,	188000,	1.65255e+015,	-3,	-6,	15,	0,	-2,	-1,	-1,	-2,	1.65255e+009,	-0.690629,	-0.442288,	-0.31202,	-0.0460768,	-0.594994,	-0.235266,	-0.0222832,	0.10415,	-0.610299,	-0.134716,	-0.0170943,	-0.0124058,	-0.69494,	-0.169427,	-0.0196168,	-0.0789383,	-0.671058,	-0.311997,	-0.02189,	-0.359262,	-0.3094,	0.61273,	-0.05488,	49303,	-229,	8,	-488,	49333,	146,	-64,	-148,	49253,	70,	-27,	-349,	
2,	8,	188079,	1.65255e+015,	1,	-4,	1,	7,	3,	0,	1,	-1,	1.65255e+009,	-0.690629,	-0.442288,	-0.31202,	-0.0460768,	-0.594994,	-0.235266,	-0.0222832,	0.10415,	-0.610299,	-0.134716,	-0.0170943,	-0.0124058,	-0.69494,	-0.169427,	-0.0196168,	-0.0789383,	-0.671058,	-0.311997,	-0.02189,	-0.359262,	-0.3094,	0.61273,	-0.05488,	49313,	-229,	7,	-488,	49343,	147,	-65,	-149,	49263,	68,	-28,	-349,	
2,	8,	188141,	1.65255e+015,	-4,	-11,	-49,	-21,	-7,	-2,	-2,	-3,	1.65255e+009,	-0.690629,	-0.442288,	-0.31202,	-0.0460768,	-0.594994,	-0.235266,	-0.0222832,	0.10415,	-0.610299,	-0.134716,	-0.0170943,	-0.0124058,	-0.69494,	-0.169427,	-0.0196168,	-0.0789383,	-0.671058,	-0.311997,	-0.02189,	-0.359262,	-0.3094,	0.61273,	-0.05488,	49323,	-229,	7,	-488,	49353,	146,	-65,	-148,	49273,	69,	-29,	-349,	
2,	8,	188204,	1.65255e+015,	-2,	-7,	0,	0,	-3,	0,	-2,	-1,	1.65255e+009,	-0.690629,	-0.442288,	-0.31202,	-0.0460768,	-0.594994,	-0.235266,	-0.0222832,	0.10415,	-0.610299,	-0.134716,	-0.0170943,	-0.0124058,	-0.69494,	-0.169427,	-0.0196168,	-0.0789383,	-0.671058,	-0.311997,	-0.02189,	-0.359262,	-0.3094,	0.61273,	-0.05488,	49333,	-229,	8,	-488,	49363,	147,	-65,	-149,	49283,	69,	-28,	-349,	
2,	8,	188266,	1.65255e+015,	1,	-4,	-18,	-1,	-2,	-2,	-2,	0,	1.65255e+009,	-0.690629,	-0.442288,	-0.31202,	-0.0460768,	-0.594994,	-0.235266,	-0.0222832,	0.10415,	-0.610299,	-0.134716,	-0.0170943,	-0.0124058,	-0.69494,	-0.169427,	-0.0196168,	-0.0789383,	-0.671058,	-0.311997,	-0.02189,	-0.359262,	-0.3094,	0.61273,	-0.05488,	49343,	-229,	8,	-488,	49373,	148,	-64,	-148,	49293,	69,	-29,	-349,	
2,	8,	188360,	1.65255e+015,	-1,	-8,	-17,	-3,	-2,	-2,	-1,	0,	1.65255e+009,	-0.690629,	-0.442288,	-0.31202,	-0.0460768,	-0.594994,	-0.235266,	-0.0222832,	0.10415,	-0.610299,	-0.134716,	-0.0170943,	-0.0124058,	-0.69494,	-0.169427,	-0.0196168,	-0.0789383,	-0.671058,	-0.311997,	-0.02189,	-0.359262,	-0.3094,	0.61273,	-0.05488,	49353,	-229,	9,	-488,	49383,	148,	-64,	-148,	49303,	69,	-29,	-349,	
2,	8,	188422,	1.65255e+015,	-7,	-15,	-24,	-19,	-6,	-3,	-1,	-3,	1.65255e+009,	-0.690629,	-0.442288,	-0.31202,	-0.0460768,	-0.594994,	-0.235266,	-0.0222832,	0.10415,	-0.610299,	-0.134716,	-0.0170943,	-0.0124058,	-0.69494,	-0.169427,	-0.0196168,	-0.0789383,	-0.671058,	-0.311997,	-0.02189,	-0.359262,	-0.3094,	0.61273,	-0.05488,	49363,	-229,	8,	-488,	49393,	149,	-64,	-148,	49313,	69,	-29,	-349,	
2,	8,	188485,	1.65255e+015,	-2,	-7,	-8,	2,	-2,	-3,	-1,	-1,	1.65255e+009,	-0.690629,	-0.442288,	-0.31202,	-0.0460768,	-0.594994,	-0.235266,	-0.0222832,	0.10415,	-0.610299,	-0.134716,	-0.0170943,	-0.0124058,	-0.69494,	-0.169427,	-0.0196168,	-0.0789383,	-0.671058,	-0.311997,	-0.02189,	-0.359262,	-0.3094,	0.61273,	-0.05488,	49373,	-229,	8,	-489,	49403,	148,	-64,	-147,	49323,	69,	-29,	-349,	
2,	8,	188563,	1.65255e+015,	-3,	-4,	-13,	-2,	-2,	-2,	-1,	0,	1.65255e+009,	-0.690629,	-0.442288,	-0.31202,	-0.0460768,	-0.594994,	-0.235266,	-0.0222832,	0.10415,	-0.610299,	-0.134716,	-0.0170943,	-0.0124058,	-0.69494,	-0.169427,	-0.0196168,	-0.0789383,	-0.671058,	-0.311997,	-0.02189,	-0.359262,	-0.3094,	0.61273,	-0.05488,	49383,	-228,	8,	-488,	49413,	148,	-65,	-148,	49333,	69,	-29,	-349,	
2,	8,	188641,	1.65255e+015,	-1,	4,	-3,	0,	-2,	-1,	-1,	-2,	1.65255e+009,	-0.690629,	-0.442288,	-0.31202,	-0.0460768,	-0.594994,	-0.235266,	-0.0222832,	0.10415,	-0.610299,	-0.134716,	-0.0170943,	-0.0124058,	-0.69494,	-0.169427,	-0.0196168,	-0.0789383,	-0.671058,	-0.311997,	-0.02189,	-0.359262,	-0.3094,	0.61273,	-0.05488,	49393,	-229,	9,	-488,	49423,	147,	-64,	-148,	49343,	68,	-30,	-349,	
2,	8,	188719,	1.65255e+015,	0,	1,	-6,	-2,	-1,	-2,	-1,	1,	1.65255e+009,	-0.690629,	-0.442288,	-0.31202,	-0.0460768,	-0.594994,	-0.235266,	-0.0222832,	0.10415,	-0.610299,	-0.134716,	-0.0170943,	-0.0124058,	-0.69494,	-0.169427,	-0.0196168,	-0.0789383,	-0.671058,	-0.311997,	-0.02189,	-0.359262,	-0.3094,	0.61273,	-0.05488,	49403,	-229,	9,	-488,	49433,	147,	-65,	-147,	49353,	69,	-29,	-349,	
2,	8,	188797,	1.65255e+015,	2,	4,	27,	-3,	-3,	-2,	-2,	0,	1.65255e+009,	-0.690629,	-0.442288,	-0.31202,	-0.0460768,	-0.594994,	-0.235266,	-0.0222832,	0.10415,	-0.610299,	-0.134716,	-0.0170943,	-0.0124058,	-0.69494,	-0.169427,	-0.0196168,	-0.0789383,	-0.671058,	-0.311997,	-0.02189,	-0.359262,	-0.3094,	0.61273,	-0.05488,	49413,	-229,	8,	-488,	49443,	147,	-64,	-147,	49363,	68,	-30,	-349,	
