1,	10,	104532,	1.65255e+015,	0,	5,	23,	2,	-1,	-2,	1,	0,	1.65255e+009,	-0.630509,	-0.442288,	-0.526637,	-0.0263648,	-0.85125,	-0.449144,	-0.0118008,	0.106221,	-0.846849,	-0.274422,	-0.0225534,	-0.0169893,	-0.846721,	-0.488765,	-0.00664491,	-0.0716938,	-0.758778,	-0.517005,	-0.00235679,	-0.352017,	-0.3913,	0.67314,	-0.04704,	26499,	-215,	-3,	-508,	26529,	157,	-65,	-150,	26509,	76,	-30,	-346,	
1,	10,	104594,	1.65255e+015,	-4,	-10,	-3,	-8,	1,	0,	-1,	-1,	1.65255e+009,	-0.630509,	-0.442288,	-0.526637,	-0.0263648,	-0.85125,	-0.449144,	-0.0118008,	0.106221,	-0.846849,	-0.274422,	-0.0225534,	-0.0169893,	-0.846721,	-0.488765,	-0.00664491,	-0.0716938,	-0.758778,	-0.517005,	-0.00235679,	-0.352017,	-0.3913,	0.67314,	-0.04704,	26509,	-212,	-1,	-508,	26539,	157,	-66,	-150,	26519,	77,	-29,	-346,	
1,	10,	104672,	1.65255e+015,	1,	2,	-16,	8,	0,	0,	0,	0,	1.65255e+009,	-0.630509,	-0.442288,	-0.526637,	-0.0263648,	-0.85125,	-0.449144,	-0.0118008,	0.106221,	-0.846849,	-0.274422,	-0.0225534,	-0.0169893,	-0.846721,	-0.488765,	-0.00664491,	-0.0716938,	-0.758778,	-0.517005,	-0.00235679,	-0.352017,	-0.3913,	0.67314,	-0.04704,	26519,	-213,	-2,	-508,	26549,	158,	-65,	-150,	26529,	76,	-29,	-346,	
1,	10,	104735,	1.65255e+015,	-1,	-5,	-6,	3,	-3,	0,	0,	-1,	1.65255e+009,	-0.630509,	-0.442288,	-0.526637,	-0.0263648,	-0.85125,	-0.449144,	-0.0118008,	0.106221,	-0.846849,	-0.274422,	-0.0225534,	-0.0169893,	-0.846721,	-0.488765,	-0.00664491,	-0.0716938,	-0.758778,	-0.517005,	-0.00235679,	-0.352017,	-0.3913,	0.67314,	-0.04704,	26529,	-213,	-1,	-508,	26559,	158,	-65,	-150,	26539,	77,	-28,	-346,	
1,	10,	104797,	1.65255e+015,	-2,	-1,	7,	-1,	-4,	-3,	-1,	-2,	1.65255e+009,	-0.630509,	-0.442288,	-0.526637,	-0.0263648,	-0.85125,	-0.449144,	-0.0118008,	0.106221,	-0.846849,	-0.274422,	-0.0225534,	-0.0169893,	-0.846721,	-0.488765,	-0.00664491,	-0.0716938,	-0.758778,	-0.517005,	-0.00235679,	-0.352017,	-0.3913,	0.67314,	-0.04704,	26539,	-214,	-2,	-508,	26569,	159,	-64,	-150,	26549,	77,	-28,	-346,	
1,	10,	104875,	1.65255e+015,	-2,	-7,	-14,	-6,	3,	1,	-1,	0,	1.65255e+009,	-0.630509,	-0.442288,	-0.526637,	-0.0263648,	-0.85125,	-0.449144,	-0.0118008,	0.106221,	-0.846849,	-0.274422,	-0.0225534,	-0.0169893,	-0.846721,	-0.488765,	-0.00664491,	-0.0716938,	-0.758778,	-0.517005,	-0.00235679,	-0.352017,	-0.3913,	0.67314,	-0.04704,	26549,	-213,	-2,	-508,	26579,	157,	-65,	-151,	26559,	76,	-28,	-346,	
1,	10,	104938,	1.65255e+015,	2,	4,	-13,	5,	3,	2,	0,	0,	1.65255e+009,	-0.630509,	-0.442288,	-0.526637,	-0.0263648,	-0.85125,	-0.449144,	-0.0118008,	0.106221,	-0.846849,	-0.274422,	-0.0225534,	-0.0169893,	-0.846721,	-0.488765,	-0.00664491,	-0.0716938,	-0.758778,	-0.517005,	-0.00235679,	-0.352017,	-0.3913,	0.67314,	-0.04704,	26559,	-211,	-1,	-509,	26589,	157,	-65,	-151,	26569,	77,	-27,	-346,	
1,	10,	105000,	1.65255e+015,	-3,	1,	-4,	-11,	-3,	-1,	-1,	-2,	1.65255e+009,	-0.630509,	-0.442288,	-0.526637,	-0.0263648,	-0.85125,	-0.449144,	-0.0118008,	0.106221,	-0.846849,	-0.274422,	-0.0225534,	-0.0169893,	-0.846721,	-0.488765,	-0.00664491,	-0.0716938,	-0.758778,	-0.517005,	-0.00235679,	-0.352017,	-0.3913,	0.67314,	-0.04704,	26569,	-211,	-1,	-510,	26599,	157,	-65,	-152,	26579,	78,	-27,	-347,	
1,	10,	105063,	1.65255e+015,	-6,	-18,	-24,	-13,	-2,	-1,	-2,	-3,	1.65255e+009,	-0.630509,	-0.442288,	-0.526637,	-0.0263648,	-0.85125,	-0.449144,	-0.0118008,	0.106221,	-0.846849,	-0.274422,	-0.0225534,	-0.0169893,	-0.846721,	-0.488765,	-0.00664491,	-0.0716938,	-0.758778,	-0.517005,	-0.00235679,	-0.352017,	-0.3913,	0.67314,	-0.04704,	26579,	-210,	-2,	-511,	26609,	157,	-66,	-152,	26589,	78,	-27,	-347,	
1,	10,	105141,	1.65255e+015,	0,	7,	-4,	15,	0,	-1,	0,	0,	1.65255e+009,	-0.630509,	-0.442288,	-0.526637,	-0.0263648,	-0.85125,	-0.449144,	-0.0118008,	0.106221,	-0.846849,	-0.274422,	-0.0225534,	-0.0169893,	-0.846721,	-0.488765,	-0.00664491,	-0.0716938,	-0.758778,	-0.517005,	-0.00235679,	-0.352017,	-0.3913,	0.67314,	-0.04704,	26589,	-210,	-2,	-512,	26619,	158,	-66,	-152,	26599,	78,	-27,	-348,	
1,	10,	105219,	1.65255e+015,	-3,	-20,	3,	7,	4,	-2,	-1,	-1,	1.65255e+009,	-0.630509,	-0.442288,	-0.526637,	-0.0263648,	-0.85125,	-0.449144,	-0.0118008,	0.106221,	-0.846849,	-0.274422,	-0.0225534,	-0.0169893,	-0.846721,	-0.488765,	-0.00664491,	-0.0716938,	-0.758778,	-0.517005,	-0.00235679,	-0.352017,	-0.3913,	0.67314,	-0.04704,	26599,	-210,	-1,	-512,	26629,	157,	-67,	-152,	26609,	79,	-27,	-348,	
1,	10,	105282,	1.65255e+015,	-2,	-6,	-26,	-6,	2,	2,	-1,	-1,	1.65255e+009,	-0.630509,	-0.442288,	-0.526637,	-0.0263648,	-0.85125,	-0.449144,	-0.0118008,	0.106221,	-0.846849,	-0.274422,	-0.0225534,	-0.0169893,	-0.846721,	-0.488765,	-0.00664491,	-0.0716938,	-0.758778,	-0.517005,	-0.00235679,	-0.352017,	-0.3913,	0.67314,	-0.04704,	26609,	-209,	0,	-512,	26639,	158,	-66,	-152,	26619,	78,	-26,	-348,	
1,	10,	105344,	1.65255e+015,	0,	5,	30,	-2,	-2,	0,	0,	0,	1.65255e+009,	-0.630509,	-0.442288,	-0.526637,	-0.0263648,	-0.85125,	-0.449144,	-0.0118008,	0.106221,	-0.846849,	-0.274422,	-0.0225534,	-0.0169893,	-0.846721,	-0.488765,	-0.00664491,	-0.0716938,	-0.758778,	-0.517005,	-0.00235679,	-0.352017,	-0.3913,	0.67314,	-0.04704,	26619,	-209,	-2,	-511,	26649,	158,	-66,	-152,	26629,	79,	-27,	-348,	
1,	10,	105422,	1.65255e+015,	-2,	2,	25,	-1,	-2,	-1,	-3,	-1,	1.65255e+009,	-0.630509,	-0.442288,	-0.526637,	-0.0263648,	-0.85125,	-0.449144,	-0.0118008,	0.106221,	-0.846849,	-0.274422,	-0.0225534,	-0.0169893,	-0.846721,	-0.488765,	-0.00664491,	-0.0716938,	-0.758778,	-0.517005,	-0.00235679,	-0.352017,	-0.3913,	0.67314,	-0.04704,	26629,	-210,	-1,	-510,	26659,	158,	-66,	-152,	26639,	78,	-27,	-347,	
1,	10,	105485,	1.65255e+015,	-3,	-5,	-16,	4,	1,	-1,	0,	-1,	1.65255e+009,	-0.630509,	-0.442288,	-0.526637,	-0.0263648,	-0.85125,	-0.449144,	-0.0118008,	0.106221,	-0.846849,	-0.274422,	-0.0225534,	-0.0169893,	-0.846721,	-0.488765,	-0.00664491,	-0.0716938,	-0.758778,	-0.517005,	-0.00235679,	-0.352017,	-0.3913,	0.67314,	-0.04704,	26639,	-210,	-1,	-509,	26669,	158,	-66,	-152,	26649,	78,	-27,	-347,	
1,	10,	105563,	1.65255e+015,	-2,	-3,	-20,	0,	-3,	-1,	0,	-2,	1.65255e+009,	-0.630509,	-0.442288,	-0.526637,	-0.0263648,	-0.85125,	-0.449144,	-0.0118008,	0.106221,	-0.846849,	-0.274422,	-0.0225534,	-0.0169893,	-0.846721,	-0.488765,	-0.00664491,	-0.0716938,	-0.758778,	-0.517005,	-0.00235679,	-0.352017,	-0.3913,	0.67314,	-0.04704,	26649,	-210,	-2,	-508,	26679,	158,	-66,	-152,	26659,	78,	-27,	-347,	
1,	10,	105625,	1.65255e+015,	1,	-1,	9,	6,	0,	0,	-1,	-1,	1.65255e+009,	-0.630509,	-0.442288,	-0.526637,	-0.0263648,	-0.85125,	-0.449144,	-0.0118008,	0.106221,	-0.846849,	-0.274422,	-0.0225534,	-0.0169893,	-0.846721,	-0.488765,	-0.00664491,	-0.0716938,	-0.758778,	-0.517005,	-0.00235679,	-0.352017,	-0.3913,	0.67314,	-0.04704,	26659,	-211,	-2,	-508,	26689,	158,	-65,	-151,	26669,	78,	-28,	-347,	
1,	10,	105704,	1.65255e+015,	-4,	-3,	-19,	-8,	-3,	0,	0,	-2,	1.65255e+009,	-0.630509,	-0.442288,	-0.526637,	-0.0263648,	-0.85125,	-0.449144,	-0.0118008,	0.106221,	-0.846849,	-0.274422,	-0.0225534,	-0.0169893,	-0.846721,	-0.488765,	-0.00664491,	-0.0716938,	-0.758778,	-0.517005,	-0.00235679,	-0.352017,	-0.3913,	0.67314,	-0.04704,	26669,	-211,	-2,	-507,	26699,	158,	-65,	-151,	26679,	78,	-27,	-347,	
1,	10,	105766,	1.65255e+015,	-1,	-5,	-15,	-15,	-4,	-2,	-3,	-1,	1.65255e+009,	-0.630509,	-0.442288,	-0.526637,	-0.0263648,	-0.85125,	-0.449144,	-0.0118008,	0.106221,	-0.846849,	-0.274422,	-0.0225534,	-0.0169893,	-0.846721,	-0.488765,	-0.00664491,	-0.0716938,	-0.758778,	-0.517005,	-0.00235679,	-0.352017,	-0.3913,	0.67314,	-0.04704,	26679,	-211,	-1,	-507,	26709,	157,	-65,	-151,	26689,	77,	-27,	-346,	
1,	10,	105829,	1.65255e+015,	-1,	-4,	-6,	-3,	4,	0,	0,	-1,	1.65255e+009,	-0.630509,	-0.442288,	-0.526637,	-0.0263648,	-0.85125,	-0.449144,	-0.0118008,	0.106221,	-0.846849,	-0.274422,	-0.0225534,	-0.0169893,	-0.846721,	-0.488765,	-0.00664491,	-0.0716938,	-0.758778,	-0.517005,	-0.00235679,	-0.352017,	-0.3913,	0.67314,	-0.04704,	26689,	-213,	-1,	-506,	26719,	157,	-66,	-150,	26699,	77,	-28,	-346,	
1,	10,	105907,	1.65255e+015,	1,	-16,	-41,	5,	3,	1,	1,	0,	1.65255e+009,	-0.630509,	-0.442288,	-0.526637,	-0.0263648,	-0.85125,	-0.449144,	-0.0118008,	0.106221,	-0.846849,	-0.274422,	-0.0225534,	-0.0169893,	-0.846721,	-0.488765,	-0.00664491,	-0.0716938,	-0.758778,	-0.517005,	-0.00235679,	-0.352017,	-0.3913,	0.67314,	-0.04704,	26699,	-212,	-1,	-506,	26729,	158,	-66,	-150,	26709,	77,	-27,	-346,	
1,	10,	105985,	1.65255e+015,	-1,	1,	-6,	11,	-1,	-5,	-1,	-1,	1.65255e+009,	-0.630509,	-0.442288,	-0.526637,	-0.0263648,	-0.85125,	-0.449144,	-0.0118008,	0.106221,	-0.846849,	-0.274422,	-0.0225534,	-0.0169893,	-0.846721,	-0.488765,	-0.00664491,	-0.0716938,	-0.758778,	-0.517005,	-0.00235679,	-0.352017,	-0.3913,	0.67314,	-0.04704,	26709,	-213,	-1,	-505,	26739,	158,	-66,	-151,	26719,	76,	-28,	-346,	
1,	10,	106063,	1.65255e+015,	-3,	-14,	-16,	-6,	-4,	-1,	-1,	-2,	1.65255e+009,	-0.630509,	-0.442288,	-0.526637,	-0.0263648,	-0.85125,	-0.449144,	-0.0118008,	0.106221,	-0.846849,	-0.274422,	-0.0225534,	-0.0169893,	-0.846721,	-0.488765,	-0.00664491,	-0.0716938,	-0.758778,	-0.517005,	-0.00235679,	-0.352017,	-0.3913,	0.67314,	-0.04704,	26719,	-213,	0,	-504,	26749,	158,	-66,	-150,	26729,	77,	-28,	-345,	
1,	10,	106141,	1.65255e+015,	0,	5,	7,	-3,	3,	-1,	-1,	-2,	1.65255e+009,	-0.630509,	-0.442288,	-0.526637,	-0.0263648,	-0.85125,	-0.449144,	-0.0118008,	0.106221,	-0.846849,	-0.274422,	-0.0225534,	-0.0169893,	-0.846721,	-0.488765,	-0.00664491,	-0.0716938,	-0.758778,	-0.517005,	-0.00235679,	-0.352017,	-0.3913,	0.67314,	-0.04704,	26729,	-213,	0,	-502,	26759,	158,	-66,	-150,	26739,	77,	-29,	-345,	
1,	10,	106235,	1.65255e+015,	-4,	-7,	31,	-1,	-1,	-2,	0,	-2,	1.65255e+009,	-0.630509,	-0.442288,	-0.526637,	-0.0263648,	-0.85125,	-0.449144,	-0.0118008,	0.106221,	-0.846849,	-0.274422,	-0.0225534,	-0.0169893,	-0.846721,	-0.488765,	-0.00664491,	-0.0716938,	-0.758778,	-0.517005,	-0.00235679,	-0.352017,	-0.3913,	0.67314,	-0.04704,	26739,	-214,	0,	-501,	26769,	157,	-67,	-150,	26749,	77,	-29,	-345,	
1,	10,	106329,	1.65255e+015,	-2,	-6,	5,	-16,	-3,	-1,	-1,	0,	1.65255e+009,	-0.630509,	-0.442288,	-0.526637,	-0.0263648,	-0.85125,	-0.449144,	-0.0118008,	0.106221,	-0.846849,	-0.274422,	-0.0225534,	-0.0169893,	-0.846721,	-0.488765,	-0.00664491,	-0.0716938,	-0.758778,	-0.517005,	-0.00235679,	-0.352017,	-0.3913,	0.67314,	-0.04704,	26749,	-214,	0,	-500,	26779,	156,	-66,	-149,	26759,	78,	-28,	-345,	
1,	10,	106407,	1.65255e+015,	2,	10,	5,	2,	1,	2,	0,	1,	1.65255e+009,	-0.630509,	-0.442288,	-0.526637,	-0.0263648,	-0.85125,	-0.449144,	-0.0118008,	0.106221,	-0.846849,	-0.274422,	-0.0225534,	-0.0169893,	-0.846721,	-0.488765,	-0.00664491,	-0.0716938,	-0.758778,	-0.517005,	-0.00235679,	-0.352017,	-0.3913,	0.67314,	-0.04704,	26759,	-214,	-1,	-500,	26789,	157,	-65,	-150,	26769,	77,	-29,	-345,	
1,	10,	106485,	1.65255e+015,	-3,	-12,	-9,	-6,	-2,	-1,	-2,	-2,	1.65255e+009,	-0.630509,	-0.442288,	-0.526637,	-0.0263648,	-0.85125,	-0.449144,	-0.0118008,	0.106221,	-0.846849,	-0.274422,	-0.0225534,	-0.0169893,	-0.846721,	-0.488765,	-0.00664491,	-0.0716938,	-0.758778,	-0.517005,	-0.00235679,	-0.352017,	-0.3913,	0.67314,	-0.04704,	26769,	-213,	0,	-500,	26799,	156,	-65,	-150,	26779,	77,	-27,	-345,	
1,	10,	106547,	1.65255e+015,	-4,	-3,	18,	12,	-3,	1,	0,	0,	1.65255e+009,	-0.630509,	-0.442288,	-0.526637,	-0.0263648,	-0.85125,	-0.449144,	-0.0118008,	0.106221,	-0.846849,	-0.274422,	-0.0225534,	-0.0169893,	-0.846721,	-0.488765,	-0.00664491,	-0.0716938,	-0.758778,	-0.517005,	-0.00235679,	-0.352017,	-0.3913,	0.67314,	-0.04704,	26779,	-214,	-1,	-500,	26809,	156,	-65,	-149,	26789,	77,	-28,	-345,	
1,	10,	106625,	1.65255e+015,	-2,	1,	-3,	-3,	3,	1,	-1,	-2,	1.65255e+009,	-0.630509,	-0.442288,	-0.526637,	-0.0263648,	-0.85125,	-0.449144,	-0.0118008,	0.106221,	-0.846849,	-0.274422,	-0.0225534,	-0.0169893,	-0.846721,	-0.488765,	-0.00664491,	-0.0716938,	-0.758778,	-0.517005,	-0.00235679,	-0.352017,	-0.3913,	0.67314,	-0.04704,	26789,	-216,	-1,	-499,	26819,	155,	-66,	-149,	26799,	78,	-28,	-345,	
1,	10,	106704,	1.65255e+015,	-3,	0,	34,	7,	-1,	0,	-1,	0,	1.65255e+009,	-0.630509,	-0.442288,	-0.526637,	-0.0263648,	-0.85125,	-0.449144,	-0.0118008,	0.106221,	-0.846849,	-0.274422,	-0.0225534,	-0.0169893,	-0.846721,	-0.488765,	-0.00664491,	-0.0716938,	-0.758778,	-0.517005,	-0.00235679,	-0.352017,	-0.3913,	0.67314,	-0.04704,	26799,	-216,	0,	-498,	26829,	156,	-66,	-149,	26809,	77,	-28,	-345,	
1,	10,	106782,	1.65255e+015,	-2,	1,	-3,	9,	1,	-3,	-1,	-1,	1.65255e+009,	-0.630509,	-0.442288,	-0.526637,	-0.0263648,	-0.85125,	-0.449144,	-0.0118008,	0.106221,	-0.846849,	-0.274422,	-0.0225534,	-0.0169893,	-0.846721,	-0.488765,	-0.00664491,	-0.0716938,	-0.758778,	-0.517005,	-0.00235679,	-0.352017,	-0.3913,	0.67314,	-0.04704,	26809,	-215,	0,	-497,	26839,	156,	-66,	-149,	26819,	77,	-28,	-344,	
1,	10,	106844,	1.65255e+015,	-2,	-5,	-18,	-11,	-6,	-6,	-3,	-2,	1.65255e+009,	-0.630509,	-0.442288,	-0.526637,	-0.0263648,	-0.85125,	-0.449144,	-0.0118008,	0.106221,	-0.846849,	-0.274422,	-0.0225534,	-0.0169893,	-0.846721,	-0.488765,	-0.00664491,	-0.0716938,	-0.758778,	-0.517005,	-0.00235679,	-0.352017,	-0.3913,	0.67314,	-0.04704,	26819,	-216,	0,	-496,	26849,	156,	-65,	-149,	26829,	77,	-28,	-344,	
1,	10,	106922,	1.65255e+015,	1,	2,	-29,	-10,	0,	0,	-2,	1,	1.65255e+009,	-0.630509,	-0.442288,	-0.526637,	-0.0263648,	-0.85125,	-0.449144,	-0.0118008,	0.106221,	-0.846849,	-0.274422,	-0.0225534,	-0.0169893,	-0.846721,	-0.488765,	-0.00664491,	-0.0716938,	-0.758778,	-0.517005,	-0.00235679,	-0.352017,	-0.3913,	0.67314,	-0.04704,	26829,	-216,	-1,	-495,	26859,	157,	-66,	-148,	26839,	76,	-28,	-344,	
1,	10,	106985,	1.65255e+015,	0,	4,	25,	1,	0,	0,	1,	-1,	1.65255e+009,	-0.630509,	-0.442288,	-0.526637,	-0.0263648,	-0.85125,	-0.449144,	-0.0118008,	0.106221,	-0.846849,	-0.274422,	-0.0225534,	-0.0169893,	-0.846721,	-0.488765,	-0.00664491,	-0.0716938,	-0.758778,	-0.517005,	-0.00235679,	-0.352017,	-0.3913,	0.67314,	-0.04704,	26839,	-215,	0,	-495,	26869,	156,	-67,	-149,	26849,	77,	-27,	-344,	
1,	10,	107063,	1.65255e+015,	-4,	-8,	-1,	-4,	-1,	0,	-1,	-2,	1.65255e+009,	-0.630509,	-0.442288,	-0.526637,	-0.0263648,	-0.85125,	-0.449144,	-0.0118008,	0.106221,	-0.846849,	-0.274422,	-0.0225534,	-0.0169893,	-0.846721,	-0.488765,	-0.00664491,	-0.0716938,	-0.758778,	-0.517005,	-0.00235679,	-0.352017,	-0.3913,	0.67314,	-0.04704,	26849,	-215,	-1,	-495,	26879,	156,	-66,	-148,	26859,	76,	-27,	-344,	
1,	10,	107141,	1.65255e+015,	0,	2,	10,	7,	0,	0,	1,	0,	1.65255e+009,	-0.630509,	-0.442288,	-0.526637,	-0.0263648,	-0.85125,	-0.449144,	-0.0118008,	0.106221,	-0.846849,	-0.274422,	-0.0225534,	-0.0169893,	-0.846721,	-0.488765,	-0.00664491,	-0.0716938,	-0.758778,	-0.517005,	-0.00235679,	-0.352017,	-0.3913,	0.67314,	-0.04704,	26859,	-215,	-1,	-496,	26889,	156,	-66,	-149,	26869,	77,	-27,	-344,	
1,	10,	107204,	1.65255e+015,	0,	-8,	-4,	-18,	2,	-1,	-2,	0,	1.65255e+009,	-0.630509,	-0.442288,	-0.526637,	-0.0263648,	-0.85125,	-0.449144,	-0.0118008,	0.106221,	-0.846849,	-0.274422,	-0.0225534,	-0.0169893,	-0.846721,	-0.488765,	-0.00664491,	-0.0716938,	-0.758778,	-0.517005,	-0.00235679,	-0.352017,	-0.3913,	0.67314,	-0.04704,	26869,	-216,	0,	-497,	26899,	156,	-65,	-149,	26879,	76,	-28,	-344,	
1,	10,	107266,	1.65255e+015,	1,	-5,	-7,	18,	0,	-3,	-2,	-1,	1.65255e+009,	-0.630509,	-0.442288,	-0.526637,	-0.0263648,	-0.85125,	-0.449144,	-0.0118008,	0.106221,	-0.846849,	-0.274422,	-0.0225534,	-0.0169893,	-0.846721,	-0.488765,	-0.00664491,	-0.0716938,	-0.758778,	-0.517005,	-0.00235679,	-0.352017,	-0.3913,	0.67314,	-0.04704,	26879,	-216,	-1,	-497,	26909,	155,	-66,	-149,	26889,	76,	-28,	-344,	
1,	10,	107344,	1.65255e+015,	-1,	2,	-80,	-26,	-1,	0,	-2,	-2,	1.65255e+009,	-0.630509,	-0.442288,	-0.526637,	-0.0263648,	-0.85125,	-0.449144,	-0.0118008,	0.106221,	-0.846849,	-0.274422,	-0.0225534,	-0.0169893,	-0.846721,	-0.488765,	-0.00664491,	-0.0716938,	-0.758778,	-0.517005,	-0.00235679,	-0.352017,	-0.3913,	0.67314,	-0.04704,	26889,	-216,	0,	-496,	26919,	156,	-66,	-148,	26899,	77,	-27,	-344,	
2,	10,	107438,	1.65255e+015,	2,	11,	32,	10,	5,	-2,	0,	0,	1.65255e+009,	-0.630509,	-0.442288,	-0.526637,	-0.0263648,	-0.85125,	-0.449144,	-0.0118008,	0.106221,	-0.846849,	-0.274422,	-0.0225534,	-0.0169893,	-0.846721,	-0.488765,	-0.00664491,	-0.0716938,	-0.758778,	-0.517005,	-0.00235679,	-0.352017,	-0.3913,	0.67314,	-0.04704,	26899,	-216,	-1,	-495,	26929,	156,	-66,	-148,	26909,	76,	-28,	-344,	
2,	10,	107516,	1.65255e+015,	3,	10,	34,	24,	2,	0,	-1,	0,	1.65255e+009,	-0.630509,	-0.442288,	-0.526637,	-0.0263648,	-0.85125,	-0.449144,	-0.0118008,	0.106221,	-0.846849,	-0.274422,	-0.0225534,	-0.0169893,	-0.846721,	-0.488765,	-0.00664491,	-0.0716938,	-0.758778,	-0.517005,	-0.00235679,	-0.352017,	-0.3913,	0.67314,	-0.04704,	26909,	-216,	0,	-494,	26939,	156,	-65,	-148,	26919,	77,	-28,	-344,	
2,	10,	107579,	1.65255e+015,	-2,	-5,	9,	-2,	-2,	-2,	-1,	-1,	1.65255e+009,	-0.630509,	-0.442288,	-0.526637,	-0.0263648,	-0.85125,	-0.449144,	-0.0118008,	0.106221,	-0.846849,	-0.274422,	-0.0225534,	-0.0169893,	-0.846721,	-0.488765,	-0.00664491,	-0.0716938,	-0.758778,	-0.517005,	-0.00235679,	-0.352017,	-0.3913,	0.67314,	-0.04704,	26919,	-216,	0,	-494,	26949,	157,	-65,	-148,	26929,	77,	-28,	-344,	
2,	10,	107641,	1.65255e+015,	-4,	-4,	-13,	-30,	-2,	-2,	-2,	-1,	1.65255e+009,	-0.630509,	-0.442288,	-0.526637,	-0.0263648,	-0.85125,	-0.449144,	-0.0118008,	0.106221,	-0.846849,	-0.274422,	-0.0225534,	-0.0169893,	-0.846721,	-0.488765,	-0.00664491,	-0.0716938,	-0.758778,	-0.517005,	-0.00235679,	-0.352017,	-0.3913,	0.67314,	-0.04704,	26929,	-217,	-1,	-494,	26959,	157,	-65,	-148,	26939,	77,	-28,	-344,	
2,	10,	107719,	1.65255e+015,	-1,	-3,	-27,	-9,	-5,	-2,	-1,	0,	1.65255e+009,	-0.630509,	-0.442288,	-0.526637,	-0.0263648,	-0.85125,	-0.449144,	-0.0118008,	0.106221,	-0.846849,	-0.274422,	-0.0225534,	-0.0169893,	-0.846721,	-0.488765,	-0.00664491,	-0.0716938,	-0.758778,	-0.517005,	-0.00235679,	-0.352017,	-0.3913,	0.67314,	-0.04704,	26939,	-215,	0,	-495,	26969,	157,	-64,	-148,	26949,	77,	-27,	-343,	
2,	10,	107782,	1.65255e+015,	0,	6,	-2,	2,	5,	2,	0,	0,	1.65255e+009,	-0.630509,	-0.442288,	-0.526637,	-0.0263648,	-0.85125,	-0.449144,	-0.0118008,	0.106221,	-0.846849,	-0.274422,	-0.0225534,	-0.0169893,	-0.846721,	-0.488765,	-0.00664491,	-0.0716938,	-0.758778,	-0.517005,	-0.00235679,	-0.352017,	-0.3913,	0.67314,	-0.04704,	26949,	-215,	-1,	-496,	26979,	156,	-65,	-149,	26959,	76,	-28,	-344,	
2,	10,	107844,	1.65255e+015,	-1,	-6,	-24,	-6,	3,	-2,	1,	-1,	1.65255e+009,	-0.630509,	-0.442288,	-0.526637,	-0.0263648,	-0.85125,	-0.449144,	-0.0118008,	0.106221,	-0.846849,	-0.274422,	-0.0225534,	-0.0169893,	-0.846721,	-0.488765,	-0.00664491,	-0.0716938,	-0.758778,	-0.517005,	-0.00235679,	-0.352017,	-0.3913,	0.67314,	-0.04704,	26959,	-214,	0,	-496,	26989,	157,	-65,	-148,	26969,	77,	-26,	-344,	
2,	10,	107907,	1.65255e+015,	-2,	0,	-14,	-12,	-2,	-3,	-2,	-2,	1.65255e+009,	-0.630509,	-0.442288,	-0.526637,	-0.0263648,	-0.85125,	-0.449144,	-0.0118008,	0.106221,	-0.846849,	-0.274422,	-0.0225534,	-0.0169893,	-0.846721,	-0.488765,	-0.00664491,	-0.0716938,	-0.758778,	-0.517005,	-0.00235679,	-0.352017,	-0.3913,	0.67314,	-0.04704,	26969,	-215,	-1,	-496,	26999,	157,	-65,	-149,	26979,	76,	-27,	-344,	
2,	10,	107969,	1.65255e+015,	-3,	-10,	9,	-3,	-4,	-4,	-2,	-1,	1.65255e+009,	-0.630509,	-0.442288,	-0.526637,	-0.0263648,	-0.85125,	-0.449144,	-0.0118008,	0.106221,	-0.846849,	-0.274422,	-0.0225534,	-0.0169893,	-0.846721,	-0.488765,	-0.00664491,	-0.0716938,	-0.758778,	-0.517005,	-0.00235679,	-0.352017,	-0.3913,	0.67314,	-0.04704,	26979,	-215,	0,	-496,	27009,	157,	-66,	-149,	26989,	77,	-27,	-344,	
2,	10,	108047,	1.65255e+015,	-1,	-11,	8,	-13,	-4,	-2,	-2,	-2,	1.65255e+009,	-0.630509,	-0.442288,	-0.526637,	-0.0263648,	-0.85125,	-0.449144,	-0.0118008,	0.106221,	-0.846849,	-0.274422,	-0.0225534,	-0.0169893,	-0.846721,	-0.488765,	-0.00664491,	-0.0716938,	-0.758778,	-0.517005,	-0.00235679,	-0.352017,	-0.3913,	0.67314,	-0.04704,	26989,	-216,	0,	-495,	27019,	157,	-65,	-149,	26999,	77,	-27,	-344,	
2,	10,	108110,	1.65255e+015,	-3,	-7,	-20,	0,	-4,	-4,	-1,	-1,	1.65255e+009,	-0.630509,	-0.442288,	-0.526637,	-0.0263648,	-0.85125,	-0.449144,	-0.0118008,	0.106221,	-0.846849,	-0.274422,	-0.0225534,	-0.0169893,	-0.846721,	-0.488765,	-0.00664491,	-0.0716938,	-0.758778,	-0.517005,	-0.00235679,	-0.352017,	-0.3913,	0.67314,	-0.04704,	26999,	-216,	0,	-495,	27029,	156,	-65,	-148,	27009,	77,	-27,	-344,	
2,	10,	108188,	1.65255e+015,	-1,	1,	8,	18,	0,	-1,	-2,	0,	1.65255e+009,	-0.630509,	-0.442288,	-0.526637,	-0.0263648,	-0.85125,	-0.449144,	-0.0118008,	0.106221,	-0.846849,	-0.274422,	-0.0225534,	-0.0169893,	-0.846721,	-0.488765,	-0.00664491,	-0.0716938,	-0.758778,	-0.517005,	-0.00235679,	-0.352017,	-0.3913,	0.67314,	-0.04704,	27009,	-217,	0,	-494,	27039,	156,	-64,	-149,	27019,	77,	-26,	-344,	
2,	10,	108250,	1.65255e+015,	0,	0,	-10,	-5,	-2,	-2,	-1,	-2,	1.65255e+009,	-0.630509,	-0.442288,	-0.526637,	-0.0263648,	-0.85125,	-0.449144,	-0.0118008,	0.106221,	-0.846849,	-0.274422,	-0.0225534,	-0.0169893,	-0.846721,	-0.488765,	-0.00664491,	-0.0716938,	-0.758778,	-0.517005,	-0.00235679,	-0.352017,	-0.3913,	0.67314,	-0.04704,	27019,	-217,	0,	-494,	27049,	156,	-66,	-149,	27029,	76,	-27,	-344,	
2,	10,	108329,	1.65255e+015,	-3,	-11,	-5,	-7,	-1,	-1,	-1,	0,	1.65255e+009,	-0.630509,	-0.442288,	-0.526637,	-0.0263648,	-0.85125,	-0.449144,	-0.0118008,	0.106221,	-0.846849,	-0.274422,	-0.0225534,	-0.0169893,	-0.846721,	-0.488765,	-0.00664491,	-0.0716938,	-0.758778,	-0.517005,	-0.00235679,	-0.352017,	-0.3913,	0.67314,	-0.04704,	27029,	-215,	0,	-494,	27059,	157,	-65,	-149,	27039,	77,	-26,	-344,	
2,	10,	108407,	1.65255e+015,	2,	2,	0,	-1,	-4,	-1,	-1,	-4,	1.65255e+009,	-0.630509,	-0.442288,	-0.526637,	-0.0263648,	-0.85125,	-0.449144,	-0.0118008,	0.106221,	-0.846849,	-0.274422,	-0.0225534,	-0.0169893,	-0.846721,	-0.488765,	-0.00664491,	-0.0716938,	-0.758778,	-0.517005,	-0.00235679,	-0.352017,	-0.3913,	0.67314,	-0.04704,	27039,	-215,	0,	-494,	27069,	157,	-65,	-148,	27049,	77,	-27,	-344,	
2,	10,	108469,	1.65255e+015,	-3,	-2,	10,	-14,	-8,	-3,	-2,	-2,	1.65255e+009,	-0.630509,	-0.442288,	-0.526637,	-0.0263648,	-0.85125,	-0.449144,	-0.0118008,	0.106221,	-0.846849,	-0.274422,	-0.0225534,	-0.0169893,	-0.846721,	-0.488765,	-0.00664491,	-0.0716938,	-0.758778,	-0.517005,	-0.00235679,	-0.352017,	-0.3913,	0.67314,	-0.04704,	27049,	-215,	0,	-494,	27079,	157,	-66,	-149,	27059,	78,	-27,	-344,	
2,	10,	108547,	1.65255e+015,	-4,	-2,	5,	13,	2,	4,	-1,	-3,	1.65255e+009,	-0.630509,	-0.442288,	-0.526637,	-0.0263648,	-0.85125,	-0.449144,	-0.0118008,	0.106221,	-0.846849,	-0.274422,	-0.0225534,	-0.0169893,	-0.846721,	-0.488765,	-0.00664491,	-0.0716938,	-0.758778,	-0.517005,	-0.00235679,	-0.352017,	-0.3913,	0.67314,	-0.04704,	27059,	-215,	0,	-494,	27089,	157,	-65,	-148,	27069,	78,	-27,	-344,	
2,	10,	108625,	1.65255e+015,	-2,	-8,	12,	4,	-4,	-5,	-1,	-1,	1.65255e+009,	-0.630509,	-0.442288,	-0.526637,	-0.0263648,	-0.85125,	-0.449144,	-0.0118008,	0.106221,	-0.846849,	-0.274422,	-0.0225534,	-0.0169893,	-0.846721,	-0.417801,	-0.0151678,	-0.0716938,	-0.758778,	-0.517005,	-0.00235679,	-0.352017,	-0.3913,	0.67314,	-0.04704,	27069,	-215,	0,	-494,	27099,	157,	-65,	-148,	27079,	77,	-27,	-344,	
2,	10,	108704,	1.65255e+015,	-3,	-2,	-18,	-8,	-1,	0,	-1,	-1,	1.65255e+009,	-0.630509,	-0.442288,	-0.526637,	-0.0263648,	-0.85125,	-0.449144,	-0.0118008,	0.106221,	-0.846849,	-0.274422,	-0.0225534,	-0.0169893,	-0.846721,	-0.329096,	-0.021289,	-0.0716938,	-0.758778,	-0.517005,	-0.00235679,	-0.352017,	-0.4732,	0.67314,	-0.04704,	27079,	-215,	0,	-494,	27109,	157,	-65,	-148,	27089,	77,	-27,	-344,	
2,	10,	108782,	1.65255e+015,	-5,	-14,	-81,	-26,	-9,	-8,	-7,	-15,	1.65255e+009,	-0.630509,	-0.442288,	-0.526637,	-0.0263648,	-0.85125,	-0.449144,	-0.0118008,	0.106221,	-0.846849,	-0.274422,	-0.0225534,	-0.0169893,	-0.933453,	-0.22265,	-0.0219871,	-0.0716938,	-0.671058,	-0.517005,	-0.00235679,	-0.352017,	-0.5824,	0.67314,	-0.04704,	27089,	-216,	0,	-493,	27119,	156,	-65,	-149,	27099,	77,	-28,	-344,	
2,	10,	108860,	1.65255e+015,	0,	-14,	8,	9,	-4,	-4,	-2,	-9,	1.65255e+009,	-0.630509,	-0.442288,	-0.526637,	-0.0263648,	-0.85125,	-0.449144,	-0.0118008,	0.0905475,	-0.909929,	-0.19459,	-0.0209634,	-0.0215724,	-0.933453,	-0.0452396,	-0.00703581,	-0.0467069,	-0.671058,	-0.401688,	-0.016654,	-0.32703,	-0.7098,	0.67314,	-0.04704,	27099,	-215,	0,	-493,	27129,	157,	-66,	-149,	27109,	77,	-27,	-344,	
2,	10,	108938,	1.65255e+015,	-5,	0,	43,	5,	3,	-2,	-1,	5,	1.65255e+009,	-0.630509,	-0.442288,	-0.526637,	-0.0263648,	-0.85125,	-0.449144,	-0.0118008,	0.0671964,	-0.909929,	-0.0948005,	-0.0132402,	-0.0138715,	-0.933453,	-0.0452396,	-0.00703581,	-0.039006,	-0.671058,	-0.337623,	-0.0209194,	-0.31933,	-0.7098,	0.67314,	-0.04704,	27109,	-215,	0,	-493,	27139,	157,	-66,	-149,	27119,	76,	-28,	-344,	
2,	10,	109016,	1.65255e+015,	4,	-11,	-33,	-3,	9,	7,	-2,	-1,	1.65255e+009,	-0.630509,	-0.540848,	-0.526637,	-0.0263648,	-0.85125,	-0.388036,	-0.0177831,	0.0321698,	-0.909929,	0.0049895,	0.000856181,	-0.00232014,	-0.933453,	0.0434654,	0.00799367,	-0.0274546,	-0.671058,	-0.273558,	-0.022558,	-0.307778,	-0.7553,	0.67314,	-0.04704,	27119,	-216,	0,	-493,	27149,	156,	-66,	-148,	27129,	76,	-28,	-344,	
2,	10,	109094,	1.65255e+015,	-14,	4,	-5,	19,	-1,	-4,	-1,	0,	1.65255e+009,	-0.765779,	-0.540848,	-0.526637,	-0.0263648,	-0.85125,	-0.388036,	-0.0177831,	0.00548279,	-0.831079,	0.0049895,	0.000856181,	0.00648088,	-0.846721,	0.0434654,	0.00799367,	-0.0186536,	-0.561408,	-0.158241,	-0.0188881,	-0.298977,	-0.6643,	0.67314,	-0.04704,	27129,	-216,	0,	-492,	27159,	156,	-65,	-148,	27139,	76,	-28,	-344,	
2,	10,	109172,	1.65255e+015,	-7,	-15,	-37,	-13,	-7,	-7,	-3,	-6,	1.65255e+009,	-0.840928,	-0.540848,	-0.526637,	-0.0263648,	-0.85125,	-0.388036,	-0.0177831,	-0.0187312,	-0.736459,	0.0049895,	0.000856181,	0.0066649,	-0.846721,	0.0434654,	0.00799367,	0.0051864,	-0.561408,	-0.106989,	-0.0145252,	-0.298793,	-0.6188,	0.63862,	-0.04704,	27139,	-216,	0,	-493,	27169,	156,	-66,	-148,	27149,	76,	-27,	-343,	
2,	10,	109250,	1.65255e+015,	-15,	0,	47,	4,	-3,	-1,	0,	-14,	1.65255e+009,	-0.840928,	-0.664048,	-0.526637,	-0.0510048,	-0.85125,	-0.388036,	-0.0177831,	-0.0270709,	-0.657609,	0.0049895,	0.000856181,	0.00941522,	-0.759989,	0.0434654,	0.00799367,	0.00793672,	-0.473688,	-0.0429235,	-0.00670742,	-0.296043,	-0.5733,	0.63862,	-0.04704,	27149,	-215,	0,	-494,	27179,	157,	-65,	-149,	27159,	76,	-26,	-343,	
2,	10,	109329,	1.65255e+015,	-5,	-3,	-37,	15,	-2,	0,	-2,	2,	1.65255e+009,	-0.901049,	-0.664048,	-0.526637,	-0.0510048,	-0.85125,	-0.311651,	-0.0219002,	-0.0354106,	-0.657609,	0.0049895,	0.000856181,	0.0121655,	-0.759989,	0.0434654,	0.00799367,	0.010687,	-0.473688,	-0.0429235,	-0.00670742,	-0.293293,	-0.5278,	0.63862,	-0.04704,	27159,	-215,	0,	-493,	27189,	156,	-65,	-148,	27169,	77,	-26,	-344,	
2,	10,	109407,	1.65255e+015,	-1,	8,	9,	-4,	3,	4,	3,	3,	1.65255e+009,	-0.901049,	-0.664048,	-0.526637,	-0.0510048,	-0.85125,	-0.311651,	-0.0219002,	-0.0354106,	-0.657609,	0.0049895,	0.000856181,	0.0121655,	-0.759989,	0.0434654,	0.00799367,	0.010687,	-0.473688,	-0.0429235,	-0.00670742,	-0.293293,	-0.5278,	0.63862,	-0.04704,	27169,	-216,	0,	-493,	27199,	156,	-65,	-148,	27179,	78,	-28,	-344,	
2,	10,	109485,	1.65255e+015,	-8,	13,	-7,	-5,	9,	7,	1,	-2,	1.65255e+009,	-0.901049,	-0.664048,	-0.526637,	-0.0510048,	-0.85125,	-0.311651,	-0.0219002,	-0.0354106,	-0.657609,	0.0049895,	0.000856181,	0.0121655,	-0.759989,	0.0434654,	0.00799367,	0.010687,	-0.473688,	-0.0429235,	-0.00670742,	-0.293293,	-0.5642,	0.63862,	-0.04704,	27179,	-216,	0,	-492,	27209,	157,	-64,	-148,	27189,	76,	-27,	-343,	
2,	10,	109563,	1.65255e+015,	0,	-1,	1,	-2,	3,	4,	2,	9,	1.65255e+009,	-0.901049,	-0.664048,	-0.526637,	-0.0510048,	-0.85125,	-0.311651,	-0.0219002,	-0.0354106,	-0.657609,	0.0049895,	0.000856181,	0.0121655,	-0.759989,	0.0434654,	0.00799367,	0.010687,	-0.473688,	-0.0429235,	-0.00670742,	-0.293293,	-0.5642,	0.63862,	-0.04704,	27189,	-216,	0,	-491,	27219,	157,	-65,	-148,	27199,	77,	-27,	-344,	
2,	10,	109641,	1.65255e+015,	-5,	-3,	-22,	-29,	0,	-1,	-1,	-9,	1.65255e+009,	-0.901049,	-0.664048,	-0.526637,	-0.0510048,	-0.85125,	-0.311651,	-0.0219002,	-0.0354106,	-0.657609,	0.0049895,	0.000856181,	0.0121655,	-0.759989,	0.0434654,	0.00799367,	0.010687,	-0.473688,	-0.0429235,	-0.00670742,	-0.293293,	-0.5642,	0.63862,	-0.04704,	27199,	-216,	0,	-491,	27229,	157,	-65,	-148,	27209,	77,	-27,	-344,	
2,	10,	109719,	1.65255e+015,	-7,	4,	-11,	-3,	-1,	-1,	1,	-3,	1.65255e+009,	-0.901049,	-0.664048,	-0.526637,	-0.0510048,	-0.85125,	-0.311651,	-0.0219002,	-0.0354106,	-0.657609,	0.0049895,	0.000856181,	0.0121655,	-0.759989,	0.0434654,	0.00799367,	0.010687,	-0.473688,	0.00832848,	0.00143804,	-0.293293,	-0.5642,	0.63862,	-0.04704,	27209,	-217,	0,	-491,	27239,	157,	-65,	-148,	27219,	77,	-28,	-343,	
2,	10,	109797,	1.65255e+015,	13,	-15,	12,	-20,	-1,	-1,	-1,	7,	1.65255e+009,	-0.901049,	-0.664048,	-0.526637,	-0.0510048,	-0.85125,	-0.311651,	-0.0219002,	-0.0354106,	-0.657609,	0.0049895,	0.000856181,	0.0121655,	-0.759989,	0.0434654,	0.00799367,	0.010687,	-0.473688,	0.00832848,	0.00143804,	-0.293293,	-0.5642,	0.63862,	-0.04704,	27219,	-216,	0,	-491,	27249,	156,	-65,	-148,	27229,	77,	-28,	-343,	
2,	10,	109875,	1.65255e+015,	-16,	-10,	2,	-4,	2,	-4,	-1,	-4,	1.65255e+009,	-0.901049,	-0.664048,	-0.526637,	-0.0510048,	-0.85125,	-0.311651,	-0.0219002,	-0.0427439,	-0.657609,	0.0049895,	0.000856181,	0.00483218,	-0.759989,	0.0434654,	0.00799367,	0.0329237,	-0.473688,	0.00832848,	0.00143804,	-0.271056,	-0.5642,	0.63862,	-0.04704,	27229,	-217,	0,	-492,	27259,	156,	-66,	-148,	27239,	77,	-27,	-344,	
2,	10,	109954,	1.65255e+015,	-3,	0,	30,	13,	-6,	0,	-1,	2,	1.65255e+009,	-0.901049,	-0.664048,	-0.526637,	-0.0510048,	-0.85125,	-0.250543,	-0.0225053,	-0.0427439,	-0.657609,	0.0049895,	0.000856181,	0.00483218,	-0.759989,	0.0434654,	0.00799367,	0.0329237,	-0.473688,	0.00832848,	0.00143804,	-0.271056,	-0.5642,	0.63862,	-0.04704,	27239,	-216,	-1,	-492,	27269,	156,	-67,	-148,	27249,	78,	-27,	-344,	
2,	10,	110032,	1.65255e+015,	-25,	-12,	-12,	-9,	2,	-1,	-3,	-10,	1.65255e+009,	-0.901049,	-0.664048,	-0.526637,	-0.0510048,	-0.85125,	-0.250543,	-0.0225053,	-0.0427439,	-0.657609,	0.0049895,	0.000856181,	0.00483218,	-0.759989,	0.0434654,	0.00799367,	0.0329237,	-0.473688,	0.00832848,	0.00143804,	-0.271056,	-0.5642,	0.63862,	-0.04704,	46629,	-229,	0,	-472,	46659,	148,	-55,	-140,	46639,	68,	-30,	-335,	
2,	10,	110110,	1.65255e+015,	-8,	-18,	9,	1,	2,	2,	2,	-1,	1.65255e+009,	-0.901049,	-0.664048,	-0.526637,	-0.0510048,	-0.85125,	-0.250543,	-0.0225053,	-0.0427439,	-0.657609,	0.0049895,	0.000856181,	0.00483218,	-0.759989,	0.0434654,	0.00799367,	0.0329237,	-0.473688,	0.00832848,	0.00143804,	-0.271056,	-0.5187,	0.63862,	-0.04704,	46639,	-230,	1,	-471,	46669,	147,	-57,	-140,	46649,	69,	-30,	-335,	
2,	10,	110188,	1.65255e+015,	-5,	-5,	4,	-4,	-6,	-2,	-1,	-6,	1.65255e+009,	-0.901049,	-0.664048,	-0.526637,	-0.0510048,	-0.85125,	-0.250543,	-0.0225053,	-0.0219236,	-0.594529,	0.0049895,	0.000856181,	-0.00983553,	-0.759989,	0.0434654,	0.00799367,	0.041912,	-0.473688,	-0.0557365,	-0.00848111,	-0.238412,	-0.455,	0.63862,	-0.04704,	46649,	-231,	1,	-471,	46679,	148,	-56,	-140,	46659,	68,	-30,	-335,	
2,	10,	110266,	1.65255e+015,	-3,	-9,	-6,	0,	-2,	-1,	0,	0,	1.65255e+009,	-0.825899,	-0.664048,	-0.526637,	-0.0510048,	-0.85125,	-0.250543,	-0.0225053,	0.0283735,	-0.862619,	-0.19459,	-0.0209634,	-0.0127704,	-0.759989,	-0.204909,	-0.0213985,	-0.00242086,	-0.605268,	-0.337623,	-0.0209194,	-0.270916,	-0.273,	0.63862,	-0.04704,	46659,	-230,	0,	-471,	46689,	147,	-56,	-139,	46669,	68,	-30,	-335,	
2,	10,	110344,	1.65255e+015,	-5,	0,	-13,	-6,	-4,	0,	-2,	-4,	1.65255e+009,	-0.750749,	-0.664048,	-0.526637,	-0.0510048,	-0.85125,	-0.250543,	-0.0225053,	0.0400491,	-0.941469,	-0.274422,	-0.0225534,	-0.0166208,	-0.846721,	-0.471024,	-0.00907778,	-0.00627131,	-0.736848,	-0.465753,	-0.0097618,	-0.274767,	-0.182,	0.67314,	-0.04704,	46669,	-230,	0,	-471,	46699,	148,	-57,	-140,	46679,	68,	-30,	-335,	
2,	10,	110422,	1.65255e+015,	1,	12,	20,	-1,	-2,	2,	1,	-1,	1.65255e+009,	-0.750749,	-0.664048,	-0.526637,	-0.0510048,	-0.85125,	-0.250543,	-0.0225053,	0.0609272,	-0.973009,	-0.374213,	-0.0188049,	-0.0157047,	-0.846721,	-0.506506,	-0.00401062,	-0.0290112,	-0.846498,	-0.465753,	-0.0097618,	-0.297507,	-0.182,	0.67314,	-0.04704,	46679,	-230,	0,	-471,	46709,	148,	-56,	-140,	46689,	69,	-30,	-335,	
2,	10,	110500,	1.65255e+015,	6,	1,	13,	11,	1,	2,	-3,	0,	1.65255e+009,	-0.750749,	-0.664048,	-0.526637,	-0.0510048,	-0.85125,	-0.250543,	-0.0225053,	0.0609272,	-0.973009,	-0.374213,	-0.0188049,	-0.0157047,	-0.846721,	-0.506506,	-0.00401062,	-0.0290112,	-0.846498,	-0.529818,	-0.000242864,	-0.297507,	-0.182,	0.67314,	-0.04704,	46689,	-230,	0,	-472,	46719,	148,	-57,	-140,	46699,	69,	-30,	-335,	
2,	10,	110579,	1.65255e+015,	-2,	-6,	7,	3,	-5,	-3,	-3,	-3,	1.65255e+009,	-0.750749,	-0.664048,	-0.526637,	-0.0510048,	-0.85125,	-0.250543,	-0.0225053,	0.0609272,	-0.973009,	-0.374213,	-0.0188049,	-0.0157047,	-0.846721,	-0.506506,	-0.00401062,	-0.0290112,	-0.846498,	-0.529818,	-0.000242864,	-0.297507,	-0.182,	0.67314,	-0.04704,	46699,	-231,	0,	-472,	46729,	148,	-56,	-140,	46709,	69,	-30,	-335,	
2,	10,	110657,	1.65255e+015,	-3,	2,	5,	2,	0,	0,	0,	-1,	1.65255e+009,	-0.750749,	-0.540848,	-0.526637,	-0.0510048,	-0.85125,	-0.250543,	-0.0225053,	0.0675989,	-0.973009,	-0.374213,	-0.0188049,	-0.017905,	-0.846721,	-0.506506,	-0.00401062,	-0.0312115,	-0.846498,	-0.529818,	-0.000242864,	-0.299707,	-0.182,	0.67314,	-0.04704,	46709,	-230,	0,	-473,	46739,	149,	-56,	-140,	46719,	69,	-30,	-336,	
2,	10,	110735,	1.65255e+015,	0,	1,	9,	-23,	-3,	-2,	-2,	-2,	1.65255e+009,	-0.750749,	-0.540848,	-0.526637,	-0.0510048,	-0.85125,	-0.250543,	-0.0225053,	0.0675989,	-0.973009,	-0.374213,	-0.0188049,	-0.017905,	-0.846721,	-0.506506,	-0.00401062,	-0.0312115,	-0.846498,	-0.529818,	-0.000242864,	-0.311535,	-0.182,	0.67314,	-0.04704,	46719,	-229,	1,	-472,	46749,	148,	-55,	-140,	46729,	68,	-30,	-336,	
2,	10,	110813,	1.65255e+015,	-1,	6,	9,	73,	-2,	-2,	-2,	0,	1.65255e+009,	-0.750749,	-0.540848,	-0.526637,	-0.0510048,	-0.85125,	-0.250543,	-0.0225053,	0.0675989,	-0.973009,	-0.374213,	-0.0188049,	-0.017905,	-0.846721,	-0.506506,	-0.00401062,	-0.0312115,	-0.846498,	-0.529818,	-0.000242864,	-0.311535,	-0.182,	0.67314,	-0.04704,	46729,	-229,	0,	-472,	46759,	148,	-55,	-140,	46739,	69,	-29,	-335,	
2,	10,	110891,	1.65255e+015,	1,	2,	2,	6,	0,	-1,	-4,	-19,	1.65255e+009,	-0.750749,	-0.540848,	-0.526637,	-0.0510048,	-0.85125,	-0.250543,	-0.0225053,	0.0759386,	-1.03609,	-0.374213,	-0.0188049,	-0.0206553,	-0.846721,	-0.506506,	-0.00401062,	-0.0339618,	-0.846498,	-0.529818,	-0.000242864,	-0.314285,	-0.182,	0.67314,	-0.04704,	46739,	-230,	1,	-472,	46769,	147,	-57,	-140,	46749,	68,	-28,	-335,	
2,	10,	110969,	1.65255e+015,	0,	-2,	-14,	-1,	-1,	0,	0,	0,	1.65255e+009,	-0.750749,	-0.540848,	-0.526637,	-0.0510048,	-0.85125,	-0.388036,	-0.0177831,	0.0884771,	-1.03609,	-0.374213,	-0.0188049,	-0.0169888,	-0.846721,	-0.506506,	-0.00401062,	-0.0539513,	-0.846498,	-0.529818,	-0.000242864,	-0.334275,	-0.182,	0.67314,	-0.04704,	46749,	-231,	0,	-472,	46779,	147,	-56,	-140,	46759,	69,	-29,	-335,	
2,	10,	111047,	1.65255e+015,	0,	-5,	12,	-4,	0,	-2,	-1,	1,	1.65255e+009,	-0.750749,	-0.540848,	-0.526637,	-0.0510048,	-0.85125,	-0.388036,	-0.0177831,	0.0884771,	-1.03609,	-0.374213,	-0.0188049,	-0.0169888,	-0.846721,	-0.506506,	-0.00401062,	-0.0539513,	-0.846498,	-0.529818,	-0.000242864,	-0.334275,	-0.182,	0.67314,	-0.04704,	46759,	-229,	0,	-472,	46789,	147,	-57,	-140,	46769,	69,	-29,	-335,	
2,	10,	111125,	1.65255e+015,	1,	10,	14,	1,	-1,	1,	-1,	-2,	1.65255e+009,	-0.690629,	-0.540848,	-0.526637,	-0.0510048,	-0.85125,	-0.388036,	-0.0177831,	0.0884771,	-1.03609,	-0.374213,	-0.0188049,	-0.0169888,	-0.846721,	-0.506506,	-0.00401062,	-0.0539513,	-0.846498,	-0.529818,	-0.000242864,	-0.334275,	-0.2184,	0.67314,	-0.04704,	46769,	-228,	0,	-473,	46799,	147,	-57,	-140,	46779,	69,	-29,	-336,	
2,	10,	111204,	1.65255e+015,	-1,	-4,	-13,	-34,	-7,	-2,	-2,	0,	1.65255e+009,	-0.690629,	-0.540848,	-0.526637,	-0.0510048,	-0.85125,	-0.388036,	-0.0177831,	0.0968167,	-1.03609,	-0.374213,	-0.0188049,	-0.0197392,	-0.846721,	-0.506506,	-0.00401062,	-0.0567017,	-0.846498,	-0.529818,	-0.000242864,	-0.337025,	-0.2184,	0.67314,	-0.04704,	46779,	-229,	0,	-473,	46809,	148,	-56,	-140,	46789,	69,	-29,	-336,	
2,	10,	111282,	1.65255e+015,	-2,	-6,	-8,	-3,	1,	1,	-1,	-2,	1.65255e+009,	-0.690629,	-0.540848,	-0.526637,	-0.0510048,	-0.85125,	-0.388036,	-0.0177831,	0.0968167,	-1.03609,	-0.374213,	-0.0188049,	-0.0197392,	-0.846721,	-0.506506,	-0.00401062,	-0.0567017,	-0.846498,	-0.529818,	-0.000242864,	-0.337025,	-0.2184,	0.67314,	-0.04704,	46789,	-230,	0,	-473,	46819,	149,	-57,	-141,	46799,	69,	-28,	-336,	
2,	10,	111360,	1.65255e+015,	-1,	-1,	11,	-6,	1,	1,	0,	0,	1.65255e+009,	-0.690629,	-0.540848,	-0.526637,	-0.0510048,	-0.85125,	-0.388036,	-0.0177831,	0.0968167,	-1.03609,	-0.374213,	-0.0188049,	-0.0197392,	-0.846721,	-0.506506,	-0.00401062,	-0.0567017,	-0.846498,	-0.529818,	-0.000242864,	-0.337025,	-0.2184,	0.67314,	-0.04704,	46799,	-228,	0,	-474,	46829,	149,	-56,	-141,	46809,	69,	-29,	-336,	
2,	10,	111438,	1.65255e+015,	-2,	1,	0,	-11,	2,	1,	-2,	-1,	1.65255e+009,	-0.690629,	-0.540848,	-0.526637,	-0.0510048,	-0.85125,	-0.388036,	-0.0177831,	0.0968167,	-1.03609,	-0.374213,	-0.0188049,	-0.0197392,	-0.846721,	-0.506506,	-0.00401062,	-0.0567017,	-0.846498,	-0.529818,	-0.000242864,	-0.337025,	-0.2184,	0.67314,	-0.04704,	46809,	-229,	0,	-474,	46839,	149,	-57,	-140,	46819,	70,	-28,	-336,	
2,	10,	111516,	1.65255e+015,	0,	-2,	-8,	14,	-1,	-1,	-2,	-1,	1.65255e+009,	-0.690629,	-0.540848,	-0.526637,	-0.0510048,	-0.85125,	-0.388036,	-0.0177831,	0.0968167,	-1.03609,	-0.374213,	-0.0188049,	-0.0197392,	-0.846721,	-0.506506,	-0.00401062,	-0.0567017,	-0.846498,	-0.529818,	-0.000242864,	-0.337025,	-0.2184,	0.67314,	-0.04704,	46819,	-230,	0,	-473,	46849,	148,	-56,	-140,	46829,	70,	-29,	-336,	
2,	10,	111594,	1.65255e+015,	-2,	3,	0,	5,	-7,	-4,	-1,	-1,	1.65255e+009,	-0.690629,	-0.540848,	-0.526637,	-0.0510048,	-0.915314,	-0.388036,	-0.0177831,	0.0968167,	-1.03609,	-0.374213,	-0.0188049,	-0.0197392,	-0.846721,	-0.506506,	-0.00401062,	-0.0567017,	-0.846498,	-0.529818,	-0.000242864,	-0.337025,	-0.2184,	0.67314,	-0.04704,	46829,	-230,	0,	-473,	46859,	148,	-57,	-141,	46839,	70,	-29,	-336,	
2,	10,	111672,	1.65255e+015,	1,	0,	-11,	-42,	0,	1,	1,	-1,	1.65255e+009,	-0.690629,	-0.540848,	-0.526637,	-0.0510048,	-0.915314,	-0.388036,	-0.0177831,	0.0968167,	-1.03609,	-0.374213,	-0.0188049,	-0.0197392,	-0.846721,	-0.506506,	-0.00401062,	-0.0567017,	-0.846498,	-0.529818,	-0.000242864,	-0.337025,	-0.2184,	0.67314,	-0.04704,	46839,	-229,	0,	-473,	46869,	149,	-57,	-141,	46849,	69,	-30,	-336,	
2,	10,	111750,	1.65255e+015,	-1,	4,	1,	-17,	-2,	1,	-1,	1,	1.65255e+009,	-0.690629,	-0.540848,	-0.526637,	-0.0510048,	-0.915314,	-0.388036,	-0.0177831,	0.0968167,	-1.03609,	-0.374213,	-0.0188049,	-0.0197392,	-0.846721,	-0.506506,	-0.00401062,	-0.0567017,	-0.846498,	-0.529818,	-0.000242864,	-0.337025,	-0.2184,	0.67314,	-0.04704,	46849,	-228,	-1,	-473,	46879,	149,	-57,	-141,	46859,	69,	-30,	-336,	
2,	10,	111829,	1.65255e+015,	-1,	-3,	-8,	-9,	-1,	-3,	-1,	-1,	1.65255e+009,	-0.690629,	-0.540848,	-0.526637,	-0.0510048,	-0.915314,	-0.388036,	-0.0177831,	0.0968167,	-1.03609,	-0.374213,	-0.0188049,	-0.0197392,	-0.846721,	-0.506506,	-0.00401062,	-0.0567017,	-0.846498,	-0.529818,	-0.000242864,	-0.337025,	-0.2184,	0.67314,	-0.04704,	46859,	-228,	0,	-472,	46889,	149,	-56,	-140,	46869,	69,	-30,	-336,	
2,	10,	111907,	1.65255e+015,	-9,	-19,	-6,	-6,	-6,	-4,	10,	-2,	1.65255e+009,	-0.690629,	-0.540848,	-0.526637,	-0.0510048,	-0.915314,	-0.388036,	-0.0177831,	0.0968167,	-1.03609,	-0.374213,	-0.0188049,	-0.0197392,	-0.846721,	-0.506506,	-0.00401062,	-0.0567017,	-0.846498,	-0.529818,	-0.000242864,	-0.337025,	-0.2184,	0.67314,	-0.04704,	46869,	-228,	0,	-473,	46899,	148,	-57,	-141,	46879,	69,	-30,	-336,	
2,	10,	111985,	1.65255e+015,	0,	3,	2,	-20,	-2,	1,	-5,	-1,	1.65255e+009,	-0.690629,	-0.540848,	-0.526637,	-0.0510048,	-0.915314,	-0.388036,	-0.0177831,	0.0968167,	-1.03609,	-0.374213,	-0.0188049,	-0.0197392,	-0.846721,	-0.506506,	-0.00401062,	-0.0567017,	-0.846498,	-0.529818,	-0.000242864,	-0.337025,	-0.2184,	0.67314,	-0.04704,	46879,	-228,	0,	-473,	46909,	148,	-57,	-140,	46889,	68,	-30,	-336,	
2,	10,	112063,	1.65255e+015,	-1,	-7,	14,	-10,	-6,	-1,	-1,	-3,	1.65255e+009,	-0.690629,	-0.540848,	-0.526637,	-0.0510048,	-0.915314,	-0.388036,	-0.0177831,	0.0968167,	-1.03609,	-0.374213,	-0.0188049,	-0.0197392,	-0.846721,	-0.506506,	-0.00401062,	-0.0567017,	-0.846498,	-0.529818,	-0.000242864,	-0.337025,	-0.2184,	0.67314,	-0.04704,	46889,	-230,	0,	-473,	46919,	148,	-57,	-140,	46899,	68,	-30,	-336,	
2,	10,	112141,	1.65255e+015,	-1,	0,	-2,	-6,	-3,	1,	0,	0,	1.65255e+009,	-0.690629,	-0.540848,	-0.526637,	-0.0510048,	-0.915314,	-0.388036,	-0.0177831,	0.0968167,	-1.03609,	-0.374213,	-0.0188049,	-0.0197392,	-0.846721,	-0.506506,	-0.00401062,	-0.0567017,	-0.846498,	-0.529818,	-0.000242864,	-0.337025,	-0.2184,	0.67314,	-0.04704,	46899,	-229,	0,	-472,	46929,	148,	-57,	-140,	46909,	68,	-29,	-336,	
2,	10,	112219,	1.65255e+015,	-2,	-9,	26,	15,	0,	-2,	-2,	-2,	1.65255e+009,	-0.690629,	-0.540848,	-0.526637,	-0.0510048,	-0.915314,	-0.388036,	-0.0177831,	0.0968167,	-1.03609,	-0.374213,	-0.0188049,	-0.0197392,	-0.846721,	-0.506506,	-0.00401062,	-0.0567017,	-0.846498,	-0.529818,	-0.000242864,	-0.337025,	-0.2184,	0.67314,	-0.04704,	46909,	-230,	0,	-471,	46939,	148,	-56,	-140,	46919,	68,	-29,	-335,	
2,	10,	112297,	1.65255e+015,	-2,	-11,	-17,	6,	-1,	-1,	-2,	-2,	1.65255e+009,	-0.690629,	-0.540848,	-0.526637,	-0.0510048,	-0.915314,	-0.388036,	-0.0177831,	0.0968167,	-1.03609,	-0.374213,	-0.0188049,	-0.0197392,	-0.846721,	-0.506506,	-0.00401062,	-0.0567017,	-0.846498,	-0.529818,	-0.000242864,	-0.337025,	-0.2184,	0.67314,	-0.04704,	46919,	-229,	0,	-472,	46949,	148,	-57,	-140,	46929,	69,	-29,	-335,	
2,	10,	112375,	1.65255e+015,	-3,	-3,	-1,	11,	-1,	-2,	0,	-1,	1.65255e+009,	-0.690629,	-0.540848,	-0.526637,	-0.0510048,	-0.915314,	-0.388036,	-0.0177831,	0.0968167,	-1.03609,	-0.374213,	-0.0188049,	-0.0197392,	-0.846721,	-0.506506,	-0.00401062,	-0.0567017,	-0.846498,	-0.529818,	-0.000242864,	-0.337025,	-0.2184,	0.67314,	-0.04704,	46929,	-229,	0,	-472,	46959,	149,	-57,	-140,	46939,	69,	-29,	-335,	
2,	10,	112454,	1.65255e+015,	0,	2,	7,	17,	-3,	-1,	-3,	0,	1.65255e+009,	-0.690629,	-0.540848,	-0.526637,	-0.0510048,	-0.915314,	-0.388036,	-0.0177831,	0.0968167,	-1.03609,	-0.374213,	-0.0188049,	-0.0197392,	-0.846721,	-0.506506,	-0.00401062,	-0.0567017,	-0.846498,	-0.529818,	-0.000242864,	-0.337025,	-0.2184,	0.67314,	-0.04704,	46939,	-230,	0,	-472,	46969,	148,	-58,	-140,	46949,	69,	-30,	-335,	
2,	10,	112532,	1.65255e+015,	-5,	-9,	-6,	-15,	-2,	-2,	-4,	-1,	1.65255e+009,	-0.690629,	-0.540848,	-0.526637,	-0.0510048,	-0.915314,	-0.388036,	-0.0177831,	0.0968167,	-1.03609,	-0.374213,	-0.0188049,	-0.0197392,	-0.846721,	-0.506506,	-0.00401062,	-0.0567017,	-0.846498,	-0.529818,	-0.000242864,	-0.337025,	-0.2184,	0.67314,	-0.04704,	46949,	-229,	0,	-472,	46979,	148,	-57,	-140,	46959,	68,	-29,	-335,	
2,	10,	112610,	1.65255e+015,	-1,	-8,	11,	18,	2,	-1,	-2,	-1,	1.65255e+009,	-0.690629,	-0.540848,	-0.526637,	-0.0510048,	-0.915314,	-0.388036,	-0.0177831,	0.0968167,	-1.03609,	-0.374213,	-0.0188049,	-0.0197392,	-0.846721,	-0.506506,	-0.00401062,	-0.0567017,	-0.846498,	-0.529818,	-0.000242864,	-0.337025,	-0.2184,	0.67314,	-0.04704,	46959,	-228,	0,	-473,	46989,	149,	-56,	-140,	46969,	69,	-30,	-335,	
2,	10,	112688,	1.65255e+015,	-1,	2,	-12,	3,	1,	0,	-1,	-1,	1.65255e+009,	-0.690629,	-0.540848,	-0.526637,	-0.0510048,	-0.915314,	-0.388036,	-0.0177831,	0.0968167,	-1.03609,	-0.374213,	-0.0188049,	-0.0197392,	-0.846721,	-0.506506,	-0.00401062,	-0.0567017,	-0.846498,	-0.529818,	-0.000242864,	-0.337025,	-0.2184,	0.67314,	-0.04704,	46969,	-228,	0,	-473,	46999,	149,	-57,	-140,	46979,	70,	-29,	-336,	
