1,	2,	246688,	1.65255e+015,	0,	-4,	-20,	2,	-1,	-2,	0,	0,	1.65255e+009,	-0.705658,	-0.343728,	-0.31202,	-0.0608608,	-0.627026,	-0.326928,	-0.0213756,	0.100555,	-0.626069,	-0.234507,	-0.0222682,	-0.0248728,	-0.759989,	-0.382319,	-0.0182206,	-0.0500073,	-0.714918,	-0.542631,	-0.00197613,	-0.318503,	-0.4004,	0.59547,	-0.03528,	49367,	-247,	5,	-440,	49397,	135,	-57,	-140,	49307,	59,	-26,	-334,	
1,	2,	246766,	1.65255e+015,	-3,	-2,	-2,	2,	-1,	1,	0,	0,	1.65255e+009,	-0.705658,	-0.343728,	-0.31202,	-0.0608608,	-0.627026,	-0.326928,	-0.0213756,	0.100555,	-0.626069,	-0.234507,	-0.0222682,	-0.0248728,	-0.759989,	-0.382319,	-0.0182206,	-0.0500073,	-0.714918,	-0.542631,	-0.00197613,	-0.318503,	-0.4004,	0.59547,	-0.03528,	49377,	-247,	6,	-440,	49407,	135,	-56,	-140,	49317,	59,	-26,	-334,	
1,	2,	246844,	1.65255e+015,	-1,	2,	1,	-3,	-3,	0,	-1,	0,	1.65255e+009,	-0.705658,	-0.343728,	-0.31202,	-0.0608608,	-0.627026,	-0.326928,	-0.0213756,	0.100555,	-0.626069,	-0.234507,	-0.0222682,	-0.0248728,	-0.759989,	-0.382319,	-0.0182206,	-0.0500073,	-0.714918,	-0.542631,	-0.00197613,	-0.318503,	-0.4004,	0.59547,	-0.03528,	49387,	-247,	6,	-440,	49417,	134,	-57,	-140,	49327,	59,	-25,	-333,	
1,	2,	246922,	1.65255e+015,	-2,	-8,	0,	-2,	-4,	-2,	-1,	-1,	1.65255e+009,	-0.705658,	-0.343728,	-0.31202,	-0.0608608,	-0.627026,	-0.326928,	-0.0213756,	0.100555,	-0.626069,	-0.234507,	-0.0222682,	-0.0248728,	-0.759989,	-0.382319,	-0.0182206,	-0.0500073,	-0.714918,	-0.542631,	-0.00197613,	-0.318503,	-0.4004,	0.59547,	-0.03528,	49397,	-247,	5,	-440,	49427,	135,	-56,	-140,	49337,	58,	-26,	-333,	
1,	2,	246985,	1.65255e+015,	-5,	2,	30,	8,	-1,	0,	0,	-2,	1.65255e+009,	-0.705658,	-0.343728,	-0.31202,	-0.0608608,	-0.627026,	-0.326928,	-0.0213756,	0.100555,	-0.626069,	-0.234507,	-0.0222682,	-0.0248728,	-0.759989,	-0.382319,	-0.0182206,	-0.0500073,	-0.714918,	-0.542631,	-0.00197613,	-0.318503,	-0.4004,	0.59547,	-0.03528,	49407,	-246,	5,	-440,	49437,	135,	-55,	-140,	49347,	59,	-26,	-333,	
1,	2,	247047,	1.65255e+015,	2,	2,	-13,	10,	-1,	-2,	-1,	0,	1.65255e+009,	-0.705658,	-0.343728,	-0.31202,	-0.0608608,	-0.627026,	-0.326928,	-0.0213756,	0.100555,	-0.626069,	-0.234507,	-0.0222682,	-0.0248728,	-0.759989,	-0.382319,	-0.0182206,	-0.0500073,	-0.714918,	-0.542631,	-0.00197613,	-0.318503,	-0.4004,	0.59547,	-0.03528,	49417,	-246,	5,	-441,	49447,	135,	-57,	-141,	49357,	59,	-28,	-333,	
1,	2,	247125,	1.65255e+015,	3,	3,	16,	3,	0,	-1,	-2,	0,	1.65255e+009,	-0.705658,	-0.343728,	-0.31202,	-0.0608608,	-0.627026,	-0.326928,	-0.0213756,	0.100555,	-0.626069,	-0.234507,	-0.0222682,	-0.0248728,	-0.759989,	-0.382319,	-0.0182206,	-0.0500073,	-0.714918,	-0.542631,	-0.00197613,	-0.318503,	-0.4004,	0.59547,	-0.03528,	49427,	-245,	6,	-441,	49457,	134,	-56,	-141,	49367,	59,	-27,	-333,	
1,	2,	247188,	1.65255e+015,	0,	4,	25,	5,	0,	-2,	-1,	0,	1.65255e+009,	-0.705658,	-0.343728,	-0.31202,	-0.0608608,	-0.627026,	-0.326928,	-0.0213756,	0.100555,	-0.626069,	-0.234507,	-0.0222682,	-0.0248728,	-0.759989,	-0.382319,	-0.0182206,	-0.0500073,	-0.714918,	-0.542631,	-0.00197613,	-0.318503,	-0.4004,	0.59547,	-0.03528,	49437,	-246,	6,	-441,	49467,	134,	-56,	-140,	49377,	58,	-27,	-333,	
1,	2,	247282,	1.65255e+015,	-1,	-2,	2,	3,	-1,	-2,	0,	0,	1.65255e+009,	-0.705658,	-0.343728,	-0.31202,	-0.0608608,	-0.627026,	-0.326928,	-0.0213756,	0.100555,	-0.626069,	-0.234507,	-0.0222682,	-0.0248728,	-0.759989,	-0.382319,	-0.0182206,	-0.0500073,	-0.714918,	-0.542631,	-0.00197613,	-0.318503,	-0.4004,	0.59547,	-0.03528,	49447,	-247,	5,	-440,	49477,	134,	-56,	-140,	49387,	59,	-26,	-333,	
1,	2,	247344,	1.65255e+015,	-1,	1,	-2,	-5,	2,	0,	-1,	0,	1.65255e+009,	-0.705658,	-0.343728,	-0.31202,	-0.0608608,	-0.627026,	-0.326928,	-0.0213756,	0.100555,	-0.626069,	-0.234507,	-0.0222682,	-0.0248728,	-0.759989,	-0.382319,	-0.0182206,	-0.0500073,	-0.714918,	-0.542631,	-0.00197613,	-0.318503,	-0.4004,	0.59547,	-0.03528,	49457,	-247,	6,	-439,	49487,	134,	-55,	-140,	49397,	59,	-26,	-333,	
1,	2,	247438,	1.65255e+015,	-1,	-4,	-1,	0,	0,	-1,	-1,	0,	1.65255e+009,	-0.705658,	-0.343728,	-0.31202,	-0.0608608,	-0.627026,	-0.326928,	-0.0213756,	0.100555,	-0.626069,	-0.234507,	-0.0222682,	-0.0248728,	-0.759989,	-0.382319,	-0.0182206,	-0.0500073,	-0.714918,	-0.542631,	-0.00197613,	-0.318503,	-0.4004,	0.59547,	-0.03528,	49467,	-247,	5,	-439,	49497,	134,	-56,	-139,	49407,	59,	-27,	-333,	
1,	2,	247516,	1.65255e+015,	-1,	1,	1,	21,	-1,	-1,	1,	0,	1.65255e+009,	-0.705658,	-0.343728,	-0.31202,	-0.0608608,	-0.627026,	-0.326928,	-0.0213756,	0.100555,	-0.626069,	-0.234507,	-0.0222682,	-0.0248728,	-0.759989,	-0.382319,	-0.0182206,	-0.0500073,	-0.714918,	-0.542631,	-0.00197613,	-0.318503,	-0.4004,	0.59547,	-0.03528,	49477,	-247,	7,	-439,	49507,	133,	-56,	-140,	49417,	60,	-27,	-333,	
1,	2,	247594,	1.65255e+015,	-4,	-2,	-8,	8,	1,	-1,	-3,	0,	1.65255e+009,	-0.705658,	-0.343728,	-0.31202,	-0.0608608,	-0.627026,	-0.326928,	-0.0213756,	0.100555,	-0.626069,	-0.234507,	-0.0222682,	-0.0248728,	-0.759989,	-0.382319,	-0.0182206,	-0.0500073,	-0.714918,	-0.542631,	-0.00197613,	-0.318503,	-0.4004,	0.59547,	-0.03528,	49487,	-248,	5,	-439,	49517,	134,	-56,	-139,	49427,	59,	-27,	-333,	
1,	2,	247672,	1.65255e+015,	-2,	-2,	8,	-1,	0,	0,	2,	-1,	1.65255e+009,	-0.705658,	-0.343728,	-0.31202,	-0.0608608,	-0.627026,	-0.326928,	-0.0213756,	0.100555,	-0.626069,	-0.234507,	-0.0222682,	-0.0248728,	-0.759989,	-0.382319,	-0.0182206,	-0.0500073,	-0.714918,	-0.542631,	-0.00197613,	-0.318503,	-0.4004,	0.59547,	-0.03528,	49497,	-248,	5,	-439,	49527,	134,	-56,	-140,	49437,	59,	-26,	-334,	
1,	2,	247750,	1.65255e+015,	-1,	-3,	-11,	-17,	-3,	-1,	-1,	-2,	1.65255e+009,	-0.705658,	-0.343728,	-0.31202,	-0.0608608,	-0.627026,	-0.326928,	-0.0213756,	0.100555,	-0.626069,	-0.234507,	-0.0222682,	-0.0248728,	-0.759989,	-0.382319,	-0.0182206,	-0.0500073,	-0.714918,	-0.542631,	-0.00197613,	-0.318503,	-0.4004,	0.59547,	-0.03528,	49507,	-247,	6,	-440,	49537,	133,	-57,	-140,	49447,	59,	-26,	-334,	
1,	2,	247829,	1.65255e+015,	-1,	-1,	5,	-4,	-1,	-1,	-1,	-1,	1.65255e+009,	-0.705658,	-0.343728,	-0.31202,	-0.0608608,	-0.627026,	-0.326928,	-0.0213756,	0.100555,	-0.626069,	-0.234507,	-0.0222682,	-0.0248728,	-0.759989,	-0.382319,	-0.0182206,	-0.0500073,	-0.714918,	-0.542631,	-0.00197613,	-0.318503,	-0.4004,	0.59547,	-0.03528,	49517,	-247,	6,	-440,	49547,	133,	-56,	-140,	49457,	59,	-27,	-334,	
1,	2,	247907,	1.65255e+015,	-1,	-2,	12,	3,	1,	0,	-1,	-1,	1.65255e+009,	-0.705658,	-0.343728,	-0.31202,	-0.0608608,	-0.627026,	-0.326928,	-0.0213756,	0.100555,	-0.626069,	-0.234507,	-0.0222682,	-0.0248728,	-0.759989,	-0.382319,	-0.0182206,	-0.0500073,	-0.714918,	-0.542631,	-0.00197613,	-0.318503,	-0.4004,	0.59547,	-0.03528,	49527,	-246,	5,	-440,	49557,	133,	-56,	-139,	49467,	59,	-27,	-333,	
1,	2,	247969,	1.65255e+015,	-1,	-1,	-13,	2,	-3,	0,	-2,	-1,	1.65255e+009,	-0.705658,	-0.343728,	-0.31202,	-0.0608608,	-0.627026,	-0.326928,	-0.0213756,	0.100555,	-0.626069,	-0.234507,	-0.0222682,	-0.0248728,	-0.759989,	-0.382319,	-0.0182206,	-0.0500073,	-0.714918,	-0.542631,	-0.00197613,	-0.318503,	-0.4004,	0.59547,	-0.03528,	49537,	-248,	5,	-439,	49567,	134,	-56,	-139,	49477,	59,	-27,	-333,	
1,	2,	248032,	1.65255e+015,	-3,	-6,	-32,	-3,	-3,	-1,	0,	-3,	1.65255e+009,	-0.705658,	-0.343728,	-0.31202,	-0.0608608,	-0.627026,	-0.326928,	-0.0213756,	0.100555,	-0.626069,	-0.234507,	-0.0222682,	-0.0248728,	-0.759989,	-0.382319,	-0.0182206,	-0.0500073,	-0.714918,	-0.542631,	-0.00197613,	-0.318503,	-0.4004,	0.59547,	-0.03528,	49547,	-247,	6,	-439,	49577,	134,	-56,	-139,	49487,	59,	-26,	-333,	
1,	2,	248094,	1.65255e+015,	-1,	-5,	2,	-15,	-2,	-2,	-4,	0,	1.65255e+009,	-0.705658,	-0.343728,	-0.31202,	-0.0608608,	-0.627026,	-0.326928,	-0.0213756,	0.100555,	-0.626069,	-0.234507,	-0.0222682,	-0.0248728,	-0.759989,	-0.382319,	-0.0182206,	-0.0500073,	-0.714918,	-0.542631,	-0.00197613,	-0.318503,	-0.4004,	0.59547,	-0.03528,	49557,	-248,	6,	-438,	49587,	133,	-56,	-139,	49497,	59,	-27,	-333,	
1,	2,	248157,	1.65255e+015,	1,	0,	13,	11,	1,	0,	1,	-1,	1.65255e+009,	-0.705658,	-0.343728,	-0.31202,	-0.0608608,	-0.627026,	-0.326928,	-0.0213756,	0.100555,	-0.626069,	-0.234507,	-0.0222682,	-0.0248728,	-0.759989,	-0.382319,	-0.0182206,	-0.0500073,	-0.714918,	-0.542631,	-0.00197613,	-0.318503,	-0.4004,	0.59547,	-0.03528,	49567,	-249,	5,	-437,	49597,	134,	-55,	-139,	49507,	59,	-27,	-333,	
1,	2,	248235,	1.65255e+015,	3,	9,	3,	0,	0,	2,	0,	1,	1.65255e+009,	-0.705658,	-0.343728,	-0.31202,	-0.0608608,	-0.627026,	-0.326928,	-0.0213756,	0.100555,	-0.626069,	-0.234507,	-0.0222682,	-0.0248728,	-0.759989,	-0.382319,	-0.0182206,	-0.0500073,	-0.714918,	-0.542631,	-0.00197613,	-0.318503,	-0.4004,	0.59547,	-0.03528,	49577,	-249,	5,	-437,	49607,	133,	-56,	-139,	49517,	59,	-27,	-334,	
1,	2,	248313,	1.65255e+015,	-1,	-3,	-10,	-5,	0,	-1,	0,	-2,	1.65255e+009,	-0.705658,	-0.343728,	-0.31202,	-0.0608608,	-0.627026,	-0.326928,	-0.0213756,	0.100555,	-0.626069,	-0.234507,	-0.0222682,	-0.0248728,	-0.759989,	-0.382319,	-0.0182206,	-0.0500073,	-0.714918,	-0.542631,	-0.00197613,	-0.318503,	-0.4004,	0.59547,	-0.03528,	49587,	-249,	5,	-437,	49617,	134,	-57,	-139,	49527,	60,	-27,	-334,	
1,	2,	248375,	1.65255e+015,	0,	-3,	-14,	-6,	-1,	1,	-1,	0,	1.65255e+009,	-0.705658,	-0.343728,	-0.31202,	-0.0608608,	-0.627026,	-0.326928,	-0.0213756,	0.100555,	-0.626069,	-0.234507,	-0.0222682,	-0.0248728,	-0.759989,	-0.382319,	-0.0182206,	-0.0500073,	-0.714918,	-0.542631,	-0.00197613,	-0.318503,	-0.4004,	0.59547,	-0.03528,	49597,	-248,	6,	-436,	49627,	134,	-57,	-139,	49537,	58,	-26,	-333,	
1,	2,	248438,	1.65255e+015,	-2,	-5,	-33,	12,	-4,	-4,	-1,	-2,	1.65255e+009,	-0.705658,	-0.343728,	-0.31202,	-0.0608608,	-0.627026,	-0.326928,	-0.0213756,	0.100555,	-0.626069,	-0.234507,	-0.0222682,	-0.0248728,	-0.759989,	-0.382319,	-0.0182206,	-0.0500073,	-0.714918,	-0.542631,	-0.00197613,	-0.318503,	-0.4004,	0.59547,	-0.03528,	49607,	-248,	4,	-437,	49637,	134,	-56,	-139,	49547,	58,	-26,	-333,	
1,	2,	248516,	1.65255e+015,	-3,	-6,	-5,	-18,	-2,	1,	-1,	-3,	1.65255e+009,	-0.705658,	-0.343728,	-0.31202,	-0.0608608,	-0.627026,	-0.326928,	-0.0213756,	0.100555,	-0.626069,	-0.234507,	-0.0222682,	-0.0248728,	-0.759989,	-0.382319,	-0.0182206,	-0.0500073,	-0.714918,	-0.542631,	-0.00197613,	-0.318503,	-0.4004,	0.59547,	-0.03528,	49617,	-248,	5,	-437,	49647,	134,	-56,	-139,	49557,	59,	-26,	-333,	
1,	2,	248579,	1.65255e+015,	1,	2,	-10,	2,	0,	1,	1,	-1,	1.65255e+009,	-0.705658,	-0.343728,	-0.31202,	-0.0608608,	-0.627026,	-0.326928,	-0.0213756,	0.100555,	-0.626069,	-0.234507,	-0.0222682,	-0.0248728,	-0.759989,	-0.382319,	-0.0182206,	-0.0500073,	-0.714918,	-0.542631,	-0.00197613,	-0.318503,	-0.4004,	0.59547,	-0.03528,	49627,	-249,	6,	-438,	49657,	133,	-57,	-140,	49567,	58,	-26,	-332,	
1,	2,	248657,	1.65255e+015,	1,	4,	1,	8,	-1,	0,	1,	0,	1.65255e+009,	-0.705658,	-0.343728,	-0.31202,	-0.0608608,	-0.627026,	-0.326928,	-0.0213756,	0.100555,	-0.626069,	-0.234507,	-0.0222682,	-0.0248728,	-0.759989,	-0.382319,	-0.0182206,	-0.0500073,	-0.714918,	-0.542631,	-0.00197613,	-0.318503,	-0.4004,	0.59547,	-0.03528,	49637,	-248,	5,	-439,	49667,	133,	-55,	-140,	49577,	58,	-26,	-332,	
1,	2,	248719,	1.65255e+015,	-3,	2,	-3,	-5,	-2,	-1,	0,	-1,	1.65255e+009,	-0.705658,	-0.343728,	-0.31202,	-0.0608608,	-0.627026,	-0.326928,	-0.0213756,	0.100555,	-0.626069,	-0.234507,	-0.0222682,	-0.0248728,	-0.759989,	-0.382319,	-0.0182206,	-0.0500073,	-0.714918,	-0.542631,	-0.00197613,	-0.318503,	-0.4004,	0.59547,	-0.03528,	49647,	-249,	5,	-439,	49677,	132,	-56,	-140,	49587,	58,	-26,	-332,	
1,	2,	248782,	1.65255e+015,	-1,	-7,	0,	-4,	0,	-2,	-1,	-2,	1.65255e+009,	-0.705658,	-0.343728,	-0.31202,	-0.0608608,	-0.562962,	-0.326928,	-0.0213756,	0.100555,	-0.626069,	-0.234507,	-0.0222682,	-0.0248728,	-0.759989,	-0.382319,	-0.0182206,	-0.0500073,	-0.714918,	-0.542631,	-0.00197613,	-0.318503,	-0.4004,	0.59547,	-0.03528,	49657,	-248,	6,	-439,	49687,	133,	-57,	-139,	49597,	58,	-28,	-332,	
1,	2,	248860,	1.65255e+015,	-1,	-2,	3,	10,	1,	2,	1,	1,	1.65255e+009,	-0.705658,	-0.343728,	-0.31202,	-0.0608608,	-0.562962,	-0.326928,	-0.0213756,	0.100555,	-0.626069,	-0.234507,	-0.0222682,	-0.0248728,	-0.759989,	-0.382319,	-0.0182206,	-0.0500073,	-0.714918,	-0.542631,	-0.00197613,	-0.318503,	-0.4004,	0.59547,	-0.03528,	49667,	-249,	6,	-439,	49697,	134,	-55,	-139,	49607,	58,	-27,	-332,	
1,	2,	248938,	1.65255e+015,	1,	-8,	-4,	9,	2,	1,	1,	0,	1.65255e+009,	-0.705658,	-0.343728,	-0.31202,	-0.0608608,	-0.562962,	-0.326928,	-0.0213756,	0.100555,	-0.626069,	-0.234507,	-0.0222682,	-0.0248728,	-0.759989,	-0.382319,	-0.0182206,	-0.0500073,	-0.714918,	-0.542631,	-0.00197613,	-0.318503,	-0.4004,	0.59547,	-0.03528,	49677,	-249,	5,	-438,	49707,	133,	-56,	-139,	49617,	58,	-27,	-333,	
1,	2,	249000,	1.65255e+015,	0,	-3,	-9,	1,	0,	0,	-1,	0,	1.65255e+009,	-0.705658,	-0.343728,	-0.31202,	-0.0608608,	-0.562962,	-0.326928,	-0.0213756,	0.100555,	-0.626069,	-0.234507,	-0.0222682,	-0.0248728,	-0.759989,	-0.382319,	-0.0182206,	-0.0500073,	-0.714918,	-0.542631,	-0.00197613,	-0.318503,	-0.4004,	0.59547,	-0.03528,	49687,	-249,	5,	-437,	49717,	133,	-56,	-139,	49627,	58,	-27,	-333,	
1,	2,	249063,	1.65255e+015,	0,	2,	-4,	-12,	0,	-2,	-1,	-1,	1.65255e+009,	-0.705658,	-0.343728,	-0.31202,	-0.0608608,	-0.562962,	-0.326928,	-0.0213756,	0.100555,	-0.626069,	-0.234507,	-0.0222682,	-0.0248728,	-0.759989,	-0.382319,	-0.0182206,	-0.0500073,	-0.714918,	-0.542631,	-0.00197613,	-0.318503,	-0.4004,	0.59547,	-0.03528,	49697,	-249,	7,	-436,	49727,	134,	-56,	-139,	49637,	58,	-27,	-333,	
1,	2,	249141,	1.65255e+015,	-3,	-5,	-30,	-6,	-3,	-2,	-2,	-2,	1.65255e+009,	-0.705658,	-0.343728,	-0.31202,	-0.0608608,	-0.562962,	-0.326928,	-0.0213756,	0.100555,	-0.626069,	-0.234507,	-0.0222682,	-0.0248728,	-0.759989,	-0.382319,	-0.0182206,	-0.0500073,	-0.714918,	-0.542631,	-0.00197613,	-0.318503,	-0.4004,	0.59547,	-0.03528,	49707,	-250,	6,	-436,	49737,	133,	-57,	-138,	49647,	58,	-26,	-333,	
1,	2,	249204,	1.65255e+015,	-2,	-4,	-4,	21,	2,	-1,	1,	-1,	1.65255e+009,	-0.705658,	-0.343728,	-0.31202,	-0.0608608,	-0.562962,	-0.326928,	-0.0213756,	0.100555,	-0.626069,	-0.234507,	-0.0222682,	-0.0248728,	-0.759989,	-0.382319,	-0.0182206,	-0.0500073,	-0.714918,	-0.542631,	-0.00197613,	-0.318503,	-0.4004,	0.59547,	-0.03528,	49717,	-249,	6,	-436,	49747,	133,	-57,	-138,	49657,	58,	-26,	-333,	
1,	2,	249266,	1.65255e+015,	0,	6,	10,	4,	0,	-1,	1,	0,	1.65255e+009,	-0.705658,	-0.343728,	-0.31202,	-0.0608608,	-0.562962,	-0.326928,	-0.0213756,	0.100555,	-0.626069,	-0.234507,	-0.0222682,	-0.0248728,	-0.759989,	-0.382319,	-0.0182206,	-0.0500073,	-0.714918,	-0.542631,	-0.00197613,	-0.318503,	-0.4004,	0.59547,	-0.03528,	49727,	-250,	6,	-436,	49757,	133,	-57,	-139,	49667,	59,	-26,	-333,	
1,	2,	249344,	1.65255e+015,	-1,	-3,	4,	-5,	0,	0,	-1,	1,	1.65255e+009,	-0.705658,	-0.343728,	-0.31202,	-0.0608608,	-0.562962,	-0.326928,	-0.0213756,	0.100555,	-0.626069,	-0.234507,	-0.0222682,	-0.0248728,	-0.759989,	-0.382319,	-0.0182206,	-0.0500073,	-0.714918,	-0.542631,	-0.00197613,	-0.318503,	-0.4004,	0.59547,	-0.03528,	49737,	-249,	7,	-435,	49767,	133,	-56,	-139,	49677,	59,	-27,	-333,	
1,	2,	249422,	1.65255e+015,	1,	3,	7,	4,	1,	1,	0,	0,	1.65255e+009,	-0.705658,	-0.343728,	-0.31202,	-0.0608608,	-0.562962,	-0.326928,	-0.0213756,	0.100555,	-0.626069,	-0.234507,	-0.0222682,	-0.0248728,	-0.759989,	-0.382319,	-0.0182206,	-0.0500073,	-0.714918,	-0.542631,	-0.00197613,	-0.318503,	-0.4004,	0.59547,	-0.03528,	49747,	-248,	6,	-435,	49777,	133,	-57,	-139,	49687,	59,	-27,	-333,	
1,	2,	249500,	1.65255e+015,	-2,	-1,	3,	2,	-1,	-1,	1,	0,	1.65255e+009,	-0.705658,	-0.343728,	-0.31202,	-0.0608608,	-0.562962,	-0.326928,	-0.0213756,	0.100555,	-0.626069,	-0.234507,	-0.0222682,	-0.0248728,	-0.759989,	-0.382319,	-0.0182206,	-0.0500073,	-0.714918,	-0.542631,	-0.00197613,	-0.318503,	-0.4004,	0.59547,	-0.03528,	49757,	-248,	5,	-435,	49787,	134,	-57,	-139,	49697,	58,	-27,	-332,	
2,	2,	249594,	1.65255e+015,	1,	-2,	-36,	-12,	0,	0,	-1,	0,	1.65255e+009,	-0.705658,	-0.343728,	-0.31202,	-0.0608608,	-0.562962,	-0.326928,	-0.0213756,	0.100555,	-0.626069,	-0.234507,	-0.0222682,	-0.0248728,	-0.759989,	-0.382319,	-0.0182206,	-0.0500073,	-0.714918,	-0.542631,	-0.00197613,	-0.318503,	-0.4004,	0.59547,	-0.03528,	49767,	-248,	6,	-435,	49797,	133,	-56,	-139,	49707,	59,	-27,	-332,	
2,	2,	249657,	1.65255e+015,	-2,	-4,	15,	0,	0,	2,	-1,	0,	1.65255e+009,	-0.705658,	-0.343728,	-0.31202,	-0.0608608,	-0.562962,	-0.326928,	-0.0213756,	0.100555,	-0.626069,	-0.234507,	-0.0222682,	-0.0248728,	-0.759989,	-0.382319,	-0.0182206,	-0.0500073,	-0.714918,	-0.542631,	-0.00197613,	-0.318503,	-0.4004,	0.59547,	-0.03528,	49777,	-249,	6,	-435,	49807,	133,	-56,	-139,	49717,	58,	-27,	-332,	
2,	2,	249719,	1.65255e+015,	-3,	-12,	-14,	-15,	-4,	-3,	-1,	-1,	1.65255e+009,	-0.705658,	-0.343728,	-0.31202,	-0.0608608,	-0.562962,	-0.326928,	-0.0213756,	0.100555,	-0.626069,	-0.234507,	-0.0222682,	-0.0248728,	-0.759989,	-0.382319,	-0.0182206,	-0.0500073,	-0.714918,	-0.542631,	-0.00197613,	-0.318503,	-0.4004,	0.59547,	-0.03528,	49787,	-248,	6,	-434,	49817,	133,	-56,	-138,	49727,	58,	-27,	-332,	
2,	2,	249797,	1.65255e+015,	0,	3,	12,	4,	0,	0,	1,	-1,	1.65255e+009,	-0.705658,	-0.343728,	-0.31202,	-0.0608608,	-0.562962,	-0.326928,	-0.0213756,	0.100555,	-0.626069,	-0.234507,	-0.0222682,	-0.0248728,	-0.759989,	-0.382319,	-0.0182206,	-0.0500073,	-0.714918,	-0.542631,	-0.00197613,	-0.318503,	-0.4004,	0.59547,	-0.03528,	49797,	-249,	5,	-434,	49827,	133,	-57,	-139,	49737,	59,	-27,	-332,	
2,	2,	249860,	1.65255e+015,	0,	1,	-4,	5,	-2,	-1,	-2,	0,	1.65255e+009,	-0.705658,	-0.343728,	-0.31202,	-0.0608608,	-0.562962,	-0.326928,	-0.0213756,	0.100555,	-0.626069,	-0.234507,	-0.0222682,	-0.0248728,	-0.759989,	-0.382319,	-0.0182206,	-0.0500073,	-0.714918,	-0.542631,	-0.00197613,	-0.318503,	-0.4004,	0.59547,	-0.03528,	49807,	-250,	6,	-434,	49837,	134,	-57,	-139,	49747,	59,	-26,	-332,	
2,	2,	249922,	1.65255e+015,	0,	5,	13,	-2,	-2,	-2,	1,	0,	1.65255e+009,	-0.705658,	-0.343728,	-0.31202,	-0.0608608,	-0.562962,	-0.326928,	-0.0213756,	0.100555,	-0.626069,	-0.234507,	-0.0222682,	-0.0248728,	-0.759989,	-0.382319,	-0.0182206,	-0.0500073,	-0.714918,	-0.542631,	-0.00197613,	-0.318503,	-0.4004,	0.59547,	-0.03528,	49817,	-250,	6,	-434,	49847,	132,	-57,	-139,	49757,	58,	-28,	-332,	
2,	2,	249985,	1.65255e+015,	0,	0,	-7,	2,	0,	0,	2,	2,	1.65255e+009,	-0.705658,	-0.343728,	-0.31202,	-0.0608608,	-0.562962,	-0.326928,	-0.0213756,	0.100555,	-0.626069,	-0.234507,	-0.0222682,	-0.0248728,	-0.759989,	-0.382319,	-0.0182206,	-0.0500073,	-0.714918,	-0.542631,	-0.00197613,	-0.318503,	-0.4004,	0.59547,	-0.03528,	49827,	-250,	6,	-433,	49857,	133,	-57,	-138,	49767,	59,	-27,	-332,	
2,	2,	250063,	1.65255e+015,	-2,	-4,	-12,	-6,	-1,	0,	2,	-1,	1.65255e+009,	-0.705658,	-0.343728,	-0.31202,	-0.0608608,	-0.562962,	-0.26582,	-0.0225781,	0.105617,	-0.925699,	-0.234507,	-0.0222682,	-0.0109391,	-0.868404,	-0.169427,	-0.0196168,	-0.0833856,	-0.714918,	-0.478566,	-0.00806815,	-0.351881,	-0.4004,	0.59547,	-0.03528,	49837,	-250,	6,	-433,	49867,	133,	-57,	-138,	49777,	59,	-26,	-332,	
2,	2,	250141,	1.65255e+015,	-1,	-2,	4,	1,	-2,	2,	2,	0,	1.65255e+009,	-0.705658,	-0.343728,	-0.31202,	-0.0608608,	-0.643042,	-0.189435,	-0.0207205,	0.0975362,	-1.20956,	-0.234507,	-0.0222682,	0.00537828,	-0.868404,	-0.0807216,	-0.0116376,	-0.108466,	-0.714918,	-0.427314,	-0.0142123,	-0.38879,	-0.4004,	0.59547,	-0.03528,	49847,	-250,	6,	-433,	49877,	133,	-56,	-138,	49787,	58,	-28,	-332,	
2,	2,	250204,	1.65255e+015,	-1,	4,	66,	11,	0,	-5,	-6,	-4,	1.65255e+009,	-0.615479,	-0.343728,	-0.31202,	-0.0608608,	-0.723122,	-0.189435,	-0.0207205,	0.0965299,	-1.43034,	-0.234507,	-0.0222682,	0.015462,	-0.976819,	-0.0097576,	-0.00162833,	-0.127953,	-0.714918,	-0.363249,	-0.0195284,	-0.408276,	-0.4368,	0.59547,	-0.03528,	49857,	-249,	7,	-433,	49887,	133,	-55,	-138,	49797,	58,	-27,	-332,	
2,	2,	250266,	1.65255e+015,	2,	-6,	-8,	-8,	-2,	1,	3,	3,	1.65255e+009,	-0.555359,	-0.343728,	-0.31202,	-0.0608608,	-0.787186,	-0.189435,	-0.0207205,	0.0965299,	-1.50919,	-0.234507,	-0.0222682,	0.015462,	-1.06355,	-0.0097576,	-0.00162833,	-0.127953,	-0.824568,	-0.363249,	-0.0195284,	-0.437846,	-0.4368,	0.59547,	-0.03528,	49867,	-249,	7,	-433,	49897,	133,	-57,	-138,	49807,	58,	-28,	-332,	
2,	2,	250344,	1.65255e+015,	1,	-6,	-3,	5,	-3,	-3,	-3,	-7,	1.65255e+009,	-0.555359,	-0.343728,	-0.31202,	-0.0608608,	-0.867266,	-0.11305,	-0.0151288,	0.0940569,	-1.68266,	-0.234507,	-0.0222682,	0.024079,	-1.17197,	-0.0097576,	-0.00162833,	-0.142992,	-0.824568,	-0.311997,	-0.02189,	-0.452885,	-0.4368,	0.59547,	-0.03528,	49877,	-248,	7,	-433,	49907,	133,	-57,	-138,	49817,	58,	-27,	-332,	
2,	2,	250422,	1.65255e+015,	0,	1,	-7,	0,	1,	1,	3,	2,	1.65255e+009,	-0.555359,	-0.343728,	-0.31202,	-0.0608608,	-0.867266,	-0.11305,	-0.0151288,	0.0940569,	-1.68266,	-0.234507,	-0.0222682,	0.024079,	-1.17197,	-0.0097576,	-0.00162833,	-0.142992,	-0.912288,	-0.311997,	-0.02189,	-0.452885,	-0.4368,	0.59547,	-0.03528,	49887,	-250,	6,	-432,	49917,	133,	-57,	-138,	49827,	58,	-27,	-332,	
2,	2,	250500,	1.65255e+015,	-2,	-2,	19,	2,	-3,	-2,	-6,	-5,	1.65255e+009,	-0.555359,	-0.343728,	-0.31202,	-0.0608608,	-0.867266,	-0.11305,	-0.0151288,	0.0940569,	-1.74574,	-0.234507,	-0.0222682,	0.024079,	-1.2587,	-0.0097576,	-0.00162833,	-0.142992,	-0.912288,	-0.311997,	-0.02189,	-0.476541,	-0.4368,	0.59547,	-0.03528,	49897,	-250,	6,	-431,	49927,	133,	-56,	-138,	49837,	58,	-28,	-332,	
2,	2,	250579,	1.65255e+015,	2,	4,	-14,	0,	-1,	1,	0,	-3,	1.65255e+009,	-0.555359,	-0.442288,	-0.31202,	-0.0608608,	-0.93133,	-0.11305,	-0.0151288,	0.0940569,	-1.74574,	-0.234507,	-0.0222682,	0.024079,	-1.2587,	-0.0097576,	-0.00162833,	-0.142992,	-0.912288,	-0.311997,	-0.02189,	-0.476541,	-0.4368,	0.59547,	-0.03528,	49907,	-250,	8,	-431,	49937,	133,	-57,	-138,	49847,	58,	-27,	-332,	
2,	2,	250657,	1.65255e+015,	4,	2,	5,	0,	0,	-1,	0,	-1,	1.65255e+009,	-0.480209,	-0.442288,	-0.31202,	-0.0608608,	-0.93133,	-0.11305,	-0.0151288,	0.0940569,	-1.74574,	-0.234507,	-0.0222682,	0.024079,	-1.2587,	-0.0097576,	-0.00162833,	-0.142992,	-0.912288,	-0.311997,	-0.02189,	-0.476541,	-0.4368,	0.59547,	-0.03528,	49917,	-251,	8,	-431,	49947,	133,	-56,	-138,	49857,	58,	-28,	-332,	
2,	2,	250719,	1.65255e+015,	-2,	1,	-11,	-6,	-4,	-1,	4,	1,	1.65255e+009,	-0.480209,	-0.442288,	-0.31202,	-0.0608608,	-0.93133,	-0.11305,	-0.0151288,	0.0940569,	-1.74574,	-0.234507,	-0.0222682,	0.024079,	-1.2587,	-0.0097576,	-0.00162833,	-0.142992,	-0.912288,	-0.311997,	-0.02189,	-0.476541,	-0.4368,	0.59547,	-0.03528,	49927,	-250,	8,	-431,	49957,	134,	-56,	-138,	49867,	58,	-28,	-332,	
2,	2,	250813,	1.65255e+015,	3,	3,	-35,	-16,	-4,	-2,	0,	-2,	1.65255e+009,	-0.480209,	-0.442288,	-0.31202,	-0.0608608,	-0.93133,	-0.11305,	-0.0151288,	0.0940569,	-1.74574,	-0.234507,	-0.0222682,	0.024079,	-1.2587,	-0.0097576,	-0.00162833,	-0.142992,	-0.912288,	-0.311997,	-0.02189,	-0.476541,	-0.4368,	0.59547,	-0.03528,	49937,	-250,	7,	-432,	49967,	134,	-56,	-138,	49877,	58,	-28,	-332,	
2,	2,	250891,	1.65255e+015,	-1,	-1,	-5,	-8,	0,	-1,	-1,	-1,	1.65255e+009,	-0.480209,	-0.442288,	-0.31202,	-0.0608608,	-0.93133,	-0.11305,	-0.0151288,	0.0940569,	-1.74574,	-0.234507,	-0.0222682,	0.024079,	-1.2587,	-0.0097576,	-0.00162833,	-0.142992,	-0.912288,	-0.311997,	-0.02189,	-0.476541,	-0.4368,	0.59547,	-0.03528,	49947,	-251,	7,	-432,	49977,	134,	-57,	-138,	49887,	59,	-28,	-331,	
2,	2,	250969,	1.65255e+015,	2,	6,	22,	1,	1,	-1,	0,	-4,	1.65255e+009,	-0.480209,	-0.442288,	-0.31202,	-0.0608608,	-0.93133,	-0.11305,	-0.0151288,	0.0940569,	-1.74574,	-0.234507,	-0.0222682,	0.024079,	-1.2587,	-0.0097576,	-0.00162833,	-0.142992,	-0.912288,	-0.311997,	-0.02189,	-0.476541,	-0.4368,	0.59547,	-0.03528,	49957,	-250,	8,	-432,	49987,	133,	-57,	-138,	49897,	58,	-27,	-332,	
2,	2,	251047,	1.65255e+015,	3,	-5,	-22,	6,	4,	5,	2,	2,	1.65255e+009,	-0.480209,	-0.442288,	-0.31202,	-0.0608608,	-0.93133,	-0.11305,	-0.0151288,	0.0940569,	-1.74574,	-0.234507,	-0.0222682,	0.024079,	-1.2587,	-0.0097576,	-0.00162833,	-0.142992,	-0.912288,	-0.311997,	-0.02189,	-0.476541,	-0.4368,	0.59547,	-0.03528,	49967,	-250,	7,	-432,	49997,	134,	-57,	-139,	49907,	57,	-28,	-331,	
2,	2,	251125,	1.65255e+015,	1,	1,	8,	-9,	2,	2,	1,	3,	1.65255e+009,	-0.480209,	-0.442288,	-0.31202,	-0.0608608,	-0.93133,	-0.11305,	-0.0151288,	0.0940569,	-1.66689,	-0.234507,	-0.0222682,	0.024079,	-1.2587,	-0.0097576,	-0.00162833,	-0.142992,	-0.912288,	-0.311997,	-0.02189,	-0.476541,	-0.4368,	0.59547,	-0.03528,	49977,	-250,	7,	-432,	50007,	133,	-57,	-138,	49917,	58,	-28,	-331,	
2,	2,	251204,	1.65255e+015,	0,	-2,	-15,	6,	-3,	-1,	-2,	-1,	1.65255e+009,	-0.480209,	-0.442288,	-0.31202,	-0.0608608,	-0.867266,	-0.11305,	-0.0151288,	0.103604,	-1.43034,	-0.134716,	-0.0170943,	0.00922823,	-1.2587,	-0.0097576,	-0.00162833,	-0.122358,	-0.912288,	-0.311997,	-0.02189,	-0.455908,	-0.4368,	0.59547,	-0.03528,	49987,	-251,	7,	-431,	50017,	133,	-57,	-138,	49927,	58,	-28,	-331,	
2,	2,	251266,	1.65255e+015,	-1,	1,	18,	1,	-2,	-2,	-1,	-2,	1.65255e+009,	-0.555359,	-0.442288,	-0.31202,	-0.0608608,	-0.787186,	-0.11305,	-0.0151288,	0.102943,	-1.14648,	-0.134716,	-0.0170943,	-0.000305389,	-1.1286,	-0.0097576,	-0.00162833,	-0.102322,	-0.824568,	-0.311997,	-0.02189,	-0.406301,	-0.4368,	0.59547,	-0.03528,	49997,	-251,	6,	-430,	50027,	132,	-57,	-138,	49937,	58,	-29,	-331,	
2,	2,	251329,	1.65255e+015,	-1,	2,	21,	4,	1,	1,	1,	-2,	1.65255e+009,	-0.555359,	-0.442288,	-0.31202,	-0.0608608,	-0.707106,	-0.11305,	-0.0151288,	0.0956092,	-0.941469,	-0.134716,	-0.0170943,	-0.00763875,	-1.02019,	-0.0097576,	-0.00162833,	-0.0800852,	-0.824568,	-0.311997,	-0.02189,	-0.384065,	-0.4732,	0.59547,	-0.03528,	50007,	-253,	6,	-430,	50037,	132,	-57,	-138,	49947,	58,	-28,	-332,	
2,	2,	251391,	1.65255e+015,	-1,	-11,	-20,	-11,	1,	1,	1,	-1,	1.65255e+009,	-0.630509,	-0.442288,	-0.31202,	-0.0608608,	-0.707106,	-0.11305,	-0.0151288,	0.0897425,	-0.799539,	-0.134716,	-0.0170943,	-0.0135054,	-1.02019,	-0.0984626,	-0.0136363,	-0.0622959,	-0.824568,	-0.311997,	-0.02189,	-0.366276,	-0.4732,	0.59547,	-0.03528,	50017,	-252,	7,	-429,	50047,	133,	-57,	-138,	49957,	59,	-27,	-332,	
2,	2,	251469,	1.65255e+015,	0,	0,	-24,	-2,	0,	0,	-1,	0,	1.65255e+009,	-0.630509,	-0.442288,	-0.31202,	-0.0608608,	-0.643042,	-0.11305,	-0.0151288,	0.0980821,	-0.799539,	-0.134716,	-0.0170943,	-0.0162558,	-0.933453,	-0.0984626,	-0.0136363,	-0.0650463,	-0.824568,	-0.311997,	-0.02189,	-0.369026,	-0.4732,	0.59547,	-0.03528,	50027,	-251,	6,	-430,	50057,	133,	-58,	-138,	49967,	58,	-28,	-332,	
2,	2,	251547,	1.65255e+015,	0,	0,	2,	14,	0,	-3,	-1,	1,	1.65255e+009,	-0.630509,	-0.442288,	-0.31202,	-0.0608608,	-0.643042,	-0.189435,	-0.0207205,	0.0980821,	-0.720689,	-0.134716,	-0.0170943,	-0.0162558,	-0.933453,	-0.0984626,	-0.0136363,	-0.0650463,	-0.824568,	-0.311997,	-0.02189,	-0.369026,	-0.4732,	0.59547,	-0.03528,	50037,	-252,	6,	-429,	50067,	132,	-58,	-138,	49977,	59,	-28,	-332,	
2,	2,	251610,	1.65255e+015,	-4,	-5,	-4,	6,	-2,	-2,	-1,	-1,	1.65255e+009,	-0.630509,	-0.442288,	-0.31202,	-0.0608608,	-0.643042,	-0.189435,	-0.0207205,	0.0980821,	-0.720689,	-0.134716,	-0.0170943,	-0.0162558,	-0.933453,	-0.0984626,	-0.0136363,	-0.0650463,	-0.824568,	-0.311997,	-0.02189,	-0.369026,	-0.4732,	0.59547,	-0.03528,	50047,	-252,	7,	-429,	50077,	132,	-57,	-138,	49987,	58,	-27,	-332,	
2,	2,	251688,	1.65255e+015,	0,	4,	1,	3,	3,	0,	1,	1,	1.65255e+009,	-0.630509,	-0.442288,	-0.31202,	-0.0608608,	-0.643042,	-0.189435,	-0.0207205,	0.0980821,	-0.720689,	-0.134716,	-0.0170943,	-0.0162558,	-0.933453,	-0.0984626,	-0.0136363,	-0.0650463,	-0.824568,	-0.311997,	-0.02189,	-0.369026,	-0.4732,	0.59547,	-0.03528,	50057,	-253,	7,	-428,	50087,	133,	-57,	-137,	49997,	58,	-29,	-332,	
2,	2,	251766,	1.65255e+015,	1,	0,	-2,	2,	-2,	-2,	-3,	-1,	1.65255e+009,	-0.630509,	-0.442288,	-0.31202,	-0.0608608,	-0.643042,	-0.189435,	-0.0207205,	0.0980821,	-0.720689,	-0.134716,	-0.0170943,	-0.0162558,	-0.933453,	-0.0984626,	-0.0136363,	-0.0650463,	-0.824568,	-0.311997,	-0.02189,	-0.369026,	-0.4732,	0.59547,	-0.03528,	50067,	-253,	7,	-427,	50097,	132,	-57,	-137,	50007,	58,	-28,	-332,	
2,	2,	251829,	1.65255e+015,	0,	2,	7,	1,	-1,	-1,	0,	-2,	1.65255e+009,	-0.630509,	-0.442288,	-0.31202,	-0.0608608,	-0.643042,	-0.189435,	-0.0207205,	0.0980821,	-0.720689,	-0.134716,	-0.0170943,	-0.0162558,	-0.933453,	-0.0984626,	-0.0136363,	-0.0650463,	-0.824568,	-0.311997,	-0.02189,	-0.369026,	-0.4732,	0.59547,	-0.03528,	50077,	-253,	8,	-427,	50107,	132,	-58,	-137,	50017,	57,	-28,	-332,	
2,	2,	251907,	1.65255e+015,	-6,	-5,	-7,	-13,	-7,	-3,	-2,	-2,	1.65255e+009,	-0.630509,	-0.442288,	-0.31202,	-0.0608608,	-0.643042,	-0.189435,	-0.0207205,	0.0980821,	-0.720689,	-0.134716,	-0.0170943,	-0.0162558,	-0.933453,	-0.0984626,	-0.0136363,	-0.0650463,	-0.824568,	-0.311997,	-0.02189,	-0.369026,	-0.4732,	0.59547,	-0.03528,	50087,	-252,	6,	-426,	50117,	132,	-56,	-137,	50027,	58,	-28,	-332,	
2,	2,	251969,	1.65255e+015,	-4,	-3,	12,	13,	-1,	-1,	1,	-2,	1.65255e+009,	-0.630509,	-0.442288,	-0.31202,	-0.0608608,	-0.643042,	-0.189435,	-0.0207205,	0.0980821,	-0.720689,	-0.134716,	-0.0170943,	-0.0162558,	-0.933453,	-0.0984626,	-0.0136363,	-0.0650463,	-0.824568,	-0.311997,	-0.02189,	-0.369026,	-0.4732,	0.59547,	-0.03528,	50097,	-253,	6,	-425,	50127,	132,	-56,	-136,	50037,	58,	-29,	-331,	
2,	2,	252032,	1.65255e+015,	3,	4,	5,	0,	-1,	-1,	2,	0,	1.65255e+009,	-0.630509,	-0.442288,	-0.31202,	-0.0608608,	-0.643042,	-0.189435,	-0.0207205,	0.0980821,	-0.720689,	-0.134716,	-0.0170943,	-0.0162558,	-0.933453,	-0.0984626,	-0.0136363,	-0.0650463,	-0.824568,	-0.311997,	-0.02189,	-0.369026,	-0.4732,	0.59547,	-0.03528,	50107,	-253,	6,	-426,	50137,	132,	-57,	-137,	50047,	59,	-29,	-332,	
2,	2,	252110,	1.65255e+015,	-4,	-4,	-11,	2,	-5,	-4,	0,	-2,	1.65255e+009,	-0.630509,	-0.442288,	-0.31202,	-0.0608608,	-0.643042,	-0.189435,	-0.0207205,	0.0980821,	-0.720689,	-0.134716,	-0.0170943,	-0.0162558,	-0.933453,	-0.0984626,	-0.0136363,	-0.0650463,	-0.824568,	-0.311997,	-0.02189,	-0.369026,	-0.4732,	0.59547,	-0.03528,	50117,	-253,	7,	-426,	50147,	132,	-57,	-137,	50057,	58,	-28,	-332,	
2,	2,	252188,	1.65255e+015,	-2,	-2,	9,	-7,	-3,	-1,	-1,	0,	1.65255e+009,	-0.630509,	-0.442288,	-0.31202,	-0.0608608,	-0.643042,	-0.189435,	-0.0207205,	0.0980821,	-0.720689,	-0.134716,	-0.0170943,	-0.0162558,	-0.825038,	-0.0984626,	-0.0136363,	-0.0650463,	-0.824568,	-0.311997,	-0.02189,	-0.369026,	-0.4732,	0.59547,	-0.03528,	50127,	-252,	5,	-427,	50157,	132,	-57,	-137,	50067,	57,	-29,	-332,	
2,	2,	252266,	1.65255e+015,	0,	-1,	-4,	2,	-1,	-2,	0,	-2,	1.65255e+009,	-0.630509,	-0.442288,	-0.31202,	-0.0608608,	-0.643042,	-0.189435,	-0.0207205,	0.0980821,	-0.720689,	-0.134716,	-0.0170943,	-0.0162558,	-0.825038,	-0.0984626,	-0.0136363,	-0.0650463,	-0.824568,	-0.311997,	-0.02189,	-0.369026,	-0.4732,	0.59547,	-0.03528,	50137,	-251,	6,	-428,	50167,	132,	-57,	-137,	50077,	57,	-28,	-331,	
2,	2,	252329,	1.65255e+015,	-4,	-10,	-10,	-12,	-4,	-2,	-3,	-1,	1.65255e+009,	-0.630509,	-0.442288,	-0.31202,	-0.0608608,	-0.643042,	-0.189435,	-0.0207205,	0.0980821,	-0.720689,	-0.134716,	-0.0170943,	-0.0162558,	-0.825038,	-0.0984626,	-0.0136363,	-0.0650463,	-0.824568,	-0.311997,	-0.02189,	-0.369026,	-0.4732,	0.59547,	-0.03528,	50147,	-252,	7,	-428,	50177,	132,	-57,	-138,	50087,	57,	-29,	-331,	
2,	2,	252391,	1.65255e+015,	0,	4,	37,	6,	1,	0,	1,	-1,	1.65255e+009,	-0.630509,	-0.442288,	-0.31202,	-0.0608608,	-0.643042,	-0.189435,	-0.0207205,	0.0980821,	-0.720689,	-0.134716,	-0.0170943,	-0.0162558,	-0.825038,	-0.0984626,	-0.0136363,	-0.0650463,	-0.824568,	-0.311997,	-0.02189,	-0.369026,	-0.4732,	0.59547,	-0.03528,	50157,	-253,	6,	-428,	50187,	132,	-57,	-138,	50097,	58,	-29,	-331,	
2,	2,	252454,	1.65255e+015,	-3,	0,	16,	-5,	-1,	-1,	-2,	-2,	1.65255e+009,	-0.630509,	-0.442288,	-0.31202,	-0.0608608,	-0.643042,	-0.189435,	-0.0207205,	0.0980821,	-0.720689,	-0.134716,	-0.0170943,	-0.0162558,	-0.825038,	-0.0984626,	-0.0136363,	-0.0650463,	-0.824568,	-0.311997,	-0.02189,	-0.369026,	-0.4732,	0.59547,	-0.03528,	50167,	-252,	6,	-427,	50197,	133,	-57,	-138,	50107,	56,	-27,	-330,	
2,	2,	252532,	1.65255e+015,	-1,	4,	-16,	3,	0,	0,	0,	0,	1.65255e+009,	-0.630509,	-0.442288,	-0.31202,	-0.0608608,	-0.643042,	-0.189435,	-0.0207205,	0.0980821,	-0.720689,	-0.134716,	-0.0170943,	-0.0162558,	-0.825038,	-0.0984626,	-0.0136363,	-0.0650463,	-0.824568,	-0.311997,	-0.02189,	-0.369026,	-0.4732,	0.59547,	-0.03528,	50177,	-252,	6,	-427,	50207,	132,	-57,	-137,	50117,	57,	-29,	-330,	
2,	2,	252594,	1.65255e+015,	-3,	1,	8,	10,	-4,	-2,	-1,	-2,	1.65255e+009,	-0.630509,	-0.442288,	-0.31202,	-0.0608608,	-0.643042,	-0.189435,	-0.0207205,	0.0980821,	-0.720689,	-0.134716,	-0.0170943,	-0.0162558,	-0.825038,	-0.0984626,	-0.0136363,	-0.0650463,	-0.824568,	-0.311997,	-0.02189,	-0.369026,	-0.4732,	0.59547,	-0.03528,	50187,	-252,	5,	-426,	50217,	131,	-57,	-137,	50127,	57,	-29,	-330,	
2,	2,	252672,	1.65255e+015,	-6,	-5,	-47,	8,	-3,	-3,	-1,	-2,	1.65255e+009,	-0.630509,	-0.442288,	-0.31202,	-0.0608608,	-0.643042,	-0.189435,	-0.0207205,	0.0980821,	-0.720689,	-0.134716,	-0.0170943,	-0.0162558,	-0.825038,	-0.0984626,	-0.0136363,	-0.0650463,	-0.824568,	-0.311997,	-0.02189,	-0.369026,	-0.4732,	0.59547,	-0.03528,	50197,	-253,	5,	-426,	50227,	132,	-57,	-137,	50137,	57,	-29,	-331,	
2,	2,	252750,	1.65255e+015,	-5,	-3,	2,	-1,	-5,	-2,	-1,	-2,	1.65255e+009,	-0.630509,	-0.442288,	-0.31202,	-0.0608608,	-0.643042,	-0.189435,	-0.0207205,	0.0980821,	-0.720689,	-0.134716,	-0.0170943,	-0.0162558,	-0.825038,	-0.0984626,	-0.0136363,	-0.0650463,	-0.824568,	-0.311997,	-0.02189,	-0.369026,	-0.4732,	0.59547,	-0.03528,	50207,	-253,	5,	-426,	50237,	132,	-57,	-137,	50147,	57,	-28,	-331,	
2,	2,	252829,	1.65255e+015,	-3,	-3,	-23,	-18,	-3,	-1,	-1,	-3,	1.65255e+009,	-0.630509,	-0.442288,	-0.31202,	-0.0608608,	-0.643042,	-0.189435,	-0.0207205,	0.0980821,	-0.720689,	-0.134716,	-0.0170943,	-0.0162558,	-0.825038,	-0.0984626,	-0.0136363,	-0.0650463,	-0.824568,	-0.311997,	-0.02189,	-0.369026,	-0.4732,	0.59547,	-0.03528,	50217,	-252,	6,	-426,	50247,	133,	-55,	-137,	50157,	57,	-29,	-331,	
2,	2,	252907,	1.65255e+015,	0,	-2,	3,	-11,	-1,	-1,	0,	0,	1.65255e+009,	-0.630509,	-0.442288,	-0.31202,	-0.0608608,	-0.643042,	-0.189435,	-0.0207205,	0.0980821,	-0.720689,	-0.134716,	-0.0170943,	-0.0162558,	-0.825038,	-0.0984626,	-0.0136363,	-0.0650463,	-0.824568,	-0.311997,	-0.02189,	-0.369026,	-0.4732,	0.59547,	-0.03528,	50227,	-253,	5,	-427,	50257,	132,	-56,	-137,	50167,	57,	-29,	-331,	
2,	2,	252985,	1.65255e+015,	-1,	-3,	10,	-4,	0,	0,	-1,	0,	1.65255e+009,	-0.630509,	-0.442288,	-0.31202,	-0.0608608,	-0.643042,	-0.189435,	-0.0207205,	0.0980821,	-0.720689,	-0.134716,	-0.0170943,	-0.0162558,	-0.825038,	-0.0984626,	-0.0136363,	-0.0650463,	-0.824568,	-0.311997,	-0.02189,	-0.369026,	-0.4732,	0.59547,	-0.03528,	50237,	-253,	6,	-428,	50267,	133,	-56,	-137,	50177,	57,	-30,	-331,	
2,	2,	253063,	1.65255e+015,	1,	3,	17,	12,	0,	1,	-1,	1,	1.65255e+009,	-0.630509,	-0.442288,	-0.31202,	-0.0608608,	-0.643042,	-0.189435,	-0.0207205,	0.0980821,	-0.720689,	-0.134716,	-0.0170943,	-0.0162558,	-0.825038,	-0.0984626,	-0.0136363,	-0.0650463,	-0.824568,	-0.311997,	-0.02189,	-0.369026,	-0.4732,	0.59547,	-0.03528,	50247,	-251,	7,	-428,	50277,	133,	-57,	-137,	50187,	57,	-30,	-331,	
2,	2,	253141,	1.65255e+015,	0,	-4,	-19,	3,	-1,	0,	0,	-1,	1.65255e+009,	-0.630509,	-0.442288,	-0.31202,	-0.0608608,	-0.643042,	-0.189435,	-0.0207205,	0.0980821,	-0.720689,	-0.134716,	-0.0170943,	-0.0162558,	-0.825038,	-0.0984626,	-0.0136363,	-0.0650463,	-0.824568,	-0.311997,	-0.02189,	-0.369026,	-0.4732,	0.59547,	-0.03528,	50257,	-251,	6,	-428,	50287,	132,	-57,	-137,	50197,	58,	-29,	-331,	
2,	2,	253219,	1.65255e+015,	1,	0,	-3,	-10,	-1,	-3,	-1,	1,	1.65255e+009,	-0.630509,	-0.442288,	-0.31202,	-0.0608608,	-0.643042,	-0.189435,	-0.0207205,	0.0980821,	-0.720689,	-0.134716,	-0.0170943,	-0.0162558,	-0.825038,	-0.0984626,	-0.0136363,	-0.0650463,	-0.824568,	-0.311997,	-0.02189,	-0.369026,	-0.4732,	0.59547,	-0.03528,	50267,	-253,	6,	-428,	50297,	133,	-56,	-137,	50207,	57,	-30,	-330,	
2,	2,	253297,	1.65255e+015,	-2,	-7,	-18,	-21,	-2,	-2,	-1,	-3,	1.65255e+009,	-0.630509,	-0.442288,	-0.31202,	-0.0608608,	-0.643042,	-0.189435,	-0.0207205,	0.0980821,	-0.720689,	-0.134716,	-0.0170943,	-0.0162558,	-0.825038,	-0.0984626,	-0.0136363,	-0.0650463,	-0.824568,	-0.311997,	-0.02189,	-0.369026,	-0.4732,	0.59547,	-0.03528,	50277,	-254,	6,	-428,	50307,	132,	-56,	-137,	50217,	58,	-29,	-331,	
2,	2,	253375,	1.65255e+015,	-5,	-11,	-8,	0,	-6,	-4,	-3,	-2,	1.65255e+009,	-0.630509,	-0.442288,	-0.31202,	-0.0608608,	-0.643042,	-0.189435,	-0.0207205,	0.0980821,	-0.720689,	-0.134716,	-0.0170943,	-0.0162558,	-0.825038,	-0.0984626,	-0.0136363,	-0.0650463,	-0.824568,	-0.311997,	-0.02189,	-0.369026,	-0.4732,	0.59547,	-0.03528,	50287,	-254,	5,	-427,	50317,	133,	-56,	-137,	50227,	57,	-28,	-330,	
2,	2,	253454,	1.65255e+015,	0,	-1,	-3,	1,	-1,	-1,	-2,	0,	1.65255e+009,	-0.630509,	-0.442288,	-0.31202,	-0.0608608,	-0.643042,	-0.189435,	-0.0207205,	0.0980821,	-0.720689,	-0.134716,	-0.0170943,	-0.0162558,	-0.825038,	-0.0984626,	-0.0136363,	-0.0650463,	-0.824568,	-0.311997,	-0.02189,	-0.369026,	-0.4732,	0.59547,	-0.03528,	50297,	-253,	5,	-427,	50327,	132,	-57,	-137,	50237,	57,	-29,	-330,	
2,	2,	253532,	1.65255e+015,	-2,	-1,	-11,	-3,	-2,	-2,	1,	-5,	1.65255e+009,	-0.630509,	-0.442288,	-0.31202,	-0.0608608,	-0.643042,	-0.189435,	-0.0207205,	0.0980821,	-0.720689,	-0.134716,	-0.0170943,	-0.0162558,	-0.825038,	-0.0984626,	-0.0136363,	-0.0650463,	-0.824568,	-0.311997,	-0.02189,	-0.369026,	-0.4732,	0.59547,	-0.03528,	50307,	-254,	4,	-426,	50337,	132,	-57,	-137,	50247,	57,	-30,	-330,	
2,	2,	253610,	1.65255e+015,	-6,	-3,	-1,	-8,	-3,	-3,	0,	-3,	1.65255e+009,	-0.630509,	-0.442288,	-0.31202,	-0.0608608,	-0.643042,	-0.189435,	-0.0207205,	0.0980821,	-0.720689,	-0.134716,	-0.0170943,	-0.0162558,	-0.825038,	-0.0984626,	-0.0136363,	-0.0650463,	-0.824568,	-0.311997,	-0.02189,	-0.369026,	-0.4732,	0.59547,	-0.03528,	50317,	-253,	5,	-425,	50347,	133,	-57,	-137,	50257,	57,	-29,	-330,	
2,	2,	253688,	1.65255e+015,	-4,	-10,	-23,	-6,	0,	-1,	-2,	-1,	1.65255e+009,	-0.630509,	-0.442288,	-0.31202,	-0.0608608,	-0.643042,	-0.189435,	-0.0207205,	0.0980821,	-0.720689,	-0.134716,	-0.0170943,	-0.0162558,	-0.825038,	-0.0984626,	-0.0136363,	-0.0650463,	-0.824568,	-0.311997,	-0.02189,	-0.369026,	-0.4732,	0.59547,	-0.03528,	50327,	-254,	6,	-425,	50357,	132,	-57,	-137,	50267,	57,	-29,	-331,	
2,	2,	253766,	1.65255e+015,	1,	2,	1,	-8,	-1,	-1,	-1,	0,	1.65255e+009,	-0.630509,	-0.442288,	-0.31202,	-0.0608608,	-0.643042,	-0.189435,	-0.0207205,	0.0980821,	-0.720689,	-0.134716,	-0.0170943,	-0.0162558,	-0.825038,	-0.0984626,	-0.0136363,	-0.0650463,	-0.824568,	-0.311997,	-0.02189,	-0.369026,	-0.4732,	0.59547,	-0.03528,	50337,	-255,	6,	-426,	50367,	132,	-56,	-136,	50277,	57,	-29,	-331,	
2,	2,	253844,	1.65255e+015,	0,	-3,	-5,	-9,	0,	1,	1,	-1,	1.65255e+009,	-0.630509,	-0.442288,	-0.31202,	-0.0608608,	-0.643042,	-0.189435,	-0.0207205,	0.0980821,	-0.720689,	-0.134716,	-0.0170943,	-0.0162558,	-0.825038,	-0.0984626,	-0.0136363,	-0.0650463,	-0.824568,	-0.311997,	-0.02189,	-0.369026,	-0.4732,	0.59547,	-0.03528,	50347,	-254,	5,	-426,	50377,	133,	-56,	-137,	50287,	58,	-29,	-331,	
2,	2,	253922,	1.65255e+015,	0,	-4,	-4,	-7,	-1,	0,	-1,	0,	1.65255e+009,	-0.630509,	-0.442288,	-0.31202,	-0.0608608,	-0.643042,	-0.189435,	-0.0207205,	0.0980821,	-0.720689,	-0.134716,	-0.0170943,	-0.0162558,	-0.825038,	-0.0984626,	-0.0136363,	-0.0650463,	-0.824568,	-0.311997,	-0.02189,	-0.369026,	-0.4732,	0.59547,	-0.03528,	50357,	-253,	5,	-426,	50387,	133,	-56,	-137,	50297,	58,	-30,	-330,	
2,	2,	254000,	1.65255e+015,	-4,	-7,	-9,	-7,	-4,	-4,	-3,	-2,	1.65255e+009,	-0.630509,	-0.442288,	-0.31202,	-0.0608608,	-0.643042,	-0.189435,	-0.0207205,	0.0980821,	-0.720689,	-0.134716,	-0.0170943,	-0.0162558,	-0.825038,	-0.0984626,	-0.0136363,	-0.0650463,	-0.824568,	-0.311997,	-0.02189,	-0.369026,	-0.4732,	0.59547,	-0.03528,	50367,	-255,	5,	-426,	50397,	133,	-57,	-137,	50307,	57,	-29,	-330,	
2,	2,	254079,	1.65255e+015,	0,	0,	15,	6,	0,	-2,	-1,	-2,	1.65255e+009,	-0.630509,	-0.442288,	-0.31202,	-0.0608608,	-0.643042,	-0.189435,	-0.0207205,	0.0980821,	-0.720689,	-0.134716,	-0.0170943,	-0.0162558,	-0.825038,	-0.0984626,	-0.0136363,	-0.0650463,	-0.824568,	-0.311997,	-0.02189,	-0.369026,	-0.4732,	0.59547,	-0.03528,	50377,	-253,	5,	-425,	50407,	133,	-56,	-137,	50317,	57,	-29,	-330,	
2,	2,	254157,	1.65255e+015,	-1,	0,	6,	-16,	-1,	0,	0,	0,	1.65255e+009,	-0.630509,	-0.442288,	-0.31202,	-0.0608608,	-0.643042,	-0.189435,	-0.0207205,	0.0980821,	-0.720689,	-0.134716,	-0.0170943,	-0.0162558,	-0.825038,	-0.0984626,	-0.0136363,	-0.0650463,	-0.824568,	-0.311997,	-0.02189,	-0.369026,	-0.4732,	0.59547,	-0.03528,	50387,	-254,	5,	-425,	50417,	133,	-57,	-137,	50327,	57,	-29,	-330,	
2,	2,	254235,	1.65255e+015,	2,	0,	12,	-1,	-1,	1,	-1,	-3,	1.65255e+009,	-0.630509,	-0.442288,	-0.31202,	-0.0608608,	-0.643042,	-0.189435,	-0.0207205,	0.0980821,	-0.720689,	-0.134716,	-0.0170943,	-0.0162558,	-0.825038,	-0.0984626,	-0.0136363,	-0.0650463,	-0.824568,	-0.311997,	-0.02189,	-0.369026,	-0.4732,	0.59547,	-0.03528,	50397,	-254,	5,	-424,	50427,	133,	-56,	-137,	50337,	58,	-29,	-330,	
2,	2,	254313,	1.65255e+015,	4,	13,	4,	-2,	6,	0,	1,	4,	1.65255e+009,	-0.630509,	-0.442288,	-0.31202,	-0.0608608,	-0.643042,	-0.189435,	-0.0207205,	0.0980821,	-0.720689,	-0.134716,	-0.0170943,	-0.0162558,	-0.825038,	-0.0984626,	-0.0136363,	-0.0650463,	-0.824568,	-0.311997,	-0.02189,	-0.369026,	-0.4732,	0.59547,	-0.03528,	50407,	-254,	5,	-423,	50437,	132,	-57,	-137,	50347,	57,	-29,	-330,	
2,	2,	254391,	1.65255e+015,	-1,	-11,	-17,	-2,	-2,	-2,	-1,	1,	1.65255e+009,	-0.630509,	-0.442288,	-0.31202,	-0.0608608,	-0.643042,	-0.189435,	-0.0207205,	0.0980821,	-0.720689,	-0.134716,	-0.0170943,	-0.0162558,	-0.825038,	-0.0984626,	-0.0136363,	-0.0650463,	-0.824568,	-0.311997,	-0.02189,	-0.369026,	-0.4732,	0.59547,	-0.03528,	50417,	-255,	6,	-423,	50447,	133,	-57,	-137,	50357,	58,	-28,	-330,	
2,	2,	254469,	1.65255e+015,	-2,	-4,	-4,	-1,	-2,	-1,	-2,	0,	1.65255e+009,	-0.630509,	-0.442288,	-0.31202,	-0.0608608,	-0.643042,	-0.189435,	-0.0207205,	0.0980821,	-0.720689,	-0.134716,	-0.0170943,	-0.0162558,	-0.825038,	-0.0984626,	-0.0136363,	-0.0650463,	-0.824568,	-0.311997,	-0.02189,	-0.369026,	-0.4732,	0.59547,	-0.03528,	50427,	-255,	6,	-423,	50457,	132,	-57,	-136,	50367,	57,	-28,	-330,	
2,	2,	254547,	1.65255e+015,	-4,	-10,	7,	-10,	-1,	1,	1,	1,	1.65255e+009,	-0.630509,	-0.442288,	-0.31202,	-0.0608608,	-0.643042,	-0.189435,	-0.0207205,	0.0980821,	-0.720689,	-0.134716,	-0.0170943,	-0.0162558,	-0.825038,	-0.0984626,	-0.0136363,	-0.0650463,	-0.824568,	-0.311997,	-0.02189,	-0.369026,	-0.4732,	0.59547,	-0.03528,	50437,	-255,	6,	-423,	50467,	132,	-57,	-136,	50377,	57,	-29,	-330,	
2,	2,	254641,	1.65255e+015,	-2,	-5,	-16,	-7,	2,	0,	0,	4,	1.65255e+009,	-0.630509,	-0.442288,	-0.31202,	-0.0608608,	-0.643042,	-0.189435,	-0.0207205,	0.0980821,	-0.720689,	-0.134716,	-0.0170943,	-0.0162558,	-0.825038,	-0.0984626,	-0.0136363,	-0.0650463,	-0.824568,	-0.311997,	-0.02189,	-0.369026,	-0.4732,	0.59547,	-0.03528,	50447,	-254,	7,	-423,	50477,	133,	-57,	-136,	50387,	57,	-29,	-330,	
2,	2,	254719,	1.65255e+015,	0,	6,	1,	-3,	-1,	-2,	0,	-1,	1.65255e+009,	-0.630509,	-0.442288,	-0.31202,	-0.0608608,	-0.643042,	-0.189435,	-0.0207205,	0.0980821,	-0.720689,	-0.134716,	-0.0170943,	-0.0162558,	-0.825038,	-0.0984626,	-0.0136363,	-0.0650463,	-0.824568,	-0.311997,	-0.02189,	-0.369026,	-0.4732,	0.59547,	-0.03528,	50457,	-256,	6,	-423,	50487,	132,	-57,	-136,	50397,	57,	-30,	-330,	
