1,	14,	230360,	1.65255e+015,	-3,	-7,	-25,	-15,	-4,	-3,	-3,	-1,	1.65255e+009,	-0.630509,	-0.245168,	-0.245984,	-0.0608608,	-0.675074,	-0.0824958,	-0.0118465,	0.109154,	-0.657609,	0.0249475,	0.00444024,	-0.014056,	-0.803355,	-0.133945,	-0.0170294,	-0.0805885,	-0.714918,	-0.32481,	-0.0214572,	-0.366826,	-0.3822,	0.57821,	-0.03528,	27917,	-269,	0,	-408,	27947,	128,	-62,	-135,	27877,	54,	-32,	-324,	
1,	14,	230438,	1.65255e+015,	-2,	2,	19,	-10,	0,	0,	0,	-2,	1.65255e+009,	-0.630509,	-0.245168,	-0.245984,	-0.0608608,	-0.675074,	-0.0824958,	-0.0118465,	0.109154,	-0.657609,	0.0249475,	0.00444024,	-0.014056,	-0.803355,	-0.133945,	-0.0170294,	-0.0805885,	-0.714918,	-0.32481,	-0.0214572,	-0.366826,	-0.3822,	0.57821,	-0.03528,	27927,	-270,	0,	-407,	27957,	128,	-62,	-135,	27887,	54,	-33,	-324,	
1,	14,	230500,	1.65255e+015,	-3,	2,	26,	12,	0,	0,	0,	0,	1.65255e+009,	-0.630509,	-0.245168,	-0.245984,	-0.0608608,	-0.675074,	-0.0824958,	-0.0118465,	0.109154,	-0.657609,	0.0249475,	0.00444024,	-0.014056,	-0.803355,	-0.133945,	-0.0170294,	-0.0805885,	-0.714918,	-0.32481,	-0.0214572,	-0.366826,	-0.3822,	0.57821,	-0.03528,	27937,	-269,	1,	-407,	27967,	126,	-62,	-135,	27897,	56,	-32,	-324,	
1,	14,	230579,	1.65255e+015,	-2,	-1,	-12,	-3,	-2,	-2,	-1,	-1,	1.65255e+009,	-0.630509,	-0.245168,	-0.245984,	-0.0608608,	-0.675074,	-0.0824958,	-0.0118465,	0.109154,	-0.657609,	0.0249475,	0.00444024,	-0.014056,	-0.803355,	-0.133945,	-0.0170294,	-0.0805885,	-0.714918,	-0.32481,	-0.0214572,	-0.366826,	-0.3822,	0.57821,	-0.03528,	27947,	-269,	1,	-408,	27977,	125,	-62,	-135,	27907,	54,	-33,	-324,	
1,	14,	230657,	1.65255e+015,	-6,	-7,	-24,	-4,	-4,	-6,	-1,	-3,	1.65255e+009,	-0.630509,	-0.245168,	-0.245984,	-0.0608608,	-0.675074,	-0.0824958,	-0.0118465,	0.109154,	-0.657609,	0.0249475,	0.00444024,	-0.014056,	-0.803355,	-0.133945,	-0.0170294,	-0.0805885,	-0.714918,	-0.32481,	-0.0214572,	-0.366826,	-0.3822,	0.57821,	-0.03528,	27957,	-268,	0,	-409,	27987,	126,	-62,	-136,	27917,	55,	-33,	-323,	
1,	14,	230735,	1.65255e+015,	0,	4,	-9,	8,	0,	1,	0,	-1,	1.65255e+009,	-0.630509,	-0.245168,	-0.245984,	-0.0608608,	-0.675074,	-0.0824958,	-0.0118465,	0.109154,	-0.657609,	0.0249475,	0.00444024,	-0.014056,	-0.803355,	-0.133945,	-0.0170294,	-0.0805885,	-0.714918,	-0.32481,	-0.0214572,	-0.366826,	-0.3822,	0.57821,	-0.03528,	27967,	-268,	0,	-409,	27997,	127,	-62,	-136,	27927,	54,	-34,	-323,	
1,	14,	230797,	1.65255e+015,	5,	1,	13,	-2,	1,	0,	-1,	0,	1.65255e+009,	-0.630509,	-0.245168,	-0.245984,	-0.0608608,	-0.675074,	-0.0824958,	-0.0118465,	0.109154,	-0.657609,	0.0249475,	0.00444024,	-0.014056,	-0.803355,	-0.133945,	-0.0170294,	-0.0805885,	-0.714918,	-0.32481,	-0.0214572,	-0.366826,	-0.3822,	0.57821,	-0.03528,	27977,	-268,	0,	-408,	28007,	127,	-63,	-136,	27937,	53,	-34,	-322,	
1,	14,	230875,	1.65255e+015,	-3,	-1,	12,	-7,	-4,	-4,	-2,	-3,	1.65255e+009,	-0.630509,	-0.245168,	-0.245984,	-0.0608608,	-0.675074,	-0.0824958,	-0.0118465,	0.109154,	-0.657609,	0.0249475,	0.00444024,	-0.014056,	-0.803355,	-0.133945,	-0.0170294,	-0.0805885,	-0.714918,	-0.32481,	-0.0214572,	-0.366826,	-0.3822,	0.57821,	-0.03528,	27987,	-268,	1,	-409,	28017,	127,	-62,	-136,	27947,	54,	-33,	-321,	
1,	14,	230954,	1.65255e+015,	0,	1,	5,	7,	0,	-1,	-1,	0,	1.65255e+009,	-0.630509,	-0.245168,	-0.245984,	-0.0608608,	-0.675074,	-0.0824958,	-0.0118465,	0.109154,	-0.657609,	0.0249475,	0.00444024,	-0.014056,	-0.803355,	-0.133945,	-0.0170294,	-0.0805885,	-0.714918,	-0.32481,	-0.0214572,	-0.366826,	-0.3822,	0.57821,	-0.03528,	27997,	-269,	0,	-407,	28027,	127,	-63,	-135,	27957,	53,	-33,	-321,	
1,	14,	231032,	1.65255e+015,	0,	5,	-6,	5,	1,	1,	0,	0,	1.65255e+009,	-0.630509,	-0.245168,	-0.245984,	-0.0608608,	-0.675074,	-0.0824958,	-0.0118465,	0.109154,	-0.657609,	0.0249475,	0.00444024,	-0.014056,	-0.803355,	-0.133945,	-0.0170294,	-0.0805885,	-0.714918,	-0.32481,	-0.0214572,	-0.366826,	-0.3822,	0.57821,	-0.03528,	28007,	-271,	0,	-405,	28037,	126,	-62,	-135,	27967,	54,	-32,	-321,	
1,	14,	231110,	1.65255e+015,	-2,	-1,	11,	3,	0,	0,	0,	0,	1.65255e+009,	-0.630509,	-0.245168,	-0.245984,	-0.0608608,	-0.675074,	-0.0824958,	-0.0118465,	0.109154,	-0.657609,	0.0249475,	0.00444024,	-0.014056,	-0.803355,	-0.133945,	-0.0170294,	-0.0805885,	-0.714918,	-0.32481,	-0.0214572,	-0.366826,	-0.3822,	0.57821,	-0.03528,	28017,	-272,	0,	-404,	28047,	127,	-62,	-135,	27977,	53,	-33,	-322,	
1,	14,	231204,	1.65255e+015,	2,	-3,	-51,	-18,	-1,	-1,	-1,	-1,	1.65255e+009,	-0.630509,	-0.245168,	-0.245984,	-0.0608608,	-0.675074,	-0.0824958,	-0.0118465,	0.109154,	-0.657609,	0.0249475,	0.00444024,	-0.014056,	-0.803355,	-0.133945,	-0.0170294,	-0.0805885,	-0.714918,	-0.32481,	-0.0214572,	-0.366826,	-0.3822,	0.57821,	-0.03528,	28027,	-273,	-2,	-402,	28057,	125,	-62,	-135,	27987,	53,	-31,	-322,	
1,	14,	231282,	1.65255e+015,	0,	-1,	0,	6,	2,	0,	-1,	-1,	1.65255e+009,	-0.630509,	-0.245168,	-0.245984,	-0.0608608,	-0.675074,	-0.0824958,	-0.0118465,	0.109154,	-0.657609,	0.0249475,	0.00444024,	-0.014056,	-0.803355,	-0.133945,	-0.0170294,	-0.0805885,	-0.714918,	-0.32481,	-0.0214572,	-0.366826,	-0.3822,	0.57821,	-0.03528,	28037,	-275,	-2,	-401,	28067,	125,	-61,	-134,	27997,	51,	-32,	-322,	
1,	14,	231375,	1.65255e+015,	-2,	-2,	1,	-5,	1,	0,	0,	-2,	1.65255e+009,	-0.630509,	-0.245168,	-0.245984,	-0.0608608,	-0.675074,	-0.0824958,	-0.0118465,	0.109154,	-0.657609,	0.0249475,	0.00444024,	-0.014056,	-0.803355,	-0.133945,	-0.0170294,	-0.0805885,	-0.714918,	-0.32481,	-0.0214572,	-0.366826,	-0.3822,	0.57821,	-0.03528,	28047,	-276,	-2,	-400,	28077,	122,	-61,	-132,	28007,	52,	-32,	-321,	
1,	14,	231454,	1.65255e+015,	-1,	0,	-17,	1,	-1,	0,	1,	0,	1.65255e+009,	-0.630509,	-0.245168,	-0.245984,	-0.0608608,	-0.675074,	-0.0824958,	-0.0118465,	0.109154,	-0.657609,	0.0249475,	0.00444024,	-0.014056,	-0.803355,	-0.133945,	-0.0170294,	-0.0805885,	-0.714918,	-0.32481,	-0.0214572,	-0.366826,	-0.3822,	0.57821,	-0.03528,	28057,	-278,	-1,	-398,	28087,	122,	-61,	-131,	28017,	52,	-32,	-321,	
1,	14,	231532,	1.65255e+015,	1,	13,	8,	5,	-2,	0,	1,	1,	1.65255e+009,	-0.630509,	-0.245168,	-0.245984,	-0.0608608,	-0.675074,	-0.0824958,	-0.0118465,	0.109154,	-0.657609,	0.0249475,	0.00444024,	-0.014056,	-0.803355,	-0.133945,	-0.0170294,	-0.0805885,	-0.714918,	-0.32481,	-0.0214572,	-0.366826,	-0.3822,	0.57821,	-0.03528,	28067,	-280,	-1,	-396,	28097,	122,	-62,	-129,	28027,	51,	-33,	-320,	
1,	14,	231610,	1.65255e+015,	3,	1,	-5,	-7,	3,	0,	0,	0,	1.65255e+009,	-0.630509,	-0.245168,	-0.245984,	-0.0608608,	-0.675074,	-0.0824958,	-0.0118465,	0.109154,	-0.657609,	0.0249475,	0.00444024,	-0.014056,	-0.803355,	-0.133945,	-0.0170294,	-0.0805885,	-0.714918,	-0.32481,	-0.0214572,	-0.366826,	-0.3822,	0.57821,	-0.03528,	28077,	-282,	-1,	-393,	28107,	121,	-63,	-127,	28037,	52,	-31,	-319,	
1,	14,	231688,	1.65255e+015,	-1,	-3,	-19,	-1,	-1,	-3,	-1,	-1,	1.65255e+009,	-0.630509,	-0.245168,	-0.245984,	-0.0608608,	-0.675074,	-0.0824958,	-0.0118465,	0.109154,	-0.657609,	0.0249475,	0.00444024,	-0.014056,	-0.803355,	-0.133945,	-0.0170294,	-0.0805885,	-0.714918,	-0.32481,	-0.0214572,	-0.366826,	-0.3822,	0.57821,	-0.03528,	28087,	-284,	-2,	-391,	28117,	122,	-64,	-126,	28047,	52,	-32,	-317,	
1,	14,	231766,	1.65255e+015,	-2,	0,	-8,	-22,	-3,	-2,	-3,	-2,	1.65255e+009,	-0.630509,	-0.245168,	-0.245984,	-0.0608608,	-0.675074,	-0.0824958,	-0.0118465,	0.109154,	-0.657609,	0.0249475,	0.00444024,	-0.014056,	-0.803355,	-0.133945,	-0.0170294,	-0.0805885,	-0.714918,	-0.32481,	-0.0214572,	-0.366826,	-0.3822,	0.57821,	-0.03528,	28097,	-285,	-3,	-388,	28127,	122,	-65,	-125,	28057,	52,	-33,	-315,	
1,	14,	231844,	1.65255e+015,	-1,	2,	5,	-1,	-2,	0,	-1,	0,	1.65255e+009,	-0.630509,	-0.245168,	-0.245984,	-0.0608608,	-0.675074,	-0.0824958,	-0.0118465,	0.109154,	-0.657609,	0.0249475,	0.00444024,	-0.014056,	-0.803355,	-0.133945,	-0.0170294,	-0.0805885,	-0.714918,	-0.32481,	-0.0214572,	-0.366826,	-0.3822,	0.57821,	-0.03528,	28107,	-287,	-1,	-386,	28137,	121,	-64,	-123,	28067,	50,	-32,	-314,	
1,	14,	231922,	1.65255e+015,	-1,	-2,	15,	0,	-1,	-2,	0,	-3,	1.65255e+009,	-0.630509,	-0.245168,	-0.245984,	-0.0608608,	-0.675074,	-0.0824958,	-0.0118465,	0.109154,	-0.657609,	0.0249475,	0.00444024,	-0.014056,	-0.803355,	-0.133945,	-0.0170294,	-0.0805885,	-0.714918,	-0.32481,	-0.0214572,	-0.366826,	-0.3822,	0.57821,	-0.03528,	28117,	-289,	-3,	-383,	28147,	121,	-65,	-121,	28077,	50,	-34,	-311,	
1,	14,	232000,	1.65255e+015,	-2,	4,	-5,	6,	-2,	-2,	-2,	-1,	1.65255e+009,	-0.630509,	-0.245168,	-0.245984,	-0.0608608,	-0.675074,	-0.0824958,	-0.0118465,	0.109154,	-0.657609,	0.0249475,	0.00444024,	-0.014056,	-0.803355,	-0.133945,	-0.0170294,	-0.0805885,	-0.714918,	-0.32481,	-0.0214572,	-0.366826,	-0.3822,	0.57821,	-0.03528,	28127,	-291,	-2,	-379,	28157,	121,	-64,	-119,	28087,	50,	-34,	-310,	
1,	14,	232079,	1.65255e+015,	-2,	4,	31,	14,	-2,	-4,	-2,	-3,	1.65255e+009,	-0.630509,	-0.245168,	-0.245984,	-0.0608608,	-0.675074,	-0.0824958,	-0.0118465,	0.109154,	-0.657609,	0.0249475,	0.00444024,	-0.014056,	-0.803355,	-0.133945,	-0.0170294,	-0.0805885,	-0.714918,	-0.32481,	-0.0214572,	-0.366826,	-0.3822,	0.57821,	-0.03528,	28137,	-294,	-2,	-376,	28167,	120,	-64,	-117,	28097,	50,	-35,	-309,	
1,	14,	232157,	1.65255e+015,	0,	1,	-13,	-3,	-1,	-1,	-2,	-10,	1.65255e+009,	-0.630509,	-0.245168,	-0.245984,	-0.0608608,	-0.675074,	-0.0824958,	-0.0118465,	0.109154,	-0.657609,	0.0249475,	0.00444024,	-0.014056,	-0.803355,	-0.133945,	-0.0170294,	-0.0805885,	-0.714918,	-0.32481,	-0.0214572,	-0.366826,	-0.3822,	0.57821,	-0.03528,	28147,	-295,	-3,	-374,	28177,	119,	-65,	-116,	28107,	50,	-36,	-308,	
1,	14,	232219,	1.65255e+015,	2,	2,	-3,	1,	0,	1,	0,	0,	1.65255e+009,	-0.630509,	-0.245168,	-0.245984,	-0.0608608,	-0.675074,	-0.0824958,	-0.0118465,	0.109154,	-0.657609,	0.0249475,	0.00444024,	-0.014056,	-0.803355,	-0.133945,	-0.0170294,	-0.0805885,	-0.714918,	-0.32481,	-0.0214572,	-0.366826,	-0.3822,	0.57821,	-0.03528,	28157,	-297,	-2,	-371,	28187,	119,	-66,	-114,	28117,	49,	-37,	-306,	
1,	14,	232297,	1.65255e+015,	-6,	-11,	-36,	-15,	-5,	-4,	-3,	-3,	1.65255e+009,	-0.630509,	-0.245168,	-0.245984,	-0.0608608,	-0.675074,	-0.0824958,	-0.0118465,	0.109154,	-0.657609,	0.0249475,	0.00444024,	-0.014056,	-0.803355,	-0.133945,	-0.0170294,	-0.0805885,	-0.714918,	-0.32481,	-0.0214572,	-0.366826,	-0.3822,	0.57821,	-0.03528,	28167,	-298,	-2,	-370,	28197,	120,	-66,	-113,	28127,	49,	-38,	-304,	
1,	14,	232375,	1.65255e+015,	2,	4,	0,	2,	-1,	-1,	-2,	-9,	1.65255e+009,	-0.630509,	-0.245168,	-0.245984,	-0.0608608,	-0.675074,	-0.0824958,	-0.0118465,	0.109154,	-0.657609,	0.0249475,	0.00444024,	-0.014056,	-0.803355,	-0.133945,	-0.0170294,	-0.0805885,	-0.714918,	-0.32481,	-0.0214572,	-0.366826,	-0.3822,	0.57821,	-0.03528,	28177,	-299,	-2,	-368,	28207,	121,	-65,	-112,	28137,	48,	-37,	-302,	
1,	14,	232438,	1.65255e+015,	-2,	-3,	-5,	-7,	2,	-1,	1,	0,	1.65255e+009,	-0.630509,	-0.245168,	-0.245984,	-0.0608608,	-0.675074,	-0.0824958,	-0.0118465,	0.109154,	-0.657609,	0.0249475,	0.00444024,	-0.014056,	-0.803355,	-0.133945,	-0.0170294,	-0.0805885,	-0.714918,	-0.32481,	-0.0214572,	-0.366826,	-0.3822,	0.57821,	-0.03528,	28187,	-300,	-2,	-368,	28217,	120,	-66,	-111,	28147,	47,	-38,	-300,	
1,	14,	232516,	1.65255e+015,	-1,	-2,	6,	2,	0,	0,	1,	1,	1.65255e+009,	-0.630509,	-0.245168,	-0.245984,	-0.0608608,	-0.675074,	-0.0824958,	-0.0118465,	0.109154,	-0.657609,	0.0249475,	0.00444024,	-0.014056,	-0.803355,	-0.133945,	-0.0170294,	-0.0805885,	-0.714918,	-0.32481,	-0.0214572,	-0.366826,	-0.3822,	0.57821,	-0.03528,	28197,	-300,	-1,	-367,	28227,	120,	-65,	-111,	28157,	47,	-39,	-298,	
1,	14,	232594,	1.65255e+015,	1,	13,	14,	4,	1,	-1,	1,	2,	1.65255e+009,	-0.630509,	-0.245168,	-0.245984,	-0.0608608,	-0.675074,	-0.0824958,	-0.0118465,	0.109154,	-0.657609,	0.0249475,	0.00444024,	-0.014056,	-0.803355,	-0.133945,	-0.0170294,	-0.0805885,	-0.714918,	-0.32481,	-0.0214572,	-0.366826,	-0.3822,	0.57821,	-0.03528,	28207,	-301,	-2,	-365,	28237,	119,	-66,	-110,	28167,	47,	-40,	-297,	
1,	14,	232672,	1.65255e+015,	-2,	-5,	-15,	-9,	-1,	2,	1,	-1,	1.65255e+009,	-0.630509,	-0.245168,	-0.245984,	-0.0608608,	-0.675074,	-0.0824958,	-0.0118465,	0.109154,	-0.657609,	0.0249475,	0.00444024,	-0.014056,	-0.803355,	-0.133945,	-0.0170294,	-0.0805885,	-0.714918,	-0.32481,	-0.0214572,	-0.366826,	-0.3822,	0.57821,	-0.03528,	28217,	-302,	-1,	-364,	28247,	119,	-66,	-109,	28177,	48,	-39,	-295,	
1,	14,	232735,	1.65255e+015,	-1,	-4,	-7,	-6,	0,	1,	0,	0,	1.65255e+009,	-0.630509,	-0.245168,	-0.245984,	-0.0608608,	-0.675074,	-0.0824958,	-0.0118465,	0.109154,	-0.657609,	0.0249475,	0.00444024,	-0.014056,	-0.803355,	-0.133945,	-0.0170294,	-0.0805885,	-0.714918,	-0.32481,	-0.0214572,	-0.366826,	-0.3822,	0.57821,	-0.03528,	28227,	-302,	-1,	-364,	28257,	119,	-65,	-109,	28187,	47,	-39,	-294,	
1,	14,	232813,	1.65255e+015,	-4,	0,	25,	9,	1,	-1,	-1,	0,	1.65255e+009,	-0.630509,	-0.245168,	-0.245984,	-0.0608608,	-0.675074,	-0.0824958,	-0.0118465,	0.109154,	-0.657609,	0.0249475,	0.00444024,	-0.014056,	-0.803355,	-0.133945,	-0.0170294,	-0.0805885,	-0.714918,	-0.32481,	-0.0214572,	-0.366826,	-0.3822,	0.57821,	-0.03528,	28237,	-302,	-3,	-364,	28267,	119,	-66,	-109,	28197,	46,	-40,	-293,	
1,	14,	232891,	1.65255e+015,	0,	2,	14,	6,	0,	-2,	-1,	-2,	1.65255e+009,	-0.630509,	-0.245168,	-0.245984,	-0.0608608,	-0.675074,	-0.0824958,	-0.0118465,	0.109154,	-0.657609,	0.0249475,	0.00444024,	-0.014056,	-0.803355,	-0.133945,	-0.0170294,	-0.0805885,	-0.714918,	-0.32481,	-0.0214572,	-0.366826,	-0.3822,	0.57821,	-0.03528,	28247,	-303,	-2,	-364,	28277,	120,	-66,	-109,	28207,	46,	-39,	-292,	
1,	14,	232954,	1.65255e+015,	-1,	-3,	-8,	-11,	0,	0,	-1,	0,	1.65255e+009,	-0.630509,	-0.245168,	-0.245984,	-0.0608608,	-0.675074,	-0.0824958,	-0.0118465,	0.109154,	-0.657609,	0.0249475,	0.00444024,	-0.014056,	-0.803355,	-0.133945,	-0.0170294,	-0.0805885,	-0.714918,	-0.32481,	-0.0214572,	-0.366826,	-0.3822,	0.57821,	-0.03528,	28257,	-302,	-2,	-364,	28287,	120,	-65,	-109,	28217,	46,	-41,	-291,	
1,	14,	233032,	1.65255e+015,	3,	6,	-12,	-2,	2,	1,	0,	-3,	1.65255e+009,	-0.630509,	-0.245168,	-0.245984,	-0.0608608,	-0.675074,	-0.0824958,	-0.0118465,	0.109154,	-0.657609,	0.0249475,	0.00444024,	-0.014056,	-0.803355,	-0.133945,	-0.0170294,	-0.0805885,	-0.714918,	-0.32481,	-0.0214572,	-0.366826,	-0.3822,	0.57821,	-0.03528,	28267,	-301,	-2,	-364,	28297,	121,	-66,	-109,	28227,	46,	-40,	-291,	
1,	14,	233094,	1.65255e+015,	1,	-2,	-1,	-13,	0,	-1,	1,	-1,	1.65255e+009,	-0.630509,	-0.245168,	-0.245984,	-0.0608608,	-0.675074,	-0.0824958,	-0.0118465,	0.109154,	-0.657609,	0.0249475,	0.00444024,	-0.014056,	-0.803355,	-0.133945,	-0.0170294,	-0.0805885,	-0.714918,	-0.32481,	-0.0214572,	-0.366826,	-0.3822,	0.57821,	-0.03528,	28277,	-302,	0,	-365,	28307,	121,	-66,	-109,	28237,	47,	-41,	-291,	
1,	14,	233157,	1.65255e+015,	-2,	-4,	-1,	-5,	-3,	-1,	-1,	-1,	1.65255e+009,	-0.630509,	-0.245168,	-0.245984,	-0.0608608,	-0.675074,	-0.0824958,	-0.0118465,	0.109154,	-0.657609,	0.0249475,	0.00444024,	-0.014056,	-0.803355,	-0.133945,	-0.0170294,	-0.0805885,	-0.714918,	-0.32481,	-0.0214572,	-0.366826,	-0.3822,	0.57821,	-0.03528,	28287,	-303,	-2,	-365,	28317,	119,	-66,	-108,	28247,	47,	-41,	-290,	
1,	14,	233235,	1.65255e+015,	0,	-2,	-4,	1,	0,	0,	1,	-1,	1.65255e+009,	-0.630509,	-0.245168,	-0.245984,	-0.0608608,	-0.675074,	-0.0824958,	-0.0118465,	0.109154,	-0.657609,	0.0249475,	0.00444024,	-0.014056,	-0.803355,	-0.133945,	-0.0170294,	-0.0805885,	-0.714918,	-0.32481,	-0.0214572,	-0.366826,	-0.3822,	0.57821,	-0.03528,	28297,	-302,	-1,	-366,	28327,	120,	-65,	-108,	28257,	46,	-41,	-291,	
1,	14,	233297,	1.65255e+015,	-4,	-8,	-23,	20,	0,	-1,	-2,	0,	1.65255e+009,	-0.630509,	-0.245168,	-0.245984,	-0.0608608,	-0.675074,	-0.0824958,	-0.0118465,	0.109154,	-0.657609,	0.0249475,	0.00444024,	-0.014056,	-0.803355,	-0.133945,	-0.0170294,	-0.0805885,	-0.714918,	-0.32481,	-0.0214572,	-0.366826,	-0.3822,	0.57821,	-0.03528,	28307,	-303,	-1,	-366,	28337,	120,	-66,	-109,	28267,	47,	-41,	-290,	
2,	14,	233407,	1.65255e+015,	3,	7,	-11,	-10,	-2,	-2,	-3,	-10,	1.65255e+009,	-0.630509,	-0.245168,	-0.245984,	-0.0608608,	-0.675074,	-0.0824958,	-0.0118465,	0.109154,	-0.657609,	0.0249475,	0.00444024,	-0.014056,	-0.803355,	-0.133945,	-0.0170294,	-0.0805885,	-0.714918,	-0.32481,	-0.0214572,	-0.366826,	-0.3822,	0.57821,	-0.03528,	28317,	-303,	-1,	-366,	28347,	119,	-65,	-108,	28277,	47,	-41,	-290,	
2,	14,	233485,	1.65255e+015,	0,	0,	6,	0,	-1,	-2,	0,	-3,	1.65255e+009,	-0.630509,	-0.245168,	-0.245984,	-0.0608608,	-0.675074,	-0.0824958,	-0.0118465,	0.109154,	-0.657609,	0.0249475,	0.00444024,	-0.014056,	-0.803355,	-0.133945,	-0.0170294,	-0.0805885,	-0.714918,	-0.32481,	-0.0214572,	-0.366826,	-0.3822,	0.57821,	-0.03528,	28327,	-303,	-2,	-365,	28357,	119,	-65,	-108,	28287,	46,	-41,	-290,	
2,	14,	233563,	1.65255e+015,	0,	-5,	-26,	-6,	0,	-2,	-1,	1,	1.65255e+009,	-0.630509,	-0.245168,	-0.245984,	-0.0608608,	-0.675074,	-0.0824958,	-0.0118465,	0.109154,	-0.657609,	0.0249475,	0.00444024,	-0.014056,	-0.803355,	-0.133945,	-0.0170294,	-0.0805885,	-0.714918,	-0.32481,	-0.0214572,	-0.366826,	-0.3822,	0.57821,	-0.03528,	28337,	-303,	-2,	-364,	28367,	119,	-65,	-108,	28297,	47,	-40,	-290,	
2,	14,	233625,	1.65255e+015,	0,	3,	22,	7,	0,	0,	1,	-2,	1.65255e+009,	-0.630509,	-0.245168,	-0.245984,	-0.0608608,	-0.675074,	-0.0824958,	-0.0118465,	0.109154,	-0.657609,	0.0249475,	0.00444024,	-0.014056,	-0.803355,	-0.133945,	-0.0170294,	-0.0805885,	-0.714918,	-0.32481,	-0.0214572,	-0.366826,	-0.3822,	0.57821,	-0.03528,	28347,	-304,	-1,	-362,	28377,	120,	-65,	-107,	28307,	47,	-41,	-290,	
2,	14,	233688,	1.65255e+015,	-5,	-4,	28,	16,	-2,	-1,	-1,	-1,	1.65255e+009,	-0.630509,	-0.245168,	-0.245984,	-0.0608608,	-0.675074,	-0.0824958,	-0.0118465,	0.109154,	-0.657609,	0.0249475,	0.00444024,	-0.014056,	-0.803355,	-0.133945,	-0.0170294,	-0.0805885,	-0.714918,	-0.32481,	-0.0214572,	-0.366826,	-0.3822,	0.57821,	-0.03528,	28357,	-305,	-1,	-361,	28387,	120,	-65,	-107,	28317,	47,	-41,	-289,	
2,	14,	233782,	1.65255e+015,	-14,	14,	1,	-12,	4,	2,	1,	11,	1.65255e+009,	-0.630509,	-0.245168,	-0.245984,	-0.0608608,	-0.675074,	-0.0824958,	-0.0118465,	0.109154,	-0.657609,	0.0249475,	0.00444024,	-0.014056,	-0.803355,	-0.133945,	-0.0170294,	-0.0805885,	-0.714918,	-0.32481,	-0.0214572,	-0.366826,	-0.3822,	0.57821,	-0.03528,	28367,	-304,	-2,	-361,	28397,	120,	-65,	-107,	28327,	47,	-40,	-289,	
2,	14,	233860,	1.65255e+015,	28,	15,	-6,	3,	5,	0,	1,	6,	1.65255e+009,	-0.630509,	-0.245168,	-0.245984,	-0.0608608,	-0.675074,	-0.0824958,	-0.0118465,	0.109154,	-0.657609,	0.0249475,	0.00444024,	-0.014056,	-0.803355,	-0.133945,	-0.0170294,	-0.0805885,	-0.714918,	-0.32481,	-0.0214572,	-0.366826,	-0.4459,	0.57821,	-0.03528,	28377,	-305,	-2,	-361,	28407,	120,	-66,	-107,	28337,	46,	-42,	-289,	
2,	14,	233938,	1.65255e+015,	20,	-1,	-10,	18,	-1,	-4,	1,	4,	1.65255e+009,	-0.480209,	-0.343728,	-0.245984,	-0.0855008,	-0.594994,	-0.0824958,	-0.0118465,	0.0592014,	-0.657609,	0.0249475,	0.00444024,	-0.0307385,	-0.716623,	0.0434654,	0.00799367,	0.00326704,	-0.495618,	-0.32481,	-0.0214572,	-0.282971,	-0.6279,	0.57821,	-0.03528,	28387,	-305,	0,	-360,	28417,	121,	-66,	-107,	28347,	47,	-41,	-288,	
2,	14,	234016,	1.65255e+015,	-2,	0,	-27,	-21,	-5,	-4,	0,	-5,	1.65255e+009,	-0.299849,	-0.343728,	-0.245984,	-0.0855008,	-0.514914,	-0.0824958,	-0.0118465,	0.0145119,	-0.484139,	0.0249475,	0.00444024,	-0.035504,	-0.608208,	0.0434654,	0.00799367,	0.0576415,	-0.407898,	-0.19668,	-0.021057,	-0.1458,	-0.728,	0.53506,	-0.03528,	28397,	-304,	-1,	-360,	28427,	120,	-65,	-107,	28357,	46,	-42,	-289,	
2,	14,	234079,	1.65255e+015,	5,	-8,	44,	24,	-1,	0,	0,	-4,	1.65255e+009,	-0.224699,	-0.466928,	-0.245984,	-0.0855008,	-0.434834,	-0.0213878,	-0.00348955,	-0.00783291,	-0.389519,	0.0249475,	0.00444024,	-0.0378868,	-0.608208,	0.0434654,	0.00799367,	0.0848287,	-0.298248,	-0.19668,	-0.021057,	-0.118613,	-0.728,	0.53506,	-0.03528,	28407,	-305,	-1,	-361,	28437,	120,	-65,	-107,	28367,	47,	-42,	-288,	
2,	14,	234157,	1.65255e+015,	-12,	-10,	21,	-15,	-5,	-3,	0,	-9,	1.65255e+009,	-0.164579,	-0.466928,	-0.163439,	-0.0855008,	-0.37077,	-0.0213878,	-0.00348955,	-0.0235059,	-0.326439,	0.0249475,	0.00444024,	-0.0424699,	-0.521476,	0.0434654,	0.00799367,	0.109816,	-0.298248,	-0.145428,	-0.0179549,	-0.064056,	-0.7826,	0.53506,	-0.03528,	28417,	-304,	-2,	-361,	28447,	119,	-64,	-107,	28377,	47,	-42,	-288,	
2,	14,	234219,	1.65255e+015,	-9,	-7,	20,	15,	-1,	-2,	1,	-2,	1.65255e+009,	-0.0894285,	-0.466928,	-0.163439,	-0.0953568,	-0.306706,	-0.0213878,	-0.00348955,	-0.0235059,	-0.326439,	0.0249475,	0.00444024,	-0.0424699,	-0.521476,	0.0434654,	0.00799367,	0.109816,	-0.298248,	-0.145428,	-0.0179549,	-0.064056,	-0.7826,	0.50054,	-0.03528,	28427,	-305,	-2,	-361,	28457,	119,	-64,	-108,	28387,	47,	-42,	-289,	
2,	14,	234282,	1.65255e+015,	14,	6,	-2,	-8,	-1,	0,	-7,	3,	1.65255e+009,	-0.0293085,	-0.565488,	-0.163439,	-0.0953568,	-0.306706,	-0.0213878,	-0.00348955,	-0.0235059,	-0.326439,	0.0249475,	0.00444024,	-0.0424699,	-0.521476,	0.0434654,	0.00799367,	0.109816,	-0.298248,	-0.0941755,	-0.0131718,	-0.0404,	-0.7826,	0.50054,	-0.03528,	28437,	-305,	-2,	-362,	28467,	119,	-64,	-108,	28397,	47,	-42,	-289,	
2,	14,	234344,	1.65255e+015,	-9,	-15,	-49,	-36,	-11,	-6,	-4,	-4,	1.65255e+009,	-0.0293085,	-0.565488,	-0.163439,	-0.0953568,	-0.306706,	-0.0213878,	-0.00348955,	-0.0235059,	-0.326439,	0.0249475,	0.00444024,	-0.0424699,	-0.521476,	0.0434654,	0.00799367,	0.109816,	-0.298248,	-0.0941755,	-0.0131718,	-0.0404,	-0.7826,	0.50054,	-0.03528,	28447,	-307,	-3,	-362,	28477,	119,	-65,	-108,	28407,	48,	-43,	-289,	
2,	14,	234422,	1.65255e+015,	8,	-2,	-4,	-3,	1,	-1,	0,	-3,	1.65255e+009,	-0.0293085,	-0.565488,	-0.163439,	-0.0953568,	-0.306706,	-0.0213878,	-0.00348955,	-0.0235059,	-0.247589,	0.0249475,	0.00444024,	-0.0424699,	-0.434744,	0.0434654,	0.00799367,	0.109816,	-0.298248,	-0.0941755,	-0.0131718,	-0.0404,	-0.7826,	0.50054,	-0.03528,	28457,	-307,	-3,	-360,	28487,	119,	-65,	-108,	28417,	49,	-42,	-289,	
2,	14,	234500,	1.65255e+015,	-7,	-5,	24,	-3,	-4,	-3,	-3,	4,	1.65255e+009,	-0.0293085,	-0.565488,	-0.163439,	-0.0953568,	-0.306706,	-0.0213878,	-0.00348955,	-0.0235059,	-0.247589,	0.0249475,	0.00444024,	-0.0424699,	-0.434744,	0.0434654,	0.00799367,	0.109816,	-0.298248,	-0.0941755,	-0.0131718,	-0.0404,	-0.7826,	0.50054,	-0.03528,	28467,	-308,	-3,	-359,	28497,	119,	-65,	-108,	28427,	48,	-42,	-289,	
2,	14,	234563,	1.65255e+015,	11,	18,	15,	22,	2,	-1,	-1,	10,	1.65255e+009,	-0.0293085,	-0.565488,	-0.163439,	-0.0953568,	-0.306706,	-0.0213878,	-0.00348955,	-0.0235059,	-0.247589,	0.0249475,	0.00444024,	-0.0424699,	-0.434744,	0.0434654,	0.00799367,	0.109816,	-0.210528,	-0.0941755,	-0.0131718,	-0.0404,	-0.7826,	0.50054,	-0.03528,	28477,	-307,	-2,	-359,	28507,	120,	-65,	-108,	28437,	48,	-42,	-289,	
2,	14,	234625,	1.65255e+015,	-7,	-5,	-28,	-3,	0,	-2,	-6,	3,	1.65255e+009,	-0.0293085,	-0.565488,	-0.163439,	-0.0953568,	-0.306706,	-0.0213878,	-0.00348955,	-0.0235059,	-0.247589,	0.0249475,	0.00444024,	-0.0424699,	-0.434744,	0.0434654,	0.00799367,	0.109816,	-0.210528,	-0.0941755,	-0.0131718,	-0.0404,	-0.7826,	0.50054,	-0.03528,	28487,	-307,	-2,	-359,	28517,	119,	-64,	-107,	28447,	48,	-42,	-289,	
2,	14,	234704,	1.65255e+015,	41,	6,	9,	15,	-2,	-5,	-20,	11,	1.65255e+009,	-0.0293085,	-0.565488,	-0.163439,	-0.0953568,	-0.306706,	-0.0213878,	-0.00348955,	-0.0235059,	-0.247589,	0.0249475,	0.00444024,	-0.0424699,	-0.434744,	0.0434654,	0.00799367,	0.109816,	-0.210528,	-0.0941755,	-0.0131718,	-0.0404,	-0.7826,	0.50054,	-0.03528,	28497,	-307,	-2,	-358,	28527,	119,	-64,	-108,	28457,	48,	-43,	-289,	
2,	14,	234782,	1.65255e+015,	-2,	-13,	-8,	2,	-5,	-4,	-4,	2,	1.65255e+009,	-0.0293085,	-0.565488,	-0.163439,	-0.0953568,	-0.306706,	-0.0213878,	-0.00348955,	-0.0235059,	-0.247589,	0.0249475,	0.00444024,	-0.0424699,	-0.434744,	0.0434654,	0.00799367,	0.109816,	-0.210528,	-0.0941755,	-0.0131718,	-0.0404,	-0.7826,	0.50054,	-0.03528,	28507,	-306,	-1,	-357,	28537,	119,	-64,	-108,	28467,	47,	-42,	-289,	
2,	14,	234860,	1.65255e+015,	-1,	-10,	-37,	14,	-4,	-2,	5,	0,	1.65255e+009,	-0.0293085,	-0.565488,	-0.163439,	-0.0953568,	-0.306706,	-0.0213878,	-0.00348955,	-0.0235059,	-0.247589,	0.0249475,	0.00444024,	-0.0424699,	-0.434744,	0.0434654,	0.00799367,	0.109816,	-0.210528,	-0.0941755,	-0.0131718,	-0.0404,	-0.7826,	0.50054,	-0.03528,	28517,	-308,	-2,	-359,	28547,	119,	-64,	-108,	28477,	48,	-43,	-289,	
2,	14,	234938,	1.65255e+015,	14,	1,	11,	-3,	-2,	-2,	-3,	9,	1.65255e+009,	-0.0293085,	-0.565488,	-0.163439,	-0.0953568,	-0.306706,	-0.0213878,	-0.00348955,	-0.0235059,	-0.247589,	0.0249475,	0.00444024,	-0.0424699,	-0.434744,	0.0434654,	0.00799367,	0.109816,	-0.210528,	-0.0941755,	-0.0131718,	-0.0404,	-0.7826,	0.50054,	-0.03528,	28527,	-307,	-3,	-358,	28557,	120,	-64,	-109,	28487,	48,	-42,	-289,	
2,	14,	235000,	1.65255e+015,	1,	16,	43,	14,	3,	1,	-3,	-2,	1.65255e+009,	-0.0293085,	-0.565488,	-0.163439,	-0.0953568,	-0.306706,	-0.0213878,	-0.00348955,	-0.0168342,	-0.247589,	0.0249475,	0.00444024,	-0.0446701,	-0.434744,	0.0434654,	0.00799367,	0.107615,	-0.210528,	-0.0941755,	-0.0131718,	-0.0426002,	-0.7826,	0.50054,	-0.03528,	28537,	-307,	-2,	-359,	28567,	119,	-64,	-109,	28497,	48,	-43,	-289,	
2,	14,	235063,	1.65255e+015,	6,	10,	-3,	-1,	2,	-3,	0,	-5,	1.65255e+009,	-0.0293085,	-0.565488,	-0.163439,	-0.0953568,	-0.306706,	-0.0213878,	-0.00348955,	-0.0168342,	-0.247589,	0.0249475,	0.00444024,	-0.0446701,	-0.434744,	0.0434654,	0.00799367,	0.107615,	-0.210528,	-0.0941755,	-0.0131718,	-0.0426002,	-0.7826,	0.50054,	-0.03528,	28547,	-306,	-2,	-360,	28577,	119,	-66,	-109,	28507,	48,	-43,	-289,	
2,	14,	235141,	1.65255e+015,	0,	4,	58,	-6,	0,	0,	0,	1,	1.65255e+009,	-0.0293085,	-0.565488,	-0.163439,	-0.0953568,	-0.306706,	-0.0213878,	-0.00348955,	-0.0168342,	-0.184509,	0.0249475,	0.00444024,	-0.0446701,	-0.434744,	0.0434654,	0.00799367,	0.107615,	-0.210528,	-0.0941755,	-0.0131718,	-0.0426002,	-0.7826,	0.50054,	-0.03528,	28557,	-306,	-2,	-360,	28587,	119,	-65,	-109,	28517,	48,	-43,	-289,	
2,	14,	235204,	1.65255e+015,	-13,	-5,	-13,	-9,	-2,	-2,	-1,	5,	1.65255e+009,	-0.0293085,	-0.565488,	-0.163439,	-0.0953568,	-0.306706,	-0.0213878,	-0.00348955,	-0.0168342,	-0.184509,	0.0249475,	0.00444024,	-0.0446701,	-0.434744,	0.0434654,	0.00799367,	0.107615,	-0.210528,	-0.0941755,	-0.0131718,	-0.0426002,	-0.7826,	0.50054,	-0.03528,	28567,	-307,	-3,	-361,	28597,	119,	-66,	-109,	28527,	47,	-42,	-289,	
2,	14,	235282,	1.65255e+015,	0,	7,	37,	0,	0,	-3,	-1,	1,	1.65255e+009,	-0.0293085,	-0.565488,	-0.163439,	-0.0953568,	-0.306706,	-0.0213878,	-0.00348955,	-0.0168342,	-0.184509,	0.0249475,	0.00444024,	-0.0446701,	-0.434744,	0.0434654,	0.00799367,	0.107615,	-0.210528,	-0.0941755,	-0.0131718,	-0.0426002,	-0.7826,	0.50054,	-0.03528,	28577,	-306,	-3,	-360,	28607,	120,	-65,	-109,	28537,	47,	-42,	-290,	
2,	14,	235360,	1.65255e+015,	-18,	-22,	32,	-34,	-10,	-5,	3,	-9,	1.65255e+009,	-0.0293085,	-0.565488,	-0.163439,	-0.0953568,	-0.306706,	-0.0213878,	-0.00348955,	-0.0168342,	-0.184509,	0.0249475,	0.00444024,	-0.0446701,	-0.434744,	0.114429,	0.0236431,	0.107615,	-0.210528,	-0.0941755,	-0.0131718,	-0.0426002,	-0.7826,	0.50054,	-0.03528,	28587,	-307,	-3,	-360,	28617,	119,	-66,	-109,	28547,	47,	-42,	-290,	
2,	14,	235438,	1.65255e+015,	2,	-17,	-39,	-24,	-6,	-3,	-3,	-5,	1.65255e+009,	-0.0293085,	-0.565488,	-0.163439,	-0.0953568,	-0.306706,	-0.0213878,	-0.00348955,	-0.0168342,	-0.184509,	0.0249475,	0.00444024,	-0.0446701,	-0.434744,	0.114429,	0.0236431,	0.107615,	-0.210528,	-0.0941755,	-0.0131718,	-0.0426002,	-0.7826,	0.50054,	-0.03528,	28597,	-306,	-3,	-359,	28627,	119,	-66,	-109,	28557,	48,	-42,	-290,	
2,	14,	235516,	1.65255e+015,	-8,	5,	4,	2,	1,	0,	1,	-10,	1.65255e+009,	-0.0293085,	-0.565488,	-0.163439,	-0.0953568,	-0.306706,	-0.0213878,	-0.00348955,	-0.0168342,	-0.184509,	0.0249475,	0.00444024,	-0.0446701,	-0.434744,	0.114429,	0.0236431,	0.107615,	-0.210528,	-0.0941755,	-0.0131718,	-0.0426002,	-0.7826,	0.50054,	-0.03528,	28607,	-307,	-3,	-358,	28637,	119,	-66,	-108,	28567,	47,	-42,	-290,	
2,	14,	235579,	1.65255e+015,	8,	-2,	46,	9,	1,	-1,	-5,	-2,	1.65255e+009,	-0.0293085,	-0.565488,	-0.163439,	-0.0953568,	-0.306706,	-0.0213878,	-0.00348955,	-0.0168342,	-0.184509,	0.0249475,	0.00444024,	-0.0446701,	-0.434744,	0.114429,	0.0236431,	0.107615,	-0.210528,	-0.0941755,	-0.0131718,	-0.0426002,	-0.7826,	0.50054,	-0.03528,	28617,	-306,	-2,	-358,	28647,	120,	-65,	-108,	28577,	48,	-42,	-290,	
2,	14,	235657,	1.65255e+015,	-7,	-21,	-59,	-17,	-5,	-2,	-3,	-1,	1.65255e+009,	-0.0293085,	-0.565488,	-0.163439,	-0.0953568,	-0.306706,	-0.0213878,	-0.00348955,	-0.0168342,	-0.184509,	0.0249475,	0.00444024,	-0.0446701,	-0.434744,	0.114429,	0.0236431,	0.107615,	-0.210528,	-0.0941755,	-0.0131718,	-0.0426002,	-0.7826,	0.50054,	-0.03528,	28627,	-306,	-2,	-358,	28657,	119,	-64,	-108,	28587,	47,	-42,	-290,	
2,	14,	235719,	1.65255e+015,	-5,	2,	3,	10,	0,	0,	1,	-3,	1.65255e+009,	-0.0293085,	-0.565488,	-0.163439,	-0.0953568,	-0.306706,	-0.0213878,	-0.00348955,	-0.0168342,	-0.184509,	0.0249475,	0.00444024,	-0.0446701,	-0.434744,	0.114429,	0.0236431,	0.107615,	-0.210528,	-0.0941755,	-0.0131718,	-0.0426002,	-0.7826,	0.50054,	-0.03528,	28637,	-307,	-1,	-359,	28667,	120,	-65,	-109,	28597,	47,	-43,	-291,	
2,	14,	235797,	1.65255e+015,	-6,	-2,	-38,	-15,	-5,	-1,	-2,	-16,	1.65255e+009,	-0.0293085,	-0.565488,	-0.163439,	-0.0953568,	-0.306706,	-0.0213878,	-0.00348955,	-0.0168342,	-0.184509,	0.0249475,	0.00444024,	-0.0446701,	-0.434744,	0.114429,	0.0236431,	0.107615,	-0.210528,	-0.0941755,	-0.0131718,	-0.0426002,	-0.7826,	0.50054,	-0.03528,	28647,	-306,	-2,	-360,	28677,	120,	-65,	-109,	28607,	47,	-42,	-290,	
2,	14,	235875,	1.65255e+015,	12,	4,	40,	48,	0,	-3,	-3,	-4,	1.65255e+009,	-0.0293085,	-0.565488,	-0.163439,	-0.0953568,	-0.306706,	-0.0213878,	-0.00348955,	-0.0168342,	-0.184509,	0.0249475,	0.00444024,	-0.0446701,	-0.434744,	0.114429,	0.0236431,	0.107615,	-0.210528,	-0.0941755,	-0.0131718,	-0.0426002,	-0.7826,	0.50054,	-0.03528,	28657,	-307,	-2,	-360,	28687,	119,	-66,	-109,	28617,	47,	-42,	-290,	
2,	14,	235954,	1.65255e+015,	-3,	5,	4,	-7,	2,	1,	1,	-6,	1.65255e+009,	-0.0293085,	-0.565488,	-0.163439,	-0.0953568,	-0.306706,	-0.0213878,	-0.00348955,	-0.0168342,	-0.184509,	0.0249475,	0.00444024,	-0.0446701,	-0.434744,	0.114429,	0.0236431,	0.107615,	-0.210528,	-0.0941755,	-0.0131718,	-0.0426002,	-0.7826,	0.50054,	-0.03528,	28667,	-307,	-2,	-359,	28697,	120,	-65,	-109,	28627,	48,	-42,	-290,	
2,	14,	236032,	1.65255e+015,	-8,	-2,	28,	-1,	1,	3,	0,	-5,	1.65255e+009,	-0.0293085,	-0.565488,	-0.163439,	-0.0953568,	-0.306706,	-0.0213878,	-0.00348955,	-0.0168342,	-0.184509,	0.0249475,	0.00444024,	-0.0446701,	-0.434744,	0.114429,	0.0236431,	0.107615,	-0.210528,	-0.0941755,	-0.0131718,	-0.0426002,	-0.7826,	0.50054,	-0.03528,	28677,	-307,	-1,	-358,	28707,	120,	-65,	-109,	28637,	48,	-41,	-290,	
2,	14,	236110,	1.65255e+015,	1,	1,	21,	-12,	-3,	-1,	-1,	-4,	1.65255e+009,	-0.0293085,	-0.565488,	-0.163439,	-0.0953568,	-0.306706,	-0.0213878,	-0.00348955,	-0.0168342,	-0.184509,	0.0249475,	0.00444024,	-0.0446701,	-0.434744,	0.114429,	0.0236431,	0.107615,	-0.210528,	-0.0941755,	-0.0131718,	-0.0426002,	-0.7826,	0.50054,	-0.03528,	28687,	-308,	-1,	-358,	28717,	120,	-65,	-109,	28647,	48,	-42,	-290,	
2,	14,	236188,	1.65255e+015,	-10,	-2,	-30,	-9,	0,	0,	2,	-1,	1.65255e+009,	-0.0293085,	-0.565488,	-0.163439,	-0.0953568,	-0.306706,	-0.0213878,	-0.00348955,	-0.0168342,	-0.184509,	0.0249475,	0.00444024,	-0.0446701,	-0.434744,	0.114429,	0.0236431,	0.107615,	-0.210528,	-0.0941755,	-0.0131718,	-0.0426002,	-0.7826,	0.50054,	-0.03528,	28697,	-307,	-2,	-358,	28727,	119,	-65,	-109,	28657,	48,	-41,	-290,	
2,	14,	236266,	1.65255e+015,	21,	4,	38,	19,	5,	5,	1,	0,	1.65255e+009,	-0.0293085,	-0.565488,	-0.163439,	-0.0953568,	-0.306706,	-0.0213878,	-0.00348955,	-0.0168342,	-0.184509,	0.0249475,	0.00444024,	-0.0446701,	-0.434744,	0.114429,	0.0236431,	0.107615,	-0.210528,	-0.0941755,	-0.0131718,	-0.0426002,	-0.728,	0.50054,	-0.03528,	28707,	-308,	-2,	-358,	28737,	119,	-65,	-109,	28667,	47,	-41,	-291,	
2,	14,	236344,	1.65255e+015,	-9,	-5,	-19,	-8,	-2,	-1,	0,	-4,	1.65255e+009,	-0.0293085,	-0.565488,	-0.163439,	-0.0953568,	-0.306706,	-0.0213878,	-0.00348955,	-0.0168342,	-0.184509,	0.0249475,	0.00444024,	-0.0446701,	-0.434744,	0.114429,	0.0236431,	0.107615,	-0.210528,	-0.0941755,	-0.0131718,	-0.0426002,	-0.728,	0.50054,	-0.03528,	28717,	-306,	-2,	-358,	28747,	119,	-64,	-109,	28677,	48,	-41,	-291,	
2,	14,	236422,	1.65255e+015,	8,	4,	11,	-5,	5,	2,	-1,	-3,	1.65255e+009,	-0.0293085,	-0.565488,	-0.163439,	-0.0953568,	-0.306706,	-0.0213878,	-0.00348955,	-0.0168342,	-0.184509,	0.0249475,	0.00444024,	-0.0446701,	-0.434744,	0.114429,	0.0236431,	0.107615,	-0.210528,	-0.0941755,	-0.0131718,	-0.0426002,	-0.6825,	0.50054,	-0.03528,	28727,	-307,	-1,	-359,	28757,	119,	-65,	-109,	28687,	47,	-42,	-290,	
2,	14,	236500,	1.65255e+015,	1,	11,	28,	34,	0,	-2,	-1,	-4,	1.65255e+009,	-0.299849,	-0.565488,	-0.163439,	-0.0855008,	-0.402802,	-0.0213878,	-0.00348955,	0.0393875,	-0.357979,	0.0249475,	0.00444024,	-0.0261544,	-0.543159,	0.0257244,	0.00458491,	0.0137651,	-0.407898,	-0.183867,	-0.0204391,	-0.136451,	-0.5915,	0.54369,	-0.03528,	28737,	-307,	-2,	-359,	28767,	118,	-65,	-109,	28697,	47,	-42,	-290,	
2,	14,	236579,	1.65255e+015,	-7,	-14,	-17,	-104,	2,	4,	0,	0,	1.65255e+009,	-0.359969,	-0.565488,	-0.163439,	-0.0855008,	-0.466866,	-0.0213878,	-0.00348955,	0.0550605,	-0.436829,	0.0249475,	0.00444024,	-0.0215714,	-0.543159,	0.0257244,	0.00458491,	-0.0112219,	-0.495618,	-0.183867,	-0.0204391,	-0.161437,	-0.546,	0.54369,	-0.03528,	28747,	-308,	0,	-359,	28777,	119,	-64,	-109,	28707,	48,	-42,	-290,	
2,	14,	236657,	1.65255e+015,	0,	-2,	3,	12,	-3,	-4,	-2,	-3,	1.65255e+009,	-0.510269,	-0.442288,	-0.245984,	-0.0608608,	-0.627026,	-0.158881,	-0.0189319,	0.0874129,	-0.641839,	-0.0748425,	-0.0109308,	-0.022489,	-0.738306,	-0.169427,	-0.0196168,	-0.0417095,	-0.583338,	-0.299184,	-0.0222177,	-0.251065,	-0.546,	0.58684,	-0.03528,	28757,	-307,	-2,	-360,	28787,	118,	-64,	-109,	28717,	48,	-42,	-291,	
2,	14,	236735,	1.65255e+015,	0,	-3,	-11,	-10,	-4,	-3,	-3,	-1,	1.65255e+009,	-0.645539,	-0.343728,	-0.31202,	-0.0411488,	-0.803202,	-0.342205,	-0.0207015,	0.103086,	-0.862619,	-0.314339,	-0.0218188,	-0.0179059,	-0.846721,	-0.293614,	-0.0223274,	-0.0666965,	-0.692988,	-0.529818,	-0.000242864,	-0.335192,	-0.364,	0.62999,	-0.03528,	28767,	-306,	-2,	-359,	28797,	118,	-64,	-109,	28727,	47,	-42,	-290,	
2,	14,	236813,	1.65255e+015,	0,	-1,	-1,	3,	1,	-1,	0,	-2,	1.65255e+009,	-0.720689,	-0.343728,	-0.31202,	-0.0411488,	-0.803202,	-0.342205,	-0.0207015,	0.103086,	-0.925699,	-0.39417,	-0.0172905,	-0.0179059,	-0.933453,	-0.382319,	-0.0182206,	-0.0666965,	-0.802638,	-0.593883,	-0.0119028,	-0.34702,	-0.2548,	0.62999,	-0.03528,	28777,	-306,	-2,	-360,	28807,	119,	-64,	-110,	28737,	47,	-42,	-290,	
2,	14,	236891,	1.65255e+015,	0,	6,	1,	16,	-3,	-3,	0,	-1,	1.65255e+009,	-0.720689,	-0.343728,	-0.31202,	-0.0411488,	-0.803202,	-0.342205,	-0.0207015,	0.103086,	-0.925699,	-0.39417,	-0.0172905,	-0.0179059,	-0.933453,	-0.382319,	-0.0182206,	-0.0666965,	-0.802638,	-0.593883,	-0.0119028,	-0.34702,	-0.2548,	0.62999,	-0.03528,	28787,	-306,	-2,	-361,	28817,	119,	-63,	-110,	28747,	48,	-41,	-290,	
2,	14,	236969,	1.65255e+015,	-1,	2,	-1,	-4,	2,	0,	-1,	0,	1.65255e+009,	-0.720689,	-0.343728,	-0.31202,	-0.0411488,	-0.803202,	-0.342205,	-0.0207015,	0.103086,	-0.925699,	-0.39417,	-0.0172905,	-0.0179059,	-0.933453,	-0.382319,	-0.0182206,	-0.0666965,	-0.802638,	-0.593883,	-0.0119028,	-0.34702,	-0.2548,	0.62999,	-0.03528,	28797,	-306,	-3,	-362,	28827,	119,	-64,	-110,	28757,	48,	-42,	-290,	
2,	14,	237047,	1.65255e+015,	-1,	-2,	-1,	8,	0,	-2,	0,	0,	1.65255e+009,	-0.720689,	-0.343728,	-0.31202,	-0.0411488,	-0.803202,	-0.342205,	-0.0207015,	0.103086,	-0.925699,	-0.39417,	-0.0172905,	-0.0179059,	-0.933453,	-0.382319,	-0.0182206,	-0.0666965,	-0.802638,	-0.593883,	-0.0119028,	-0.34702,	-0.2912,	0.62999,	-0.03528,	28807,	-307,	-3,	-362,	28837,	119,	-63,	-111,	28767,	48,	-43,	-291,	
2,	14,	237125,	1.65255e+015,	-1,	0,	6,	20,	-3,	-2,	0,	-2,	1.65255e+009,	-0.720689,	-0.343728,	-0.31202,	-0.0411488,	-0.803202,	-0.342205,	-0.0207015,	0.103086,	-0.925699,	-0.39417,	-0.0172905,	-0.0179059,	-0.933453,	-0.382319,	-0.0182206,	-0.0666965,	-0.802638,	-0.593883,	-0.0119028,	-0.34702,	-0.2912,	0.62999,	-0.03528,	28817,	-306,	-2,	-363,	28847,	119,	-63,	-111,	28777,	47,	-43,	-291,	
2,	14,	237204,	1.65255e+015,	0,	-4,	-11,	-12,	-5,	-2,	-1,	0,	1.65255e+009,	-0.720689,	-0.343728,	-0.31202,	-0.0411488,	-0.803202,	-0.342205,	-0.0207015,	0.103086,	-0.925699,	-0.39417,	-0.0172905,	-0.0179059,	-0.933453,	-0.382319,	-0.0182206,	-0.0666965,	-0.802638,	-0.593883,	-0.0119028,	-0.34702,	-0.2912,	0.62999,	-0.03528,	28827,	-307,	-2,	-364,	28857,	118,	-63,	-111,	28787,	47,	-43,	-291,	
2,	14,	237282,	1.65255e+015,	-1,	2,	3,	20,	7,	1,	-1,	-2,	1.65255e+009,	-0.720689,	-0.343728,	-0.31202,	-0.0411488,	-0.803202,	-0.342205,	-0.0207015,	0.103086,	-0.925699,	-0.39417,	-0.0172905,	-0.0179059,	-0.933453,	-0.382319,	-0.0182206,	-0.0666965,	-0.802638,	-0.593883,	-0.0119028,	-0.34702,	-0.3276,	0.62999,	-0.03528,	28837,	-304,	-2,	-365,	28867,	119,	-64,	-111,	28797,	48,	-43,	-291,	
2,	14,	237360,	1.65255e+015,	-4,	-3,	-3,	-10,	0,	-2,	0,	-1,	1.65255e+009,	-0.720689,	-0.343728,	-0.31202,	-0.0411488,	-0.803202,	-0.342205,	-0.0207015,	0.103086,	-0.925699,	-0.39417,	-0.0172905,	-0.0179059,	-0.933453,	-0.382319,	-0.0182206,	-0.0666965,	-0.802638,	-0.593883,	-0.0119028,	-0.34702,	-0.3276,	0.62999,	-0.03528,	28847,	-304,	-3,	-365,	28877,	119,	-63,	-112,	28807,	48,	-43,	-292,	
2,	14,	237438,	1.65255e+015,	-2,	-2,	-6,	-5,	1,	-2,	-2,	-1,	1.65255e+009,	-0.720689,	-0.343728,	-0.31202,	-0.0411488,	-0.803202,	-0.342205,	-0.0207015,	0.103086,	-0.925699,	-0.39417,	-0.0172905,	-0.0179059,	-0.933453,	-0.382319,	-0.0182206,	-0.0666965,	-0.802638,	-0.593883,	-0.0119028,	-0.34702,	-0.3276,	0.62999,	-0.03528,	28857,	-304,	-2,	-365,	28887,	119,	-63,	-112,	28817,	48,	-41,	-292,	
2,	14,	237516,	1.65255e+015,	2,	7,	5,	9,	-1,	0,	-2,	-1,	1.65255e+009,	-0.720689,	-0.343728,	-0.31202,	-0.0411488,	-0.803202,	-0.342205,	-0.0207015,	0.103086,	-0.925699,	-0.39417,	-0.0172905,	-0.0179059,	-0.933453,	-0.382319,	-0.0182206,	-0.0666965,	-0.802638,	-0.593883,	-0.0119028,	-0.34702,	-0.3276,	0.62999,	-0.03528,	28867,	-304,	-1,	-366,	28897,	119,	-64,	-111,	28827,	47,	-41,	-293,	
2,	14,	237594,	1.65255e+015,	2,	1,	2,	-1,	-4,	-2,	0,	1,	1.65255e+009,	-0.720689,	-0.343728,	-0.31202,	-0.0411488,	-0.803202,	-0.342205,	-0.0207015,	0.103086,	-0.925699,	-0.39417,	-0.0172905,	-0.0179059,	-0.933453,	-0.382319,	-0.0182206,	-0.0666965,	-0.802638,	-0.593883,	-0.0119028,	-0.34702,	-0.3276,	0.62999,	-0.03528,	28877,	-303,	-2,	-366,	28907,	120,	-63,	-111,	28837,	48,	-41,	-293,	
2,	14,	237672,	1.65255e+015,	-3,	-8,	0,	24,	-1,	-1,	-1,	-1,	1.65255e+009,	-0.720689,	-0.343728,	-0.31202,	-0.0411488,	-0.803202,	-0.342205,	-0.0207015,	0.103086,	-0.925699,	-0.39417,	-0.0172905,	-0.0179059,	-0.933453,	-0.382319,	-0.0182206,	-0.0666965,	-0.802638,	-0.593883,	-0.0119028,	-0.34702,	-0.3276,	0.62999,	-0.03528,	28887,	-303,	-2,	-366,	28917,	120,	-64,	-112,	28847,	47,	-41,	-293,	
2,	14,	237750,	1.65255e+015,	0,	7,	2,	4,	0,	0,	0,	-1,	1.65255e+009,	-0.720689,	-0.343728,	-0.31202,	-0.0411488,	-0.803202,	-0.342205,	-0.0207015,	0.103086,	-0.925699,	-0.39417,	-0.0172905,	-0.0179059,	-0.933453,	-0.382319,	-0.0182206,	-0.0666965,	-0.802638,	-0.593883,	-0.0119028,	-0.34702,	-0.3276,	0.62999,	-0.03528,	28897,	-303,	-2,	-367,	28927,	121,	-64,	-112,	28857,	48,	-41,	-293,	
2,	14,	237829,	1.65255e+015,	0,	2,	-7,	-14,	-4,	0,	1,	-1,	1.65255e+009,	-0.660569,	-0.343728,	-0.31202,	-0.0411488,	-0.803202,	-0.342205,	-0.0207015,	0.103086,	-0.925699,	-0.39417,	-0.0172905,	-0.0179059,	-0.933453,	-0.382319,	-0.0182206,	-0.0666965,	-0.802638,	-0.593883,	-0.0119028,	-0.34702,	-0.3276,	0.62999,	-0.03528,	28907,	-301,	-1,	-368,	28937,	121,	-63,	-113,	28867,	49,	-40,	-293,	
2,	14,	237907,	1.65255e+015,	3,	3,	2,	0,	-2,	-1,	0,	-1,	1.65255e+009,	-0.660569,	-0.343728,	-0.31202,	-0.0411488,	-0.803202,	-0.342205,	-0.0207015,	0.103086,	-0.925699,	-0.39417,	-0.0172905,	-0.0179059,	-0.933453,	-0.382319,	-0.0182206,	-0.0666965,	-0.802638,	-0.593883,	-0.0119028,	-0.34702,	-0.3276,	0.62999,	-0.03528,	28917,	-299,	-1,	-369,	28947,	121,	-63,	-113,	28877,	48,	-41,	-293,	
2,	14,	237985,	1.65255e+015,	0,	6,	1,	-9,	-1,	0,	0,	1,	1.65255e+009,	-0.660569,	-0.343728,	-0.31202,	-0.0411488,	-0.803202,	-0.342205,	-0.0207015,	0.103086,	-0.925699,	-0.39417,	-0.0172905,	-0.0179059,	-0.933453,	-0.382319,	-0.0182206,	-0.0666965,	-0.802638,	-0.593883,	-0.0119028,	-0.34702,	-0.364,	0.62999,	-0.03528,	28927,	-299,	-2,	-370,	28957,	121,	-63,	-114,	28887,	48,	-40,	-293,	
2,	14,	238063,	1.65255e+015,	-3,	-8,	-6,	-3,	2,	1,	-2,	-2,	1.65255e+009,	-0.660569,	-0.343728,	-0.31202,	-0.0411488,	-0.803202,	-0.342205,	-0.0207015,	0.103086,	-0.925699,	-0.39417,	-0.0172905,	-0.0179059,	-0.933453,	-0.382319,	-0.0182206,	-0.0666965,	-0.802638,	-0.593883,	-0.0119028,	-0.34702,	-0.364,	0.62999,	-0.03528,	28937,	-299,	-2,	-369,	28967,	122,	-63,	-114,	28897,	48,	-40,	-293,	
2,	14,	238141,	1.65255e+015,	-1,	1,	1,	-7,	2,	2,	-1,	0,	1.65255e+009,	-0.660569,	-0.343728,	-0.31202,	-0.0411488,	-0.803202,	-0.342205,	-0.0207015,	0.103086,	-0.925699,	-0.39417,	-0.0172905,	-0.0179059,	-0.933453,	-0.382319,	-0.0182206,	-0.0666965,	-0.802638,	-0.593883,	-0.0119028,	-0.34702,	-0.364,	0.62999,	-0.03528,	28947,	-300,	-2,	-369,	28977,	121,	-63,	-114,	28907,	49,	-40,	-293,	
2,	14,	238219,	1.65255e+015,	-2,	-8,	-13,	-44,	-10,	-2,	-1,	-3,	1.65255e+009,	-0.660569,	-0.343728,	-0.31202,	-0.0411488,	-0.803202,	-0.342205,	-0.0207015,	0.103086,	-0.925699,	-0.39417,	-0.0172905,	-0.0179059,	-0.933453,	-0.382319,	-0.0182206,	-0.0666965,	-0.802638,	-0.593883,	-0.0119028,	-0.34702,	-0.364,	0.62999,	-0.03528,	28957,	-301,	-1,	-369,	28987,	121,	-63,	-114,	28917,	49,	-40,	-294,	
2,	14,	238297,	1.65255e+015,	0,	2,	-3,	-3,	1,	1,	0,	-1,	1.65255e+009,	-0.660569,	-0.343728,	-0.31202,	-0.0411488,	-0.803202,	-0.342205,	-0.0207015,	0.103086,	-0.925699,	-0.39417,	-0.0172905,	-0.0179059,	-0.933453,	-0.382319,	-0.0182206,	-0.0666965,	-0.802638,	-0.593883,	-0.0119028,	-0.34702,	-0.364,	0.62999,	-0.03528,	28967,	-300,	-1,	-369,	28997,	120,	-65,	-114,	28927,	48,	-41,	-295,	
2,	14,	238360,	1.65255e+015,	3,	4,	-2,	2,	-3,	-2,	-1,	-1,	1.65255e+009,	-0.660569,	-0.343728,	-0.31202,	-0.0411488,	-0.803202,	-0.342205,	-0.0207015,	0.103086,	-0.925699,	-0.39417,	-0.0172905,	-0.0179059,	-0.933453,	-0.382319,	-0.0182206,	-0.0666965,	-0.802638,	-0.593883,	-0.0119028,	-0.34702,	-0.364,	0.62999,	-0.03528,	28977,	-300,	-1,	-369,	29007,	121,	-63,	-114,	28937,	51,	-39,	-295,	
2,	14,	238438,	1.65255e+015,	2,	7,	4,	28,	2,	0,	-1,	0,	1.65255e+009,	-0.660569,	-0.343728,	-0.31202,	-0.0411488,	-0.803202,	-0.342205,	-0.0207015,	0.103086,	-0.925699,	-0.39417,	-0.0172905,	-0.0179059,	-0.933453,	-0.382319,	-0.0182206,	-0.0666965,	-0.802638,	-0.593883,	-0.0119028,	-0.34702,	-0.364,	0.62999,	-0.03528,	28987,	-300,	-1,	-368,	29017,	121,	-63,	-114,	28947,	50,	-41,	-295,	
2,	14,	238516,	1.65255e+015,	-1,	-5,	0,	4,	2,	-1,	-1,	-1,	1.65255e+009,	-0.660569,	-0.343728,	-0.31202,	-0.0411488,	-0.803202,	-0.342205,	-0.0207015,	0.103086,	-0.925699,	-0.39417,	-0.0172905,	-0.0179059,	-0.933453,	-0.382319,	-0.0182206,	-0.0666965,	-0.802638,	-0.593883,	-0.0119028,	-0.34702,	-0.364,	0.62999,	-0.03528,	28997,	-301,	-1,	-368,	29027,	120,	-63,	-114,	28957,	50,	-40,	-295,	
2,	14,	238579,	1.65255e+015,	-2,	-1,	-1,	-24,	4,	2,	0,	-1,	1.65255e+009,	-0.660569,	-0.343728,	-0.31202,	-0.0411488,	-0.803202,	-0.342205,	-0.0207015,	0.103086,	-0.925699,	-0.39417,	-0.0172905,	-0.0179059,	-0.933453,	-0.382319,	-0.0182206,	-0.0666965,	-0.802638,	-0.593883,	-0.0119028,	-0.34702,	-0.364,	0.62999,	-0.03528,	29007,	-301,	0,	-369,	29037,	121,	-62,	-114,	28967,	49,	-40,	-295,	
