1,	13,	263047,	1.65255e+015,	-2,	-6,	4,	10,	1,	2,	0,	-1,	1.65255e+009,	-0.991229,	-0.565488,	-0.444092,	-0.00665279,	-0.643042,	-0.189435,	-0.0207205,	0.105617,	-0.720689,	-0.0548845,	-0.00836643,	-0.0109391,	-0.738306,	-0.169427,	-0.0196168,	-0.0833856,	-0.517548,	-0.376062,	-0.0186753,	-0.387365,	-0.4732,	0.59547,	-0.07056,	51567,	-245,	6,	-448,	51597,	134,	-56,	-142,	51507,	58,	-28,	-333,	
1,	13,	263110,	1.65255e+015,	1,	-2,	-9,	-3,	1,	0,	-1,	0,	1.65255e+009,	-0.991229,	-0.565488,	-0.444092,	-0.00665279,	-0.643042,	-0.189435,	-0.0207205,	0.105617,	-0.720689,	-0.0548845,	-0.00836643,	-0.0109391,	-0.738306,	-0.169427,	-0.0196168,	-0.0833856,	-0.517548,	-0.376062,	-0.0186753,	-0.387365,	-0.4732,	0.59547,	-0.07056,	51577,	-245,	6,	-448,	51607,	134,	-55,	-142,	51517,	59,	-28,	-333,	
1,	13,	263172,	1.65255e+015,	1,	3,	4,	8,	-1,	-2,	-2,	-1,	1.65255e+009,	-0.991229,	-0.565488,	-0.444092,	-0.00665279,	-0.643042,	-0.189435,	-0.0207205,	0.105617,	-0.720689,	-0.0548845,	-0.00836643,	-0.0109391,	-0.738306,	-0.169427,	-0.0196168,	-0.0833856,	-0.517548,	-0.376062,	-0.0186753,	-0.387365,	-0.4732,	0.59547,	-0.07056,	51587,	-245,	6,	-449,	51617,	134,	-56,	-142,	51527,	59,	-28,	-333,	
1,	13,	263235,	1.65255e+015,	-2,	-6,	5,	-6,	-2,	0,	-2,	-2,	1.65255e+009,	-0.991229,	-0.565488,	-0.444092,	-0.00665279,	-0.643042,	-0.189435,	-0.0207205,	0.105617,	-0.720689,	-0.0548845,	-0.00836643,	-0.0109391,	-0.738306,	-0.169427,	-0.0196168,	-0.0833856,	-0.517548,	-0.376062,	-0.0186753,	-0.387365,	-0.4732,	0.59547,	-0.07056,	51597,	-245,	6,	-449,	51627,	133,	-56,	-143,	51537,	59,	-28,	-333,	
1,	13,	263297,	1.65255e+015,	-2,	-1,	3,	-4,	-2,	-1,	-2,	-1,	1.65255e+009,	-0.991229,	-0.565488,	-0.444092,	-0.00665279,	-0.643042,	-0.189435,	-0.0207205,	0.105617,	-0.720689,	-0.0548845,	-0.00836643,	-0.0109391,	-0.738306,	-0.169427,	-0.0196168,	-0.0833856,	-0.517548,	-0.376062,	-0.0186753,	-0.387365,	-0.4732,	0.59547,	-0.07056,	51607,	-245,	6,	-449,	51637,	133,	-55,	-143,	51547,	59,	-27,	-333,	
1,	13,	263375,	1.65255e+015,	1,	-3,	17,	5,	4,	2,	-1,	0,	1.65255e+009,	-0.991229,	-0.565488,	-0.444092,	-0.00665279,	-0.643042,	-0.189435,	-0.0207205,	0.105617,	-0.720689,	-0.0548845,	-0.00836643,	-0.0109391,	-0.738306,	-0.169427,	-0.0196168,	-0.0833856,	-0.517548,	-0.376062,	-0.0186753,	-0.387365,	-0.4732,	0.59547,	-0.07056,	51617,	-245,	6,	-449,	51647,	133,	-56,	-142,	51557,	59,	-28,	-333,	
1,	13,	263438,	1.65255e+015,	-1,	-3,	-16,	-2,	-1,	1,	-1,	0,	1.65255e+009,	-0.991229,	-0.565488,	-0.444092,	-0.00665279,	-0.643042,	-0.189435,	-0.0207205,	0.105617,	-0.720689,	-0.0548845,	-0.00836643,	-0.0109391,	-0.738306,	-0.169427,	-0.0196168,	-0.0833856,	-0.517548,	-0.376062,	-0.0186753,	-0.387365,	-0.4732,	0.59547,	-0.07056,	51627,	-245,	6,	-449,	51657,	135,	-55,	-142,	51567,	60,	-27,	-333,	
1,	13,	263500,	1.65255e+015,	-1,	-2,	-4,	-6,	-3,	-1,	-2,	-3,	1.65255e+009,	-0.991229,	-0.565488,	-0.444092,	-0.00665279,	-0.643042,	-0.189435,	-0.0207205,	0.105617,	-0.720689,	-0.0548845,	-0.00836643,	-0.0109391,	-0.738306,	-0.169427,	-0.0196168,	-0.0833856,	-0.517548,	-0.376062,	-0.0186753,	-0.387365,	-0.4732,	0.59547,	-0.07056,	51637,	-244,	7,	-449,	51667,	133,	-55,	-142,	51577,	59,	-28,	-334,	
1,	13,	263563,	1.65255e+015,	-2,	-2,	8,	10,	-1,	0,	0,	0,	1.65255e+009,	-0.991229,	-0.565488,	-0.444092,	-0.00665279,	-0.643042,	-0.189435,	-0.0207205,	0.105617,	-0.720689,	-0.0548845,	-0.00836643,	-0.0109391,	-0.738306,	-0.169427,	-0.0196168,	-0.0833856,	-0.517548,	-0.376062,	-0.0186753,	-0.387365,	-0.4732,	0.59547,	-0.07056,	51647,	-244,	6,	-449,	51677,	134,	-56,	-142,	51587,	60,	-28,	-334,	
1,	13,	263641,	1.65255e+015,	-1,	3,	14,	5,	0,	-1,	-1,	-1,	1.65255e+009,	-0.991229,	-0.565488,	-0.444092,	-0.00665279,	-0.643042,	-0.189435,	-0.0207205,	0.105617,	-0.720689,	-0.0548845,	-0.00836643,	-0.0109391,	-0.738306,	-0.169427,	-0.0196168,	-0.0833856,	-0.517548,	-0.376062,	-0.0186753,	-0.387365,	-0.4732,	0.59547,	-0.07056,	51657,	-245,	7,	-449,	51687,	133,	-56,	-142,	51597,	59,	-27,	-334,	
1,	13,	263719,	1.65255e+015,	-2,	-6,	-29,	-11,	-4,	-3,	-1,	-2,	1.65255e+009,	-0.991229,	-0.565488,	-0.444092,	-0.00665279,	-0.643042,	-0.189435,	-0.0207205,	0.105617,	-0.720689,	-0.0548845,	-0.00836643,	-0.0109391,	-0.738306,	-0.169427,	-0.0196168,	-0.0833856,	-0.517548,	-0.376062,	-0.0186753,	-0.387365,	-0.4732,	0.59547,	-0.07056,	51667,	-245,	6,	-450,	51697,	134,	-56,	-142,	51607,	59,	-27,	-334,	
1,	13,	263797,	1.65255e+015,	-5,	-4,	-14,	14,	0,	-1,	-3,	-2,	1.65255e+009,	-0.991229,	-0.565488,	-0.444092,	-0.00665279,	-0.643042,	-0.189435,	-0.0207205,	0.105617,	-0.720689,	-0.0548845,	-0.00836643,	-0.0109391,	-0.738306,	-0.169427,	-0.0196168,	-0.0833856,	-0.517548,	-0.376062,	-0.0186753,	-0.387365,	-0.4732,	0.59547,	-0.07056,	51677,	-244,	6,	-450,	51707,	134,	-56,	-143,	51617,	60,	-27,	-334,	
1,	13,	263875,	1.65255e+015,	-4,	-4,	14,	-2,	-1,	0,	0,	0,	1.65255e+009,	-0.991229,	-0.565488,	-0.444092,	-0.00665279,	-0.643042,	-0.189435,	-0.0207205,	0.105617,	-0.720689,	-0.0548845,	-0.00836643,	-0.0109391,	-0.738306,	-0.169427,	-0.0196168,	-0.0833856,	-0.517548,	-0.376062,	-0.0186753,	-0.387365,	-0.4732,	0.59547,	-0.07056,	51687,	-245,	6,	-451,	51717,	134,	-56,	-143,	51627,	59,	-28,	-334,	
1,	13,	263954,	1.65255e+015,	0,	2,	7,	2,	-1,	-1,	-2,	0,	1.65255e+009,	-0.991229,	-0.565488,	-0.444092,	-0.00665279,	-0.643042,	-0.189435,	-0.0207205,	0.105617,	-0.720689,	-0.0548845,	-0.00836643,	-0.0109391,	-0.738306,	-0.169427,	-0.0196168,	-0.0833856,	-0.517548,	-0.376062,	-0.0186753,	-0.387365,	-0.4732,	0.59547,	-0.07056,	51697,	-245,	6,	-451,	51727,	133,	-55,	-143,	51637,	59,	-27,	-334,	
1,	13,	264032,	1.65255e+015,	1,	3,	-3,	3,	-1,	2,	-1,	-1,	1.65255e+009,	-0.991229,	-0.565488,	-0.444092,	-0.00665279,	-0.643042,	-0.189435,	-0.0207205,	0.105617,	-0.720689,	-0.0548845,	-0.00836643,	-0.0109391,	-0.738306,	-0.169427,	-0.0196168,	-0.0833856,	-0.517548,	-0.376062,	-0.0186753,	-0.387365,	-0.4732,	0.59547,	-0.07056,	51707,	-244,	7,	-452,	51737,	133,	-56,	-143,	51647,	59,	-27,	-334,	
1,	13,	264110,	1.65255e+015,	-1,	-5,	-3,	-3,	-3,	-1,	-2,	1,	1.65255e+009,	-0.991229,	-0.565488,	-0.444092,	-0.00665279,	-0.643042,	-0.189435,	-0.0207205,	0.105617,	-0.720689,	-0.0548845,	-0.00836643,	-0.0109391,	-0.738306,	-0.169427,	-0.0196168,	-0.0833856,	-0.517548,	-0.376062,	-0.0186753,	-0.387365,	-0.4732,	0.59547,	-0.07056,	51717,	-244,	5,	-452,	51747,	134,	-55,	-143,	51657,	59,	-29,	-334,	
1,	13,	264188,	1.65255e+015,	2,	3,	14,	2,	0,	1,	0,	0,	1.65255e+009,	-0.991229,	-0.565488,	-0.444092,	-0.00665279,	-0.643042,	-0.189435,	-0.0207205,	0.105617,	-0.720689,	-0.0548845,	-0.00836643,	-0.0109391,	-0.738306,	-0.169427,	-0.0196168,	-0.0833856,	-0.605268,	-0.376062,	-0.0186753,	-0.387365,	-0.4732,	0.59547,	-0.07056,	51727,	-243,	7,	-452,	51757,	133,	-56,	-143,	51667,	59,	-27,	-335,	
1,	13,	264266,	1.65255e+015,	-3,	-7,	-22,	-7,	-3,	1,	1,	0,	1.65255e+009,	-0.991229,	-0.565488,	-0.444092,	-0.00665279,	-0.643042,	-0.189435,	-0.0207205,	0.105617,	-0.720689,	-0.0548845,	-0.00836643,	-0.0109391,	-0.738306,	-0.169427,	-0.0196168,	-0.0833856,	-0.605268,	-0.376062,	-0.0186753,	-0.387365,	-0.4732,	0.59547,	-0.07056,	51737,	-243,	7,	-452,	51767,	134,	-55,	-143,	51677,	61,	-28,	-335,	
1,	13,	264344,	1.65255e+015,	22,	10,	-6,	-2,	5,	3,	-1,	2,	1.65255e+009,	-0.991229,	-0.565488,	-0.444092,	-0.00665279,	-0.643042,	-0.189435,	-0.0207205,	0.105617,	-0.720689,	-0.0548845,	-0.00836643,	-0.0109391,	-0.738306,	-0.169427,	-0.0196168,	-0.0833856,	-0.605268,	-0.376062,	-0.0186753,	-0.387365,	-0.4186,	0.59547,	-0.07056,	51747,	-244,	6,	-452,	51777,	134,	-55,	-143,	51687,	60,	-28,	-335,	
1,	13,	264422,	1.65255e+015,	-1,	5,	19,	-9,	-10,	-10,	-15,	-13,	1.65255e+009,	-0.991229,	-0.442288,	-0.328529,	0.0179872,	-0.707106,	-0.892177,	-0.103043,	0.084077,	-0.720689,	-0.813289,	-0.0734012,	-0.0213889,	-0.738306,	-0.719398,	-0.0433129,	-0.0406094,	-0.605268,	-0.542631,	-0.00197613,	-0.309105,	-0.2093,	0.59547,	-0.07056,	51757,	-244,	6,	-452,	51787,	133,	-56,	-143,	51697,	58,	-28,	-335,	
1,	13,	264500,	1.65255e+015,	-17,	-25,	-14,	-3,	-3,	-8,	-8,	24,	1.65255e+009,	-0.916079,	-0.442288,	-0.245984,	0.0426272,	-1.04344,	-1.33521,	-0.343506,	0.084077,	-1.16225,	-1.31224,	-0.32795,	-0.0213889,	-0.998502,	-1.30485,	-0.323019,	-0.0406094,	-0.978078,	-1.0039,	-0.151837,	-0.309105,	0.1729,	0.63862,	-0.07056,	51767,	-245,	6,	-451,	51797,	133,	-55,	-143,	51707,	59,	-28,	-335,	
1,	13,	264579,	1.65255e+015,	-28,	-63,	-15,	15,	-5,	-3,	-5,	-18,	1.65255e+009,	-0.991229,	-0.540848,	-0.345038,	0.101763,	-1.42783,	-1.44215,	-0.420369,	0.0999513,	-1.54073,	-1.51182,	-0.474381,	-0.0188226,	-1.45385,	-1.55322,	-0.507954,	-0.0616991,	-1.39475,	-1.26016,	-0.293933,	-0.330195,	0.5551,	0.63862,	-0.07056,	51777,	-245,	8,	-452,	51807,	132,	-56,	-143,	51717,	59,	-28,	-335,	
1,	13,	264672,	1.65255e+015,	1,	-29,	8,	0,	3,	-4,	-8,	5,	1.65255e+009,	-0.825899,	-0.639408,	-0.592673,	0.101763,	-1.50791,	-1.44215,	-0.420369,	0.0999513,	-1.72997,	-1.51182,	-0.474381,	-0.0188226,	-1.56226,	-1.55322,	-0.507954,	-0.0616991,	-1.5044,	-1.26016,	-0.293933,	-0.342023,	0.6097,	0.63862,	-0.07056,	51787,	-244,	7,	-453,	51817,	133,	-56,	-143,	51727,	59,	-28,	-335,	
1,	13,	264766,	1.65255e+015,	-8,	23,	4,	35,	-2,	0,	-2,	1,	1.65255e+009,	-0.735718,	-0.762608,	-0.790781,	0.101763,	-1.57197,	-1.51853,	-0.479752,	0.0999513,	-1.72997,	-1.51182,	-0.474381,	-0.0188226,	-1.64899,	-1.62419,	-0.568044,	-0.0616991,	-1.59212,	-1.31141,	-0.327395,	-0.342023,	0.6097,	0.63862,	-0.07056,	51797,	-244,	7,	-453,	51827,	134,	-55,	-143,	51737,	60,	-27,	-335,	
1,	13,	264844,	1.65255e+015,	-40,	-47,	-17,	-104,	-9,	3,	0,	0,	1.65255e+009,	-0.735718,	-0.762608,	-0.955871,	0.101763,	-1.57197,	-1.51853,	-0.479752,	0.0999513,	-1.80882,	-1.51182,	-0.474381,	-0.0188226,	-1.64899,	-1.62419,	-0.568044,	-0.0616991,	-1.59212,	-1.31141,	-0.327395,	-0.342023,	0.6097,	0.63862,	-0.07056,	51807,	-244,	7,	-453,	51837,	134,	-56,	-144,	51747,	60,	-28,	-335,	
1,	13,	264922,	1.65255e+015,	3,	-26,	0,	28,	-8,	-2,	-2,	0,	1.65255e+009,	-0.735718,	-0.762608,	-1.03842,	0.121475,	-1.57197,	-1.51853,	-0.479752,	0.0999513,	-1.80882,	-1.51182,	-0.474381,	-0.0188226,	-1.73572,	-1.62419,	-0.568044,	-0.0616991,	-1.67984,	-1.31141,	-0.327395,	-0.342023,	0.6097,	0.63862,	-0.07056,	51817,	-243,	6,	-454,	51847,	134,	-56,	-143,	51757,	60,	-28,	-335,	
1,	13,	265000,	1.65255e+015,	-12,	-38,	-11,	7,	-5,	-8,	-8,	-4,	1.65255e+009,	-0.735718,	-0.762608,	-1.10445,	0.121475,	-1.57197,	-1.51853,	-0.479752,	0.0999513,	-1.80882,	-1.51182,	-0.474381,	-0.0188226,	-1.73572,	-1.62419,	-0.568044,	-0.0616991,	-1.67984,	-1.31141,	-0.327395,	-0.342023,	0.6097,	0.63862,	-0.07056,	51827,	-244,	6,	-453,	51857,	133,	-56,	-143,	51767,	59,	-27,	-335,	
1,	13,	265079,	1.65255e+015,	-53,	3,	1,	10,	0,	-3,	-3,	-16,	1.65255e+009,	-0.735718,	-0.762608,	-1.10445,	0.121475,	-1.57197,	-1.51853,	-0.479752,	0.0999513,	-1.80882,	-1.51182,	-0.474381,	-0.0188226,	-1.73572,	-1.62419,	-0.568044,	-0.0616991,	-1.67984,	-1.31141,	-0.327395,	-0.342023,	0.6097,	0.63862,	-0.07056,	51837,	-245,	6,	-453,	51867,	134,	-55,	-143,	51777,	60,	-27,	-335,	
1,	13,	265157,	1.65255e+015,	5,	10,	20,	23,	-1,	1,	0,	7,	1.65255e+009,	-0.976198,	-0.762608,	-0.691727,	0.0968352,	-1.39579,	-1.45743,	-0.431946,	0.0999513,	-1.61958,	-1.43199,	-0.41275,	-0.0188226,	-1.51889,	-1.53548,	-0.493435,	-0.0616991,	-1.52633,	-1.24735,	-0.28583,	-0.342023,	0.4095,	0.63862,	-0.07056,	51847,	-244,	7,	-453,	51877,	132,	-56,	-144,	51787,	60,	-27,	-335,	
1,	13,	265235,	1.65255e+015,	0,	-3,	7,	1,	0,	-1,	0,	-2,	1.65255e+009,	-0.720689,	-0.762608,	-0.526637,	0.0475552,	-1.01141,	-0.907454,	-0.109244,	0.0899437,	-1.03609,	-0.913078,	-0.111565,	-0.0155222,	-0.91177,	-0.93229,	-0.119643,	-0.0583987,	-0.868428,	-0.811704,	-0.0728464,	-0.326894,	-0.2093,	0.63862,	-0.07056,	51857,	-244,	6,	-453,	51887,	134,	-56,	-143,	51797,	61,	-27,	-335,	
1,	13,	265329,	1.65255e+015,	3,	2,	14,	29,	1,	0,	1,	0,	1.65255e+009,	-0.660569,	-0.639408,	-0.444092,	0.0179872,	-0.803202,	-0.540806,	-0.00165371,	0.0899437,	-0.831079,	-0.513919,	-0.00285023,	-0.0155222,	-0.825038,	-0.630693,	-0.0200697,	-0.0583987,	-0.736848,	-0.606696,	-0.0146472,	-0.326894,	-0.3913,	0.59547,	-0.07056,	51867,	-244,	6,	-453,	51897,	134,	-55,	-144,	51807,	60,	-27,	-335,	
1,	13,	265422,	1.65255e+015,	1,	3,	24,	-1,	1,	2,	1,	0,	1.65255e+009,	-0.660569,	-0.639408,	-0.444092,	-0.00665279,	-0.803202,	-0.388036,	-0.0177831,	0.0899437,	-0.831079,	-0.29438,	-0.0223135,	-0.0155222,	-0.825038,	-0.364578,	-0.0194448,	-0.0583987,	-0.736848,	-0.491379,	-0.00626944,	-0.326894,	-0.4277,	0.59547,	-0.07056,	51877,	-244,	6,	-453,	51907,	134,	-56,	-144,	51817,	60,	-27,	-335,	
1,	13,	265485,	1.65255e+015,	-1,	2,	16,	8,	1,	2,	-1,	0,	1.65255e+009,	-0.660569,	-0.639408,	-0.444092,	-0.00665279,	-0.803202,	-0.388036,	-0.0177831,	0.0899437,	-0.831079,	-0.29438,	-0.0223135,	-0.0155222,	-0.825038,	-0.364578,	-0.0194448,	-0.0583987,	-0.736848,	-0.491379,	-0.00626944,	-0.326894,	-0.4277,	0.59547,	-0.07056,	51887,	-245,	6,	-453,	51917,	134,	-56,	-143,	5511,	30,	-50,	-286,	
1,	13,	265547,	1.65255e+015,	1,	11,	-5,	6,	-3,	-7,	-4,	-3,	1.65255e+009,	-0.660569,	-0.639408,	-0.444092,	-0.00665279,	-0.723122,	-0.388036,	-0.0177831,	0.0899437,	-0.752229,	-0.29438,	-0.0223135,	-0.0155222,	-0.825038,	-0.364578,	-0.0194448,	-0.0583987,	-0.736848,	-0.491379,	-0.00626944,	-0.326894,	-0.4277,	0.59547,	-0.07056,	5561,	-298,	6,	-343,	5591,	114,	-50,	-99,	5521,	30,	-50,	-285,	
1,	13,	265625,	1.65255e+015,	1,	0,	3,	1,	1,	0,	0,	-1,	1.65255e+009,	-0.660569,	-0.540848,	-0.444092,	-0.00665279,	-0.723122,	-0.388036,	-0.0177831,	0.0899437,	-0.752229,	-0.29438,	-0.0223135,	-0.0155222,	-0.825038,	-0.364578,	-0.0194448,	-0.0583987,	-0.736848,	-0.491379,	-0.00626944,	-0.326894,	-0.4277,	0.59547,	-0.07056,	5571,	-298,	6,	-342,	5601,	115,	-51,	-99,	5531,	30,	-52,	-285,	
1,	13,	265688,	1.65255e+015,	-1,	-2,	4,	-3,	-2,	-4,	-2,	-3,	1.65255e+009,	-0.660569,	-0.540848,	-0.444092,	-0.00665279,	-0.723122,	-0.388036,	-0.0177831,	0.0899437,	-0.752229,	-0.29438,	-0.0223135,	-0.0155222,	-0.825038,	-0.364578,	-0.0194448,	-0.0583987,	-0.736848,	-0.491379,	-0.00626944,	-0.326894,	-0.4277,	0.59547,	-0.07056,	5581,	-298,	5,	-340,	5611,	114,	-50,	-99,	5541,	30,	-50,	-286,	
1,	13,	265766,	1.65255e+015,	-2,	1,	7,	1,	-3,	-2,	-1,	-2,	1.65255e+009,	-0.660569,	-0.540848,	-0.444092,	-0.00665279,	-0.723122,	-0.388036,	-0.0177831,	0.0899437,	-0.752229,	-0.29438,	-0.0223135,	-0.0155222,	-0.825038,	-0.364578,	-0.0194448,	-0.0583987,	-0.736848,	-0.491379,	-0.00626944,	-0.326894,	-0.4277,	0.59547,	-0.07056,	5591,	-300,	5,	-339,	5621,	114,	-51,	-98,	5551,	30,	-51,	-285,	
1,	13,	265844,	1.65255e+015,	0,	2,	-1,	-1,	-3,	1,	-1,	-2,	1.65255e+009,	-0.660569,	-0.540848,	-0.444092,	-0.00665279,	-0.723122,	-0.388036,	-0.0177831,	0.0899437,	-0.752229,	-0.29438,	-0.0223135,	-0.0155222,	-0.716623,	-0.364578,	-0.0194448,	-0.0583987,	-0.736848,	-0.491379,	-0.00626944,	-0.326894,	-0.4277,	0.59547,	-0.07056,	5601,	-300,	6,	-337,	5631,	114,	-50,	-98,	5561,	31,	-50,	-284,	
1,	13,	265907,	1.65255e+015,	3,	8,	-8,	-9,	-2,	-2,	-2,	0,	1.65255e+009,	-0.660569,	-0.540848,	-0.444092,	-0.00665279,	-0.723122,	-0.388036,	-0.0177831,	0.0899437,	-0.752229,	-0.29438,	-0.0223135,	-0.0155222,	-0.716623,	-0.364578,	-0.0194448,	-0.0583987,	-0.736848,	-0.491379,	-0.00626944,	-0.326894,	-0.4277,	0.59547,	-0.07056,	5611,	-300,	7,	-338,	5641,	113,	-51,	-99,	5571,	29,	-51,	-283,	
1,	13,	265985,	1.65255e+015,	-4,	-5,	21,	-18,	-6,	-4,	0,	-4,	1.65255e+009,	-0.660569,	-0.540848,	-0.444092,	-0.00665279,	-0.723122,	-0.388036,	-0.0177831,	0.0899437,	-0.752229,	-0.29438,	-0.0223135,	-0.0155222,	-0.716623,	-0.364578,	-0.0194448,	-0.0583987,	-0.736848,	-0.491379,	-0.00626944,	-0.326894,	-0.4277,	0.59547,	-0.07056,	5621,	-301,	7,	-338,	5651,	113,	-53,	-99,	5581,	30,	-51,	-283,	
2,	13,	266094,	1.65255e+015,	0,	-2,	5,	-2,	-1,	1,	1,	0,	1.65255e+009,	-0.660569,	-0.540848,	-0.444092,	-0.0263648,	-0.723122,	-0.388036,	-0.0177831,	0.0899437,	-0.752229,	-0.29438,	-0.0223135,	-0.0155222,	-0.716623,	-0.364578,	-0.0194448,	-0.0583987,	-0.736848,	-0.491379,	-0.00626944,	-0.326894,	-0.4277,	0.59547,	-0.07056,	5631,	-299,	7,	-338,	5661,	114,	-53,	-100,	5591,	29,	-50,	-283,	
2,	13,	266157,	1.65255e+015,	0,	-1,	-21,	-1,	-4,	-2,	-1,	-1,	1.65255e+009,	-0.660569,	-0.540848,	-0.444092,	-0.0263648,	-0.723122,	-0.388036,	-0.0177831,	0.0899437,	-0.752229,	-0.29438,	-0.0223135,	-0.0155222,	-0.716623,	-0.364578,	-0.0194448,	-0.0583987,	-0.736848,	-0.491379,	-0.00626944,	-0.326894,	-0.4277,	0.59547,	-0.07056,	5641,	-299,	5,	-339,	5671,	115,	-53,	-100,	5601,	30,	-52,	-283,	
2,	13,	266219,	1.65255e+015,	0,	4,	4,	-8,	-3,	1,	0,	0,	1.65255e+009,	-0.660569,	-0.540848,	-0.444092,	-0.0263648,	-0.723122,	-0.388036,	-0.0177831,	0.0899437,	-0.752229,	-0.29438,	-0.0223135,	-0.0155222,	-0.716623,	-0.364578,	-0.0194448,	-0.0583987,	-0.736848,	-0.491379,	-0.00626944,	-0.326894,	-0.4277,	0.59547,	-0.07056,	5651,	-298,	6,	-341,	5681,	114,	-52,	-101,	5611,	29,	-52,	-283,	
2,	13,	266297,	1.65255e+015,	-3,	-7,	4,	-2,	-2,	-2,	-1,	-1,	1.65255e+009,	-0.660569,	-0.540848,	-0.444092,	-0.0263648,	-0.723122,	-0.388036,	-0.0177831,	0.0899437,	-0.752229,	-0.29438,	-0.0223135,	-0.0155222,	-0.716623,	-0.364578,	-0.0194448,	-0.0583987,	-0.736848,	-0.491379,	-0.00626944,	-0.326894,	-0.4277,	0.59547,	-0.07056,	5661,	-299,	7,	-342,	5691,	114,	-52,	-101,	5621,	29,	-53,	-283,	
2,	13,	266360,	1.65255e+015,	1,	2,	-10,	7,	1,	0,	-1,	-2,	1.65255e+009,	-0.660569,	-0.540848,	-0.444092,	-0.0263648,	-0.723122,	-0.388036,	-0.0177831,	0.0899437,	-0.752229,	-0.29438,	-0.0223135,	-0.0155222,	-0.716623,	-0.364578,	-0.0194448,	-0.0583987,	-0.736848,	-0.491379,	-0.00626944,	-0.326894,	-0.4277,	0.59547,	-0.07056,	5671,	-298,	6,	-343,	5701,	116,	-51,	-101,	5631,	29,	-53,	-283,	
2,	13,	266422,	1.65255e+015,	-4,	-10,	10,	0,	-6,	-3,	-3,	-2,	1.65255e+009,	-0.660569,	-0.540848,	-0.444092,	-0.0263648,	-0.723122,	-0.388036,	-0.0177831,	0.0899437,	-0.752229,	-0.29438,	-0.0223135,	-0.0155222,	-0.716623,	-0.364578,	-0.0194448,	-0.0583987,	-0.736848,	-0.491379,	-0.00626944,	-0.326894,	-0.4277,	0.59547,	-0.07056,	5681,	-298,	8,	-343,	5711,	116,	-51,	-101,	5641,	29,	-53,	-284,	
2,	13,	266485,	1.65255e+015,	-3,	-11,	-3,	-7,	-1,	0,	-2,	-2,	1.65255e+009,	-0.660569,	-0.540848,	-0.444092,	-0.0263648,	-0.723122,	-0.388036,	-0.0177831,	0.0899437,	-0.752229,	-0.29438,	-0.0223135,	-0.0155222,	-0.716623,	-0.364578,	-0.0194448,	-0.0583987,	-0.736848,	-0.491379,	-0.00626944,	-0.326894,	-0.4277,	0.59547,	-0.07056,	5691,	-298,	7,	-342,	5721,	115,	-51,	-101,	5651,	30,	-53,	-284,	
2,	13,	266547,	1.65255e+015,	-3,	-9,	4,	5,	0,	-1,	-2,	-1,	1.65255e+009,	-0.660569,	-0.540848,	-0.444092,	-0.0263648,	-0.723122,	-0.388036,	-0.0177831,	0.0899437,	-0.752229,	-0.29438,	-0.0223135,	-0.0155222,	-0.716623,	-0.364578,	-0.0194448,	-0.0583987,	-0.736848,	-0.491379,	-0.00626944,	-0.326894,	-0.4277,	0.59547,	-0.07056,	5701,	-298,	8,	-341,	5731,	115,	-51,	-101,	5661,	29,	-52,	-285,	
2,	13,	266625,	1.65255e+015,	1,	4,	-2,	4,	-1,	-3,	1,	0,	1.65255e+009,	-0.660569,	-0.540848,	-0.444092,	-0.0263648,	-0.723122,	-0.388036,	-0.0177831,	0.0899437,	-0.752229,	-0.29438,	-0.0223135,	-0.0155222,	-0.716623,	-0.364578,	-0.0194448,	-0.0583987,	-0.736848,	-0.491379,	-0.00626944,	-0.326894,	-0.4277,	0.59547,	-0.07056,	5711,	-298,	7,	-340,	5741,	114,	-51,	-100,	5671,	29,	-52,	-285,	
2,	13,	266704,	1.65255e+015,	3,	0,	8,	-2,	-1,	0,	1,	1,	1.65255e+009,	-0.660569,	-0.540848,	-0.444092,	-0.0263648,	-0.723122,	-0.388036,	-0.0177831,	0.0899437,	-0.752229,	-0.29438,	-0.0223135,	-0.0155222,	-0.716623,	-0.364578,	-0.0194448,	-0.0583987,	-0.736848,	-0.491379,	-0.00626944,	-0.326894,	-0.4277,	0.59547,	-0.07056,	5721,	-299,	8,	-339,	5751,	115,	-51,	-100,	5681,	30,	-53,	-285,	
2,	13,	266782,	1.65255e+015,	12,	24,	56,	13,	-2,	-2,	1,	6,	1.65255e+009,	-0.660569,	-0.540848,	-0.444092,	-0.0263648,	-0.723122,	-0.388036,	-0.0177831,	0.0899437,	-0.752229,	-0.29438,	-0.0223135,	-0.0155222,	-0.716623,	-0.364578,	-0.0194448,	-0.0583987,	-0.736848,	-0.491379,	-0.00626944,	-0.326894,	-0.4277,	0.59547,	-0.07056,	5731,	-298,	8,	-338,	5761,	114,	-51,	-100,	5691,	30,	-52,	-285,	
2,	13,	266860,	1.65255e+015,	-47,	-31,	18,	9,	-3,	-6,	-7,	-21,	1.65255e+009,	-0.720689,	-0.540848,	-0.378056,	0.0327712,	-0.723122,	-1.12133,	-0.211737,	0.084077,	-0.752229,	-1.0927,	-0.196319,	-0.0213889,	-0.716623,	-1.05648,	-0.177565,	-0.0406094,	-0.736848,	-0.760451,	-0.0557749,	-0.309105,	-0.2002,	0.59547,	-0.07056,	5741,	-299,	6,	-339,	5771,	115,	-51,	-100,	5701,	31,	-52,	-286,	
2,	13,	266938,	1.65255e+015,	39,	60,	7,	8,	2,	0,	7,	12,	1.65255e+009,	-0.886019,	-0.540848,	-0.378056,	0.0574112,	-1.07547,	-1.42687,	-0.40894,	0.084077,	-1.16225,	-1.41203,	-0.397979,	-0.0213889,	-0.955136,	-1.5,	-0.465001,	-0.0406094,	-1.02194,	-1.17047,	-0.239419,	-0.285449,	0.1911,	0.59547,	-0.07056,	5751,	-299,	8,	-339,	5781,	115,	-52,	-101,	5711,	30,	-51,	-285,	
2,	13,	267016,	1.65255e+015,	-9,	9,	-6,	-3,	-3,	-4,	2,	12,	1.65255e+009,	-0.976198,	-0.639408,	-0.378056,	0.106691,	-1.37978,	-1.50326,	-0.467576,	0.0924167,	-1.50919,	-1.53178,	-0.490427,	-0.0241392,	-1.45385,	-1.57097,	-0.522674,	-0.0433597,	-1.39475,	-1.24735,	-0.28583,	-0.288199,	0.5369,	0.63862,	-0.07056,	5761,	-299,	7,	-340,	5791,	115,	-52,	-101,	5721,	30,	-53,	-284,	
2,	13,	267079,	1.65255e+015,	-4,	-18,	1,	-65,	7,	-1,	-8,	-7,	1.65255e+009,	-0.916079,	-0.639408,	-0.609182,	0.106691,	-1.52392,	-1.50326,	-0.467576,	0.0982834,	-1.69843,	-1.53178,	-0.490427,	-0.0182725,	-1.56226,	-1.64193,	-0.58357,	-0.061149,	-1.59212,	-1.32422,	-0.336024,	-0.335559,	0.6279,	0.63862,	-0.07056,	5771,	-298,	7,	-340,	5801,	115,	-51,	-100,	5731,	30,	-52,	-284,	
2,	13,	267157,	1.65255e+015,	6,	-11,	-6,	26,	5,	-5,	-4,	-6,	1.65255e+009,	-0.840928,	-0.762608,	-0.790781,	0.131331,	-1.52392,	-1.50326,	-0.467576,	0.0982834,	-1.76151,	-1.53178,	-0.490427,	-0.0182725,	-1.64899,	-1.64193,	-0.58357,	-0.061149,	-1.67984,	-1.32422,	-0.336024,	-0.335559,	0.6279,	0.63862,	-0.07056,	5781,	-297,	6,	-341,	5811,	114,	-52,	-101,	5741,	29,	-52,	-284,	
2,	13,	267235,	1.65255e+015,	13,	3,	5,	9,	10,	7,	3,	-2,	1.65255e+009,	-0.780809,	-0.762608,	-1.03842,	0.131331,	-1.604,	-1.50326,	-0.467576,	0.0982834,	-1.82459,	-1.53178,	-0.490427,	-0.0182725,	-1.73572,	-1.64193,	-0.58357,	-0.061149,	-1.78949,	-1.32422,	-0.336024,	-0.335559,	0.6279,	0.63862,	-0.07056,	5791,	-297,	6,	-341,	5821,	114,	-50,	-101,	5751,	29,	-51,	-284,	
2,	13,	267313,	1.65255e+015,	18,	-10,	-16,	-39,	5,	6,	4,	-1,	1.65255e+009,	-0.780809,	-0.762608,	-1.12096,	0.131331,	-1.66807,	-1.50326,	-0.467576,	0.106623,	-1.88767,	-1.53178,	-0.490427,	-0.0210228,	-1.84414,	-1.64193,	-0.58357,	-0.0638993,	-1.87721,	-1.32422,	-0.336024,	-0.338309,	0.6279,	0.63862,	-0.07056,	5801,	-298,	5,	-341,	5831,	114,	-51,	-100,	5761,	29,	-52,	-285,	
2,	13,	267391,	1.65255e+015,	13,	-19,	6,	83,	7,	-6,	-5,	-1,	1.65255e+009,	-0.780809,	-0.762608,	-1.12096,	0.151043,	-1.66807,	-1.50326,	-0.467576,	0.106623,	-1.88767,	-1.53178,	-0.490427,	-0.0210228,	-1.84414,	-1.64193,	-0.58357,	-0.0638993,	-1.87721,	-1.32422,	-0.336024,	-0.338309,	0.6279,	0.63862,	-0.07056,	5811,	-298,	7,	-340,	5841,	114,	-51,	-100,	5771,	30,	-52,	-285,	
2,	13,	267469,	1.65255e+015,	-19,	2,	6,	24,	4,	-1,	-2,	0,	1.65255e+009,	-0.840928,	-0.762608,	-1.20351,	0.151043,	-1.66807,	-1.50326,	-0.467576,	0.106623,	-1.88767,	-1.53178,	-0.490427,	-0.0210228,	-1.84414,	-1.64193,	-0.58357,	-0.0638993,	-1.87721,	-1.32422,	-0.336024,	-0.338309,	0.6279,	0.63862,	-0.07056,	5821,	-298,	8,	-340,	5851,	114,	-50,	-100,	5781,	30,	-52,	-285,	
2,	13,	267547,	1.65255e+015,	0,	12,	1,	11,	1,	0,	2,	6,	1.65255e+009,	-0.840928,	-0.762608,	-1.20351,	0.151043,	-1.66807,	-1.50326,	-0.467576,	0.106623,	-1.88767,	-1.53178,	-0.490427,	-0.0210228,	-1.84414,	-1.64193,	-0.58357,	-0.0638993,	-1.87721,	-1.32422,	-0.336024,	-0.338309,	0.6279,	0.63862,	-0.07056,	5831,	-297,	7,	-340,	5861,	114,	-50,	-99,	5791,	31,	-52,	-285,	
2,	13,	267625,	1.65255e+015,	8,	9,	17,	0,	2,	2,	-1,	5,	1.65255e+009,	-0.901049,	-0.762608,	-1.20351,	0.151043,	-1.66807,	-1.50326,	-0.467576,	0.106623,	-1.88767,	-1.53178,	-0.490427,	-0.0210228,	-1.84414,	-1.64193,	-0.58357,	-0.0638993,	-1.87721,	-1.32422,	-0.336024,	-0.338309,	0.6279,	0.63862,	-0.07056,	5841,	-297,	6,	-341,	5871,	115,	-50,	-100,	5801,	31,	-51,	-285,	
2,	13,	267704,	1.65255e+015,	-5,	-13,	-2,	3,	-3,	-2,	-1,	-5,	1.65255e+009,	-0.976198,	-0.762608,	-0.691727,	0.131331,	-1.50791,	-1.50326,	-0.467576,	0.106623,	-1.79305,	-1.53178,	-0.490427,	-0.0210228,	-1.75741,	-1.64193,	-0.58357,	-0.0638993,	-1.67984,	-1.26016,	-0.293933,	-0.332395,	0.6279,	0.63862,	-0.07056,	5851,	-297,	6,	-342,	5881,	114,	-52,	-101,	5811,	30,	-52,	-284,	
2,	13,	267766,	1.65255e+015,	-1,	-1,	7,	12,	3,	3,	0,	0,	1.65255e+009,	-0.825899,	-0.762608,	-0.526637,	0.0869792,	-1.23563,	-1.25882,	-0.293085,	0.0999513,	-1.38303,	-1.23241,	-0.276515,	-0.0188226,	-1.30206,	-1.37581,	-0.371829,	-0.0616991,	-1.30703,	-1.06796,	-0.183421,	-0.330195,	0.1729,	0.63862,	-0.07056,	5861,	-296,	7,	-342,	5891,	114,	-51,	-101,	5821,	31,	-51,	-284,	
2,	13,	267829,	1.65255e+015,	3,	10,	24,	3,	1,	0,	0,	-1,	1.65255e+009,	-0.660569,	-0.762608,	-0.526637,	0.0327712,	-1.01141,	-0.846346,	-0.0853376,	0.0916117,	-1.09917,	-0.853204,	-0.0879018,	-0.0160722,	-0.998502,	-0.914549,	-0.112174,	-0.0589487,	-0.934218,	-0.760451,	-0.0557749,	-0.327444,	-0.1729,	0.59547,	-0.07056,	5871,	-297,	6,	-343,	5901,	114,	-51,	-101,	5831,	30,	-51,	-284,	
2,	13,	267891,	1.65255e+015,	-3,	-5,	-9,	-8,	-1,	-1,	0,	0,	1.65255e+009,	-0.660569,	-0.639408,	-0.526637,	0.00320321,	-1.01141,	-0.678299,	-0.0319178,	0.0916117,	-1.00455,	-0.633667,	-0.0207673,	-0.0160722,	-0.998502,	-0.666175,	-0.0287627,	-0.0589487,	-0.934218,	-0.632322,	-0.0204511,	-0.327444,	-0.3003,	0.59547,	-0.07056,	5881,	-297,	5,	-343,	5911,	114,	-51,	-102,	5841,	30,	-52,	-284,	
2,	13,	267969,	1.65255e+015,	-1,	-4,	2,	8,	-1,	-3,	-2,	-2,	1.65255e+009,	-0.660569,	-0.639408,	-0.460601,	0.00320321,	-0.85125,	-0.525529,	-0.000962125,	0.0916117,	-0.957239,	-0.434087,	-0.0134968,	-0.0160722,	-0.890087,	-0.488765,	-0.00664491,	-0.0589487,	-0.802638,	-0.555444,	-0.0043002,	-0.327444,	-0.3913,	0.59547,	-0.05488,	5891,	-297,	6,	-343,	5921,	113,	-51,	-101,	5851,	30,	-51,	-284,	
2,	13,	268047,	1.65255e+015,	-1,	-5,	-5,	-5,	1,	2,	1,	1,	1.65255e+009,	-0.660569,	-0.540848,	-0.460601,	-0.0214368,	-0.85125,	-0.449144,	-0.0118008,	0.0916117,	-0.878389,	-0.254465,	-0.0225383,	-0.0160722,	-0.890087,	-0.40006,	-0.0167949,	-0.0589487,	-0.802638,	-0.491379,	-0.00626944,	-0.327444,	-0.4368,	0.59547,	-0.05488,	5901,	-296,	7,	-343,	5931,	114,	-52,	-101,	5861,	30,	-50,	-284,	
2,	13,	268110,	1.65255e+015,	1,	-2,	2,	-16,	-1,	2,	-1,	0,	1.65255e+009,	-0.660569,	-0.540848,	-0.460601,	-0.0214368,	-0.787186,	-0.449144,	-0.0118008,	0.0916117,	-0.799539,	-0.254465,	-0.0225383,	-0.0160722,	-0.890087,	-0.40006,	-0.0167949,	-0.0589487,	-0.714918,	-0.491379,	-0.00626944,	-0.327444,	-0.4732,	0.59547,	-0.05488,	5911,	-295,	5,	-343,	5941,	115,	-51,	-101,	5871,	30,	-51,	-285,	
2,	13,	268188,	1.65255e+015,	0,	-1,	-5,	-15,	-2,	2,	0,	0,	1.65255e+009,	-0.660569,	-0.540848,	-0.460601,	-0.0214368,	-0.787186,	-0.449144,	-0.0118008,	0.0916117,	-0.799539,	-0.254465,	-0.0225383,	-0.0160722,	-0.803355,	-0.40006,	-0.0167949,	-0.0589487,	-0.714918,	-0.491379,	-0.00626944,	-0.327444,	-0.4732,	0.59547,	-0.05488,	5921,	-296,	7,	-343,	5951,	115,	-51,	-101,	5881,	30,	-51,	-285,	
2,	13,	268250,	1.65255e+015,	-3,	-5,	3,	-1,	-2,	0,	-1,	-1,	1.65255e+009,	-0.660569,	-0.540848,	-0.460601,	-0.0214368,	-0.787186,	-0.449144,	-0.0118008,	0.0916117,	-0.799539,	-0.254465,	-0.0225383,	-0.0160722,	-0.803355,	-0.40006,	-0.0167949,	-0.0589487,	-0.714918,	-0.491379,	-0.00626944,	-0.327444,	-0.4732,	0.59547,	-0.05488,	5931,	-296,	6,	-344,	5961,	115,	-50,	-102,	5891,	31,	-51,	-285,	
2,	13,	268313,	1.65255e+015,	-1,	-2,	15,	8,	-1,	0,	1,	1,	1.65255e+009,	-0.660569,	-0.540848,	-0.460601,	-0.0214368,	-0.787186,	-0.449144,	-0.0118008,	0.0916117,	-0.799539,	-0.254465,	-0.0225383,	-0.0160722,	-0.803355,	-0.40006,	-0.0167949,	-0.0589487,	-0.714918,	-0.491379,	-0.00626944,	-0.327444,	-0.4732,	0.59547,	-0.05488,	5941,	-295,	6,	-345,	5971,	114,	-51,	-102,	5901,	30,	-51,	-285,	
2,	13,	268375,	1.65255e+015,	2,	10,	4,	3,	-2,	1,	-1,	1,	1.65255e+009,	-0.660569,	-0.540848,	-0.460601,	-0.0214368,	-0.723122,	-0.449144,	-0.0118008,	0.0916117,	-0.799539,	-0.254465,	-0.0225383,	-0.0160722,	-0.803355,	-0.40006,	-0.0167949,	-0.0589487,	-0.714918,	-0.491379,	-0.00626944,	-0.327444,	-0.4732,	0.59547,	-0.05488,	5951,	-295,	4,	-346,	5981,	114,	-51,	-103,	5911,	31,	-51,	-285,	
2,	13,	268454,	1.65255e+015,	0,	0,	-24,	4,	0,	-1,	0,	1,	1.65255e+009,	-0.660569,	-0.540848,	-0.460601,	-0.0214368,	-0.723122,	-0.449144,	-0.0118008,	0.0916117,	-0.799539,	-0.254465,	-0.0225383,	-0.0160722,	-0.803355,	-0.40006,	-0.0167949,	-0.0589487,	-0.714918,	-0.491379,	-0.00626944,	-0.327444,	-0.4732,	0.59547,	-0.05488,	5961,	-294,	5,	-347,	5991,	114,	-51,	-103,	5921,	30,	-51,	-285,	
2,	13,	268532,	1.65255e+015,	2,	5,	-29,	-23,	-2,	-2,	0,	0,	1.65255e+009,	-0.660569,	-0.540848,	-0.460601,	-0.0214368,	-0.723122,	-0.449144,	-0.0118008,	0.0916117,	-0.799539,	-0.254465,	-0.0225383,	-0.0160722,	-0.803355,	-0.40006,	-0.0167949,	-0.0589487,	-0.714918,	-0.491379,	-0.00626944,	-0.327444,	-0.4732,	0.59547,	-0.05488,	5971,	-295,	5,	-348,	6001,	113,	-52,	-104,	5931,	30,	-51,	-285,	
2,	13,	268610,	1.65255e+015,	-2,	3,	9,	-2,	-2,	0,	-1,	-2,	1.65255e+009,	-0.660569,	-0.540848,	-0.460601,	-0.0214368,	-0.723122,	-0.449144,	-0.0118008,	0.0916117,	-0.799539,	-0.254465,	-0.0225383,	-0.0160722,	-0.803355,	-0.40006,	-0.0167949,	-0.0589487,	-0.714918,	-0.491379,	-0.00626944,	-0.327444,	-0.4732,	0.59547,	-0.05488,	5981,	-293,	6,	-349,	6011,	114,	-52,	-105,	5941,	30,	-50,	-285,	
2,	13,	268688,	1.65255e+015,	-2,	1,	-1,	2,	-1,	-4,	-1,	-1,	1.65255e+009,	-0.660569,	-0.540848,	-0.460601,	-0.0214368,	-0.723122,	-0.449144,	-0.0118008,	0.0916117,	-0.799539,	-0.254465,	-0.0225383,	-0.0160722,	-0.803355,	-0.40006,	-0.0167949,	-0.0589487,	-0.714918,	-0.491379,	-0.00626944,	-0.327444,	-0.4732,	0.59547,	-0.05488,	5991,	-294,	5,	-350,	6021,	115,	-51,	-105,	5951,	30,	-50,	-286,	
2,	13,	268750,	1.65255e+015,	-5,	-4,	5,	0,	-3,	-3,	-1,	-2,	1.65255e+009,	-0.660569,	-0.540848,	-0.460601,	-0.0214368,	-0.723122,	-0.449144,	-0.0118008,	0.0916117,	-0.799539,	-0.254465,	-0.0225383,	-0.0160722,	-0.803355,	-0.40006,	-0.0167949,	-0.0589487,	-0.714918,	-0.491379,	-0.00626944,	-0.327444,	-0.4732,	0.59547,	-0.05488,	6001,	-294,	4,	-349,	6031,	116,	-51,	-105,	5961,	31,	-50,	-286,	
2,	13,	268813,	1.65255e+015,	0,	-5,	-10,	-16,	-4,	-2,	-2,	-1,	1.65255e+009,	-0.660569,	-0.540848,	-0.460601,	-0.0214368,	-0.723122,	-0.449144,	-0.0118008,	0.0916117,	-0.799539,	-0.254465,	-0.0225383,	-0.0160722,	-0.803355,	-0.40006,	-0.0167949,	-0.0589487,	-0.714918,	-0.491379,	-0.00626944,	-0.327444,	-0.4732,	0.59547,	-0.05488,	6011,	-295,	6,	-348,	6041,	115,	-52,	-104,	5971,	31,	-49,	-286,	
2,	13,	268891,	1.65255e+015,	-1,	-4,	-51,	-51,	-5,	-2,	-3,	-3,	1.65255e+009,	-0.660569,	-0.540848,	-0.460601,	-0.0214368,	-0.723122,	-0.449144,	-0.0118008,	0.0916117,	-0.799539,	-0.254465,	-0.0225383,	-0.0160722,	-0.803355,	-0.40006,	-0.0167949,	-0.0589487,	-0.714918,	-0.491379,	-0.00626944,	-0.327444,	-0.4732,	0.59547,	-0.05488,	6021,	-295,	6,	-347,	6051,	115,	-52,	-104,	5981,	32,	-49,	-287,	
2,	13,	268969,	1.65255e+015,	1,	5,	22,	3,	-1,	-3,	0,	-1,	1.65255e+009,	-0.660569,	-0.540848,	-0.460601,	-0.0214368,	-0.723122,	-0.449144,	-0.0118008,	0.0916117,	-0.799539,	-0.254465,	-0.0225383,	-0.0160722,	-0.803355,	-0.40006,	-0.0167949,	-0.0589487,	-0.714918,	-0.491379,	-0.00626944,	-0.327444,	-0.4732,	0.59547,	-0.05488,	6031,	-295,	6,	-345,	6061,	115,	-52,	-104,	5991,	31,	-49,	-288,	
2,	13,	269032,	1.65255e+015,	-2,	-5,	15,	-2,	-4,	-4,	-2,	-2,	1.65255e+009,	-0.660569,	-0.540848,	-0.460601,	-0.0214368,	-0.723122,	-0.449144,	-0.0118008,	0.0916117,	-0.799539,	-0.254465,	-0.0225383,	-0.0160722,	-0.803355,	-0.40006,	-0.0167949,	-0.0589487,	-0.714918,	-0.491379,	-0.00626944,	-0.327444,	-0.4732,	0.59547,	-0.05488,	6041,	-294,	5,	-344,	6071,	116,	-51,	-103,	6001,	31,	-50,	-288,	
2,	13,	269110,	1.65255e+015,	3,	10,	46,	3,	-1,	1,	-1,	-1,	1.65255e+009,	-0.660569,	-0.540848,	-0.460601,	-0.0214368,	-0.723122,	-0.449144,	-0.0118008,	0.0916117,	-0.799539,	-0.254465,	-0.0225383,	-0.0160722,	-0.803355,	-0.40006,	-0.0167949,	-0.0589487,	-0.714918,	-0.491379,	-0.00626944,	-0.327444,	-0.4732,	0.59547,	-0.05488,	6051,	-296,	6,	-344,	6081,	116,	-52,	-104,	6011,	32,	-48,	-288,	
2,	13,	269172,	1.65255e+015,	0,	2,	5,	7,	-1,	-2,	-2,	-2,	1.65255e+009,	-0.660569,	-0.540848,	-0.460601,	-0.0214368,	-0.723122,	-0.449144,	-0.0118008,	0.0916117,	-0.799539,	-0.254465,	-0.0225383,	-0.0160722,	-0.803355,	-0.40006,	-0.0167949,	-0.0589487,	-0.714918,	-0.491379,	-0.00626944,	-0.327444,	-0.4732,	0.59547,	-0.05488,	6061,	-295,	7,	-345,	6091,	115,	-51,	-105,	6021,	32,	-49,	-288,	
2,	13,	269235,	1.65255e+015,	-1,	-8,	2,	20,	1,	-3,	2,	-1,	1.65255e+009,	-0.660569,	-0.540848,	-0.460601,	-0.0214368,	-0.723122,	-0.449144,	-0.0118008,	0.0916117,	-0.799539,	-0.254465,	-0.0225383,	-0.0160722,	-0.803355,	-0.40006,	-0.0167949,	-0.0589487,	-0.714918,	-0.491379,	-0.00626944,	-0.327444,	-0.4732,	0.59547,	-0.05488,	6071,	-294,	6,	-347,	6101,	116,	-52,	-106,	6031,	32,	-49,	-288,	
2,	13,	269297,	1.65255e+015,	-3,	-3,	1,	-7,	-1,	3,	1,	-2,	1.65255e+009,	-0.660569,	-0.540848,	-0.460601,	-0.0214368,	-0.723122,	-0.449144,	-0.0118008,	0.0916117,	-0.799539,	-0.254465,	-0.0225383,	-0.0160722,	-0.803355,	-0.40006,	-0.0167949,	-0.0589487,	-0.714918,	-0.491379,	-0.00626944,	-0.327444,	-0.4732,	0.59547,	-0.05488,	6081,	-292,	6,	-348,	6111,	116,	-53,	-106,	6041,	32,	-48,	-288,	
2,	13,	269360,	1.65255e+015,	1,	7,	16,	6,	0,	-1,	-1,	0,	1.65255e+009,	-0.660569,	-0.540848,	-0.460601,	-0.0214368,	-0.723122,	-0.449144,	-0.0118008,	0.0916117,	-0.799539,	-0.254465,	-0.0225383,	-0.0160722,	-0.803355,	-0.40006,	-0.0167949,	-0.0589487,	-0.714918,	-0.491379,	-0.00626944,	-0.327444,	-0.4732,	0.59547,	-0.05488,	6091,	-293,	6,	-348,	6121,	116,	-53,	-106,	6051,	31,	-50,	-288,	
2,	13,	269438,	1.65255e+015,	4,	2,	21,	26,	6,	1,	-1,	1,	1.65255e+009,	-0.660569,	-0.540848,	-0.460601,	-0.0214368,	-0.723122,	-0.449144,	-0.0118008,	0.0916117,	-0.799539,	-0.254465,	-0.0225383,	-0.0160722,	-0.803355,	-0.40006,	-0.0167949,	-0.0589487,	-0.714918,	-0.491379,	-0.00626944,	-0.327444,	-0.4732,	0.59547,	-0.05488,	6101,	-292,	6,	-349,	6131,	116,	-52,	-106,	6061,	32,	-49,	-288,	
2,	13,	269500,	1.65255e+015,	2,	6,	-15,	-9,	0,	-1,	-1,	1,	1.65255e+009,	-0.660569,	-0.540848,	-0.460601,	-0.0214368,	-0.723122,	-0.449144,	-0.0118008,	0.0916117,	-0.799539,	-0.254465,	-0.0225383,	-0.0160722,	-0.803355,	-0.40006,	-0.0167949,	-0.0589487,	-0.714918,	-0.491379,	-0.00626944,	-0.327444,	-0.4732,	0.59547,	-0.05488,	6111,	-293,	6,	-350,	6141,	116,	-51,	-106,	6071,	32,	-49,	-288,	
2,	13,	269579,	1.65255e+015,	1,	10,	-6,	8,	0,	-2,	-1,	0,	1.65255e+009,	-0.660569,	-0.540848,	-0.460601,	-0.0214368,	-0.723122,	-0.449144,	-0.0118008,	0.0916117,	-0.799539,	-0.254465,	-0.0225383,	-0.0160722,	-0.803355,	-0.40006,	-0.0167949,	-0.0589487,	-0.714918,	-0.491379,	-0.00626944,	-0.327444,	-0.4732,	0.59547,	-0.05488,	6121,	-291,	5,	-351,	6151,	117,	-51,	-107,	6081,	33,	-48,	-289,	
2,	13,	269641,	1.65255e+015,	0,	2,	-13,	-21,	-1,	-1,	-1,	0,	1.65255e+009,	-0.660569,	-0.540848,	-0.460601,	-0.0214368,	-0.723122,	-0.449144,	-0.0118008,	0.0916117,	-0.799539,	-0.254465,	-0.0225383,	-0.0160722,	-0.803355,	-0.40006,	-0.0167949,	-0.0589487,	-0.714918,	-0.491379,	-0.00626944,	-0.327444,	-0.4732,	0.59547,	-0.05488,	6131,	-290,	6,	-353,	6161,	116,	-52,	-108,	6091,	32,	-47,	-289,	
2,	13,	269735,	1.65255e+015,	-1,	-2,	-5,	-7,	0,	-1,	-2,	-1,	1.65255e+009,	-0.660569,	-0.540848,	-0.460601,	-0.0214368,	-0.723122,	-0.449144,	-0.0118008,	0.0916117,	-0.799539,	-0.254465,	-0.0225383,	-0.0160722,	-0.803355,	-0.40006,	-0.0167949,	-0.0589487,	-0.714918,	-0.491379,	-0.00626944,	-0.327444,	-0.4732,	0.59547,	-0.05488,	6141,	-290,	6,	-354,	6171,	117,	-53,	-109,	6101,	33,	-48,	-289,	
2,	13,	269813,	1.65255e+015,	-1,	-4,	-9,	-3,	1,	2,	0,	-1,	1.65255e+009,	-0.660569,	-0.540848,	-0.460601,	-0.0214368,	-0.723122,	-0.449144,	-0.0118008,	0.0916117,	-0.799539,	-0.254465,	-0.0225383,	-0.0160722,	-0.803355,	-0.40006,	-0.0167949,	-0.0589487,	-0.714918,	-0.491379,	-0.00626944,	-0.327444,	-0.4732,	0.59547,	-0.05488,	6151,	-289,	6,	-354,	6181,	116,	-52,	-109,	6111,	32,	-49,	-290,	
2,	13,	269891,	1.65255e+015,	-2,	-5,	9,	4,	0,	-1,	-3,	0,	1.65255e+009,	-0.660569,	-0.540848,	-0.460601,	-0.0214368,	-0.723122,	-0.449144,	-0.0118008,	0.0916117,	-0.799539,	-0.254465,	-0.0225383,	-0.0160722,	-0.803355,	-0.40006,	-0.0167949,	-0.0589487,	-0.714918,	-0.491379,	-0.00626944,	-0.327444,	-0.4732,	0.59547,	-0.05488,	6161,	-290,	5,	-352,	6191,	117,	-52,	-108,	6121,	34,	-48,	-290,	
2,	13,	269969,	1.65255e+015,	1,	-3,	26,	3,	1,	-1,	-2,	-1,	1.65255e+009,	-0.660569,	-0.540848,	-0.460601,	-0.0214368,	-0.723122,	-0.449144,	-0.0118008,	0.0916117,	-0.799539,	-0.254465,	-0.0225383,	-0.0160722,	-0.803355,	-0.40006,	-0.0167949,	-0.0589487,	-0.714918,	-0.491379,	-0.00626944,	-0.327444,	-0.4732,	0.59547,	-0.05488,	6171,	-290,	5,	-351,	6201,	116,	-53,	-108,	6131,	34,	-47,	-291,	
2,	13,	270047,	1.65255e+015,	-3,	-1,	8,	-4,	1,	3,	-1,	-2,	1.65255e+009,	-0.660569,	-0.540848,	-0.460601,	-0.0214368,	-0.723122,	-0.449144,	-0.0118008,	0.0916117,	-0.799539,	-0.254465,	-0.0225383,	-0.0160722,	-0.803355,	-0.40006,	-0.0167949,	-0.0589487,	-0.714918,	-0.491379,	-0.00626944,	-0.327444,	-0.4732,	0.59547,	-0.05488,	6181,	-292,	6,	-350,	6211,	117,	-53,	-108,	6141,	34,	-47,	-291,	
2,	13,	270125,	1.65255e+015,	2,	-2,	13,	7,	-1,	3,	0,	1,	1.65255e+009,	-0.660569,	-0.540848,	-0.460601,	-0.0214368,	-0.723122,	-0.449144,	-0.0118008,	0.0916117,	-0.799539,	-0.254465,	-0.0225383,	-0.0160722,	-0.803355,	-0.40006,	-0.0167949,	-0.0589487,	-0.714918,	-0.491379,	-0.00626944,	-0.327444,	-0.4732,	0.59547,	-0.05488,	6191,	-291,	6,	-350,	6221,	117,	-52,	-108,	6151,	35,	-46,	-292,	
2,	13,	270204,	1.65255e+015,	-4,	-3,	-5,	-2,	-2,	-1,	-1,	-2,	1.65255e+009,	-0.660569,	-0.540848,	-0.460601,	-0.0214368,	-0.723122,	-0.449144,	-0.0118008,	0.0916117,	-0.799539,	-0.254465,	-0.0225383,	-0.0160722,	-0.803355,	-0.40006,	-0.0167949,	-0.0589487,	-0.714918,	-0.491379,	-0.00626944,	-0.327444,	-0.4732,	0.59547,	-0.05488,	6201,	-291,	7,	-350,	6231,	117,	-53,	-109,	6161,	35,	-46,	-292,	
2,	13,	270282,	1.65255e+015,	2,	3,	-9,	-8,	-5,	-2,	-2,	-3,	1.65255e+009,	-0.660569,	-0.540848,	-0.460601,	-0.0214368,	-0.723122,	-0.449144,	-0.0118008,	0.0916117,	-0.799539,	-0.254465,	-0.0225383,	-0.0160722,	-0.803355,	-0.40006,	-0.0167949,	-0.0589487,	-0.714918,	-0.491379,	-0.00626944,	-0.327444,	-0.4732,	0.59547,	-0.05488,	6211,	-290,	5,	-352,	6241,	118,	-54,	-109,	6171,	35,	-46,	-292,	
2,	13,	270360,	1.65255e+015,	1,	5,	22,	-2,	-1,	-3,	0,	0,	1.65255e+009,	-0.660569,	-0.540848,	-0.460601,	-0.0214368,	-0.723122,	-0.449144,	-0.0118008,	0.0916117,	-0.799539,	-0.254465,	-0.0225383,	-0.0160722,	-0.803355,	-0.40006,	-0.0167949,	-0.0589487,	-0.714918,	-0.491379,	-0.00626944,	-0.327444,	-0.4732,	0.59547,	-0.05488,	6221,	-289,	7,	-353,	6251,	118,	-54,	-111,	6181,	35,	-46,	-292,	
2,	13,	270438,	1.65255e+015,	0,	0,	-2,	-18,	-1,	0,	-1,	-1,	1.65255e+009,	-0.660569,	-0.540848,	-0.460601,	-0.0214368,	-0.723122,	-0.449144,	-0.0118008,	0.0916117,	-0.799539,	-0.254465,	-0.0225383,	-0.0160722,	-0.803355,	-0.40006,	-0.0167949,	-0.0589487,	-0.714918,	-0.491379,	-0.00626944,	-0.327444,	-0.4732,	0.59547,	-0.05488,	6231,	-289,	6,	-355,	6261,	119,	-55,	-112,	6191,	34,	-47,	-292,	
2,	13,	270516,	1.65255e+015,	2,	-3,	8,	8,	2,	0,	-1,	1,	1.65255e+009,	-0.660569,	-0.540848,	-0.460601,	-0.0214368,	-0.723122,	-0.449144,	-0.0118008,	0.0916117,	-0.799539,	-0.254465,	-0.0225383,	-0.0160722,	-0.803355,	-0.40006,	-0.0167949,	-0.0589487,	-0.714918,	-0.491379,	-0.00626944,	-0.327444,	-0.4732,	0.59547,	-0.05488,	6241,	-287,	6,	-356,	6271,	118,	-55,	-113,	6201,	36,	-47,	-292,	
2,	13,	270594,	1.65255e+015,	0,	-1,	3,	-2,	1,	0,	0,	-1,	1.65255e+009,	-0.660569,	-0.540848,	-0.460601,	-0.0214368,	-0.723122,	-0.449144,	-0.0118008,	0.0916117,	-0.799539,	-0.254465,	-0.0225383,	-0.0160722,	-0.803355,	-0.40006,	-0.0167949,	-0.0589487,	-0.714918,	-0.491379,	-0.00626944,	-0.327444,	-0.4368,	0.59547,	-0.05488,	6251,	-287,	6,	-358,	6281,	118,	-56,	-114,	6211,	36,	-47,	-293,	
2,	13,	270672,	1.65255e+015,	0,	7,	-9,	-3,	-1,	0,	-1,	0,	1.65255e+009,	-0.660569,	-0.540848,	-0.460601,	-0.0214368,	-0.723122,	-0.449144,	-0.0118008,	0.0916117,	-0.799539,	-0.254465,	-0.0225383,	-0.0160722,	-0.803355,	-0.40006,	-0.0167949,	-0.0589487,	-0.714918,	-0.491379,	-0.00626944,	-0.327444,	-0.4368,	0.59547,	-0.05488,	6261,	-286,	6,	-360,	6291,	119,	-55,	-116,	6221,	37,	-46,	-294,	
2,	13,	270750,	1.65255e+015,	-3,	-4,	11,	3,	1,	-1,	0,	-1,	1.65255e+009,	-0.660569,	-0.540848,	-0.460601,	-0.0214368,	-0.723122,	-0.449144,	-0.0118008,	0.0916117,	-0.799539,	-0.254465,	-0.0225383,	-0.0160722,	-0.803355,	-0.40006,	-0.0167949,	-0.0589487,	-0.714918,	-0.491379,	-0.00626944,	-0.327444,	-0.4368,	0.59547,	-0.05488,	6271,	-286,	6,	-362,	6301,	120,	-55,	-117,	6231,	36,	-47,	-295,	
2,	13,	270829,	1.65255e+015,	-3,	1,	-1,	6,	-1,	-1,	0,	-1,	1.65255e+009,	-0.660569,	-0.540848,	-0.460601,	-0.0214368,	-0.723122,	-0.449144,	-0.0118008,	0.0916117,	-0.799539,	-0.254465,	-0.0225383,	-0.0160722,	-0.803355,	-0.40006,	-0.0167949,	-0.0589487,	-0.714918,	-0.491379,	-0.00626944,	-0.327444,	-0.4368,	0.59547,	-0.05488,	6281,	-285,	5,	-365,	6311,	121,	-55,	-118,	6241,	37,	-45,	-296,	
2,	13,	270907,	1.65255e+015,	0,	0,	7,	-3,	1,	0,	0,	0,	1.65255e+009,	-0.660569,	-0.540848,	-0.460601,	-0.0214368,	-0.723122,	-0.449144,	-0.0118008,	0.0916117,	-0.799539,	-0.254465,	-0.0225383,	-0.0160722,	-0.803355,	-0.40006,	-0.0167949,	-0.0589487,	-0.714918,	-0.491379,	-0.00626944,	-0.327444,	-0.4368,	0.59547,	-0.05488,	6291,	-283,	5,	-368,	6321,	121,	-55,	-120,	6251,	37,	-45,	-297,	
2,	13,	270985,	1.65255e+015,	2,	5,	17,	-5,	0,	0,	0,	1,	1.65255e+009,	-0.660569,	-0.540848,	-0.460601,	-0.0214368,	-0.723122,	-0.449144,	-0.0118008,	0.0916117,	-0.799539,	-0.254465,	-0.0225383,	-0.0160722,	-0.803355,	-0.40006,	-0.0167949,	-0.0589487,	-0.714918,	-0.491379,	-0.00626944,	-0.327444,	-0.4368,	0.59547,	-0.05488,	6301,	-281,	4,	-372,	6331,	122,	-56,	-122,	6261,	37,	-44,	-297,	
2,	13,	271063,	1.65255e+015,	3,	2,	-16,	11,	1,	-1,	0,	0,	1.65255e+009,	-0.660569,	-0.540848,	-0.460601,	-0.0214368,	-0.723122,	-0.449144,	-0.0118008,	0.0916117,	-0.799539,	-0.254465,	-0.0225383,	-0.0160722,	-0.803355,	-0.40006,	-0.0167949,	-0.0589487,	-0.714918,	-0.491379,	-0.00626944,	-0.327444,	-0.4368,	0.59547,	-0.05488,	6311,	-279,	4,	-377,	6341,	123,	-56,	-125,	6271,	39,	-43,	-299,	
2,	13,	271141,	1.65255e+015,	0,	3,	5,	8,	1,	0,	0,	0,	1.65255e+009,	-0.660569,	-0.540848,	-0.460601,	-0.0214368,	-0.723122,	-0.449144,	-0.0118008,	0.0916117,	-0.799539,	-0.254465,	-0.0225383,	-0.0160722,	-0.803355,	-0.40006,	-0.0167949,	-0.0589487,	-0.714918,	-0.491379,	-0.00626944,	-0.327444,	-0.4368,	0.59547,	-0.05488,	6321,	-276,	4,	-383,	6351,	124,	-59,	-127,	6281,	40,	-42,	-300,	
