1,	12,	222204,	1.65255e+015,	-4,	-5,	1,	-2,	-5,	-3,	-1,	-3,	1.65255e+009,	-0.585419,	-0.540848,	-0.345038,	-0.0657888,	-0.675074,	-0.0824958,	-0.0118465,	0.112087,	-0.720689,	0.0249475,	0.00444024,	-0.0111227,	-0.803355,	-0.133945,	-0.0170294,	-0.0894831,	-0.714918,	-0.273558,	-0.022558,	-0.399377,	-0.3458,	0.57821,	-0.05488,	26817,	-267,	1,	-413,	26847,	129,	-62,	-135,	26777,	55,	-33,	-325,	
1,	12,	222266,	1.65255e+015,	0,	-2,	14,	-8,	-1,	-3,	-2,	-1,	1.65255e+009,	-0.585419,	-0.540848,	-0.345038,	-0.0657888,	-0.675074,	-0.0824958,	-0.0118465,	0.112087,	-0.720689,	0.0249475,	0.00444024,	-0.0111227,	-0.803355,	-0.133945,	-0.0170294,	-0.0894831,	-0.714918,	-0.273558,	-0.022558,	-0.399377,	-0.3458,	0.57821,	-0.05488,	26827,	-268,	2,	-414,	26857,	129,	-61,	-135,	26787,	55,	-33,	-325,	
1,	12,	222329,	1.65255e+015,	-3,	-1,	2,	1,	-1,	0,	0,	0,	1.65255e+009,	-0.585419,	-0.540848,	-0.345038,	-0.0657888,	-0.675074,	-0.0824958,	-0.0118465,	0.112087,	-0.720689,	0.0249475,	0.00444024,	-0.0111227,	-0.803355,	-0.133945,	-0.0170294,	-0.0894831,	-0.714918,	-0.273558,	-0.022558,	-0.399377,	-0.3458,	0.57821,	-0.05488,	26837,	-269,	2,	-414,	26867,	127,	-62,	-135,	26797,	55,	-33,	-325,	
1,	12,	222391,	1.65255e+015,	3,	11,	17,	2,	5,	2,	-1,	0,	1.65255e+009,	-0.585419,	-0.540848,	-0.345038,	-0.0657888,	-0.675074,	-0.0824958,	-0.0118465,	0.112087,	-0.720689,	0.0249475,	0.00444024,	-0.0111227,	-0.803355,	-0.133945,	-0.0170294,	-0.0894831,	-0.714918,	-0.273558,	-0.022558,	-0.399377,	-0.3458,	0.57821,	-0.05488,	26847,	-267,	1,	-414,	26877,	128,	-61,	-135,	26807,	56,	-33,	-325,	
1,	12,	222469,	1.65255e+015,	0,	2,	1,	10,	2,	-1,	-1,	0,	1.65255e+009,	-0.585419,	-0.540848,	-0.345038,	-0.0657888,	-0.675074,	-0.0824958,	-0.0118465,	0.112087,	-0.720689,	0.0249475,	0.00444024,	-0.0111227,	-0.803355,	-0.133945,	-0.0170294,	-0.0894831,	-0.714918,	-0.273558,	-0.022558,	-0.399377,	-0.3458,	0.57821,	-0.05488,	26857,	-267,	0,	-415,	26887,	128,	-61,	-136,	26817,	56,	-33,	-325,	
1,	12,	222532,	1.65255e+015,	2,	-3,	-18,	-6,	-1,	-1,	1,	1,	1.65255e+009,	-0.585419,	-0.540848,	-0.345038,	-0.0657888,	-0.675074,	-0.0824958,	-0.0118465,	0.112087,	-0.720689,	0.0249475,	0.00444024,	-0.0111227,	-0.803355,	-0.133945,	-0.0170294,	-0.0894831,	-0.714918,	-0.273558,	-0.022558,	-0.399377,	-0.3458,	0.57821,	-0.05488,	26867,	-266,	1,	-415,	26897,	129,	-62,	-136,	26827,	55,	-33,	-325,	
1,	12,	222610,	1.65255e+015,	0,	0,	-13,	-21,	-4,	-2,	-4,	-1,	1.65255e+009,	-0.585419,	-0.540848,	-0.345038,	-0.0657888,	-0.675074,	-0.0824958,	-0.0118465,	0.112087,	-0.720689,	0.0249475,	0.00444024,	-0.0111227,	-0.803355,	-0.133945,	-0.0170294,	-0.0894831,	-0.714918,	-0.273558,	-0.022558,	-0.399377,	-0.3458,	0.57821,	-0.05488,	26877,	-266,	1,	-416,	26907,	129,	-61,	-136,	26837,	54,	-32,	-325,	
1,	12,	222688,	1.65255e+015,	-1,	4,	35,	2,	0,	0,	-2,	-1,	1.65255e+009,	-0.585419,	-0.540848,	-0.345038,	-0.0657888,	-0.675074,	-0.0824958,	-0.0118465,	0.112087,	-0.720689,	0.0249475,	0.00444024,	-0.0111227,	-0.803355,	-0.133945,	-0.0170294,	-0.0894831,	-0.714918,	-0.273558,	-0.022558,	-0.399377,	-0.3458,	0.57821,	-0.05488,	26887,	-265,	1,	-417,	26917,	128,	-63,	-136,	26847,	54,	-32,	-325,	
1,	12,	222750,	1.65255e+015,	-1,	1,	52,	8,	0,	0,	-1,	-1,	1.65255e+009,	-0.585419,	-0.540848,	-0.345038,	-0.0657888,	-0.675074,	-0.0824958,	-0.0118465,	0.112087,	-0.720689,	0.0249475,	0.00444024,	-0.0111227,	-0.803355,	-0.133945,	-0.0170294,	-0.0894831,	-0.714918,	-0.273558,	-0.022558,	-0.399377,	-0.3458,	0.57821,	-0.05488,	26897,	-265,	1,	-417,	26927,	129,	-62,	-136,	26857,	55,	-32,	-325,	
1,	12,	222813,	1.65255e+015,	-2,	-3,	-21,	-7,	-2,	-3,	-1,	0,	1.65255e+009,	-0.585419,	-0.540848,	-0.345038,	-0.0657888,	-0.675074,	-0.0824958,	-0.0118465,	0.109154,	-0.720689,	0.0249475,	0.00444024,	-0.014056,	-0.803355,	-0.133945,	-0.0170294,	-0.0805885,	-0.714918,	-0.273558,	-0.022558,	-0.390482,	-0.3458,	0.57821,	-0.05488,	26907,	-266,	0,	-416,	26937,	129,	-62,	-136,	26867,	54,	-33,	-326,	
1,	12,	222891,	1.65255e+015,	0,	2,	-8,	17,	0,	-3,	-1,	-2,	1.65255e+009,	-0.585419,	-0.540848,	-0.345038,	-0.0657888,	-0.675074,	-0.0824958,	-0.0118465,	0.109154,	-0.720689,	0.0249475,	0.00444024,	-0.014056,	-0.803355,	-0.133945,	-0.0170294,	-0.0805885,	-0.714918,	-0.273558,	-0.022558,	-0.390482,	-0.3458,	0.57821,	-0.05488,	26917,	-266,	2,	-417,	26947,	129,	-63,	-136,	26877,	55,	-32,	-326,	
1,	12,	222954,	1.65255e+015,	-2,	-3,	-39,	3,	-2,	-2,	-1,	-2,	1.65255e+009,	-0.585419,	-0.540848,	-0.345038,	-0.0657888,	-0.675074,	-0.0824958,	-0.0118465,	0.109154,	-0.720689,	0.0249475,	0.00444024,	-0.014056,	-0.803355,	-0.133945,	-0.0170294,	-0.0805885,	-0.714918,	-0.32481,	-0.0214572,	-0.390482,	-0.3458,	0.57821,	-0.05488,	26927,	-266,	2,	-417,	26957,	128,	-62,	-136,	26887,	55,	-32,	-326,	
1,	12,	223032,	1.65255e+015,	-2,	1,	-4,	-2,	-2,	0,	-3,	0,	1.65255e+009,	-0.585419,	-0.540848,	-0.345038,	-0.0657888,	-0.675074,	-0.0824958,	-0.0118465,	0.109154,	-0.720689,	0.0249475,	0.00444024,	-0.014056,	-0.803355,	-0.133945,	-0.0170294,	-0.0805885,	-0.714918,	-0.32481,	-0.0214572,	-0.390482,	-0.3458,	0.57821,	-0.05488,	26937,	-265,	1,	-417,	26967,	129,	-62,	-136,	26897,	56,	-32,	-326,	
1,	12,	223094,	1.65255e+015,	0,	0,	19,	-5,	1,	-1,	-1,	-2,	1.65255e+009,	-0.585419,	-0.540848,	-0.345038,	-0.0657888,	-0.675074,	-0.0824958,	-0.0118465,	0.109154,	-0.720689,	0.0249475,	0.00444024,	-0.014056,	-0.803355,	-0.133945,	-0.0170294,	-0.0805885,	-0.714918,	-0.32481,	-0.0214572,	-0.390482,	-0.3458,	0.57821,	-0.05488,	26947,	-266,	1,	-416,	26977,	129,	-61,	-136,	26907,	56,	-31,	-326,	
1,	12,	223157,	1.65255e+015,	-1,	-2,	-46,	-3,	-1,	-1,	-2,	-2,	1.65255e+009,	-0.585419,	-0.540848,	-0.345038,	-0.0657888,	-0.675074,	-0.0824958,	-0.0118465,	0.109154,	-0.720689,	0.0249475,	0.00444024,	-0.014056,	-0.803355,	-0.133945,	-0.0170294,	-0.0805885,	-0.714918,	-0.32481,	-0.0214572,	-0.390482,	-0.3458,	0.57821,	-0.05488,	26957,	-265,	1,	-416,	26987,	129,	-62,	-136,	26917,	55,	-32,	-326,	
1,	12,	223235,	1.65255e+015,	4,	6,	6,	-3,	-1,	1,	0,	0,	1.65255e+009,	-0.585419,	-0.540848,	-0.345038,	-0.0657888,	-0.675074,	-0.0824958,	-0.0118465,	0.109154,	-0.720689,	0.0249475,	0.00444024,	-0.014056,	-0.803355,	-0.133945,	-0.0170294,	-0.0805885,	-0.714918,	-0.32481,	-0.0214572,	-0.390482,	-0.3458,	0.57821,	-0.05488,	26967,	-265,	2,	-416,	26997,	129,	-62,	-136,	26927,	56,	-32,	-326,	
1,	12,	223313,	1.65255e+015,	1,	-4,	18,	0,	0,	-1,	-1,	0,	1.65255e+009,	-0.585419,	-0.540848,	-0.345038,	-0.0657888,	-0.675074,	-0.0824958,	-0.0118465,	0.109154,	-0.720689,	0.0249475,	0.00444024,	-0.014056,	-0.803355,	-0.133945,	-0.0170294,	-0.0805885,	-0.714918,	-0.32481,	-0.0214572,	-0.390482,	-0.3458,	0.57821,	-0.05488,	26977,	-265,	2,	-416,	27007,	128,	-62,	-137,	26937,	55,	-33,	-327,	
1,	12,	223391,	1.65255e+015,	-1,	-1,	15,	11,	0,	-1,	1,	0,	1.65255e+009,	-0.585419,	-0.540848,	-0.345038,	-0.0657888,	-0.675074,	-0.0824958,	-0.0118465,	0.109154,	-0.720689,	0.0249475,	0.00444024,	-0.014056,	-0.803355,	-0.133945,	-0.0170294,	-0.0805885,	-0.714918,	-0.32481,	-0.0214572,	-0.390482,	-0.3458,	0.57821,	-0.05488,	26987,	-266,	1,	-416,	27017,	129,	-61,	-137,	26947,	56,	-32,	-326,	
1,	12,	223469,	1.65255e+015,	1,	8,	8,	3,	1,	-1,	0,	0,	1.65255e+009,	-0.585419,	-0.540848,	-0.345038,	-0.0657888,	-0.675074,	-0.0824958,	-0.0118465,	0.109154,	-0.720689,	0.0249475,	0.00444024,	-0.014056,	-0.803355,	-0.133945,	-0.0170294,	-0.0805885,	-0.714918,	-0.32481,	-0.0214572,	-0.390482,	-0.3458,	0.57821,	-0.05488,	26997,	-267,	1,	-416,	27027,	128,	-62,	-136,	26957,	56,	-32,	-327,	
1,	12,	223547,	1.65255e+015,	1,	3,	5,	4,	1,	-1,	0,	0,	1.65255e+009,	-0.585419,	-0.540848,	-0.345038,	-0.0657888,	-0.675074,	-0.0824958,	-0.0118465,	0.109154,	-0.720689,	0.0249475,	0.00444024,	-0.014056,	-0.803355,	-0.133945,	-0.0170294,	-0.0805885,	-0.714918,	-0.32481,	-0.0214572,	-0.390482,	-0.3458,	0.57821,	-0.05488,	27007,	-266,	2,	-416,	27037,	128,	-62,	-136,	26967,	56,	-32,	-326,	
1,	12,	223625,	1.65255e+015,	-6,	-13,	-73,	-17,	-7,	-3,	-3,	-1,	1.65255e+009,	-0.585419,	-0.540848,	-0.345038,	-0.0657888,	-0.675074,	-0.0824958,	-0.0118465,	0.109154,	-0.720689,	0.0249475,	0.00444024,	-0.014056,	-0.803355,	-0.133945,	-0.0170294,	-0.0805885,	-0.714918,	-0.32481,	-0.0214572,	-0.390482,	-0.3458,	0.57821,	-0.05488,	27017,	-265,	1,	-416,	27047,	128,	-63,	-136,	26977,	56,	-32,	-326,	
1,	12,	223704,	1.65255e+015,	-4,	-4,	13,	-3,	-1,	-3,	-2,	-1,	1.65255e+009,	-0.585419,	-0.540848,	-0.345038,	-0.0657888,	-0.675074,	-0.0824958,	-0.0118465,	0.109154,	-0.720689,	0.0249475,	0.00444024,	-0.014056,	-0.803355,	-0.133945,	-0.0170294,	-0.0805885,	-0.714918,	-0.32481,	-0.0214572,	-0.390482,	-0.3458,	0.57821,	-0.05488,	27027,	-266,	1,	-416,	27057,	128,	-62,	-136,	26987,	55,	-32,	-326,	
1,	12,	223782,	1.65255e+015,	2,	4,	11,	5,	0,	1,	0,	1,	1.65255e+009,	-0.585419,	-0.540848,	-0.345038,	-0.0657888,	-0.675074,	-0.0824958,	-0.0118465,	0.109154,	-0.720689,	0.0249475,	0.00444024,	-0.014056,	-0.803355,	-0.133945,	-0.0170294,	-0.0805885,	-0.714918,	-0.32481,	-0.0214572,	-0.390482,	-0.3458,	0.57821,	-0.05488,	27037,	-267,	3,	-415,	27067,	129,	-62,	-136,	26997,	56,	-32,	-326,	
1,	12,	223875,	1.65255e+015,	-2,	-3,	19,	31,	2,	-3,	-2,	1,	1.65255e+009,	-0.585419,	-0.540848,	-0.345038,	-0.0657888,	-0.675074,	-0.0824958,	-0.0118465,	0.109154,	-0.720689,	0.0249475,	0.00444024,	-0.014056,	-0.803355,	-0.133945,	-0.0170294,	-0.0805885,	-0.714918,	-0.32481,	-0.0214572,	-0.390482,	-0.3458,	0.57821,	-0.05488,	27047,	-266,	2,	-416,	27077,	128,	-61,	-136,	27007,	56,	-32,	-326,	
1,	12,	223954,	1.65255e+015,	-2,	1,	18,	10,	-3,	-1,	0,	0,	1.65255e+009,	-0.585419,	-0.540848,	-0.345038,	-0.0657888,	-0.675074,	-0.0824958,	-0.0118465,	0.109154,	-0.720689,	0.0249475,	0.00444024,	-0.014056,	-0.803355,	-0.133945,	-0.0170294,	-0.0805885,	-0.714918,	-0.32481,	-0.0214572,	-0.390482,	-0.3458,	0.57821,	-0.05488,	27057,	-266,	1,	-415,	27087,	128,	-61,	-136,	27017,	56,	-32,	-326,	
1,	12,	224016,	1.65255e+015,	-3,	-8,	-2,	-21,	-3,	-1,	-2,	-2,	1.65255e+009,	-0.585419,	-0.540848,	-0.345038,	-0.0657888,	-0.675074,	-0.0824958,	-0.0118465,	0.109154,	-0.720689,	0.0249475,	0.00444024,	-0.014056,	-0.803355,	-0.133945,	-0.0170294,	-0.0805885,	-0.714918,	-0.32481,	-0.0214572,	-0.390482,	-0.3458,	0.57821,	-0.05488,	27067,	-266,	1,	-416,	27097,	128,	-61,	-136,	27027,	55,	-32,	-326,	
1,	12,	224079,	1.65255e+015,	-1,	2,	8,	9,	-2,	0,	-1,	-3,	1.65255e+009,	-0.585419,	-0.540848,	-0.345038,	-0.0657888,	-0.675074,	-0.0824958,	-0.0118465,	0.109154,	-0.720689,	0.0249475,	0.00444024,	-0.014056,	-0.803355,	-0.133945,	-0.0170294,	-0.0805885,	-0.714918,	-0.32481,	-0.0214572,	-0.390482,	-0.3458,	0.57821,	-0.05488,	27077,	-267,	1,	-415,	27107,	128,	-62,	-136,	27037,	55,	-32,	-326,	
1,	12,	224157,	1.65255e+015,	-2,	-8,	-5,	6,	-2,	-2,	-3,	-1,	1.65255e+009,	-0.585419,	-0.540848,	-0.345038,	-0.0657888,	-0.675074,	-0.0824958,	-0.0118465,	0.109154,	-0.720689,	0.0249475,	0.00444024,	-0.014056,	-0.803355,	-0.133945,	-0.0170294,	-0.0805885,	-0.714918,	-0.32481,	-0.0214572,	-0.390482,	-0.3458,	0.57821,	-0.05488,	27087,	-266,	2,	-415,	27117,	128,	-61,	-136,	27047,	55,	-32,	-326,	
1,	12,	224235,	1.65255e+015,	2,	6,	9,	5,	3,	0,	0,	-1,	1.65255e+009,	-0.585419,	-0.540848,	-0.345038,	-0.0657888,	-0.675074,	-0.0824958,	-0.0118465,	0.109154,	-0.720689,	0.0249475,	0.00444024,	-0.014056,	-0.803355,	-0.133945,	-0.0170294,	-0.0805885,	-0.714918,	-0.32481,	-0.0214572,	-0.390482,	-0.3458,	0.57821,	-0.05488,	27097,	-266,	2,	-414,	27127,	128,	-61,	-135,	27057,	55,	-33,	-326,	
1,	12,	224313,	1.65255e+015,	0,	1,	9,	4,	0,	0,	0,	-1,	1.65255e+009,	-0.585419,	-0.540848,	-0.345038,	-0.0657888,	-0.675074,	-0.0824958,	-0.0118465,	0.109154,	-0.720689,	0.0249475,	0.00444024,	-0.014056,	-0.803355,	-0.133945,	-0.0170294,	-0.0805885,	-0.714918,	-0.32481,	-0.0214572,	-0.390482,	-0.3458,	0.57821,	-0.05488,	27107,	-267,	2,	-414,	27137,	128,	-62,	-135,	27067,	56,	-33,	-326,	
1,	12,	224391,	1.65255e+015,	-2,	4,	15,	6,	0,	0,	0,	2,	1.65255e+009,	-0.585419,	-0.540848,	-0.345038,	-0.0657888,	-0.675074,	-0.0824958,	-0.0118465,	0.109154,	-0.720689,	0.0249475,	0.00444024,	-0.014056,	-0.803355,	-0.133945,	-0.0170294,	-0.0805885,	-0.714918,	-0.32481,	-0.0214572,	-0.390482,	-0.3458,	0.57821,	-0.05488,	27117,	-268,	1,	-413,	27147,	128,	-62,	-135,	27077,	55,	-33,	-326,	
1,	12,	224469,	1.65255e+015,	-1,	1,	2,	-6,	-2,	-2,	0,	-1,	1.65255e+009,	-0.585419,	-0.540848,	-0.345038,	-0.0657888,	-0.675074,	-0.0824958,	-0.0118465,	0.109154,	-0.720689,	0.0249475,	0.00444024,	-0.014056,	-0.803355,	-0.133945,	-0.0170294,	-0.0805885,	-0.714918,	-0.32481,	-0.0214572,	-0.390482,	-0.3458,	0.57821,	-0.05488,	27127,	-268,	2,	-413,	27157,	128,	-62,	-135,	27087,	56,	-33,	-326,	
1,	12,	224532,	1.65255e+015,	2,	3,	-18,	1,	0,	0,	0,	1,	1.65255e+009,	-0.585419,	-0.540848,	-0.345038,	-0.0657888,	-0.675074,	-0.0824958,	-0.0118465,	0.109154,	-0.720689,	0.0249475,	0.00444024,	-0.014056,	-0.803355,	-0.133945,	-0.0170294,	-0.0805885,	-0.714918,	-0.32481,	-0.0214572,	-0.390482,	-0.3458,	0.57821,	-0.05488,	27137,	-268,	2,	-412,	27167,	129,	-62,	-135,	27097,	57,	-32,	-326,	
1,	12,	224610,	1.65255e+015,	-3,	-2,	-1,	-1,	-4,	-4,	-2,	0,	1.65255e+009,	-0.585419,	-0.540848,	-0.345038,	-0.0657888,	-0.675074,	-0.0824958,	-0.0118465,	0.109154,	-0.720689,	0.0249475,	0.00444024,	-0.014056,	-0.803355,	-0.133945,	-0.0170294,	-0.0805885,	-0.714918,	-0.32481,	-0.0214572,	-0.390482,	-0.3458,	0.57821,	-0.05488,	27147,	-268,	1,	-412,	27177,	128,	-62,	-136,	27107,	55,	-33,	-326,	
1,	12,	224672,	1.65255e+015,	0,	8,	12,	8,	-2,	-2,	-1,	1,	1.65255e+009,	-0.585419,	-0.540848,	-0.345038,	-0.0657888,	-0.675074,	-0.0824958,	-0.0118465,	0.109154,	-0.720689,	0.0249475,	0.00444024,	-0.014056,	-0.803355,	-0.133945,	-0.0170294,	-0.0805885,	-0.714918,	-0.32481,	-0.0214572,	-0.390482,	-0.3458,	0.57821,	-0.05488,	27157,	-269,	2,	-411,	27187,	128,	-62,	-135,	27117,	56,	-31,	-326,	
1,	12,	224750,	1.65255e+015,	1,	-4,	-11,	-23,	-1,	1,	-1,	-1,	1.65255e+009,	-0.585419,	-0.540848,	-0.345038,	-0.0657888,	-0.675074,	-0.0824958,	-0.0118465,	0.109154,	-0.720689,	0.0249475,	0.00444024,	-0.014056,	-0.803355,	-0.133945,	-0.0170294,	-0.0805885,	-0.714918,	-0.32481,	-0.0214572,	-0.390482,	-0.3458,	0.57821,	-0.05488,	27167,	-268,	2,	-411,	27197,	128,	-61,	-135,	27127,	56,	-33,	-325,	
1,	12,	224829,	1.65255e+015,	1,	1,	23,	14,	0,	-1,	1,	1,	1.65255e+009,	-0.585419,	-0.540848,	-0.345038,	-0.0657888,	-0.675074,	-0.0824958,	-0.0118465,	0.109154,	-0.720689,	0.0249475,	0.00444024,	-0.014056,	-0.803355,	-0.133945,	-0.0170294,	-0.0805885,	-0.714918,	-0.32481,	-0.0214572,	-0.390482,	-0.3458,	0.57821,	-0.05488,	27177,	-268,	2,	-411,	27207,	128,	-62,	-135,	27137,	56,	-33,	-325,	
1,	12,	224907,	1.65255e+015,	-1,	-2,	8,	4,	-4,	-1,	-1,	-1,	1.65255e+009,	-0.585419,	-0.540848,	-0.345038,	-0.0657888,	-0.675074,	-0.0824958,	-0.0118465,	0.109154,	-0.720689,	0.0249475,	0.00444024,	-0.014056,	-0.803355,	-0.133945,	-0.0170294,	-0.0805885,	-0.714918,	-0.32481,	-0.0214572,	-0.390482,	-0.3458,	0.57821,	-0.05488,	27187,	-268,	2,	-411,	27217,	128,	-62,	-135,	27147,	55,	-33,	-325,	
1,	12,	224985,	1.65255e+015,	-1,	3,	-29,	-24,	-2,	0,	0,	0,	1.65255e+009,	-0.585419,	-0.540848,	-0.345038,	-0.0657888,	-0.675074,	-0.0824958,	-0.0118465,	0.109154,	-0.720689,	0.0249475,	0.00444024,	-0.014056,	-0.803355,	-0.133945,	-0.0170294,	-0.0805885,	-0.714918,	-0.32481,	-0.0214572,	-0.390482,	-0.3458,	0.57821,	-0.05488,	27197,	-269,	1,	-410,	27227,	127,	-63,	-135,	27157,	56,	-33,	-325,	
1,	12,	225063,	1.65255e+015,	0,	2,	5,	14,	1,	0,	0,	0,	1.65255e+009,	-0.585419,	-0.540848,	-0.345038,	-0.0657888,	-0.675074,	-0.0824958,	-0.0118465,	0.109154,	-0.720689,	0.0249475,	0.00444024,	-0.014056,	-0.803355,	-0.133945,	-0.0170294,	-0.0805885,	-0.714918,	-0.32481,	-0.0214572,	-0.390482,	-0.3458,	0.57821,	-0.05488,	27207,	-268,	2,	-410,	27237,	128,	-61,	-134,	27167,	56,	-33,	-325,	
2,	12,	225172,	1.65255e+015,	-1,	2,	4,	23,	-1,	0,	-1,	-1,	1.65255e+009,	-0.585419,	-0.540848,	-0.345038,	-0.0657888,	-0.675074,	-0.0824958,	-0.0118465,	0.109154,	-0.720689,	0.0249475,	0.00444024,	-0.014056,	-0.803355,	-0.133945,	-0.0170294,	-0.0805885,	-0.714918,	-0.32481,	-0.0214572,	-0.390482,	-0.3458,	0.57821,	-0.05488,	27217,	-268,	1,	-411,	27247,	127,	-62,	-134,	27177,	55,	-35,	-324,	
2,	12,	225250,	1.65255e+015,	0,	1,	-6,	-14,	-1,	0,	0,	-2,	1.65255e+009,	-0.585419,	-0.540848,	-0.345038,	-0.0657888,	-0.675074,	-0.0824958,	-0.0118465,	0.109154,	-0.720689,	0.0249475,	0.00444024,	-0.014056,	-0.803355,	-0.133945,	-0.0170294,	-0.0805885,	-0.714918,	-0.32481,	-0.0214572,	-0.390482,	-0.3458,	0.57821,	-0.05488,	27227,	-267,	1,	-411,	27257,	128,	-62,	-135,	27187,	55,	-33,	-325,	
2,	12,	225344,	1.65255e+015,	-3,	-2,	-6,	-2,	-2,	-2,	-2,	1,	1.65255e+009,	-0.585419,	-0.540848,	-0.345038,	-0.0657888,	-0.675074,	-0.0824958,	-0.0118465,	0.109154,	-0.720689,	0.0249475,	0.00444024,	-0.014056,	-0.803355,	-0.133945,	-0.0170294,	-0.0805885,	-0.714918,	-0.32481,	-0.0214572,	-0.390482,	-0.3458,	0.57821,	-0.05488,	27237,	-268,	1,	-411,	27267,	127,	-63,	-135,	27197,	55,	-33,	-325,	
2,	12,	225422,	1.65255e+015,	1,	1,	-24,	-9,	0,	1,	0,	0,	1.65255e+009,	-0.585419,	-0.540848,	-0.345038,	-0.0657888,	-0.675074,	-0.0824958,	-0.0118465,	0.109154,	-0.720689,	0.0249475,	0.00444024,	-0.014056,	-0.803355,	-0.133945,	-0.0170294,	-0.0805885,	-0.714918,	-0.32481,	-0.0214572,	-0.390482,	-0.3458,	0.57821,	-0.05488,	27247,	-269,	0,	-411,	27277,	127,	-62,	-136,	27207,	55,	-33,	-325,	
2,	12,	225500,	1.65255e+015,	4,	6,	2,	0,	2,	2,	0,	0,	1.65255e+009,	-0.585419,	-0.540848,	-0.345038,	-0.0657888,	-0.675074,	-0.0824958,	-0.0118465,	0.109154,	-0.720689,	0.0249475,	0.00444024,	-0.014056,	-0.803355,	-0.133945,	-0.0170294,	-0.0805885,	-0.714918,	-0.32481,	-0.0214572,	-0.390482,	-0.3458,	0.57821,	-0.05488,	27257,	-269,	2,	-412,	27287,	128,	-62,	-135,	27217,	55,	-32,	-325,	
2,	12,	225579,	1.65255e+015,	1,	0,	-12,	-2,	-2,	0,	-1,	-2,	1.65255e+009,	-0.585419,	-0.540848,	-0.345038,	-0.0657888,	-0.675074,	-0.0824958,	-0.0118465,	0.109154,	-0.720689,	0.0249475,	0.00444024,	-0.014056,	-0.803355,	-0.133945,	-0.0170294,	-0.0805885,	-0.714918,	-0.32481,	-0.0214572,	-0.390482,	-0.3458,	0.57821,	-0.05488,	27267,	-268,	1,	-412,	27297,	128,	-62,	-135,	27227,	55,	-34,	-325,	
2,	12,	225657,	1.65255e+015,	1,	1,	45,	7,	0,	-1,	0,	-3,	1.65255e+009,	-0.585419,	-0.540848,	-0.345038,	-0.0657888,	-0.675074,	-0.0824958,	-0.0118465,	0.109154,	-0.720689,	0.0249475,	0.00444024,	-0.014056,	-0.803355,	-0.133945,	-0.0170294,	-0.0805885,	-0.714918,	-0.32481,	-0.0214572,	-0.390482,	-0.3458,	0.57821,	-0.05488,	27277,	-267,	1,	-412,	27307,	128,	-62,	-135,	27237,	56,	-33,	-325,	
2,	12,	225735,	1.65255e+015,	-4,	-8,	-9,	-2,	-1,	-1,	1,	4,	1.65255e+009,	-0.510269,	-0.393008,	-0.31202,	-0.105213,	-0.675074,	-0.0824958,	-0.0118465,	0.109154,	-0.720689,	0.0249475,	0.00444024,	-0.014056,	-0.803355,	-0.133945,	-0.0170294,	-0.0805885,	-0.714918,	-0.32481,	-0.0214572,	-0.390482,	-0.3458,	0.57821,	-0.05488,	27287,	-268,	2,	-413,	27317,	127,	-62,	-136,	27247,	55,	-34,	-325,	
2,	12,	225813,	1.65255e+015,	7,	-4,	18,	0,	2,	3,	-1,	-8,	1.65255e+009,	-0.254759,	-0.0234079,	-0.163439,	-0.193917,	-0.675074,	-0.0824958,	-0.0118465,	0.109154,	-0.720689,	0.0249475,	0.00444024,	-0.014056,	-0.803355,	-0.133945,	-0.0170294,	-0.0805885,	-0.714918,	-0.32481,	-0.0214572,	-0.366826,	-0.3094,	0.57821,	-0.05488,	27297,	-267,	2,	-413,	27327,	128,	-61,	-136,	27257,	55,	-33,	-325,	
2,	12,	225891,	1.65255e+015,	-15,	-10,	-3,	-13,	-3,	-3,	0,	-1,	1.65255e+009,	-0.0142785,	0.222992,	-0.0974031,	-0.262909,	-0.675074,	-0.0824958,	-0.0118465,	0.109154,	-0.657609,	0.0249475,	0.00444024,	-0.014056,	-0.803355,	-0.133945,	-0.0170294,	-0.0805885,	-0.714918,	-0.32481,	-0.0214572,	-0.366826,	-0.3094,	0.57821,	-0.05488,	27307,	-268,	2,	-413,	27337,	127,	-62,	-136,	27267,	55,	-32,	-325,	
2,	12,	225969,	1.65255e+015,	-3,	-2,	-16,	-6,	-2,	-1,	3,	-1,	1.65255e+009,	0.0458415,	0.222992,	-0.0974031,	-0.326973,	-0.675074,	-0.0824958,	-0.0118465,	0.109154,	-0.657609,	0.0249475,	0.00444024,	-0.014056,	-0.803355,	-0.133945,	-0.0170294,	-0.0805885,	-0.714918,	-0.32481,	-0.0214572,	-0.366826,	-0.3094,	0.57821,	-0.05488,	27317,	-267,	2,	-413,	27347,	128,	-63,	-136,	27277,	55,	-33,	-325,	
2,	12,	226047,	1.65255e+015,	-1,	3,	3,	6,	0,	3,	3,	-2,	1.65255e+009,	0.120991,	0.222992,	-0.0974031,	-0.366397,	-0.675074,	-0.0824958,	-0.0118465,	0.109154,	-0.657609,	0.0249475,	0.00444024,	-0.014056,	-0.803355,	-0.133945,	-0.0170294,	-0.0805885,	-0.714918,	-0.32481,	-0.0214572,	-0.366826,	-0.3458,	0.57821,	-0.05488,	27327,	-268,	2,	-413,	27357,	129,	-62,	-136,	27287,	54,	-32,	-325,	
2,	12,	226125,	1.65255e+015,	-3,	-10,	-6,	6,	1,	1,	-12,	0,	1.65255e+009,	0.120991,	0.222992,	-0.0974031,	-0.391037,	-0.675074,	-0.0824958,	-0.0118465,	0.115826,	-0.657609,	0.0249475,	0.00444024,	-0.0162563,	-0.803355,	-0.133945,	-0.0170294,	-0.0827888,	-0.714918,	-0.32481,	-0.0214572,	-0.369026,	-0.3458,	0.57821,	-0.05488,	27337,	-268,	1,	-412,	27367,	129,	-63,	-136,	27297,	55,	-34,	-326,	
2,	12,	226204,	1.65255e+015,	0,	3,	-18,	-5,	-2,	-2,	-2,	0,	1.65255e+009,	0.120991,	0.222992,	-0.0974031,	-0.391037,	-0.675074,	-0.0824958,	-0.0118465,	0.115826,	-0.657609,	0.0249475,	0.00444024,	-0.0162563,	-0.803355,	-0.133945,	-0.0170294,	-0.0827888,	-0.714918,	-0.32481,	-0.0214572,	-0.369026,	-0.3458,	0.57821,	-0.03528,	27347,	-268,	2,	-412,	27377,	127,	-62,	-136,	27307,	55,	-32,	-326,	
2,	12,	226282,	1.65255e+015,	-8,	4,	33,	9,	-1,	-1,	-7,	-10,	1.65255e+009,	0.120991,	0.222992,	-0.0974031,	-0.391037,	-0.675074,	-0.0824958,	-0.0118465,	0.115826,	-0.657609,	0.0249475,	0.00444024,	-0.0162563,	-0.803355,	-0.133945,	-0.0170294,	-0.0827888,	-0.714918,	-0.32481,	-0.0214572,	-0.369026,	-0.3913,	0.57821,	-0.03528,	27357,	-268,	1,	-412,	27387,	127,	-62,	-136,	27317,	55,	-33,	-326,	
2,	12,	226360,	1.65255e+015,	-1,	-4,	26,	-3,	3,	2,	1,	4,	1.65255e+009,	0.120991,	0.222992,	-0.0974031,	-0.391037,	-0.675074,	-0.0824958,	-0.0118465,	0.115826,	-0.657609,	0.0249475,	0.00444024,	-0.0162563,	-0.803355,	-0.133945,	-0.0170294,	-0.0827888,	-0.714918,	-0.32481,	-0.0214572,	-0.369026,	-0.3913,	0.57821,	-0.03528,	27367,	-268,	1,	-412,	27397,	127,	-62,	-135,	27327,	55,	-32,	-326,	
2,	12,	226438,	1.65255e+015,	-6,	-8,	-7,	-16,	-5,	-2,	6,	5,	1.65255e+009,	0.120991,	0.222992,	-0.0974031,	-0.410749,	-0.675074,	-0.0824958,	-0.0118465,	0.115826,	-0.657609,	0.0249475,	0.00444024,	-0.0162563,	-0.803355,	-0.133945,	-0.0170294,	-0.0827888,	-0.714918,	-0.32481,	-0.0214572,	-0.369026,	-0.3913,	0.57821,	-0.03528,	27377,	-268,	2,	-411,	27407,	127,	-62,	-136,	27337,	55,	-32,	-326,	
2,	12,	226516,	1.65255e+015,	-5,	4,	-4,	-1,	0,	0,	3,	6,	1.65255e+009,	0.120991,	0.222992,	-0.0974031,	-0.410749,	-0.675074,	-0.0824958,	-0.0118465,	0.115826,	-0.657609,	0.0249475,	0.00444024,	-0.0162563,	-0.803355,	-0.133945,	-0.0170294,	-0.0827888,	-0.714918,	-0.32481,	-0.0214572,	-0.369026,	-0.3913,	0.57821,	-0.03528,	27387,	-269,	2,	-411,	27417,	128,	-63,	-136,	27347,	55,	-32,	-326,	
2,	12,	226594,	1.65255e+015,	-4,	6,	-17,	-2,	-2,	-2,	-5,	0,	1.65255e+009,	0.120991,	0.222992,	-0.0974031,	-0.410749,	-0.675074,	-0.0824958,	-0.0118465,	0.115826,	-0.657609,	0.0249475,	0.00444024,	-0.0162563,	-0.803355,	-0.133945,	-0.0170294,	-0.0827888,	-0.714918,	-0.32481,	-0.0214572,	-0.369026,	-0.3913,	0.57821,	-0.03528,	27397,	-268,	3,	-409,	27427,	128,	-62,	-136,	27357,	55,	-32,	-325,	
2,	12,	226672,	1.65255e+015,	-3,	-4,	-12,	-5,	-1,	1,	-2,	-4,	1.65255e+009,	0.120991,	0.222992,	-0.0974031,	-0.410749,	-0.675074,	-0.0824958,	-0.0118465,	0.115826,	-0.657609,	0.0249475,	0.00444024,	-0.0162563,	-0.803355,	-0.133945,	-0.0170294,	-0.0827888,	-0.714918,	-0.32481,	-0.0214572,	-0.369026,	-0.3913,	0.57821,	-0.03528,	27407,	-270,	1,	-407,	27437,	128,	-63,	-135,	27367,	55,	-34,	-326,	
2,	12,	226750,	1.65255e+015,	-4,	-1,	-11,	1,	0,	-1,	-5,	-1,	1.65255e+009,	0.120991,	0.222992,	-0.0974031,	-0.410749,	-0.675074,	-0.0824958,	-0.0118465,	0.115826,	-0.657609,	0.0249475,	0.00444024,	-0.0162563,	-0.803355,	-0.133945,	-0.0170294,	-0.0827888,	-0.714918,	-0.32481,	-0.0214572,	-0.369026,	-0.3913,	0.57821,	-0.03528,	27417,	-271,	3,	-405,	27447,	128,	-63,	-134,	27377,	56,	-33,	-326,	
2,	12,	226813,	1.65255e+015,	-3,	-3,	21,	4,	1,	1,	-2,	-11,	1.65255e+009,	0.120991,	0.222992,	-0.0974031,	-0.410749,	-0.675074,	-0.0824958,	-0.0118465,	0.115826,	-0.657609,	0.0249475,	0.00444024,	-0.0162563,	-0.803355,	-0.133945,	-0.0170294,	-0.0827888,	-0.714918,	-0.32481,	-0.0214572,	-0.369026,	-0.3913,	0.57821,	-0.03528,	27427,	-271,	2,	-403,	27457,	127,	-63,	-133,	27387,	56,	-33,	-326,	
2,	12,	226875,	1.65255e+015,	0,	-3,	-16,	-1,	0,	-1,	1,	0,	1.65255e+009,	0.120991,	0.222992,	-0.0974031,	-0.410749,	-0.675074,	-0.0824958,	-0.0118465,	0.115826,	-0.657609,	0.0249475,	0.00444024,	-0.0162563,	-0.803355,	-0.133945,	-0.0170294,	-0.0827888,	-0.714918,	-0.32481,	-0.0214572,	-0.369026,	-0.3913,	0.57821,	-0.03528,	27437,	-273,	2,	-400,	27467,	127,	-64,	-133,	27397,	56,	-33,	-326,	
2,	12,	226938,	1.65255e+015,	-17,	5,	7,	-6,	0,	2,	0,	-15,	1.65255e+009,	0.120991,	0.222992,	-0.0974031,	-0.410749,	-0.675074,	-0.0824958,	-0.0118465,	0.115826,	-0.657609,	0.0249475,	0.00444024,	-0.0162563,	-0.803355,	-0.133945,	-0.0170294,	-0.0827888,	-0.714918,	-0.32481,	-0.0214572,	-0.369026,	-0.3913,	0.57821,	-0.03528,	27447,	-273,	3,	-399,	27477,	126,	-63,	-132,	27407,	55,	-33,	-325,	
2,	12,	227000,	1.65255e+015,	2,	-3,	-10,	10,	-1,	-1,	0,	3,	1.65255e+009,	0.120991,	0.222992,	-0.0974031,	-0.410749,	-0.675074,	-0.0824958,	-0.0118465,	0.115826,	-0.657609,	0.0249475,	0.00444024,	-0.0162563,	-0.803355,	-0.133945,	-0.0170294,	-0.0827888,	-0.714918,	-0.32481,	-0.0214572,	-0.369026,	-0.3913,	0.57821,	-0.03528,	27457,	-275,	2,	-398,	27487,	126,	-63,	-132,	27417,	55,	-33,	-325,	
2,	12,	227079,	1.65255e+015,	-6,	7,	-4,	-5,	-2,	-3,	-1,	-4,	1.65255e+009,	0.120991,	0.222992,	-0.0974031,	-0.410749,	-0.675074,	-0.0824958,	-0.0118465,	0.115826,	-0.657609,	0.0249475,	0.00444024,	-0.0162563,	-0.803355,	-0.133945,	-0.0170294,	-0.0827888,	-0.714918,	-0.32481,	-0.0214572,	-0.369026,	-0.3913,	0.57821,	-0.03528,	27467,	-274,	2,	-397,	27497,	127,	-64,	-132,	27427,	55,	-33,	-324,	
2,	12,	227157,	1.65255e+015,	-1,	7,	11,	9,	1,	-1,	2,	5,	1.65255e+009,	0.120991,	0.222992,	-0.0974031,	-0.410749,	-0.675074,	-0.0824958,	-0.0118465,	0.115826,	-0.657609,	0.0249475,	0.00444024,	-0.0162563,	-0.803355,	-0.133945,	-0.0170294,	-0.0827888,	-0.714918,	-0.32481,	-0.0214572,	-0.369026,	-0.3913,	0.57821,	-0.03528,	27477,	-274,	1,	-397,	27507,	127,	-63,	-132,	27437,	53,	-35,	-324,	
2,	12,	227235,	1.65255e+015,	5,	5,	4,	7,	3,	2,	1,	-4,	1.65255e+009,	0.120991,	0.222992,	-0.0974031,	-0.410749,	-0.675074,	-0.0824958,	-0.0118465,	0.115826,	-0.657609,	0.0249475,	0.00444024,	-0.0162563,	-0.803355,	-0.133945,	-0.0170294,	-0.0827888,	-0.714918,	-0.32481,	-0.0214572,	-0.369026,	-0.3913,	0.57821,	-0.03528,	27487,	-274,	2,	-397,	27517,	126,	-64,	-132,	27447,	54,	-34,	-324,	
2,	12,	227297,	1.65255e+015,	4,	-7,	-38,	-4,	-3,	-2,	1,	1,	1.65255e+009,	0.120991,	0.222992,	-0.0974031,	-0.410749,	-0.675074,	-0.0824958,	-0.0118465,	0.115826,	-0.657609,	0.0249475,	0.00444024,	-0.0162563,	-0.803355,	-0.133945,	-0.0170294,	-0.0827888,	-0.714918,	-0.32481,	-0.0214572,	-0.369026,	-0.4277,	0.57821,	-0.03528,	27497,	-274,	2,	-397,	27527,	126,	-64,	-131,	27457,	54,	-34,	-323,	
2,	12,	227375,	1.65255e+015,	-3,	-2,	39,	18,	-5,	-4,	-2,	-2,	1.65255e+009,	0.120991,	0.222992,	-0.0974031,	-0.410749,	-0.675074,	-0.0824958,	-0.0118465,	0.115826,	-0.657609,	0.0249475,	0.00444024,	-0.0162563,	-0.803355,	-0.133945,	-0.0170294,	-0.0827888,	-0.714918,	-0.32481,	-0.0214572,	-0.369026,	-0.4277,	0.57821,	-0.03528,	27507,	-274,	1,	-398,	27537,	126,	-64,	-132,	27467,	54,	-35,	-323,	
2,	12,	227454,	1.65255e+015,	-1,	-3,	13,	5,	1,	3,	2,	2,	1.65255e+009,	0.120991,	0.222992,	-0.0974031,	-0.410749,	-0.675074,	-0.0824958,	-0.0118465,	0.115826,	-0.657609,	0.0249475,	0.00444024,	-0.0162563,	-0.803355,	-0.133945,	-0.0170294,	-0.0827888,	-0.714918,	-0.32481,	-0.0214572,	-0.369026,	-0.4277,	0.57821,	-0.03528,	27517,	-275,	1,	-399,	27547,	126,	-64,	-132,	27477,	54,	-35,	-322,	
2,	12,	227532,	1.65255e+015,	5,	-2,	11,	-6,	1,	0,	1,	4,	1.65255e+009,	0.120991,	0.222992,	-0.0974031,	-0.410749,	-0.675074,	-0.0824958,	-0.0118465,	0.115826,	-0.657609,	0.0249475,	0.00444024,	-0.0162563,	-0.803355,	-0.133945,	-0.0170294,	-0.0827888,	-0.714918,	-0.32481,	-0.0214572,	-0.369026,	-0.4277,	0.57821,	-0.03528,	27527,	-274,	1,	-400,	27557,	127,	-63,	-132,	27487,	53,	-36,	-322,	
2,	12,	227610,	1.65255e+015,	-9,	1,	10,	8,	-2,	1,	0,	0,	1.65255e+009,	0.120991,	0.222992,	-0.0974031,	-0.410749,	-0.675074,	-0.0824958,	-0.0118465,	0.115826,	-0.657609,	0.0249475,	0.00444024,	-0.0162563,	-0.803355,	-0.133945,	-0.0170294,	-0.0827888,	-0.714918,	-0.32481,	-0.0214572,	-0.369026,	-0.4277,	0.57821,	-0.03528,	27537,	-272,	1,	-401,	27567,	127,	-64,	-132,	27497,	52,	-36,	-322,	
2,	12,	227688,	1.65255e+015,	13,	6,	-5,	-7,	0,	-3,	-3,	-11,	1.65255e+009,	0.120991,	0.222992,	-0.0974031,	-0.410749,	-0.675074,	-0.0824958,	-0.0118465,	0.115826,	-0.657609,	0.0249475,	0.00444024,	-0.0162563,	-0.803355,	-0.133945,	-0.0170294,	-0.0827888,	-0.714918,	-0.32481,	-0.0214572,	-0.369026,	-0.4277,	0.57821,	-0.03528,	27547,	-273,	1,	-402,	27577,	127,	-63,	-133,	27507,	52,	-36,	-322,	
2,	12,	227766,	1.65255e+015,	-2,	0,	13,	-3,	0,	3,	-1,	-2,	1.65255e+009,	0.120991,	0.222992,	-0.0974031,	-0.410749,	-0.675074,	-0.0824958,	-0.0118465,	0.115826,	-0.657609,	0.0249475,	0.00444024,	-0.0162563,	-0.803355,	-0.133945,	-0.0170294,	-0.0827888,	-0.714918,	-0.32481,	-0.0214572,	-0.369026,	-0.4277,	0.57821,	-0.03528,	27557,	-272,	1,	-403,	27587,	126,	-63,	-132,	27517,	53,	-36,	-322,	
2,	12,	227844,	1.65255e+015,	6,	-6,	-5,	-4,	0,	2,	1,	1,	1.65255e+009,	0.120991,	0.222992,	-0.0974031,	-0.410749,	-0.675074,	-0.0824958,	-0.0118465,	0.115826,	-0.657609,	0.0249475,	0.00444024,	-0.0162563,	-0.803355,	-0.133945,	-0.0170294,	-0.0827888,	-0.714918,	-0.32481,	-0.0214572,	-0.369026,	-0.4277,	0.57821,	-0.03528,	27567,	-272,	1,	-402,	27597,	127,	-63,	-133,	27527,	53,	-35,	-322,	
2,	12,	227922,	1.65255e+015,	-1,	2,	4,	0,	-2,	1,	-1,	-2,	1.65255e+009,	0.120991,	0.222992,	-0.0974031,	-0.410749,	-0.675074,	-0.0824958,	-0.0118465,	0.115826,	-0.657609,	0.0249475,	0.00444024,	-0.0162563,	-0.803355,	-0.133945,	-0.0170294,	-0.0827888,	-0.714918,	-0.32481,	-0.0214572,	-0.369026,	-0.4277,	0.57821,	-0.03528,	27577,	-272,	1,	-402,	27607,	127,	-64,	-133,	27537,	54,	-35,	-322,	
2,	12,	228000,	1.65255e+015,	6,	8,	-2,	2,	1,	0,	-3,	-11,	1.65255e+009,	0.120991,	0.222992,	-0.0974031,	-0.410749,	-0.675074,	-0.0824958,	-0.0118465,	0.115826,	-0.657609,	0.0249475,	0.00444024,	-0.0162563,	-0.803355,	-0.133945,	-0.0170294,	-0.0827888,	-0.714918,	-0.32481,	-0.0214572,	-0.369026,	-0.4277,	0.57821,	-0.03528,	27587,	-271,	2,	-402,	27617,	126,	-64,	-133,	27547,	54,	-35,	-323,	
2,	12,	228079,	1.65255e+015,	0,	-5,	-9,	-4,	2,	-1,	-2,	-4,	1.65255e+009,	0.120991,	0.222992,	-0.0974031,	-0.386109,	-0.675074,	-0.0824958,	-0.0118465,	0.115826,	-0.657609,	0.0249475,	0.00444024,	-0.0162563,	-0.803355,	-0.133945,	-0.0170294,	-0.0827888,	-0.714918,	-0.32481,	-0.0214572,	-0.369026,	-0.4277,	0.57821,	-0.03528,	27597,	-271,	1,	-403,	27627,	127,	-64,	-133,	27557,	54,	-35,	-323,	
2,	12,	228157,	1.65255e+015,	0,	-1,	-10,	-2,	-6,	-3,	-1,	0,	1.65255e+009,	-0.149549,	0.222992,	-0.0974031,	-0.277693,	-0.675074,	-0.0824958,	-0.0118465,	0.115826,	-0.657609,	0.0249475,	0.00444024,	-0.0162563,	-0.803355,	-0.133945,	-0.0170294,	-0.0827888,	-0.714918,	-0.32481,	-0.0214572,	-0.369026,	-0.4277,	0.57821,	-0.03528,	27607,	-271,	2,	-403,	27637,	128,	-63,	-133,	27567,	54,	-36,	-323,	
2,	12,	228235,	1.65255e+015,	1,	1,	-1,	2,	0,	1,	0,	0,	1.65255e+009,	-0.540329,	-0.0234079,	-0.163439,	-0.115069,	-0.675074,	-0.0824958,	-0.0118465,	0.115826,	-0.657609,	0.0249475,	0.00444024,	-0.0162563,	-0.803355,	-0.133945,	-0.0170294,	-0.0827888,	-0.714918,	-0.32481,	-0.0214572,	-0.369026,	-0.4277,	0.57821,	-0.03528,	27617,	-271,	2,	-404,	27647,	127,	-62,	-133,	27577,	53,	-35,	-323,	
2,	12,	228313,	1.65255e+015,	4,	1,	-9,	-55,	1,	4,	3,	1,	1.65255e+009,	-0.630509,	-0.121968,	-0.163439,	-0.0608608,	-0.675074,	-0.0824958,	-0.0118465,	0.115826,	-0.657609,	0.0249475,	0.00444024,	-0.0162563,	-0.803355,	-0.133945,	-0.0170294,	-0.0827888,	-0.714918,	-0.32481,	-0.0214572,	-0.369026,	-0.3822,	0.57821,	-0.03528,	27627,	-270,	2,	-405,	27657,	128,	-62,	-133,	27587,	53,	-35,	-323,	
2,	12,	228391,	1.65255e+015,	-5,	-9,	11,	-11,	-3,	-2,	-1,	-3,	1.65255e+009,	-0.630509,	-0.121968,	-0.245984,	-0.0608608,	-0.675074,	-0.0824958,	-0.0118465,	0.115826,	-0.657609,	0.0249475,	0.00444024,	-0.0162563,	-0.803355,	-0.133945,	-0.0170294,	-0.0827888,	-0.714918,	-0.32481,	-0.0214572,	-0.369026,	-0.3822,	0.57821,	-0.03528,	27637,	-270,	2,	-405,	27667,	128,	-62,	-134,	27597,	54,	-34,	-323,	
2,	12,	228454,	1.65255e+015,	0,	4,	19,	-10,	-3,	2,	1,	1,	1.65255e+009,	-0.630509,	-0.245168,	-0.245984,	-0.0608608,	-0.675074,	-0.0824958,	-0.0118465,	0.115826,	-0.657609,	0.0249475,	0.00444024,	-0.0162563,	-0.803355,	-0.133945,	-0.0170294,	-0.0827888,	-0.714918,	-0.32481,	-0.0214572,	-0.369026,	-0.3822,	0.57821,	-0.03528,	27647,	-269,	2,	-406,	27677,	128,	-63,	-134,	27607,	54,	-35,	-323,	
2,	12,	228532,	1.65255e+015,	-3,	-5,	6,	-1,	-5,	-1,	-3,	-4,	1.65255e+009,	-0.630509,	-0.245168,	-0.245984,	-0.0608608,	-0.675074,	-0.0824958,	-0.0118465,	0.115826,	-0.657609,	0.0249475,	0.00444024,	-0.0162563,	-0.803355,	-0.133945,	-0.0170294,	-0.0827888,	-0.714918,	-0.32481,	-0.0214572,	-0.369026,	-0.3822,	0.57821,	-0.03528,	27657,	-269,	2,	-406,	27687,	129,	-63,	-134,	27617,	54,	-33,	-323,	
2,	12,	228594,	1.65255e+015,	-1,	0,	6,	14,	-3,	-2,	0,	-2,	1.65255e+009,	-0.630509,	-0.245168,	-0.245984,	-0.0608608,	-0.675074,	-0.0824958,	-0.0118465,	0.115826,	-0.657609,	0.0249475,	0.00444024,	-0.0162563,	-0.803355,	-0.133945,	-0.0170294,	-0.0827888,	-0.714918,	-0.32481,	-0.0214572,	-0.369026,	-0.3822,	0.57821,	-0.03528,	27667,	-270,	1,	-406,	27697,	129,	-64,	-135,	27627,	54,	-34,	-323,	
2,	12,	228672,	1.65255e+015,	-3,	4,	2,	3,	-1,	0,	1,	0,	1.65255e+009,	-0.630509,	-0.245168,	-0.245984,	-0.0608608,	-0.675074,	-0.0824958,	-0.0118465,	0.115826,	-0.657609,	0.0249475,	0.00444024,	-0.0162563,	-0.803355,	-0.133945,	-0.0170294,	-0.0827888,	-0.714918,	-0.32481,	-0.0214572,	-0.369026,	-0.3822,	0.57821,	-0.03528,	27677,	-270,	1,	-407,	27707,	129,	-62,	-135,	27637,	55,	-34,	-323,	
2,	12,	228735,	1.65255e+015,	1,	1,	5,	10,	0,	-1,	-1,	0,	1.65255e+009,	-0.630509,	-0.245168,	-0.245984,	-0.0608608,	-0.675074,	-0.0824958,	-0.0118465,	0.115826,	-0.657609,	0.0249475,	0.00444024,	-0.0162563,	-0.803355,	-0.133945,	-0.0170294,	-0.0827888,	-0.714918,	-0.32481,	-0.0214572,	-0.369026,	-0.3822,	0.57821,	-0.03528,	27687,	-270,	1,	-406,	27717,	128,	-62,	-134,	27647,	54,	-33,	-323,	
2,	12,	228797,	1.65255e+015,	-6,	-2,	-29,	-23,	-5,	-3,	-2,	-3,	1.65255e+009,	-0.630509,	-0.245168,	-0.245984,	-0.0608608,	-0.675074,	-0.0824958,	-0.0118465,	0.109154,	-0.657609,	0.0249475,	0.00444024,	-0.014056,	-0.803355,	-0.133945,	-0.0170294,	-0.0805885,	-0.714918,	-0.32481,	-0.0214572,	-0.366826,	-0.3822,	0.57821,	-0.03528,	27697,	-269,	2,	-406,	27727,	127,	-63,	-134,	27657,	55,	-33,	-324,	
2,	12,	228860,	1.65255e+015,	2,	1,	-6,	-7,	1,	2,	1,	1,	1.65255e+009,	-0.630509,	-0.245168,	-0.245984,	-0.0608608,	-0.675074,	-0.0824958,	-0.0118465,	0.109154,	-0.657609,	0.0249475,	0.00444024,	-0.014056,	-0.803355,	-0.133945,	-0.0170294,	-0.0805885,	-0.714918,	-0.32481,	-0.0214572,	-0.366826,	-0.3822,	0.57821,	-0.03528,	27707,	-269,	3,	-406,	27737,	128,	-63,	-134,	27667,	55,	-33,	-324,	
2,	12,	228922,	1.65255e+015,	2,	0,	-12,	-1,	-1,	-1,	-1,	-1,	1.65255e+009,	-0.630509,	-0.245168,	-0.245984,	-0.0608608,	-0.675074,	-0.0824958,	-0.0118465,	0.109154,	-0.657609,	0.0249475,	0.00444024,	-0.014056,	-0.803355,	-0.133945,	-0.0170294,	-0.0805885,	-0.714918,	-0.32481,	-0.0214572,	-0.366826,	-0.3822,	0.57821,	-0.03528,	27717,	-269,	1,	-406,	27747,	129,	-62,	-134,	27677,	55,	-33,	-324,	
2,	12,	228985,	1.65255e+015,	-1,	0,	-12,	7,	-1,	-1,	0,	-1,	1.65255e+009,	-0.630509,	-0.245168,	-0.245984,	-0.0608608,	-0.675074,	-0.0824958,	-0.0118465,	0.109154,	-0.657609,	0.0249475,	0.00444024,	-0.014056,	-0.803355,	-0.133945,	-0.0170294,	-0.0805885,	-0.714918,	-0.32481,	-0.0214572,	-0.366826,	-0.3822,	0.57821,	-0.03528,	27727,	-270,	2,	-405,	27757,	128,	-62,	-134,	27687,	55,	-33,	-324,	
2,	12,	229047,	1.65255e+015,	-1,	-2,	11,	9,	-1,	-2,	0,	1,	1.65255e+009,	-0.630509,	-0.245168,	-0.245984,	-0.0608608,	-0.675074,	-0.0824958,	-0.0118465,	0.109154,	-0.657609,	0.0249475,	0.00444024,	-0.014056,	-0.803355,	-0.133945,	-0.0170294,	-0.0805885,	-0.714918,	-0.32481,	-0.0214572,	-0.366826,	-0.3822,	0.57821,	-0.03528,	27737,	-269,	2,	-405,	27767,	128,	-63,	-133,	27697,	54,	-34,	-324,	
2,	12,	229110,	1.65255e+015,	1,	-3,	-13,	-7,	1,	-2,	-1,	0,	1.65255e+009,	-0.630509,	-0.245168,	-0.245984,	-0.0608608,	-0.675074,	-0.0824958,	-0.0118465,	0.109154,	-0.657609,	0.0249475,	0.00444024,	-0.014056,	-0.803355,	-0.133945,	-0.0170294,	-0.0805885,	-0.714918,	-0.32481,	-0.0214572,	-0.366826,	-0.3822,	0.57821,	-0.03528,	27747,	-269,	2,	-406,	27777,	128,	-63,	-134,	27707,	55,	-33,	-324,	
2,	12,	229188,	1.65255e+015,	0,	1,	22,	1,	1,	0,	-2,	-1,	1.65255e+009,	-0.630509,	-0.245168,	-0.245984,	-0.0608608,	-0.675074,	-0.0824958,	-0.0118465,	0.109154,	-0.657609,	0.0249475,	0.00444024,	-0.014056,	-0.803355,	-0.133945,	-0.0170294,	-0.0805885,	-0.714918,	-0.32481,	-0.0214572,	-0.366826,	-0.3822,	0.57821,	-0.03528,	27757,	-270,	1,	-406,	27787,	127,	-63,	-134,	27717,	54,	-34,	-323,	
2,	12,	229250,	1.65255e+015,	2,	-2,	-3,	-1,	0,	1,	0,	0,	1.65255e+009,	-0.630509,	-0.245168,	-0.245984,	-0.0608608,	-0.675074,	-0.0824958,	-0.0118465,	0.109154,	-0.657609,	0.0249475,	0.00444024,	-0.014056,	-0.803355,	-0.133945,	-0.0170294,	-0.0805885,	-0.714918,	-0.32481,	-0.0214572,	-0.366826,	-0.3822,	0.57821,	-0.03528,	27767,	-269,	1,	-407,	27797,	128,	-63,	-134,	27727,	54,	-34,	-323,	
2,	12,	229313,	1.65255e+015,	0,	-1,	-3,	-1,	-1,	-2,	-2,	0,	1.65255e+009,	-0.630509,	-0.245168,	-0.245984,	-0.0608608,	-0.675074,	-0.0824958,	-0.0118465,	0.109154,	-0.657609,	0.0249475,	0.00444024,	-0.014056,	-0.803355,	-0.133945,	-0.0170294,	-0.0805885,	-0.714918,	-0.32481,	-0.0214572,	-0.366826,	-0.3822,	0.57821,	-0.03528,	27777,	-269,	2,	-407,	27807,	128,	-62,	-134,	27737,	54,	-34,	-323,	
2,	12,	229375,	1.65255e+015,	-1,	1,	-1,	2,	-1,	-1,	0,	-1,	1.65255e+009,	-0.630509,	-0.245168,	-0.245984,	-0.0608608,	-0.675074,	-0.0824958,	-0.0118465,	0.109154,	-0.657609,	0.0249475,	0.00444024,	-0.014056,	-0.803355,	-0.133945,	-0.0170294,	-0.0805885,	-0.714918,	-0.32481,	-0.0214572,	-0.366826,	-0.3822,	0.57821,	-0.03528,	27787,	-269,	1,	-407,	27817,	128,	-63,	-134,	27747,	55,	-34,	-323,	
2,	12,	229454,	1.65255e+015,	0,	-4,	-10,	-17,	1,	2,	0,	0,	1.65255e+009,	-0.630509,	-0.245168,	-0.245984,	-0.0608608,	-0.675074,	-0.0824958,	-0.0118465,	0.109154,	-0.657609,	0.0249475,	0.00444024,	-0.014056,	-0.803355,	-0.133945,	-0.0170294,	-0.0805885,	-0.714918,	-0.32481,	-0.0214572,	-0.366826,	-0.3822,	0.57821,	-0.03528,	27797,	-269,	1,	-407,	27827,	129,	-62,	-134,	27757,	55,	-33,	-323,	
2,	12,	229532,	1.65255e+015,	-1,	3,	21,	25,	-2,	-1,	1,	-1,	1.65255e+009,	-0.630509,	-0.245168,	-0.245984,	-0.0608608,	-0.675074,	-0.0824958,	-0.0118465,	0.109154,	-0.657609,	0.0249475,	0.00444024,	-0.014056,	-0.803355,	-0.133945,	-0.0170294,	-0.0805885,	-0.714918,	-0.32481,	-0.0214572,	-0.366826,	-0.3822,	0.57821,	-0.03528,	27807,	-270,	2,	-407,	27837,	128,	-62,	-134,	27767,	55,	-34,	-323,	
2,	12,	229610,	1.65255e+015,	-5,	-5,	-33,	-12,	-5,	-3,	-1,	-1,	1.65255e+009,	-0.630509,	-0.245168,	-0.245984,	-0.0608608,	-0.675074,	-0.0824958,	-0.0118465,	0.109154,	-0.657609,	0.0249475,	0.00444024,	-0.014056,	-0.803355,	-0.133945,	-0.0170294,	-0.0805885,	-0.714918,	-0.32481,	-0.0214572,	-0.366826,	-0.3822,	0.57821,	-0.03528,	27817,	-269,	1,	-407,	27847,	128,	-62,	-134,	27777,	55,	-34,	-323,	
2,	12,	229688,	1.65255e+015,	-4,	0,	20,	-10,	-4,	-2,	-2,	-2,	1.65255e+009,	-0.630509,	-0.245168,	-0.245984,	-0.0608608,	-0.675074,	-0.0824958,	-0.0118465,	0.109154,	-0.657609,	0.0249475,	0.00444024,	-0.014056,	-0.803355,	-0.133945,	-0.0170294,	-0.0805885,	-0.714918,	-0.32481,	-0.0214572,	-0.366826,	-0.3822,	0.57821,	-0.03528,	27827,	-270,	1,	-407,	27857,	128,	-62,	-134,	27787,	54,	-34,	-323,	
2,	12,	229766,	1.65255e+015,	-3,	-6,	-22,	-10,	-1,	1,	0,	-2,	1.65255e+009,	-0.630509,	-0.245168,	-0.245984,	-0.0608608,	-0.675074,	-0.0824958,	-0.0118465,	0.109154,	-0.657609,	0.0249475,	0.00444024,	-0.014056,	-0.803355,	-0.133945,	-0.0170294,	-0.0805885,	-0.714918,	-0.32481,	-0.0214572,	-0.366826,	-0.3822,	0.57821,	-0.03528,	27837,	-269,	1,	-408,	27867,	128,	-62,	-134,	27797,	55,	-33,	-324,	
2,	12,	229829,	1.65255e+015,	-2,	3,	9,	-1,	-2,	-4,	-2,	-2,	1.65255e+009,	-0.630509,	-0.245168,	-0.245984,	-0.0608608,	-0.675074,	-0.0824958,	-0.0118465,	0.109154,	-0.657609,	0.0249475,	0.00444024,	-0.014056,	-0.803355,	-0.133945,	-0.0170294,	-0.0805885,	-0.714918,	-0.32481,	-0.0214572,	-0.366826,	-0.3822,	0.57821,	-0.03528,	27847,	-269,	0,	-408,	27877,	128,	-63,	-135,	27807,	54,	-33,	-324,	
2,	12,	229891,	1.65255e+015,	3,	4,	26,	19,	2,	2,	-1,	2,	1.65255e+009,	-0.630509,	-0.245168,	-0.245984,	-0.0608608,	-0.675074,	-0.0824958,	-0.0118465,	0.109154,	-0.657609,	0.0249475,	0.00444024,	-0.014056,	-0.803355,	-0.133945,	-0.0170294,	-0.0805885,	-0.714918,	-0.32481,	-0.0214572,	-0.366826,	-0.3822,	0.57821,	-0.03528,	27857,	-269,	1,	-408,	27887,	127,	-62,	-135,	27817,	54,	-33,	-324,	
2,	12,	229969,	1.65255e+015,	-1,	0,	2,	-7,	0,	0,	0,	0,	1.65255e+009,	-0.630509,	-0.245168,	-0.245984,	-0.0608608,	-0.675074,	-0.0824958,	-0.0118465,	0.109154,	-0.657609,	0.0249475,	0.00444024,	-0.014056,	-0.803355,	-0.133945,	-0.0170294,	-0.0805885,	-0.714918,	-0.32481,	-0.0214572,	-0.366826,	-0.3822,	0.57821,	-0.03528,	27867,	-269,	1,	-409,	27897,	128,	-62,	-135,	27827,	55,	-33,	-324,	
2,	12,	230032,	1.65255e+015,	-1,	-4,	23,	-10,	1,	0,	0,	-1,	1.65255e+009,	-0.630509,	-0.245168,	-0.245984,	-0.0608608,	-0.675074,	-0.0824958,	-0.0118465,	0.109154,	-0.657609,	0.0249475,	0.00444024,	-0.014056,	-0.803355,	-0.133945,	-0.0170294,	-0.0805885,	-0.714918,	-0.32481,	-0.0214572,	-0.366826,	-0.3822,	0.57821,	-0.03528,	27877,	-269,	1,	-410,	27907,	127,	-62,	-135,	27837,	54,	-34,	-324,	
2,	12,	230110,	1.65255e+015,	2,	1,	-2,	-6,	1,	0,	-1,	0,	1.65255e+009,	-0.630509,	-0.245168,	-0.245984,	-0.0608608,	-0.675074,	-0.0824958,	-0.0118465,	0.109154,	-0.657609,	0.0249475,	0.00444024,	-0.014056,	-0.803355,	-0.133945,	-0.0170294,	-0.0805885,	-0.714918,	-0.32481,	-0.0214572,	-0.366826,	-0.3822,	0.57821,	-0.03528,	27887,	-268,	0,	-410,	27917,	127,	-61,	-135,	27847,	55,	-33,	-324,	
2,	12,	230172,	1.65255e+015,	-2,	-8,	0,	-13,	-1,	-1,	-2,	-2,	1.65255e+009,	-0.630509,	-0.245168,	-0.245984,	-0.0608608,	-0.675074,	-0.0824958,	-0.0118465,	0.109154,	-0.657609,	0.0249475,	0.00444024,	-0.014056,	-0.803355,	-0.133945,	-0.0170294,	-0.0805885,	-0.714918,	-0.32481,	-0.0214572,	-0.366826,	-0.3822,	0.57821,	-0.03528,	27897,	-269,	0,	-409,	27927,	127,	-61,	-135,	27857,	54,	-33,	-324,	
2,	12,	230250,	1.65255e+015,	0,	0,	8,	-7,	0,	0,	1,	-1,	1.65255e+009,	-0.630509,	-0.245168,	-0.245984,	-0.0608608,	-0.675074,	-0.0824958,	-0.0118465,	0.109154,	-0.657609,	0.0249475,	0.00444024,	-0.014056,	-0.803355,	-0.133945,	-0.0170294,	-0.0805885,	-0.714918,	-0.32481,	-0.0214572,	-0.366826,	-0.3822,	0.57821,	-0.03528,	27907,	-269,	0,	-409,	27937,	127,	-62,	-135,	27867,	54,	-32,	-324,	
