1,	10,	188907,	1.65255e+015,	0,	3,	36,	0,	0,	-3,	0,	-1,	1.65255e+009,	-0.690629,	-0.442288,	-0.31202,	-0.0460768,	-0.594994,	-0.235266,	-0.0222832,	0.10415,	-0.610299,	-0.134716,	-0.0170943,	-0.0124058,	-0.69494,	-0.169427,	-0.0196168,	-0.0789383,	-0.671058,	-0.311997,	-0.02189,	-0.359262,	-0.3094,	0.61273,	-0.05488,	49423,	-229,	8,	-488,	49453,	147,	-64,	-147,	49373,	69,	-29,	-349,	
1,	10,	188985,	1.65255e+015,	0,	-5,	-12,	6,	-1,	0,	-2,	0,	1.65255e+009,	-0.690629,	-0.442288,	-0.31202,	-0.0460768,	-0.594994,	-0.235266,	-0.0222832,	0.10415,	-0.610299,	-0.134716,	-0.0170943,	-0.0124058,	-0.69494,	-0.169427,	-0.0196168,	-0.0789383,	-0.671058,	-0.311997,	-0.02189,	-0.359262,	-0.3094,	0.61273,	-0.05488,	49433,	-230,	9,	-487,	49463,	147,	-63,	-147,	49383,	69,	-29,	-349,	
1,	10,	189063,	1.65255e+015,	0,	-2,	-7,	-3,	1,	-1,	0,	0,	1.65255e+009,	-0.690629,	-0.442288,	-0.31202,	-0.0460768,	-0.594994,	-0.235266,	-0.0222832,	0.10415,	-0.610299,	-0.134716,	-0.0170943,	-0.0124058,	-0.69494,	-0.169427,	-0.0196168,	-0.0789383,	-0.671058,	-0.311997,	-0.02189,	-0.359262,	-0.3094,	0.61273,	-0.05488,	49443,	-229,	9,	-487,	49473,	147,	-63,	-147,	49393,	69,	-29,	-349,	
1,	10,	189141,	1.65255e+015,	1,	-1,	-14,	6,	0,	-2,	-2,	-1,	1.65255e+009,	-0.690629,	-0.442288,	-0.31202,	-0.0460768,	-0.594994,	-0.235266,	-0.0222832,	0.10415,	-0.610299,	-0.134716,	-0.0170943,	-0.0124058,	-0.69494,	-0.169427,	-0.0196168,	-0.0789383,	-0.671058,	-0.311997,	-0.02189,	-0.359262,	-0.3094,	0.61273,	-0.05488,	49453,	-230,	10,	-486,	49483,	147,	-63,	-147,	49403,	68,	-29,	-349,	
1,	10,	189219,	1.65255e+015,	2,	4,	20,	9,	1,	0,	0,	0,	1.65255e+009,	-0.690629,	-0.442288,	-0.31202,	-0.0460768,	-0.594994,	-0.235266,	-0.0222832,	0.10415,	-0.610299,	-0.134716,	-0.0170943,	-0.0124058,	-0.69494,	-0.169427,	-0.0196168,	-0.0789383,	-0.671058,	-0.311997,	-0.02189,	-0.359262,	-0.3094,	0.61273,	-0.05488,	49463,	-230,	8,	-487,	49493,	147,	-64,	-147,	49413,	68,	-30,	-348,	
1,	10,	189297,	1.65255e+015,	1,	7,	-3,	-8,	1,	-2,	-1,	-1,	1.65255e+009,	-0.690629,	-0.442288,	-0.31202,	-0.0460768,	-0.594994,	-0.235266,	-0.0222832,	0.10415,	-0.610299,	-0.134716,	-0.0170943,	-0.0124058,	-0.69494,	-0.169427,	-0.0196168,	-0.0789383,	-0.671058,	-0.311997,	-0.02189,	-0.359262,	-0.3094,	0.61273,	-0.05488,	49473,	-230,	8,	-487,	49503,	148,	-63,	-147,	49423,	68,	-29,	-348,	
1,	10,	189375,	1.65255e+015,	-1,	4,	9,	2,	1,	0,	-2,	-1,	1.65255e+009,	-0.690629,	-0.442288,	-0.31202,	-0.0460768,	-0.594994,	-0.235266,	-0.0222832,	0.10415,	-0.610299,	-0.134716,	-0.0170943,	-0.0124058,	-0.69494,	-0.169427,	-0.0196168,	-0.0789383,	-0.671058,	-0.311997,	-0.02189,	-0.359262,	-0.3094,	0.61273,	-0.05488,	49483,	-230,	8,	-488,	49513,	147,	-64,	-147,	49433,	69,	-30,	-348,	
1,	10,	189438,	1.65255e+015,	2,	1,	15,	6,	0,	2,	-1,	2,	1.65255e+009,	-0.690629,	-0.442288,	-0.31202,	-0.0460768,	-0.594994,	-0.235266,	-0.0222832,	0.10415,	-0.610299,	-0.134716,	-0.0170943,	-0.0124058,	-0.69494,	-0.169427,	-0.0196168,	-0.0789383,	-0.671058,	-0.311997,	-0.02189,	-0.359262,	-0.3094,	0.61273,	-0.05488,	49493,	-229,	9,	-488,	49523,	147,	-64,	-147,	49443,	68,	-29,	-348,	
1,	10,	189500,	1.65255e+015,	1,	7,	-27,	-14,	-1,	0,	-2,	-1,	1.65255e+009,	-0.690629,	-0.442288,	-0.31202,	-0.0460768,	-0.594994,	-0.235266,	-0.0222832,	0.10415,	-0.610299,	-0.134716,	-0.0170943,	-0.0124058,	-0.69494,	-0.169427,	-0.0196168,	-0.0789383,	-0.671058,	-0.311997,	-0.02189,	-0.359262,	-0.3094,	0.61273,	-0.05488,	49503,	-231,	9,	-488,	49533,	148,	-64,	-148,	49453,	68,	-28,	-348,	
1,	10,	189579,	1.65255e+015,	0,	-2,	12,	-1,	-3,	-1,	-1,	1,	1.65255e+009,	-0.690629,	-0.442288,	-0.31202,	-0.0460768,	-0.594994,	-0.235266,	-0.0222832,	0.10415,	-0.610299,	-0.134716,	-0.0170943,	-0.0124058,	-0.69494,	-0.169427,	-0.0196168,	-0.0789383,	-0.671058,	-0.311997,	-0.02189,	-0.359262,	-0.3094,	0.61273,	-0.05488,	49513,	-231,	8,	-487,	49543,	148,	-64,	-147,	49463,	68,	-30,	-348,	
1,	10,	189641,	1.65255e+015,	2,	6,	24,	10,	1,	0,	0,	1,	1.65255e+009,	-0.690629,	-0.442288,	-0.31202,	-0.0460768,	-0.594994,	-0.235266,	-0.0222832,	0.10415,	-0.610299,	-0.134716,	-0.0170943,	-0.0124058,	-0.69494,	-0.169427,	-0.0196168,	-0.0789383,	-0.671058,	-0.311997,	-0.02189,	-0.359262,	-0.3094,	0.61273,	-0.05488,	49523,	-230,	8,	-486,	49553,	148,	-64,	-147,	49473,	68,	-28,	-348,	
1,	10,	189735,	1.65255e+015,	-1,	-1,	45,	22,	-1,	0,	0,	-1,	1.65255e+009,	-0.690629,	-0.442288,	-0.31202,	-0.0460768,	-0.594994,	-0.235266,	-0.0222832,	0.10415,	-0.610299,	-0.134716,	-0.0170943,	-0.0124058,	-0.69494,	-0.169427,	-0.0196168,	-0.0789383,	-0.671058,	-0.311997,	-0.02189,	-0.359262,	-0.3094,	0.61273,	-0.05488,	49533,	-230,	7,	-486,	49563,	148,	-64,	-147,	49483,	69,	-29,	-348,	
1,	10,	189813,	1.65255e+015,	-1,	-2,	23,	-2,	-1,	-3,	2,	-1,	1.65255e+009,	-0.690629,	-0.442288,	-0.31202,	-0.0460768,	-0.594994,	-0.235266,	-0.0222832,	0.10415,	-0.610299,	-0.134716,	-0.0170943,	-0.0124058,	-0.69494,	-0.169427,	-0.0196168,	-0.0789383,	-0.671058,	-0.311997,	-0.02189,	-0.359262,	-0.3094,	0.61273,	-0.05488,	49543,	-230,	8,	-485,	49573,	148,	-64,	-147,	49493,	69,	-29,	-348,	
1,	10,	189891,	1.65255e+015,	1,	2,	3,	4,	-3,	0,	-2,	1,	1.65255e+009,	-0.690629,	-0.442288,	-0.31202,	-0.0460768,	-0.594994,	-0.235266,	-0.0222832,	0.10415,	-0.610299,	-0.134716,	-0.0170943,	-0.0124058,	-0.69494,	-0.169427,	-0.0196168,	-0.0789383,	-0.671058,	-0.311997,	-0.02189,	-0.359262,	-0.3094,	0.61273,	-0.05488,	49553,	-231,	8,	-485,	49583,	148,	-64,	-147,	49503,	68,	-29,	-348,	
1,	10,	189969,	1.65255e+015,	2,	-1,	-33,	-4,	-3,	-1,	-2,	0,	1.65255e+009,	-0.690629,	-0.442288,	-0.31202,	-0.0460768,	-0.594994,	-0.235266,	-0.0222832,	0.10415,	-0.610299,	-0.134716,	-0.0170943,	-0.0124058,	-0.69494,	-0.169427,	-0.0196168,	-0.0789383,	-0.671058,	-0.311997,	-0.02189,	-0.359262,	-0.3094,	0.61273,	-0.05488,	49563,	-231,	8,	-485,	49593,	148,	-64,	-147,	49513,	68,	-29,	-349,	
1,	10,	190047,	1.65255e+015,	-2,	3,	20,	3,	-5,	-4,	-2,	-2,	1.65255e+009,	-0.690629,	-0.442288,	-0.31202,	-0.0460768,	-0.594994,	-0.235266,	-0.0222832,	0.10415,	-0.610299,	-0.134716,	-0.0170943,	-0.0124058,	-0.69494,	-0.169427,	-0.0196168,	-0.0789383,	-0.671058,	-0.311997,	-0.02189,	-0.359262,	-0.3094,	0.61273,	-0.05488,	49573,	-231,	8,	-486,	49603,	147,	-65,	-147,	49523,	68,	-29,	-348,	
1,	10,	190125,	1.65255e+015,	0,	-2,	-16,	-2,	1,	0,	-1,	-1,	1.65255e+009,	-0.690629,	-0.442288,	-0.31202,	-0.0460768,	-0.594994,	-0.235266,	-0.0222832,	0.10415,	-0.610299,	-0.134716,	-0.0170943,	-0.0124058,	-0.69494,	-0.169427,	-0.0196168,	-0.0789383,	-0.671058,	-0.311997,	-0.02189,	-0.359262,	-0.3094,	0.61273,	-0.05488,	49583,	-231,	8,	-486,	49613,	146,	-65,	-147,	49533,	69,	-29,	-348,	
1,	10,	190204,	1.65255e+015,	3,	8,	15,	0,	0,	-1,	-2,	0,	1.65255e+009,	-0.690629,	-0.442288,	-0.31202,	-0.0460768,	-0.594994,	-0.235266,	-0.0222832,	0.10415,	-0.610299,	-0.134716,	-0.0170943,	-0.0124058,	-0.69494,	-0.169427,	-0.0196168,	-0.0789383,	-0.671058,	-0.311997,	-0.02189,	-0.359262,	-0.3094,	0.61273,	-0.05488,	49593,	-231,	8,	-486,	49623,	147,	-65,	-147,	49543,	69,	-29,	-348,	
1,	10,	190282,	1.65255e+015,	-2,	-3,	-8,	4,	-4,	-2,	-1,	-1,	1.65255e+009,	-0.690629,	-0.442288,	-0.31202,	-0.0460768,	-0.594994,	-0.235266,	-0.0222832,	0.10415,	-0.610299,	-0.134716,	-0.0170943,	-0.0124058,	-0.69494,	-0.169427,	-0.0196168,	-0.0789383,	-0.671058,	-0.311997,	-0.02189,	-0.359262,	-0.3094,	0.61273,	-0.05488,	49603,	-230,	8,	-486,	49633,	147,	-64,	-147,	49553,	69,	-29,	-348,	
1,	10,	190344,	1.65255e+015,	0,	1,	-2,	-2,	-2,	-1,	0,	-1,	1.65255e+009,	-0.690629,	-0.442288,	-0.31202,	-0.0460768,	-0.594994,	-0.235266,	-0.0222832,	0.10415,	-0.610299,	-0.134716,	-0.0170943,	-0.0124058,	-0.69494,	-0.169427,	-0.0196168,	-0.0789383,	-0.671058,	-0.311997,	-0.02189,	-0.359262,	-0.3094,	0.61273,	-0.05488,	49613,	-230,	8,	-487,	49643,	147,	-65,	-148,	49563,	69,	-29,	-348,	
1,	10,	190407,	1.65255e+015,	2,	1,	9,	-3,	1,	-1,	-1,	0,	1.65255e+009,	-0.690629,	-0.442288,	-0.31202,	-0.0460768,	-0.594994,	-0.235266,	-0.0222832,	0.10415,	-0.610299,	-0.134716,	-0.0170943,	-0.0124058,	-0.69494,	-0.169427,	-0.0196168,	-0.0789383,	-0.671058,	-0.311997,	-0.02189,	-0.359262,	-0.3094,	0.61273,	-0.05488,	49623,	-230,	8,	-487,	49653,	146,	-65,	-148,	49573,	69,	-30,	-348,	
1,	10,	190469,	1.65255e+015,	1,	0,	8,	2,	2,	0,	0,	0,	1.65255e+009,	-0.690629,	-0.442288,	-0.31202,	-0.0460768,	-0.594994,	-0.235266,	-0.0222832,	0.10415,	-0.610299,	-0.134716,	-0.0170943,	-0.0124058,	-0.69494,	-0.169427,	-0.0196168,	-0.0789383,	-0.671058,	-0.311997,	-0.02189,	-0.359262,	-0.3094,	0.61273,	-0.05488,	49633,	-230,	7,	-487,	49663,	147,	-65,	-148,	49583,	69,	-29,	-348,	
1,	10,	190547,	1.65255e+015,	-1,	1,	-3,	4,	-1,	-2,	-2,	0,	1.65255e+009,	-0.690629,	-0.442288,	-0.31202,	-0.0460768,	-0.594994,	-0.235266,	-0.0222832,	0.10415,	-0.610299,	-0.134716,	-0.0170943,	-0.0124058,	-0.69494,	-0.169427,	-0.0196168,	-0.0789383,	-0.671058,	-0.311997,	-0.02189,	-0.359262,	-0.3094,	0.61273,	-0.05488,	49643,	-231,	8,	-487,	49673,	148,	-65,	-148,	49593,	68,	-29,	-349,	
1,	10,	190625,	1.65255e+015,	0,	-1,	1,	1,	0,	0,	1,	0,	1.65255e+009,	-0.690629,	-0.442288,	-0.31202,	-0.0460768,	-0.594994,	-0.235266,	-0.0222832,	0.10415,	-0.610299,	-0.134716,	-0.0170943,	-0.0124058,	-0.69494,	-0.169427,	-0.0196168,	-0.0789383,	-0.671058,	-0.311997,	-0.02189,	-0.359262,	-0.3094,	0.61273,	-0.05488,	49653,	-229,	6,	-487,	49683,	147,	-65,	-148,	49603,	68,	-31,	-349,	
1,	10,	190704,	1.65255e+015,	0,	0,	-42,	-5,	-1,	-2,	0,	-1,	1.65255e+009,	-0.690629,	-0.442288,	-0.31202,	-0.0460768,	-0.594994,	-0.235266,	-0.0222832,	0.10415,	-0.610299,	-0.134716,	-0.0170943,	-0.0124058,	-0.69494,	-0.169427,	-0.0196168,	-0.0789383,	-0.671058,	-0.311997,	-0.02189,	-0.359262,	-0.3094,	0.61273,	-0.05488,	49663,	-229,	8,	-486,	49693,	148,	-64,	-147,	49613,	68,	-29,	-349,	
1,	10,	190766,	1.65255e+015,	-2,	0,	21,	-8,	-3,	-1,	0,	-1,	1.65255e+009,	-0.690629,	-0.442288,	-0.31202,	-0.0460768,	-0.594994,	-0.235266,	-0.0222832,	0.10415,	-0.610299,	-0.134716,	-0.0170943,	-0.0124058,	-0.69494,	-0.169427,	-0.0196168,	-0.0789383,	-0.671058,	-0.311997,	-0.02189,	-0.359262,	-0.3094,	0.61273,	-0.05488,	49673,	-229,	8,	-486,	49703,	147,	-64,	-148,	49623,	68,	-29,	-349,	
1,	10,	190844,	1.65255e+015,	-2,	-4,	1,	-5,	-5,	-2,	0,	0,	1.65255e+009,	-0.690629,	-0.442288,	-0.31202,	-0.0460768,	-0.594994,	-0.235266,	-0.0222832,	0.10415,	-0.610299,	-0.134716,	-0.0170943,	-0.0124058,	-0.69494,	-0.169427,	-0.0196168,	-0.0789383,	-0.671058,	-0.311997,	-0.02189,	-0.359262,	-0.3094,	0.61273,	-0.05488,	49683,	-230,	8,	-487,	49713,	148,	-64,	-148,	49633,	68,	-28,	-349,	
1,	10,	190907,	1.65255e+015,	1,	1,	4,	3,	1,	1,	-1,	0,	1.65255e+009,	-0.690629,	-0.442288,	-0.31202,	-0.0460768,	-0.594994,	-0.235266,	-0.0222832,	0.10415,	-0.610299,	-0.134716,	-0.0170943,	-0.0124058,	-0.69494,	-0.169427,	-0.0196168,	-0.0789383,	-0.671058,	-0.311997,	-0.02189,	-0.359262,	-0.3094,	0.61273,	-0.05488,	49693,	-229,	8,	-488,	49723,	148,	-64,	-148,	49643,	68,	-29,	-349,	
1,	10,	190985,	1.65255e+015,	-2,	-4,	14,	0,	0,	1,	0,	1,	1.65255e+009,	-0.690629,	-0.442288,	-0.31202,	-0.0460768,	-0.594994,	-0.235266,	-0.0222832,	0.10415,	-0.610299,	-0.134716,	-0.0170943,	-0.0124058,	-0.69494,	-0.169427,	-0.0196168,	-0.0789383,	-0.671058,	-0.311997,	-0.02189,	-0.359262,	-0.3094,	0.61273,	-0.05488,	49703,	-229,	7,	-488,	49733,	147,	-65,	-148,	49653,	68,	-29,	-349,	
1,	10,	191063,	1.65255e+015,	0,	-3,	-1,	-1,	-2,	-2,	-2,	-1,	1.65255e+009,	-0.690629,	-0.442288,	-0.31202,	-0.0460768,	-0.594994,	-0.235266,	-0.0222832,	0.10415,	-0.610299,	-0.134716,	-0.0170943,	-0.0124058,	-0.69494,	-0.169427,	-0.0196168,	-0.0789383,	-0.671058,	-0.311997,	-0.02189,	-0.359262,	-0.3094,	0.61273,	-0.05488,	49713,	-229,	7,	-488,	49743,	147,	-65,	-148,	49663,	69,	-29,	-349,	
1,	10,	191125,	1.65255e+015,	2,	1,	2,	4,	1,	-1,	-1,	-1,	1.65255e+009,	-0.690629,	-0.442288,	-0.31202,	-0.0460768,	-0.594994,	-0.235266,	-0.0222832,	0.10415,	-0.610299,	-0.134716,	-0.0170943,	-0.0124058,	-0.69494,	-0.169427,	-0.0196168,	-0.0789383,	-0.671058,	-0.311997,	-0.02189,	-0.359262,	-0.3094,	0.61273,	-0.05488,	49723,	-228,	8,	-488,	49753,	148,	-64,	-148,	49673,	69,	-30,	-348,	
1,	10,	191204,	1.65255e+015,	1,	1,	-5,	6,	1,	-1,	-1,	0,	1.65255e+009,	-0.690629,	-0.442288,	-0.31202,	-0.0460768,	-0.594994,	-0.235266,	-0.0222832,	0.10415,	-0.610299,	-0.134716,	-0.0170943,	-0.0124058,	-0.69494,	-0.169427,	-0.0196168,	-0.0789383,	-0.671058,	-0.311997,	-0.02189,	-0.359262,	-0.3094,	0.61273,	-0.05488,	49733,	-229,	8,	-489,	49763,	147,	-65,	-148,	49683,	70,	-29,	-348,	
1,	10,	191282,	1.65255e+015,	0,	0,	-1,	4,	0,	-2,	-1,	-2,	1.65255e+009,	-0.690629,	-0.442288,	-0.31202,	-0.0460768,	-0.594994,	-0.235266,	-0.0222832,	0.10415,	-0.610299,	-0.134716,	-0.0170943,	-0.0124058,	-0.69494,	-0.169427,	-0.0196168,	-0.0789383,	-0.671058,	-0.311997,	-0.02189,	-0.359262,	-0.3094,	0.61273,	-0.05488,	49743,	-229,	7,	-488,	49773,	147,	-65,	-148,	49693,	69,	-28,	-349,	
1,	10,	191344,	1.65255e+015,	1,	7,	-1,	7,	0,	-1,	1,	0,	1.65255e+009,	-0.690629,	-0.442288,	-0.31202,	-0.0460768,	-0.594994,	-0.235266,	-0.0222832,	0.10415,	-0.610299,	-0.134716,	-0.0170943,	-0.0124058,	-0.69494,	-0.169427,	-0.0196168,	-0.0789383,	-0.671058,	-0.311997,	-0.02189,	-0.359262,	-0.3094,	0.61273,	-0.05488,	49753,	-229,	7,	-487,	49783,	147,	-64,	-148,	49703,	70,	-28,	-349,	
1,	10,	191422,	1.65255e+015,	1,	11,	39,	3,	0,	-2,	-2,	2,	1.65255e+009,	-0.690629,	-0.442288,	-0.31202,	-0.0460768,	-0.594994,	-0.235266,	-0.0222832,	0.10415,	-0.610299,	-0.134716,	-0.0170943,	-0.0124058,	-0.69494,	-0.169427,	-0.0196168,	-0.0789383,	-0.671058,	-0.311997,	-0.02189,	-0.359262,	-0.3094,	0.61273,	-0.05488,	49763,	-230,	7,	-487,	49793,	148,	-64,	-147,	49713,	69,	-29,	-349,	
1,	10,	191500,	1.65255e+015,	-1,	1,	8,	-2,	0,	-2,	-1,	-1,	1.65255e+009,	-0.690629,	-0.442288,	-0.31202,	-0.0460768,	-0.594994,	-0.235266,	-0.0222832,	0.10415,	-0.610299,	-0.134716,	-0.0170943,	-0.0124058,	-0.69494,	-0.169427,	-0.0196168,	-0.0789383,	-0.671058,	-0.311997,	-0.02189,	-0.359262,	-0.3094,	0.61273,	-0.05488,	49773,	-229,	6,	-486,	49803,	148,	-64,	-147,	49723,	69,	-29,	-349,	
1,	10,	191579,	1.65255e+015,	-2,	-3,	3,	-1,	-2,	-2,	1,	0,	1.65255e+009,	-0.690629,	-0.442288,	-0.31202,	-0.0460768,	-0.594994,	-0.235266,	-0.0222832,	0.10415,	-0.610299,	-0.134716,	-0.0170943,	-0.0124058,	-0.69494,	-0.169427,	-0.0196168,	-0.0789383,	-0.671058,	-0.311997,	-0.02189,	-0.359262,	-0.3094,	0.61273,	-0.05488,	49783,	-230,	8,	-486,	49813,	148,	-64,	-147,	49733,	69,	-29,	-349,	
1,	10,	191657,	1.65255e+015,	-1,	6,	22,	5,	-2,	-1,	1,	0,	1.65255e+009,	-0.690629,	-0.442288,	-0.31202,	-0.0460768,	-0.594994,	-0.235266,	-0.0222832,	0.10415,	-0.610299,	-0.134716,	-0.0170943,	-0.0124058,	-0.69494,	-0.169427,	-0.0196168,	-0.0789383,	-0.671058,	-0.311997,	-0.02189,	-0.359262,	-0.3094,	0.61273,	-0.05488,	49793,	-230,	7,	-486,	49823,	146,	-65,	-147,	49743,	70,	-29,	-349,	
1,	10,	191735,	1.65255e+015,	-2,	-7,	-11,	-13,	-2,	-1,	-2,	-2,	1.65255e+009,	-0.690629,	-0.442288,	-0.31202,	-0.0460768,	-0.594994,	-0.235266,	-0.0222832,	0.10415,	-0.610299,	-0.134716,	-0.0170943,	-0.0124058,	-0.69494,	-0.169427,	-0.0196168,	-0.0789383,	-0.671058,	-0.311997,	-0.02189,	-0.359262,	-0.3094,	0.61273,	-0.05488,	49803,	-229,	7,	-487,	49833,	148,	-65,	-147,	49753,	69,	-28,	-349,	
1,	10,	191813,	1.65255e+015,	-2,	-7,	-4,	7,	-3,	-2,	-1,	-1,	1.65255e+009,	-0.690629,	-0.442288,	-0.31202,	-0.0460768,	-0.594994,	-0.235266,	-0.0222832,	0.10415,	-0.610299,	-0.134716,	-0.0170943,	-0.0124058,	-0.69494,	-0.169427,	-0.0196168,	-0.0789383,	-0.671058,	-0.311997,	-0.02189,	-0.359262,	-0.3094,	0.61273,	-0.05488,	49813,	-229,	7,	-487,	49843,	148,	-64,	-148,	49763,	68,	-28,	-349,	
2,	10,	191922,	1.65255e+015,	-1,	1,	7,	6,	-1,	-2,	-2,	-1,	1.65255e+009,	-0.690629,	-0.442288,	-0.31202,	-0.0460768,	-0.594994,	-0.235266,	-0.0222832,	0.10415,	-0.610299,	-0.134716,	-0.0170943,	-0.0124058,	-0.69494,	-0.169427,	-0.0196168,	-0.0789383,	-0.671058,	-0.311997,	-0.02189,	-0.359262,	-0.3094,	0.61273,	-0.05488,	49823,	-228,	8,	-487,	49853,	148,	-65,	-148,	49773,	68,	-28,	-349,	
2,	10,	192000,	1.65255e+015,	0,	-3,	-2,	3,	0,	-1,	-1,	-1,	1.65255e+009,	-0.690629,	-0.442288,	-0.31202,	-0.0460768,	-0.594994,	-0.235266,	-0.0222832,	0.10415,	-0.610299,	-0.134716,	-0.0170943,	-0.0124058,	-0.69494,	-0.169427,	-0.0196168,	-0.0789383,	-0.671058,	-0.311997,	-0.02189,	-0.359262,	-0.3094,	0.61273,	-0.05488,	49833,	-228,	8,	-488,	49863,	148,	-65,	-148,	49783,	68,	-29,	-349,	
2,	10,	192063,	1.65255e+015,	-1,	1,	-5,	-5,	-1,	-1,	-1,	0,	1.65255e+009,	-0.690629,	-0.442288,	-0.31202,	-0.0460768,	-0.594994,	-0.235266,	-0.0222832,	0.10415,	-0.610299,	-0.134716,	-0.0170943,	-0.0124058,	-0.69494,	-0.169427,	-0.0196168,	-0.0789383,	-0.671058,	-0.311997,	-0.02189,	-0.359262,	-0.3094,	0.61273,	-0.05488,	49843,	-227,	6,	-488,	49873,	147,	-65,	-148,	49793,	68,	-31,	-349,	
2,	10,	192141,	1.65255e+015,	-1,	-2,	-17,	1,	-2,	-4,	-2,	-2,	1.65255e+009,	-0.690629,	-0.442288,	-0.31202,	-0.0460768,	-0.594994,	-0.235266,	-0.0222832,	0.10415,	-0.610299,	-0.134716,	-0.0170943,	-0.0124058,	-0.69494,	-0.169427,	-0.0196168,	-0.0789383,	-0.671058,	-0.311997,	-0.02189,	-0.359262,	-0.3094,	0.61273,	-0.05488,	49853,	-229,	8,	-488,	49883,	148,	-65,	-148,	49803,	68,	-28,	-349,	
2,	10,	192219,	1.65255e+015,	-4,	-5,	30,	-8,	-6,	-1,	-1,	-3,	1.65255e+009,	-0.690629,	-0.442288,	-0.31202,	-0.0460768,	-0.594994,	-0.235266,	-0.0222832,	0.10415,	-0.610299,	-0.134716,	-0.0170943,	-0.0124058,	-0.69494,	-0.169427,	-0.0196168,	-0.0789383,	-0.671058,	-0.311997,	-0.02189,	-0.359262,	-0.3094,	0.61273,	-0.05488,	49863,	-229,	8,	-489,	49893,	148,	-65,	-148,	49813,	68,	-28,	-349,	
2,	10,	192297,	1.65255e+015,	-1,	-4,	3,	11,	-1,	-1,	-3,	-3,	1.65255e+009,	-0.690629,	-0.442288,	-0.31202,	-0.0460768,	-0.594994,	-0.235266,	-0.0222832,	0.10415,	-0.610299,	-0.134716,	-0.0170943,	-0.0124058,	-0.69494,	-0.169427,	-0.0196168,	-0.0789383,	-0.671058,	-0.311997,	-0.02189,	-0.359262,	-0.3094,	0.61273,	-0.05488,	49873,	-229,	8,	-489,	49903,	148,	-65,	-148,	49823,	69,	-28,	-349,	
2,	10,	192375,	1.65255e+015,	-1,	1,	-3,	-2,	0,	-1,	2,	-3,	1.65255e+009,	-0.690629,	-0.442288,	-0.31202,	-0.0460768,	-0.594994,	-0.235266,	-0.0222832,	0.10415,	-0.610299,	-0.134716,	-0.0170943,	-0.0124058,	-0.69494,	-0.169427,	-0.0196168,	-0.0789383,	-0.671058,	-0.311997,	-0.02189,	-0.359262,	-0.3094,	0.61273,	-0.05488,	49883,	-230,	7,	-489,	49913,	148,	-64,	-148,	49833,	68,	-29,	-349,	
2,	10,	192454,	1.65255e+015,	-2,	7,	10,	-11,	2,	1,	0,	1,	1.65255e+009,	-0.690629,	-0.442288,	-0.31202,	-0.0460768,	-0.594994,	-0.235266,	-0.0222832,	0.0974784,	-0.610299,	-0.134716,	-0.0170943,	-0.0102055,	-0.69494,	-0.169427,	-0.0196168,	-0.0767381,	-0.671058,	-0.311997,	-0.02189,	-0.357062,	-0.3094,	0.61273,	-0.05488,	49893,	-228,	9,	-489,	49923,	147,	-65,	-148,	49843,	69,	-30,	-349,	
2,	10,	192532,	1.65255e+015,	-10,	6,	31,	-5,	1,	2,	4,	-15,	1.65255e+009,	-0.750749,	-0.442288,	-0.31202,	-0.0460768,	-0.594994,	-0.235266,	-0.0222832,	0.0835311,	-0.673379,	-0.0548845,	-0.00836643,	0.000245171,	-0.69494,	-0.0807216,	-0.0116376,	-0.0840293,	-0.671058,	-0.311997,	-0.02189,	-0.364353,	-0.3094,	0.61273,	-0.05488,	49903,	-229,	9,	-489,	49933,	148,	-64,	-149,	49853,	68,	-29,	-349,	
2,	10,	192610,	1.65255e+015,	-23,	-9,	-69,	-20,	1,	-1,	-1,	-2,	1.65255e+009,	-0.825899,	-0.540848,	-0.31202,	-0.0460768,	-0.594994,	-0.174158,	-0.0199009,	0.0501724,	-0.594529,	0.0449055,	0.00827922,	0.0112465,	-0.69494,	0.0079834,	0.00137757,	-0.0730281,	-0.561408,	-0.247932,	-0.0224779,	-0.353352,	-0.3458,	0.57821,	-0.05488,	49913,	-228,	8,	-489,	49943,	148,	-65,	-148,	49863,	69,	-29,	-349,	
2,	10,	192688,	1.65255e+015,	15,	-4,	33,	6,	-9,	-7,	-5,	-18,	1.65255e+009,	-0.825899,	-0.540848,	-0.345038,	-0.0460768,	-0.53093,	-0.174158,	-0.0199009,	0.0101419,	-0.515679,	0.0449055,	0.00827922,	0.024448,	-0.586525,	0.0079834,	0.00137757,	-0.0598265,	-0.473688,	-0.183867,	-0.0204391,	-0.34015,	-0.4277,	0.57821,	-0.05488,	49923,	-228,	8,	-489,	49953,	148,	-65,	-148,	49873,	68,	-29,	-349,	
2,	10,	192766,	1.65255e+015,	9,	15,	-1,	-3,	2,	0,	0,	-1,	1.65255e+009,	-0.825899,	-0.540848,	-0.345038,	-0.0460768,	-0.53093,	-0.11305,	-0.0151288,	-0.00279907,	-0.342209,	0.0449055,	0.00827922,	0.024815,	-0.47811,	0.0079834,	0.00137757,	-0.0476315,	-0.385968,	-0.132615,	-0.0169168,	-0.327955,	-0.4277,	0.57821,	-0.05488,	49933,	-228,	8,	-489,	49963,	147,	-65,	-148,	49883,	68,	-29,	-349,	
2,	10,	192844,	1.65255e+015,	4,	7,	-12,	11,	2,	-1,	-1,	3,	1.65255e+009,	-0.825899,	-0.664048,	-0.345038,	-0.0460768,	-0.53093,	-0.11305,	-0.0151288,	-0.0111387,	-0.342209,	0.0449055,	0.00827922,	0.0275653,	-0.47811,	0.0079834,	0.00137757,	-0.0448812,	-0.385968,	-0.132615,	-0.0169168,	-0.325205,	-0.4277,	0.53506,	-0.05488,	49943,	-227,	9,	-489,	49973,	147,	-65,	-148,	49893,	69,	-29,	-349,	
2,	10,	192922,	1.65255e+015,	-17,	-22,	-51,	-11,	-6,	-4,	0,	-5,	1.65255e+009,	-0.901049,	-0.664048,	-0.345038,	-0.0460768,	-0.466866,	-0.0366648,	-0.00580284,	-0.0111387,	-0.342209,	0.0449055,	0.00827922,	0.0275653,	-0.47811,	0.0079834,	0.00137757,	-0.0448812,	-0.385968,	-0.0813625,	-0.0117133,	-0.325205,	-0.3731,	0.53506,	-0.05488,	49953,	-229,	7,	-489,	49983,	147,	-65,	-148,	49903,	69,	-29,	-349,	
2,	10,	193016,	1.65255e+015,	12,	19,	11,	-4,	2,	1,	0,	1,	1.65255e+009,	-0.901049,	-0.664048,	-0.345038,	-0.0707168,	-0.466866,	-0.0366648,	-0.00580284,	-0.0194784,	-0.263359,	0.0449055,	0.00827922,	0.0303157,	-0.391378,	0.0079834,	0.00137757,	-0.0421308,	-0.385968,	-0.0813625,	-0.0117133,	-0.322454,	-0.3731,	0.53506,	-0.05488,	49963,	-229,	9,	-488,	49993,	147,	-64,	-148,	49913,	69,	-29,	-349,	
2,	10,	193094,	1.65255e+015,	-2,	9,	-1,	-19,	4,	3,	1,	27,	1.65255e+009,	-0.901049,	-0.664048,	-0.345038,	-0.0707168,	-0.466866,	-0.0366648,	-0.00580284,	-0.0194784,	-0.263359,	0.0449055,	0.00827922,	0.0303157,	-0.391378,	0.0079834,	0.00137757,	-0.0421308,	-0.385968,	-0.0813625,	-0.0117133,	-0.322454,	-0.3367,	0.53506,	-0.05488,	49973,	-229,	8,	-488,	50003,	148,	-65,	-147,	49923,	69,	-28,	-349,	
2,	10,	193172,	1.65255e+015,	-11,	-21,	5,	-11,	-1,	2,	5,	2,	1.65255e+009,	-0.901049,	-0.664048,	-0.345038,	-0.0707168,	-0.466866,	-0.0366648,	-0.00580284,	-0.0194784,	-0.263359,	0.0449055,	0.00827922,	0.0303157,	-0.391378,	0.0079834,	0.00137757,	-0.0421308,	-0.385968,	-0.0813625,	-0.0117133,	-0.322454,	-0.3367,	0.53506,	-0.05488,	49983,	-228,	7,	-487,	50013,	147,	-64,	-147,	49933,	69,	-29,	-350,	
2,	10,	193250,	1.65255e+015,	-12,	-6,	-9,	2,	2,	2,	0,	-2,	1.65255e+009,	-0.901049,	-0.664048,	-0.345038,	-0.0707168,	-0.466866,	-0.0366648,	-0.00580284,	-0.0194784,	-0.263359,	0.0449055,	0.00827922,	0.0303157,	-0.391378,	0.0079834,	0.00137757,	-0.0421308,	-0.385968,	-0.0813625,	-0.0117133,	-0.322454,	-0.3367,	0.53506,	-0.05488,	49993,	-229,	8,	-487,	50023,	147,	-65,	-147,	49943,	69,	-29,	-350,	
2,	10,	193329,	1.65255e+015,	-6,	3,	36,	-7,	0,	0,	-2,	-10,	1.65255e+009,	-0.901049,	-0.664048,	-0.345038,	-0.0707168,	-0.466866,	-0.0366648,	-0.00580284,	-0.0194784,	-0.263359,	0.0449055,	0.00827922,	0.0303157,	-0.391378,	0.0079834,	0.00137757,	-0.0421308,	-0.385968,	-0.0813625,	-0.0117133,	-0.322454,	-0.3367,	0.53506,	-0.05488,	50003,	-229,	8,	-488,	50033,	148,	-64,	-147,	49953,	69,	-28,	-350,	
2,	10,	193407,	1.65255e+015,	8,	15,	32,	27,	3,	0,	0,	7,	1.65255e+009,	-0.901049,	-0.664048,	-0.345038,	-0.0707168,	-0.466866,	-0.0366648,	-0.00580284,	-0.0194784,	-0.263359,	0.0449055,	0.00827922,	0.0303157,	-0.391378,	0.0079834,	0.00137757,	-0.0421308,	-0.385968,	-0.0813625,	-0.0117133,	-0.322454,	-0.3367,	0.53506,	-0.05488,	50013,	-229,	8,	-487,	50043,	147,	-65,	-147,	49963,	69,	-28,	-349,	
2,	10,	193485,	1.65255e+015,	4,	6,	13,	-12,	0,	2,	1,	7,	1.65255e+009,	-0.901049,	-0.664048,	-0.345038,	-0.0707168,	-0.466866,	-0.0366648,	-0.00580284,	-0.0194784,	-0.263359,	0.0449055,	0.00827922,	0.0303157,	-0.391378,	0.0079834,	0.00137757,	-0.0421308,	-0.385968,	-0.0813625,	-0.0117133,	-0.322454,	-0.3367,	0.53506,	-0.05488,	50023,	-230,	8,	-487,	50053,	148,	-65,	-147,	49973,	69,	-28,	-349,	
2,	10,	193563,	1.65255e+015,	-3,	-12,	-17,	2,	-4,	-2,	0,	-6,	1.65255e+009,	-0.901049,	-0.664048,	-0.345038,	-0.0707168,	-0.466866,	-0.0366648,	-0.00580284,	-0.0194784,	-0.263359,	0.0449055,	0.00827922,	0.0303157,	-0.391378,	0.0079834,	0.00137757,	-0.0421308,	-0.385968,	-0.0813625,	-0.0117133,	-0.322454,	-0.3367,	0.53506,	-0.05488,	50033,	-230,	8,	-488,	50063,	147,	-64,	-147,	49983,	69,	-28,	-349,	
2,	10,	193641,	1.65255e+015,	15,	-4,	-26,	-3,	-6,	0,	-5,	8,	1.65255e+009,	-0.901049,	-0.664048,	-0.345038,	-0.0707168,	-0.466866,	-0.0366648,	-0.00580284,	-0.0194784,	-0.263359,	0.0449055,	0.00827922,	0.0303157,	-0.391378,	0.0079834,	0.00137757,	-0.0421308,	-0.385968,	-0.0813625,	-0.0117133,	-0.322454,	-0.3367,	0.53506,	-0.05488,	50043,	-229,	8,	-487,	50073,	148,	-64,	-147,	49993,	69,	-28,	-349,	
2,	10,	193719,	1.65255e+015,	6,	4,	24,	13,	2,	-1,	-1,	8,	1.65255e+009,	-0.901049,	-0.664048,	-0.345038,	-0.0707168,	-0.466866,	-0.0366648,	-0.00580284,	-0.0194784,	-0.263359,	0.0449055,	0.00827922,	0.0303157,	-0.391378,	0.0079834,	0.00137757,	-0.0421308,	-0.385968,	-0.0813625,	-0.0117133,	-0.322454,	-0.3367,	0.53506,	-0.05488,	50053,	-229,	8,	-487,	50083,	147,	-64,	-147,	50003,	68,	-28,	-348,	
2,	10,	193813,	1.65255e+015,	-6,	-11,	-25,	1,	-2,	-3,	-3,	-1,	1.65255e+009,	-0.901049,	-0.664048,	-0.345038,	-0.0707168,	-0.466866,	-0.0366648,	-0.00580284,	-0.0194784,	-0.263359,	0.0449055,	0.00827922,	0.0303157,	-0.391378,	0.0079834,	0.00137757,	-0.0421308,	-0.385968,	-0.0813625,	-0.0117133,	-0.322454,	-0.3367,	0.53506,	-0.05488,	50063,	-229,	9,	-486,	50093,	148,	-64,	-147,	50013,	69,	-29,	-348,	
2,	10,	193875,	1.65255e+015,	0,	-3,	-43,	6,	0,	-1,	-2,	9,	1.65255e+009,	-0.901049,	-0.664048,	-0.345038,	-0.0707168,	-0.466866,	-0.0366648,	-0.00580284,	-0.0194784,	-0.263359,	0.0449055,	0.00827922,	0.0303157,	-0.391378,	0.0079834,	0.00137757,	-0.0421308,	-0.385968,	-0.0813625,	-0.0117133,	-0.322454,	-0.3367,	0.53506,	-0.05488,	50073,	-230,	8,	-486,	50103,	148,	-65,	-146,	50023,	68,	-29,	-348,	
2,	10,	193938,	1.65255e+015,	5,	3,	-6,	14,	2,	-1,	-1,	-1,	1.65255e+009,	-0.901049,	-0.664048,	-0.345038,	-0.0707168,	-0.466866,	-0.0366648,	-0.00580284,	-0.0194784,	-0.263359,	0.0449055,	0.00827922,	0.0303157,	-0.391378,	0.0079834,	0.00137757,	-0.0421308,	-0.385968,	-0.0813625,	-0.0117133,	-0.322454,	-0.3367,	0.53506,	-0.05488,	50083,	-229,	8,	-485,	50113,	147,	-65,	-147,	50033,	68,	-29,	-348,	
2,	10,	194000,	1.65255e+015,	-3,	-5,	-41,	-30,	-3,	-1,	0,	5,	1.65255e+009,	-0.901049,	-0.664048,	-0.345038,	-0.0707168,	-0.466866,	-0.0366648,	-0.00580284,	-0.0194784,	-0.263359,	0.0449055,	0.00827922,	0.0303157,	-0.391378,	0.0079834,	0.00137757,	-0.0421308,	-0.385968,	-0.0813625,	-0.0117133,	-0.322454,	-0.3367,	0.53506,	-0.05488,	50093,	-230,	8,	-485,	50123,	147,	-64,	-146,	50043,	68,	-29,	-348,	
2,	10,	194063,	1.65255e+015,	-2,	-4,	-1,	0,	-1,	-3,	-1,	-1,	1.65255e+009,	-0.901049,	-0.664048,	-0.345038,	-0.0707168,	-0.466866,	-0.0366648,	-0.00580284,	-0.0111387,	-0.263359,	0.0449055,	0.00827922,	0.0275653,	-0.391378,	0.0079834,	0.00137757,	-0.0448812,	-0.385968,	-0.0813625,	-0.0117133,	-0.325205,	-0.3367,	0.53506,	-0.05488,	50103,	-231,	9,	-485,	50133,	148,	-64,	-146,	50053,	69,	-29,	-349,	
2,	10,	194125,	1.65255e+015,	3,	1,	36,	-7,	1,	0,	-1,	1,	1.65255e+009,	-0.901049,	-0.664048,	-0.345038,	-0.0707168,	-0.466866,	-0.0366648,	-0.00580284,	-0.004467,	-0.263359,	0.0449055,	0.00827922,	0.0253651,	-0.391378,	0.0079834,	0.00137757,	-0.0470814,	-0.385968,	-0.0813625,	-0.0117133,	-0.327405,	-0.3367,	0.53506,	-0.05488,	50113,	-230,	9,	-485,	50143,	147,	-63,	-146,	50063,	68,	-29,	-349,	
2,	10,	194188,	1.65255e+015,	-2,	0,	1,	4,	-1,	-3,	-1,	-5,	1.65255e+009,	-0.901049,	-0.664048,	-0.345038,	-0.0707168,	-0.466866,	-0.0366648,	-0.00580284,	0.00554061,	-0.263359,	0.0449055,	0.00827922,	0.0220647,	-0.391378,	0.0079834,	0.00137757,	-0.0503818,	-0.385968,	-0.0813625,	-0.0117133,	-0.330705,	-0.3367,	0.53506,	-0.05488,	50123,	-232,	8,	-485,	50153,	147,	-65,	-147,	50073,	68,	-29,	-348,	
2,	10,	194266,	1.65255e+015,	-1,	2,	2,	83,	6,	-1,	-2,	0,	1.65255e+009,	-0.901049,	-0.664048,	-0.345038,	-0.0707168,	-0.466866,	-0.0366648,	-0.00580284,	0.020552,	-0.263359,	0.0449055,	0.00827922,	0.0171141,	-0.391378,	0.0079834,	0.00137757,	-0.0553324,	-0.385968,	-0.0813625,	-0.0117133,	-0.335656,	-0.3367,	0.53506,	-0.05488,	50133,	-231,	7,	-485,	50163,	147,	-64,	-147,	50083,	68,	-29,	-348,	
2,	10,	194329,	1.65255e+015,	1,	3,	-4,	24,	0,	0,	-1,	1,	1.65255e+009,	-0.901049,	-0.540848,	-0.345038,	-0.0707168,	-0.466866,	-0.0366648,	-0.00580284,	0.0589146,	-0.436829,	-0.0548845,	-0.00836643,	0.00446266,	-0.564842,	-0.0807216,	-0.0116376,	-0.0679838,	-0.561408,	-0.145428,	-0.0179549,	-0.348307,	-0.2912,	0.57821,	-0.05488,	50143,	-231,	8,	-485,	50173,	148,	-64,	-146,	50093,	68,	-29,	-348,	
2,	10,	194391,	1.65255e+015,	-1,	-8,	1,	15,	-1,	1,	-2,	0,	1.65255e+009,	-0.901049,	-0.540848,	-0.345038,	-0.0707168,	-0.546946,	-0.0977728,	-0.0135623,	0.0789298,	-0.594529,	-0.0548845,	-0.00836643,	-0.00213811,	-0.564842,	-0.0807216,	-0.0116376,	-0.0745846,	-0.561408,	-0.145428,	-0.0179549,	-0.354908,	-0.2912,	0.57821,	-0.05488,	50153,	-229,	8,	-484,	50183,	148,	-64,	-147,	50103,	68,	-30,	-348,	
2,	10,	194469,	1.65255e+015,	-2,	-5,	-9,	-23,	-5,	-1,	0,	-2,	1.65255e+009,	-0.825899,	-0.540848,	-0.345038,	-0.0707168,	-0.627026,	-0.0977728,	-0.0135623,	0.0956092,	-0.689149,	-0.154675,	-0.0186389,	-0.00763875,	-0.651574,	-0.169427,	-0.0196168,	-0.0800852,	-0.671058,	-0.209493,	-0.0215699,	-0.360409,	-0.2912,	0.61273,	-0.05488,	50163,	-230,	8,	-484,	50193,	148,	-64,	-147,	50113,	68,	-29,	-347,	
2,	10,	194532,	1.65255e+015,	-3,	-4,	-9,	15,	-2,	-2,	-1,	0,	1.65255e+009,	-0.825899,	-0.540848,	-0.345038,	-0.0707168,	-0.707106,	-0.0977728,	-0.0135623,	0.0956092,	-0.783769,	-0.154675,	-0.0186389,	-0.00763875,	-0.759989,	-0.240391,	-0.0223744,	-0.0800852,	-0.671058,	-0.260745,	-0.0225705,	-0.360409,	-0.2912,	0.61273,	-0.05488,	50173,	-229,	7,	-485,	50203,	147,	-64,	-147,	50123,	68,	-30,	-347,	
2,	10,	194594,	1.65255e+015,	0,	4,	-9,	-11,	2,	1,	1,	0,	1.65255e+009,	-0.825899,	-0.540848,	-0.345038,	-0.0707168,	-0.707106,	-0.0977728,	-0.0135623,	0.102281,	-0.862619,	-0.154675,	-0.0186389,	-0.009839,	-0.759989,	-0.240391,	-0.0223744,	-0.0822855,	-0.758778,	-0.260745,	-0.0225705,	-0.362609,	-0.2912,	0.61273,	-0.05488,	50183,	-229,	7,	-485,	50213,	147,	-65,	-147,	50133,	68,	-30,	-347,	
2,	10,	194657,	1.65255e+015,	1,	4,	5,	9,	6,	0,	-1,	1,	1.65255e+009,	-0.825899,	-0.540848,	-0.345038,	-0.0707168,	-0.707106,	-0.0977728,	-0.0135623,	0.102281,	-0.862619,	-0.154675,	-0.0186389,	-0.009839,	-0.759989,	-0.240391,	-0.0223744,	-0.0822855,	-0.758778,	-0.260745,	-0.0225705,	-0.362609,	-0.2912,	0.61273,	-0.05488,	50193,	-229,	8,	-485,	50223,	147,	-65,	-147,	50143,	68,	-30,	-348,	
2,	10,	194719,	1.65255e+015,	2,	-7,	-15,	-3,	1,	-1,	-3,	0,	1.65255e+009,	-0.825899,	-0.540848,	-0.345038,	-0.0707168,	-0.707106,	-0.0977728,	-0.0135623,	0.102281,	-0.862619,	-0.154675,	-0.0186389,	-0.009839,	-0.759989,	-0.240391,	-0.0223744,	-0.0822855,	-0.758778,	-0.260745,	-0.0225705,	-0.362609,	-0.2912,	0.61273,	-0.05488,	50203,	-229,	8,	-485,	50233,	147,	-65,	-147,	50153,	69,	-29,	-348,	
2,	10,	194782,	1.65255e+015,	2,	4,	-29,	3,	1,	0,	0,	-1,	1.65255e+009,	-0.825899,	-0.540848,	-0.345038,	-0.0707168,	-0.707106,	-0.0977728,	-0.0135623,	0.102281,	-0.862619,	-0.154675,	-0.0186389,	-0.009839,	-0.759989,	-0.240391,	-0.0223744,	-0.0822855,	-0.758778,	-0.260745,	-0.0225705,	-0.362609,	-0.2912,	0.61273,	-0.05488,	50213,	-229,	7,	-485,	50243,	148,	-65,	-147,	50163,	69,	-29,	-348,	
2,	10,	194844,	1.65255e+015,	-6,	-7,	5,	-4,	-3,	-2,	-2,	-4,	1.65255e+009,	-0.825899,	-0.540848,	-0.345038,	-0.0707168,	-0.707106,	-0.174158,	-0.0199009,	0.102281,	-0.862619,	-0.154675,	-0.0186389,	-0.009839,	-0.759989,	-0.240391,	-0.0223744,	-0.0822855,	-0.758778,	-0.260745,	-0.0225705,	-0.362609,	-0.2912,	0.61273,	-0.05488,	50223,	-229,	7,	-485,	50253,	148,	-64,	-147,	50173,	67,	-29,	-348,	
2,	10,	194922,	1.65255e+015,	0,	-1,	-13,	-4,	-1,	-2,	-2,	-1,	1.65255e+009,	-0.825899,	-0.540848,	-0.345038,	-0.0707168,	-0.707106,	-0.174158,	-0.0199009,	0.102281,	-0.862619,	-0.154675,	-0.0186389,	-0.009839,	-0.759989,	-0.240391,	-0.0223744,	-0.0822855,	-0.758778,	-0.260745,	-0.0225705,	-0.362609,	-0.2912,	0.61273,	-0.05488,	50233,	-230,	8,	-485,	50263,	148,	-64,	-147,	50183,	68,	-29,	-348,	
2,	10,	195000,	1.65255e+015,	-5,	-5,	-78,	-4,	-1,	-3,	-2,	-4,	1.65255e+009,	-0.825899,	-0.540848,	-0.345038,	-0.0707168,	-0.707106,	-0.174158,	-0.0199009,	0.102281,	-0.862619,	-0.154675,	-0.0186389,	-0.009839,	-0.759989,	-0.240391,	-0.0223744,	-0.0822855,	-0.758778,	-0.260745,	-0.0225705,	-0.362609,	-0.2912,	0.61273,	-0.05488,	50243,	-231,	8,	-485,	50273,	148,	-64,	-147,	50193,	68,	-29,	-348,	
2,	10,	195063,	1.65255e+015,	-2,	-1,	-5,	2,	5,	0,	1,	-2,	1.65255e+009,	-0.825899,	-0.540848,	-0.345038,	-0.0707168,	-0.707106,	-0.174158,	-0.0199009,	0.102281,	-0.862619,	-0.154675,	-0.0186389,	-0.009839,	-0.759989,	-0.240391,	-0.0223744,	-0.0822855,	-0.758778,	-0.260745,	-0.0225705,	-0.362609,	-0.2912,	0.61273,	-0.05488,	50253,	-230,	8,	-485,	50283,	148,	-65,	-147,	50203,	68,	-29,	-348,	
2,	10,	195141,	1.65255e+015,	-1,	-2,	-17,	-14,	-3,	-1,	-2,	-1,	1.65255e+009,	-0.825899,	-0.540848,	-0.345038,	-0.0707168,	-0.707106,	-0.174158,	-0.0199009,	0.102281,	-0.862619,	-0.154675,	-0.0186389,	-0.009839,	-0.759989,	-0.240391,	-0.0223744,	-0.0822855,	-0.758778,	-0.260745,	-0.0225705,	-0.362609,	-0.2912,	0.61273,	-0.05488,	50263,	-229,	7,	-485,	50293,	148,	-65,	-147,	50213,	68,	-29,	-348,	
2,	10,	195219,	1.65255e+015,	2,	-1,	2,	4,	1,	-2,	-2,	0,	1.65255e+009,	-0.825899,	-0.540848,	-0.345038,	-0.0707168,	-0.707106,	-0.174158,	-0.0199009,	0.102281,	-0.862619,	-0.154675,	-0.0186389,	-0.009839,	-0.759989,	-0.240391,	-0.0223744,	-0.0822855,	-0.758778,	-0.260745,	-0.0225705,	-0.362609,	-0.2912,	0.61273,	-0.05488,	50273,	-230,	7,	-485,	50303,	147,	-65,	-147,	50223,	68,	-29,	-348,	
2,	10,	195297,	1.65255e+015,	0,	-2,	-18,	-17,	-4,	-2,	0,	-1,	1.65255e+009,	-0.825899,	-0.540848,	-0.345038,	-0.0707168,	-0.707106,	-0.174158,	-0.0199009,	0.102281,	-0.862619,	-0.154675,	-0.0186389,	-0.009839,	-0.759989,	-0.240391,	-0.0223744,	-0.0822855,	-0.758778,	-0.260745,	-0.0225705,	-0.362609,	-0.2912,	0.61273,	-0.05488,	50283,	-230,	8,	-484,	50313,	148,	-64,	-146,	50233,	68,	-29,	-348,	
2,	10,	195375,	1.65255e+015,	-3,	-7,	5,	-7,	-5,	-3,	-1,	0,	1.65255e+009,	-0.825899,	-0.540848,	-0.345038,	-0.0707168,	-0.707106,	-0.174158,	-0.0199009,	0.102281,	-0.862619,	-0.154675,	-0.0186389,	-0.009839,	-0.759989,	-0.240391,	-0.0223744,	-0.0822855,	-0.758778,	-0.260745,	-0.0225705,	-0.362609,	-0.2912,	0.61273,	-0.05488,	50293,	-230,	7,	-484,	50323,	146,	-64,	-147,	50243,	67,	-30,	-348,	
2,	10,	195438,	1.65255e+015,	4,	11,	3,	11,	6,	3,	2,	0,	1.65255e+009,	-0.825899,	-0.540848,	-0.345038,	-0.0707168,	-0.707106,	-0.174158,	-0.0199009,	0.102281,	-0.862619,	-0.154675,	-0.0186389,	-0.009839,	-0.759989,	-0.240391,	-0.0223744,	-0.0822855,	-0.758778,	-0.260745,	-0.0225705,	-0.362609,	-0.2912,	0.61273,	-0.05488,	50303,	-231,	8,	-484,	50333,	148,	-64,	-147,	50253,	68,	-29,	-348,	
2,	10,	195500,	1.65255e+015,	-2,	-5,	-6,	-4,	-3,	0,	-1,	-2,	1.65255e+009,	-0.825899,	-0.540848,	-0.345038,	-0.0707168,	-0.707106,	-0.174158,	-0.0199009,	0.102281,	-0.767999,	-0.154675,	-0.0186389,	-0.009839,	-0.759989,	-0.240391,	-0.0223744,	-0.0822855,	-0.758778,	-0.260745,	-0.0225705,	-0.362609,	-0.2912,	0.61273,	-0.05488,	50313,	-231,	8,	-484,	50343,	147,	-63,	-146,	50263,	67,	-30,	-348,	
2,	10,	195579,	1.65255e+015,	-2,	-6,	-5,	-1,	-1,	-1,	-1,	-1,	1.65255e+009,	-0.825899,	-0.540848,	-0.345038,	-0.0707168,	-0.707106,	-0.174158,	-0.0199009,	0.102281,	-0.767999,	-0.154675,	-0.0186389,	-0.009839,	-0.759989,	-0.240391,	-0.0223744,	-0.0822855,	-0.758778,	-0.260745,	-0.0225705,	-0.362609,	-0.2912,	0.61273,	-0.05488,	50323,	-231,	8,	-485,	50353,	146,	-64,	-147,	50273,	68,	-29,	-348,	
2,	10,	195657,	1.65255e+015,	-4,	1,	3,	-6,	-5,	-2,	2,	-2,	1.65255e+009,	-0.825899,	-0.540848,	-0.345038,	-0.0707168,	-0.707106,	-0.174158,	-0.0199009,	0.102281,	-0.767999,	-0.154675,	-0.0186389,	-0.009839,	-0.759989,	-0.240391,	-0.0223744,	-0.0822855,	-0.758778,	-0.260745,	-0.0225705,	-0.362609,	-0.2912,	0.61273,	-0.05488,	50333,	-230,	8,	-485,	50363,	147,	-64,	-146,	50283,	67,	-29,	-348,	
2,	10,	195735,	1.65255e+015,	1,	-3,	-16,	4,	0,	0,	-1,	0,	1.65255e+009,	-0.825899,	-0.540848,	-0.345038,	-0.0707168,	-0.707106,	-0.174158,	-0.0199009,	0.102281,	-0.767999,	-0.154675,	-0.0186389,	-0.009839,	-0.759989,	-0.240391,	-0.0223744,	-0.0822855,	-0.758778,	-0.260745,	-0.0225705,	-0.362609,	-0.2912,	0.61273,	-0.05488,	50343,	-230,	7,	-484,	50373,	147,	-65,	-147,	50293,	69,	-29,	-348,	
2,	10,	195813,	1.65255e+015,	3,	4,	-8,	3,	-3,	-1,	0,	0,	1.65255e+009,	-0.825899,	-0.540848,	-0.345038,	-0.0707168,	-0.707106,	-0.174158,	-0.0199009,	0.102281,	-0.767999,	-0.154675,	-0.0186389,	-0.009839,	-0.759989,	-0.240391,	-0.0223744,	-0.0822855,	-0.758778,	-0.260745,	-0.0225705,	-0.362609,	-0.2912,	0.61273,	-0.05488,	50353,	-231,	8,	-485,	50383,	147,	-64,	-147,	50303,	68,	-29,	-348,	
2,	10,	195891,	1.65255e+015,	2,	1,	-1,	9,	1,	0,	-1,	0,	1.65255e+009,	-0.825899,	-0.540848,	-0.345038,	-0.0707168,	-0.707106,	-0.174158,	-0.0199009,	0.102281,	-0.767999,	-0.154675,	-0.0186389,	-0.009839,	-0.759989,	-0.240391,	-0.0223744,	-0.0822855,	-0.758778,	-0.260745,	-0.0225705,	-0.362609,	-0.2912,	0.61273,	-0.05488,	50363,	-230,	7,	-484,	50393,	147,	-64,	-147,	50313,	68,	-29,	-348,	
2,	10,	195954,	1.65255e+015,	3,	4,	12,	-3,	1,	2,	-2,	1,	1.65255e+009,	-0.825899,	-0.540848,	-0.345038,	-0.0707168,	-0.707106,	-0.174158,	-0.0199009,	0.102281,	-0.767999,	-0.154675,	-0.0186389,	-0.009839,	-0.759989,	-0.240391,	-0.0223744,	-0.0822855,	-0.758778,	-0.260745,	-0.0225705,	-0.362609,	-0.2912,	0.61273,	-0.05488,	50373,	-230,	8,	-485,	50403,	147,	-65,	-147,	50323,	68,	-29,	-348,	
2,	10,	196047,	1.65255e+015,	1,	-1,	-9,	-34,	-6,	-2,	-1,	-1,	1.65255e+009,	-0.825899,	-0.540848,	-0.345038,	-0.0707168,	-0.707106,	-0.174158,	-0.0199009,	0.102281,	-0.767999,	-0.154675,	-0.0186389,	-0.009839,	-0.759989,	-0.240391,	-0.0223744,	-0.0822855,	-0.758778,	-0.260745,	-0.0225705,	-0.362609,	-0.2912,	0.61273,	-0.05488,	50383,	-230,	7,	-485,	50413,	147,	-64,	-147,	50333,	68,	-30,	-348,	
2,	10,	196125,	1.65255e+015,	0,	-3,	-15,	12,	-3,	-1,	-2,	-2,	1.65255e+009,	-0.825899,	-0.540848,	-0.345038,	-0.0707168,	-0.707106,	-0.174158,	-0.0199009,	0.102281,	-0.767999,	-0.154675,	-0.0186389,	-0.009839,	-0.759989,	-0.240391,	-0.0223744,	-0.0822855,	-0.758778,	-0.260745,	-0.0225705,	-0.362609,	-0.2912,	0.61273,	-0.05488,	50393,	-230,	8,	-485,	50423,	147,	-64,	-147,	50343,	68,	-29,	-347,	
2,	10,	196204,	1.65255e+015,	-4,	-4,	15,	4,	0,	-1,	0,	-1,	1.65255e+009,	-0.825899,	-0.540848,	-0.345038,	-0.0707168,	-0.707106,	-0.174158,	-0.0199009,	0.102281,	-0.767999,	-0.154675,	-0.0186389,	-0.009839,	-0.759989,	-0.240391,	-0.0223744,	-0.0822855,	-0.758778,	-0.260745,	-0.0225705,	-0.362609,	-0.2912,	0.61273,	-0.05488,	50403,	-231,	8,	-485,	50433,	147,	-64,	-147,	50353,	67,	-29,	-348,	
2,	10,	196282,	1.65255e+015,	-6,	-6,	-13,	-40,	-3,	0,	-1,	0,	1.65255e+009,	-0.825899,	-0.540848,	-0.345038,	-0.0707168,	-0.707106,	-0.174158,	-0.0199009,	0.102281,	-0.767999,	-0.154675,	-0.0186389,	-0.009839,	-0.759989,	-0.240391,	-0.0223744,	-0.0822855,	-0.758778,	-0.260745,	-0.0225705,	-0.362609,	-0.2912,	0.61273,	-0.05488,	50413,	-230,	8,	-486,	50443,	147,	-64,	-147,	50363,	69,	-29,	-348,	
2,	10,	196360,	1.65255e+015,	-5,	-1,	9,	-1,	-5,	-2,	0,	-2,	1.65255e+009,	-0.825899,	-0.540848,	-0.345038,	-0.0707168,	-0.707106,	-0.174158,	-0.0199009,	0.102281,	-0.767999,	-0.154675,	-0.0186389,	-0.009839,	-0.759989,	-0.240391,	-0.0223744,	-0.0822855,	-0.758778,	-0.260745,	-0.0225705,	-0.362609,	-0.2912,	0.61273,	-0.05488,	50423,	-230,	8,	-485,	50453,	147,	-65,	-147,	50373,	68,	-28,	-348,	
2,	10,	196422,	1.65255e+015,	0,	7,	15,	-4,	-1,	0,	1,	0,	1.65255e+009,	-0.825899,	-0.540848,	-0.345038,	-0.0707168,	-0.707106,	-0.174158,	-0.0199009,	0.102281,	-0.767999,	-0.154675,	-0.0186389,	-0.009839,	-0.759989,	-0.240391,	-0.0223744,	-0.0822855,	-0.758778,	-0.260745,	-0.0225705,	-0.362609,	-0.2912,	0.61273,	-0.05488,	50433,	-231,	8,	-485,	50463,	147,	-65,	-147,	50383,	68,	-30,	-348,	
2,	10,	196500,	1.65255e+015,	0,	2,	8,	3,	-2,	-4,	-1,	-1,	1.65255e+009,	-0.825899,	-0.540848,	-0.345038,	-0.0707168,	-0.707106,	-0.174158,	-0.0199009,	0.102281,	-0.767999,	-0.154675,	-0.0186389,	-0.009839,	-0.759989,	-0.240391,	-0.0223744,	-0.0822855,	-0.758778,	-0.260745,	-0.0225705,	-0.362609,	-0.2912,	0.61273,	-0.05488,	50443,	-230,	9,	-486,	50473,	148,	-65,	-147,	50393,	68,	-30,	-348,	
2,	10,	196579,	1.65255e+015,	0,	3,	9,	3,	-1,	0,	-1,	0,	1.65255e+009,	-0.825899,	-0.540848,	-0.345038,	-0.0707168,	-0.707106,	-0.174158,	-0.0199009,	0.102281,	-0.767999,	-0.154675,	-0.0186389,	-0.009839,	-0.759989,	-0.240391,	-0.0223744,	-0.0822855,	-0.758778,	-0.260745,	-0.0225705,	-0.362609,	-0.2912,	0.61273,	-0.05488,	50453,	-230,	8,	-486,	50483,	147,	-65,	-147,	50403,	67,	-30,	-348,	
2,	10,	196657,	1.65255e+015,	-4,	-6,	-7,	3,	-4,	-2,	-2,	-4,	1.65255e+009,	-0.825899,	-0.540848,	-0.345038,	-0.0707168,	-0.707106,	-0.174158,	-0.0199009,	0.102281,	-0.767999,	-0.154675,	-0.0186389,	-0.009839,	-0.759989,	-0.240391,	-0.0223744,	-0.0822855,	-0.758778,	-0.260745,	-0.0225705,	-0.362609,	-0.2912,	0.61273,	-0.05488,	50463,	-229,	8,	-486,	50493,	148,	-65,	-147,	50413,	68,	-29,	-348,	
2,	10,	196735,	1.65255e+015,	2,	-1,	10,	9,	4,	2,	0,	-1,	1.65255e+009,	-0.825899,	-0.540848,	-0.345038,	-0.0707168,	-0.707106,	-0.174158,	-0.0199009,	0.102281,	-0.767999,	-0.154675,	-0.0186389,	-0.009839,	-0.759989,	-0.240391,	-0.0223744,	-0.0822855,	-0.758778,	-0.260745,	-0.0225705,	-0.362609,	-0.2912,	0.61273,	-0.05488,	50473,	-231,	8,	-485,	50503,	147,	-64,	-147,	50423,	67,	-29,	-348,	
2,	10,	196797,	1.65255e+015,	2,	3,	-2,	8,	1,	-1,	0,	0,	1.65255e+009,	-0.825899,	-0.540848,	-0.345038,	-0.0707168,	-0.707106,	-0.174158,	-0.0199009,	0.102281,	-0.767999,	-0.154675,	-0.0186389,	-0.009839,	-0.759989,	-0.240391,	-0.0223744,	-0.0822855,	-0.758778,	-0.260745,	-0.0225705,	-0.362609,	-0.2912,	0.61273,	-0.05488,	50483,	-230,	8,	-485,	50513,	147,	-65,	-147,	50433,	68,	-30,	-348,	
2,	10,	196875,	1.65255e+015,	-1,	-2,	2,	3,	1,	-1,	-3,	-3,	1.65255e+009,	-0.825899,	-0.540848,	-0.345038,	-0.0707168,	-0.707106,	-0.174158,	-0.0199009,	0.102281,	-0.767999,	-0.154675,	-0.0186389,	-0.009839,	-0.759989,	-0.240391,	-0.0223744,	-0.0822855,	-0.758778,	-0.260745,	-0.0225705,	-0.362609,	-0.2912,	0.61273,	-0.05488,	50493,	-230,	7,	-485,	50523,	146,	-66,	-147,	50443,	68,	-30,	-348,	
2,	10,	196938,	1.65255e+015,	-1,	-5,	-9,	4,	0,	-1,	-1,	-1,	1.65255e+009,	-0.825899,	-0.540848,	-0.345038,	-0.0707168,	-0.707106,	-0.174158,	-0.0199009,	0.102281,	-0.767999,	-0.154675,	-0.0186389,	-0.009839,	-0.759989,	-0.240391,	-0.0223744,	-0.0822855,	-0.758778,	-0.260745,	-0.0225705,	-0.362609,	-0.2912,	0.61273,	-0.05488,	50503,	-230,	7,	-485,	50533,	147,	-65,	-147,	50453,	68,	-30,	-348,	
2,	10,	197000,	1.65255e+015,	-7,	-16,	0,	5,	-2,	-2,	-3,	-5,	1.65255e+009,	-0.765779,	-0.540848,	-0.345038,	-0.0707168,	-0.707106,	-0.174158,	-0.0199009,	0.102281,	-0.767999,	-0.154675,	-0.0186389,	-0.009839,	-0.759989,	-0.240391,	-0.0223744,	-0.0822855,	-0.758778,	-0.260745,	-0.0225705,	-0.362609,	-0.2912,	0.61273,	-0.05488,	50513,	-229,	8,	-485,	50543,	146,	-65,	-147,	50463,	67,	-30,	-348,	
