1,	14,	30579,	1.65255e+015,	-5,	-7,	-21,	-12,	-4,	0,	-2,	-2,	1.65255e+009,	-0.690629,	-0.343728,	-0.345038,	-0.0411488,	-0.85125,	-0.388036,	-0.0177831,	0.101418,	-0.878389,	-0.254465,	-0.0225383,	-0.0173559,	-0.890087,	-0.346837,	-0.0204676,	-0.0661464,	-0.912288,	-0.517005,	-0.00235679,	-0.34647,	-0.3731,	0.66451,	-0.04704,	44425,	-247,	-5,	-453,	44475,	147,	-53,	-149,	44465,	73,	-22,	-345,	
1,	14,	30657,	1.65255e+015,	-2,	-2,	0,	-12,	-3,	-3,	-2,	0,	1.65255e+009,	-0.690629,	-0.343728,	-0.345038,	-0.0411488,	-0.85125,	-0.388036,	-0.0177831,	0.101418,	-0.878389,	-0.254465,	-0.0225383,	-0.0173559,	-0.890087,	-0.346837,	-0.0204676,	-0.0661464,	-0.912288,	-0.517005,	-0.00235679,	-0.34647,	-0.3731,	0.66451,	-0.04704,	44435,	-246,	-6,	-458,	44485,	147,	-55,	-150,	44475,	75,	-21,	-346,	
1,	14,	30750,	1.65255e+015,	-2,	-6,	7,	-2,	-3,	-1,	0,	0,	1.65255e+009,	-0.690629,	-0.343728,	-0.345038,	-0.0411488,	-0.85125,	-0.388036,	-0.0177831,	0.101418,	-0.878389,	-0.254465,	-0.0225383,	-0.0173559,	-0.890087,	-0.346837,	-0.0204676,	-0.0661464,	-0.912288,	-0.517005,	-0.00235679,	-0.34647,	-0.3731,	0.66451,	-0.04704,	44445,	-243,	-5,	-463,	44495,	146,	-54,	-151,	44485,	75,	-21,	-346,	
1,	14,	30829,	1.65255e+015,	2,	-1,	7,	0,	1,	-1,	-2,	-1,	1.65255e+009,	-0.690629,	-0.343728,	-0.345038,	-0.0411488,	-0.85125,	-0.388036,	-0.0177831,	0.101418,	-0.878389,	-0.254465,	-0.0225383,	-0.0173559,	-0.890087,	-0.346837,	-0.0204676,	-0.0661464,	-0.912288,	-0.517005,	-0.00235679,	-0.34647,	-0.3731,	0.66451,	-0.04704,	44455,	-241,	-5,	-468,	44505,	146,	-54,	-152,	44495,	75,	-22,	-346,	
1,	14,	30907,	1.65255e+015,	-2,	0,	28,	10,	-1,	-3,	-1,	-1,	1.65255e+009,	-0.690629,	-0.343728,	-0.345038,	-0.0411488,	-0.85125,	-0.388036,	-0.0177831,	0.101418,	-0.878389,	-0.254465,	-0.0225383,	-0.0173559,	-0.890087,	-0.346837,	-0.0204676,	-0.0661464,	-0.912288,	-0.517005,	-0.00235679,	-0.34647,	-0.3731,	0.66451,	-0.04704,	44465,	-239,	-4,	-472,	44515,	147,	-54,	-152,	44505,	74,	-22,	-347,	
1,	14,	30985,	1.65255e+015,	-1,	0,	-1,	-1,	-2,	-1,	-2,	1,	1.65255e+009,	-0.690629,	-0.343728,	-0.345038,	-0.0411488,	-0.85125,	-0.388036,	-0.0177831,	0.101418,	-0.878389,	-0.254465,	-0.0225383,	-0.0173559,	-0.890087,	-0.346837,	-0.0204676,	-0.0661464,	-0.912288,	-0.517005,	-0.00235679,	-0.34647,	-0.3731,	0.66451,	-0.04704,	44475,	-239,	-3,	-474,	44525,	146,	-56,	-152,	44515,	75,	-23,	-346,	
1,	14,	31063,	1.65255e+015,	-2,	3,	3,	4,	-2,	-2,	0,	-2,	1.65255e+009,	-0.690629,	-0.343728,	-0.345038,	-0.0411488,	-0.85125,	-0.388036,	-0.0177831,	0.101418,	-0.878389,	-0.254465,	-0.0225383,	-0.0173559,	-0.890087,	-0.346837,	-0.0204676,	-0.0661464,	-0.912288,	-0.517005,	-0.00235679,	-0.34647,	-0.3731,	0.66451,	-0.04704,	44485,	-239,	-5,	-474,	44535,	148,	-54,	-151,	44525,	74,	-23,	-346,	
1,	14,	31141,	1.65255e+015,	-3,	-6,	-12,	0,	0,	1,	-1,	-2,	1.65255e+009,	-0.690629,	-0.343728,	-0.345038,	-0.0411488,	-0.85125,	-0.388036,	-0.0177831,	0.101418,	-0.878389,	-0.254465,	-0.0225383,	-0.0173559,	-0.890087,	-0.346837,	-0.0204676,	-0.0661464,	-0.824568,	-0.517005,	-0.00235679,	-0.34647,	-0.3731,	0.66451,	-0.04704,	44495,	-239,	-5,	-474,	44545,	148,	-55,	-151,	44535,	74,	-23,	-346,	
1,	14,	31204,	1.65255e+015,	-2,	-3,	0,	2,	-1,	1,	-2,	-1,	1.65255e+009,	-0.690629,	-0.343728,	-0.345038,	-0.0411488,	-0.85125,	-0.388036,	-0.0177831,	0.101418,	-0.878389,	-0.254465,	-0.0225383,	-0.0173559,	-0.890087,	-0.346837,	-0.0204676,	-0.0661464,	-0.824568,	-0.517005,	-0.00235679,	-0.34647,	-0.3731,	0.66451,	-0.04704,	44505,	-239,	-6,	-473,	44555,	147,	-55,	-151,	44545,	74,	-22,	-346,	
1,	14,	31282,	1.65255e+015,	3,	-1,	-4,	-8,	0,	1,	-2,	0,	1.65255e+009,	-0.690629,	-0.343728,	-0.345038,	-0.0411488,	-0.85125,	-0.388036,	-0.0177831,	0.101418,	-0.878389,	-0.254465,	-0.0225383,	-0.0173559,	-0.890087,	-0.346837,	-0.0204676,	-0.0661464,	-0.824568,	-0.517005,	-0.00235679,	-0.34647,	-0.3731,	0.66451,	-0.04704,	44515,	-239,	-5,	-472,	44565,	147,	-54,	-151,	44555,	74,	-22,	-346,	
1,	14,	31360,	1.65255e+015,	-1,	-5,	-8,	-5,	-4,	-1,	0,	-1,	1.65255e+009,	-0.690629,	-0.343728,	-0.345038,	-0.0411488,	-0.85125,	-0.388036,	-0.0177831,	0.101418,	-0.878389,	-0.254465,	-0.0225383,	-0.0173559,	-0.890087,	-0.346837,	-0.0204676,	-0.0661464,	-0.824568,	-0.517005,	-0.00235679,	-0.34647,	-0.3731,	0.66451,	-0.04704,	44525,	-239,	-5,	-472,	44575,	147,	-54,	-151,	44565,	75,	-22,	-347,	
1,	14,	31438,	1.65255e+015,	2,	4,	10,	11,	4,	1,	1,	0,	1.65255e+009,	-0.690629,	-0.343728,	-0.345038,	-0.0411488,	-0.85125,	-0.388036,	-0.0177831,	0.101418,	-0.878389,	-0.254465,	-0.0225383,	-0.0173559,	-0.890087,	-0.346837,	-0.0204676,	-0.0661464,	-0.824568,	-0.517005,	-0.00235679,	-0.34647,	-0.3731,	0.66451,	-0.04704,	44535,	-239,	-5,	-471,	44585,	147,	-54,	-152,	44575,	76,	-21,	-347,	
1,	14,	31516,	1.65255e+015,	0,	1,	3,	3,	0,	-3,	0,	-1,	1.65255e+009,	-0.690629,	-0.343728,	-0.345038,	-0.0411488,	-0.85125,	-0.388036,	-0.0177831,	0.101418,	-0.878389,	-0.254465,	-0.0225383,	-0.0173559,	-0.890087,	-0.346837,	-0.0204676,	-0.0661464,	-0.824568,	-0.517005,	-0.00235679,	-0.34647,	-0.3731,	0.66451,	-0.04704,	44545,	-241,	-5,	-472,	44595,	147,	-54,	-152,	44585,	74,	-22,	-347,	
1,	14,	31594,	1.65255e+015,	-4,	-4,	14,	12,	-1,	-2,	-2,	-1,	1.65255e+009,	-0.690629,	-0.343728,	-0.345038,	-0.0411488,	-0.85125,	-0.388036,	-0.0177831,	0.101418,	-0.878389,	-0.254465,	-0.0225383,	-0.0173559,	-0.890087,	-0.346837,	-0.0204676,	-0.0661464,	-0.824568,	-0.517005,	-0.00235679,	-0.34647,	-0.3731,	0.66451,	-0.04704,	44555,	-241,	-4,	-473,	44605,	147,	-55,	-152,	44595,	75,	-21,	-347,	
1,	14,	31672,	1.65255e+015,	-2,	-7,	-11,	-10,	-4,	-2,	-2,	-2,	1.65255e+009,	-0.690629,	-0.343728,	-0.345038,	-0.0411488,	-0.85125,	-0.388036,	-0.0177831,	0.101418,	-0.878389,	-0.254465,	-0.0225383,	-0.0173559,	-0.890087,	-0.346837,	-0.0204676,	-0.0661464,	-0.824568,	-0.517005,	-0.00235679,	-0.34647,	-0.3731,	0.66451,	-0.04704,	44565,	-239,	-3,	-475,	44615,	147,	-55,	-152,	44605,	74,	-22,	-348,	
1,	14,	31750,	1.65255e+015,	2,	8,	20,	7,	2,	1,	0,	1,	1.65255e+009,	-0.690629,	-0.343728,	-0.345038,	-0.0411488,	-0.85125,	-0.388036,	-0.0177831,	0.101418,	-0.878389,	-0.254465,	-0.0225383,	-0.0173559,	-0.890087,	-0.346837,	-0.0204676,	-0.0661464,	-0.824568,	-0.517005,	-0.00235679,	-0.34647,	-0.3731,	0.66451,	-0.04704,	44575,	-238,	-4,	-477,	44625,	148,	-56,	-153,	44615,	75,	-22,	-348,	
1,	14,	31829,	1.65255e+015,	3,	4,	16,	13,	0,	1,	0,	-1,	1.65255e+009,	-0.690629,	-0.343728,	-0.345038,	-0.0411488,	-0.85125,	-0.388036,	-0.0177831,	0.101418,	-0.878389,	-0.254465,	-0.0225383,	-0.0173559,	-0.890087,	-0.346837,	-0.0204676,	-0.0661464,	-0.824568,	-0.517005,	-0.00235679,	-0.34647,	-0.3731,	0.66451,	-0.04704,	44585,	-237,	-4,	-479,	44635,	148,	-55,	-153,	44625,	75,	-22,	-349,	
1,	14,	31907,	1.65255e+015,	2,	-1,	-2,	7,	4,	1,	-1,	1,	1.65255e+009,	-0.690629,	-0.343728,	-0.345038,	-0.0411488,	-0.85125,	-0.388036,	-0.0177831,	0.107285,	-0.878389,	-0.254465,	-0.0225383,	-0.0114892,	-0.890087,	-0.346837,	-0.0204676,	-0.0839357,	-0.824568,	-0.517005,	-0.00235679,	-0.364259,	-0.3731,	0.66451,	-0.04704,	44595,	-236,	-3,	-481,	44645,	148,	-56,	-153,	44635,	75,	-23,	-349,	
1,	14,	31985,	1.65255e+015,	-2,	-2,	6,	10,	0,	-1,	-1,	0,	1.65255e+009,	-0.690629,	-0.343728,	-0.345038,	-0.0411488,	-0.85125,	-0.388036,	-0.0177831,	0.107285,	-0.878389,	-0.254465,	-0.0225383,	-0.0114892,	-0.890087,	-0.346837,	-0.0204676,	-0.0839357,	-0.824568,	-0.517005,	-0.00235679,	-0.364259,	-0.3731,	0.66451,	-0.04704,	44605,	-236,	-4,	-483,	44655,	149,	-57,	-152,	44645,	74,	-23,	-348,	
1,	14,	32047,	1.65255e+015,	0,	1,	-5,	-3,	-1,	-1,	0,	1,	1.65255e+009,	-0.690629,	-0.343728,	-0.345038,	-0.0411488,	-0.85125,	-0.388036,	-0.0177831,	0.107285,	-0.878389,	-0.254465,	-0.0225383,	-0.0114892,	-0.890087,	-0.346837,	-0.0204676,	-0.0839357,	-0.824568,	-0.517005,	-0.00235679,	-0.364259,	-0.3731,	0.66451,	-0.04704,	44615,	-235,	-5,	-483,	44665,	148,	-57,	-151,	44655,	74,	-25,	-348,	
1,	14,	32110,	1.65255e+015,	-2,	3,	6,	-7,	-3,	-2,	-1,	-2,	1.65255e+009,	-0.690629,	-0.343728,	-0.345038,	-0.0411488,	-0.85125,	-0.388036,	-0.0177831,	0.107285,	-0.878389,	-0.254465,	-0.0225383,	-0.0114892,	-0.890087,	-0.346837,	-0.0204676,	-0.0839357,	-0.824568,	-0.517005,	-0.00235679,	-0.364259,	-0.3731,	0.66451,	-0.04704,	44625,	-236,	-5,	-482,	44675,	148,	-57,	-151,	44665,	74,	-24,	-348,	
1,	14,	32188,	1.65255e+015,	-1,	-2,	2,	3,	0,	-1,	-1,	-2,	1.65255e+009,	-0.690629,	-0.343728,	-0.345038,	-0.0411488,	-0.85125,	-0.388036,	-0.0177831,	0.107285,	-0.878389,	-0.254465,	-0.0225383,	-0.0114892,	-0.890087,	-0.346837,	-0.0204676,	-0.0839357,	-0.824568,	-0.517005,	-0.00235679,	-0.364259,	-0.3731,	0.66451,	-0.04704,	44635,	-236,	-5,	-481,	44685,	148,	-57,	-150,	44675,	74,	-25,	-347,	
1,	14,	32250,	1.65255e+015,	2,	4,	-12,	-5,	0,	1,	-1,	0,	1.65255e+009,	-0.690629,	-0.343728,	-0.345038,	-0.0411488,	-0.85125,	-0.388036,	-0.0177831,	0.107285,	-0.878389,	-0.254465,	-0.0225383,	-0.0114892,	-0.890087,	-0.346837,	-0.0204676,	-0.0839357,	-0.824568,	-0.517005,	-0.00235679,	-0.364259,	-0.3731,	0.66451,	-0.04704,	44645,	-238,	-5,	-480,	44695,	147,	-58,	-150,	44685,	73,	-25,	-346,	
1,	14,	32329,	1.65255e+015,	1,	-2,	-14,	-11,	0,	0,	-2,	-2,	1.65255e+009,	-0.690629,	-0.343728,	-0.345038,	-0.0411488,	-0.85125,	-0.388036,	-0.0177831,	0.107285,	-0.878389,	-0.254465,	-0.0225383,	-0.0114892,	-0.890087,	-0.346837,	-0.0204676,	-0.0839357,	-0.824568,	-0.517005,	-0.00235679,	-0.364259,	-0.3731,	0.66451,	-0.04704,	44655,	-238,	-5,	-479,	44705,	148,	-57,	-149,	44695,	74,	-25,	-346,	
1,	14,	32407,	1.65255e+015,	1,	-4,	-24,	-4,	-2,	0,	0,	0,	1.65255e+009,	-0.690629,	-0.343728,	-0.345038,	-0.0411488,	-0.85125,	-0.388036,	-0.0177831,	0.107285,	-0.878389,	-0.254465,	-0.0225383,	-0.0114892,	-0.890087,	-0.346837,	-0.0204676,	-0.0839357,	-0.824568,	-0.517005,	-0.00235679,	-0.364259,	-0.3731,	0.66451,	-0.04704,	44665,	-240,	-4,	-477,	44715,	148,	-57,	-148,	44705,	73,	-26,	-346,	
1,	14,	32469,	1.65255e+015,	1,	-1,	-7,	-13,	-1,	0,	-1,	1,	1.65255e+009,	-0.690629,	-0.343728,	-0.345038,	-0.0411488,	-0.85125,	-0.388036,	-0.0177831,	0.107285,	-0.878389,	-0.254465,	-0.0225383,	-0.0114892,	-0.890087,	-0.346837,	-0.0204676,	-0.0839357,	-0.824568,	-0.517005,	-0.00235679,	-0.364259,	-0.3731,	0.66451,	-0.04704,	44675,	-240,	-5,	-475,	44725,	148,	-57,	-148,	44715,	73,	-25,	-346,	
1,	14,	32547,	1.65255e+015,	-1,	3,	-12,	3,	1,	-2,	0,	-1,	1.65255e+009,	-0.690629,	-0.343728,	-0.345038,	-0.0411488,	-0.85125,	-0.388036,	-0.0177831,	0.107285,	-0.878389,	-0.254465,	-0.0225383,	-0.0114892,	-0.890087,	-0.346837,	-0.0204676,	-0.0839357,	-0.824568,	-0.517005,	-0.00235679,	-0.364259,	-0.3731,	0.66451,	-0.04704,	44685,	-240,	-4,	-473,	44735,	148,	-57,	-148,	44725,	73,	-26,	-345,	
1,	14,	32610,	1.65255e+015,	-4,	0,	21,	-4,	-2,	-2,	0,	-1,	1.65255e+009,	-0.690629,	-0.343728,	-0.345038,	-0.0411488,	-0.85125,	-0.388036,	-0.0177831,	0.107285,	-0.878389,	-0.254465,	-0.0225383,	-0.0114892,	-0.890087,	-0.346837,	-0.0204676,	-0.0839357,	-0.824568,	-0.517005,	-0.00235679,	-0.364259,	-0.3731,	0.66451,	-0.04704,	44695,	-241,	-4,	-471,	44745,	149,	-57,	-148,	44735,	74,	-25,	-345,	
1,	14,	32672,	1.65255e+015,	-3,	-1,	-4,	-9,	-3,	-2,	-1,	-1,	1.65255e+009,	-0.690629,	-0.343728,	-0.345038,	-0.0411488,	-0.85125,	-0.388036,	-0.0177831,	0.107285,	-0.878389,	-0.254465,	-0.0225383,	-0.0114892,	-0.890087,	-0.346837,	-0.0204676,	-0.0839357,	-0.824568,	-0.517005,	-0.00235679,	-0.364259,	-0.3731,	0.66451,	-0.04704,	44705,	-240,	-4,	-469,	44755,	148,	-57,	-148,	44745,	74,	-25,	-345,	
1,	14,	32735,	1.65255e+015,	1,	1,	15,	2,	1,	-1,	-2,	0,	1.65255e+009,	-0.690629,	-0.343728,	-0.345038,	-0.0411488,	-0.85125,	-0.388036,	-0.0177831,	0.107285,	-0.878389,	-0.254465,	-0.0225383,	-0.0114892,	-0.890087,	-0.346837,	-0.0204676,	-0.0839357,	-0.824568,	-0.517005,	-0.00235679,	-0.364259,	-0.3731,	0.66451,	-0.04704,	44715,	-241,	-5,	-468,	44765,	147,	-57,	-148,	44755,	74,	-25,	-345,	
1,	14,	32797,	1.65255e+015,	1,	3,	15,	9,	0,	1,	-3,	-2,	1.65255e+009,	-0.690629,	-0.343728,	-0.345038,	-0.0411488,	-0.85125,	-0.388036,	-0.0177831,	0.107285,	-0.878389,	-0.254465,	-0.0225383,	-0.0114892,	-0.890087,	-0.346837,	-0.0204676,	-0.0839357,	-0.824568,	-0.517005,	-0.00235679,	-0.364259,	-0.3731,	0.66451,	-0.04704,	44725,	-241,	-4,	-468,	44775,	148,	-57,	-148,	44765,	75,	-25,	-344,	
1,	14,	32860,	1.65255e+015,	-1,	-6,	-18,	-6,	-1,	-2,	0,	-1,	1.65255e+009,	-0.690629,	-0.343728,	-0.345038,	-0.0411488,	-0.85125,	-0.388036,	-0.0177831,	0.107285,	-0.878389,	-0.254465,	-0.0225383,	-0.0114892,	-0.890087,	-0.346837,	-0.0204676,	-0.0839357,	-0.824568,	-0.517005,	-0.00235679,	-0.364259,	-0.3731,	0.66451,	-0.04704,	44735,	-243,	-4,	-467,	44785,	148,	-57,	-147,	44775,	74,	-25,	-344,	
1,	14,	32922,	1.65255e+015,	-1,	4,	-7,	-4,	-2,	0,	-1,	-1,	1.65255e+009,	-0.690629,	-0.343728,	-0.345038,	-0.0411488,	-0.85125,	-0.388036,	-0.0177831,	0.107285,	-0.878389,	-0.254465,	-0.0225383,	-0.0114892,	-0.890087,	-0.346837,	-0.0204676,	-0.0839357,	-0.824568,	-0.517005,	-0.00235679,	-0.364259,	-0.3731,	0.66451,	-0.04704,	44745,	-242,	-5,	-467,	44795,	148,	-57,	-147,	44785,	73,	-24,	-344,	
1,	14,	32985,	1.65255e+015,	1,	2,	12,	5,	1,	0,	0,	0,	1.65255e+009,	-0.690629,	-0.343728,	-0.345038,	-0.0411488,	-0.85125,	-0.388036,	-0.0177831,	0.107285,	-0.878389,	-0.254465,	-0.0225383,	-0.0114892,	-0.890087,	-0.346837,	-0.0204676,	-0.0839357,	-0.824568,	-0.517005,	-0.00235679,	-0.364259,	-0.3731,	0.66451,	-0.04704,	44755,	-241,	-5,	-466,	44805,	146,	-57,	-148,	44795,	73,	-26,	-344,	
1,	14,	33063,	1.65255e+015,	-1,	-1,	-14,	2,	-2,	-3,	-1,	-1,	1.65255e+009,	-0.690629,	-0.343728,	-0.345038,	-0.0411488,	-0.85125,	-0.388036,	-0.0177831,	0.107285,	-0.878389,	-0.254465,	-0.0225383,	-0.0114892,	-0.890087,	-0.346837,	-0.0204676,	-0.0839357,	-0.824568,	-0.517005,	-0.00235679,	-0.364259,	-0.3731,	0.66451,	-0.04704,	44765,	-242,	-5,	-465,	44815,	146,	-57,	-147,	44805,	73,	-25,	-344,	
1,	14,	33125,	1.65255e+015,	2,	3,	-30,	13,	2,	-1,	-1,	1,	1.65255e+009,	-0.690629,	-0.343728,	-0.345038,	-0.0411488,	-0.85125,	-0.388036,	-0.0177831,	0.107285,	-0.878389,	-0.254465,	-0.0225383,	-0.0114892,	-0.890087,	-0.346837,	-0.0204676,	-0.0839357,	-0.824568,	-0.517005,	-0.00235679,	-0.364259,	-0.3731,	0.66451,	-0.04704,	44775,	-242,	-4,	-465,	44825,	147,	-56,	-148,	44815,	73,	-24,	-344,	
1,	14,	33188,	1.65255e+015,	-6,	-12,	-9,	-10,	-2,	-3,	-2,	-3,	1.65255e+009,	-0.690629,	-0.343728,	-0.345038,	-0.0411488,	-0.85125,	-0.388036,	-0.0177831,	0.107285,	-0.878389,	-0.254465,	-0.0225383,	-0.0114892,	-0.890087,	-0.346837,	-0.0204676,	-0.0839357,	-0.824568,	-0.517005,	-0.00235679,	-0.364259,	-0.3731,	0.66451,	-0.04704,	44785,	-242,	-5,	-465,	44835,	147,	-57,	-148,	44825,	73,	-24,	-344,	
1,	14,	33250,	1.65255e+015,	-1,	-3,	3,	14,	3,	3,	1,	-2,	1.65255e+009,	-0.690629,	-0.343728,	-0.345038,	-0.0411488,	-0.85125,	-0.388036,	-0.0177831,	0.107285,	-0.878389,	-0.254465,	-0.0225383,	-0.0114892,	-0.890087,	-0.346837,	-0.0204676,	-0.0839357,	-0.824568,	-0.517005,	-0.00235679,	-0.364259,	-0.3731,	0.66451,	-0.04704,	44795,	-242,	-5,	-465,	44845,	148,	-56,	-148,	44835,	74,	-24,	-344,	
1,	14,	33313,	1.65255e+015,	4,	3,	1,	-1,	4,	2,	-1,	0,	1.65255e+009,	-0.690629,	-0.343728,	-0.345038,	-0.0411488,	-0.85125,	-0.388036,	-0.0177831,	0.107285,	-0.878389,	-0.254465,	-0.0225383,	-0.0114892,	-0.890087,	-0.346837,	-0.0204676,	-0.0839357,	-0.824568,	-0.517005,	-0.00235679,	-0.364259,	-0.3731,	0.66451,	-0.04704,	44805,	-242,	-4,	-465,	44855,	147,	-56,	-148,	44845,	73,	-24,	-344,	
1,	14,	33391,	1.65255e+015,	1,	6,	-8,	10,	-3,	1,	-1,	0,	1.65255e+009,	-0.690629,	-0.343728,	-0.345038,	-0.0411488,	-0.85125,	-0.388036,	-0.0177831,	0.107285,	-0.878389,	-0.254465,	-0.0225383,	-0.0114892,	-0.890087,	-0.346837,	-0.0204676,	-0.0839357,	-0.824568,	-0.517005,	-0.00235679,	-0.364259,	-0.3731,	0.66451,	-0.04704,	44815,	-242,	-5,	-466,	44865,	147,	-56,	-148,	44855,	74,	-24,	-345,	
2,	14,	33485,	1.65255e+015,	2,	3,	18,	7,	3,	2,	0,	0,	1.65255e+009,	-0.690629,	-0.343728,	-0.345038,	-0.0411488,	-0.85125,	-0.388036,	-0.0177831,	0.107285,	-0.878389,	-0.254465,	-0.0225383,	-0.0114892,	-0.890087,	-0.346837,	-0.0204676,	-0.0839357,	-0.824568,	-0.517005,	-0.00235679,	-0.364259,	-0.3731,	0.66451,	-0.04704,	44825,	-243,	-5,	-465,	44875,	146,	-56,	-148,	44865,	73,	-24,	-344,	
2,	14,	33547,	1.65255e+015,	1,	-1,	-7,	2,	1,	0,	0,	-1,	1.65255e+009,	-0.690629,	-0.343728,	-0.345038,	-0.0411488,	-0.85125,	-0.388036,	-0.0177831,	0.107285,	-0.878389,	-0.254465,	-0.0225383,	-0.0114892,	-0.890087,	-0.346837,	-0.0204676,	-0.0839357,	-0.824568,	-0.517005,	-0.00235679,	-0.364259,	-0.3731,	0.66451,	-0.04704,	44835,	-243,	-5,	-464,	44885,	146,	-57,	-148,	44875,	75,	-24,	-345,	
2,	14,	33610,	1.65255e+015,	-1,	-3,	1,	-4,	-2,	1,	1,	2,	1.65255e+009,	-0.690629,	-0.343728,	-0.345038,	-0.0411488,	-0.85125,	-0.388036,	-0.0177831,	0.107285,	-0.878389,	-0.254465,	-0.0225383,	-0.0114892,	-0.890087,	-0.346837,	-0.0204676,	-0.0839357,	-0.824568,	-0.517005,	-0.00235679,	-0.364259,	-0.3731,	0.66451,	-0.04704,	44845,	-243,	-5,	-463,	44895,	146,	-56,	-148,	44885,	75,	-23,	-345,	
2,	14,	33672,	1.65255e+015,	4,	1,	-10,	11,	3,	2,	0,	2,	1.65255e+009,	-0.690629,	-0.343728,	-0.345038,	-0.0411488,	-0.85125,	-0.388036,	-0.0177831,	0.107285,	-0.878389,	-0.254465,	-0.0225383,	-0.0114892,	-0.890087,	-0.346837,	-0.0204676,	-0.0839357,	-0.824568,	-0.517005,	-0.00235679,	-0.364259,	-0.3731,	0.66451,	-0.04704,	44855,	-243,	-4,	-464,	44905,	146,	-57,	-149,	44895,	75,	-24,	-345,	
2,	14,	33735,	1.65255e+015,	0,	0,	9,	-4,	-1,	-2,	-2,	-3,	1.65255e+009,	-0.690629,	-0.343728,	-0.345038,	-0.0411488,	-0.85125,	-0.388036,	-0.0177831,	0.107285,	-0.878389,	-0.254465,	-0.0225383,	-0.0114892,	-0.890087,	-0.346837,	-0.0204676,	-0.0839357,	-0.824568,	-0.517005,	-0.00235679,	-0.364259,	-0.3731,	0.66451,	-0.04704,	44865,	-242,	-3,	-465,	44915,	147,	-57,	-149,	44905,	75,	-23,	-346,	
2,	14,	33797,	1.65255e+015,	-4,	-5,	-8,	-10,	-1,	-3,	1,	-2,	1.65255e+009,	-0.690629,	-0.343728,	-0.345038,	-0.0411488,	-0.85125,	-0.388036,	-0.0177831,	0.107285,	-0.878389,	-0.254465,	-0.0225383,	-0.0114892,	-0.890087,	-0.346837,	-0.0204676,	-0.0839357,	-0.824568,	-0.517005,	-0.00235679,	-0.364259,	-0.3731,	0.66451,	-0.04704,	44875,	-242,	-4,	-466,	44925,	146,	-56,	-150,	44915,	75,	-23,	-346,	
2,	14,	33875,	1.65255e+015,	7,	7,	35,	2,	-3,	-1,	0,	4,	1.65255e+009,	-0.690629,	-0.343728,	-0.345038,	-0.0411488,	-0.85125,	-0.388036,	-0.0177831,	0.107285,	-0.878389,	-0.254465,	-0.0225383,	-0.0114892,	-0.890087,	-0.346837,	-0.0204676,	-0.0839357,	-0.824568,	-0.517005,	-0.00235679,	-0.364259,	-0.3731,	0.66451,	-0.04704,	44885,	-241,	-5,	-467,	44935,	146,	-56,	-150,	44925,	75,	-23,	-346,	
2,	14,	33938,	1.65255e+015,	-1,	8,	-20,	1,	3,	2,	1,	-2,	1.65255e+009,	-0.690629,	-0.343728,	-0.345038,	-0.0411488,	-0.85125,	-0.388036,	-0.0177831,	0.107285,	-0.878389,	-0.254465,	-0.0225383,	-0.0114892,	-0.890087,	-0.346837,	-0.0204676,	-0.0839357,	-0.824568,	-0.517005,	-0.00235679,	-0.364259,	-0.3731,	0.66451,	-0.04704,	44895,	-240,	-3,	-469,	44945,	146,	-55,	-151,	44935,	74,	-22,	-346,	
2,	14,	34000,	1.65255e+015,	1,	5,	17,	3,	3,	2,	1,	3,	1.65255e+009,	-0.690629,	-0.343728,	-0.345038,	-0.0411488,	-0.85125,	-0.388036,	-0.0177831,	0.107285,	-0.878389,	-0.254465,	-0.0225383,	-0.0114892,	-0.890087,	-0.275873,	-0.0225445,	-0.0839357,	-0.824568,	-0.517005,	-0.00235679,	-0.364259,	-0.3731,	0.66451,	-0.04704,	44905,	-239,	-3,	-471,	44955,	147,	-56,	-151,	44945,	75,	-23,	-346,	
2,	14,	34063,	1.65255e+015,	-18,	2,	28,	2,	0,	-1,	2,	3,	1.65255e+009,	-0.690629,	-0.343728,	-0.345038,	-0.0411488,	-0.85125,	-0.311651,	-0.0219002,	0.107285,	-0.878389,	-0.254465,	-0.0225383,	-0.0114892,	-0.890087,	-0.275873,	-0.0225445,	-0.0839357,	-0.824568,	-0.45294,	-0.0113504,	-0.352431,	-0.4823,	0.62999,	-0.04704,	44915,	-237,	-4,	-473,	44965,	147,	-55,	-151,	44955,	74,	-22,	-347,	
2,	14,	34125,	1.65255e+015,	6,	31,	87,	9,	10,	8,	7,	3,	1.65255e+009,	-0.690629,	-0.442288,	-0.345038,	-0.0411488,	-0.77117,	-0.311651,	-0.0219002,	0.0799361,	-0.815309,	-0.174633,	-0.0199286,	-0.0122218,	-0.890087,	-0.187168,	-0.0206083,	-0.0550983,	-0.605268,	-0.311997,	-0.02189,	-0.246712,	-0.5369,	0.62999,	-0.04704,	44925,	-237,	-4,	-474,	44975,	148,	-55,	-151,	44965,	75,	-22,	-346,	
2,	14,	34204,	1.65255e+015,	2,	-19,	-49,	-11,	-2,	0,	-1,	1,	1.65255e+009,	-0.690629,	-0.442288,	-0.345038,	-0.0411488,	-0.643042,	-0.250543,	-0.0225053,	0.0203786,	-0.594529,	-0.0948005,	-0.0132402,	-0.0296373,	-0.608208,	-0.0097576,	-0.00162833,	0.0398522,	-0.495618,	-0.171054,	-0.0197161,	-0.0985355,	-0.5824,	0.58684,	-0.04704,	44935,	-238,	-3,	-474,	44985,	147,	-55,	-151,	44975,	75,	-21,	-346,	
2,	14,	34282,	1.65255e+015,	-1,	-11,	-8,	-10,	-2,	0,	2,	1,	1.65255e+009,	-0.615479,	-0.565488,	-0.345038,	-0.0411488,	-0.546946,	-0.158881,	-0.0189319,	-0.0124342,	-0.279129,	0.0049895,	0.000856181,	-0.0402701,	-0.521476,	-0.0097576,	-0.00162833,	0.0942734,	-0.276318,	-0.0941755,	-0.0131718,	-0.0145442,	-0.6279,	0.55232,	-0.04704,	44945,	-237,	-3,	-475,	44995,	147,	-55,	-151,	44985,	74,	-22,	-346,	
2,	14,	34344,	1.65255e+015,	17,	4,	31,	5,	1,	6,	24,	-9,	1.65255e+009,	-0.540329,	-0.565488,	-0.31202,	-0.0411488,	-0.482882,	-0.0977728,	-0.0135623,	-0.0281072,	-0.279129,	0.0049895,	0.000856181,	-0.0448531,	-0.413061,	-0.0097576,	-0.00162833,	0.11926,	-0.276318,	-0.0429235,	-0.00670742,	0.0340988,	-0.6279,	0.55232,	-0.04704,	44955,	-237,	-4,	-476,	45005,	147,	-56,	-151,	44995,	75,	-22,	-346,	
2,	14,	34407,	1.65255e+015,	25,	20,	50,	4,	3,	1,	4,	-9,	1.65255e+009,	-0.480209,	-0.664048,	-0.31202,	-0.0608608,	-0.418818,	-0.0977728,	-0.0135623,	-0.034779,	-0.137199,	0.0049895,	0.000856181,	-0.0426529,	-0.413061,	0.0789474,	0.0154155,	0.121461,	-0.276318,	0.00832848,	0.00143804,	0.036299,	-0.6279,	0.55232,	-0.04704,	44965,	-236,	-4,	-476,	45015,	147,	-55,	-151,	45005,	75,	-21,	-347,	
2,	14,	34500,	1.65255e+015,	-5,	-22,	-56,	-5,	-3,	3,	18,	5,	1.65255e+009,	-0.344939,	-0.664048,	-0.31202,	-0.0608608,	-0.338738,	-0.0213878,	-0.00348955,	-0.0431187,	-0.137199,	0.0049895,	0.000856181,	-0.0399026,	-0.304646,	0.0789474,	0.0154155,	0.124211,	-0.166668,	0.00832848,	0.00143804,	0.0390493,	-0.6825,	0.5178,	-0.04704,	44975,	-235,	-4,	-477,	45025,	148,	-54,	-152,	45015,	76,	-22,	-347,	
2,	14,	34563,	1.65255e+015,	10,	45,	31,	14,	8,	-1,	-14,	6,	1.65255e+009,	-0.269789,	-0.664048,	-0.31202,	-0.0608608,	-0.258658,	-0.0213878,	-0.00348955,	-0.0431187,	-0.0583491,	0.0049895,	0.000856181,	-0.0399026,	-0.304646,	0.0789474,	0.0154155,	0.124211,	-0.166668,	0.00832848,	0.00143804,	0.0390493,	-0.6825,	0.5178,	-0.04704,	44985,	-234,	-2,	-479,	45035,	148,	-55,	-152,	45025,	75,	-22,	-347,	
2,	14,	34625,	1.65255e+015,	-7,	-7,	-15,	-21,	-2,	4,	-10,	-5,	1.65255e+009,	-0.269789,	-0.664048,	-0.31202,	-0.0608608,	-0.178578,	-0.0213878,	-0.00348955,	-0.0489853,	-0.0583491,	0.0049895,	0.000856181,	-0.0457692,	-0.217914,	0.0789474,	0.0154155,	0.142,	-0.166668,	0.00832848,	0.00143804,	0.0568386,	-0.7189,	0.5178,	-0.04704,	44995,	-233,	-3,	-481,	45045,	149,	-55,	-153,	45035,	75,	-23,	-348,	
2,	14,	34688,	1.65255e+015,	0,	-3,	-16,	7,	-6,	-3,	10,	-8,	1.65255e+009,	-0.134519,	-0.664048,	-0.245984,	-0.0855008,	-0.114514,	-0.0213878,	-0.00348955,	-0.0489853,	0.0205009,	0.0049895,	0.000856181,	-0.0457692,	-0.217914,	0.0789474,	0.0154155,	0.142,	-0.166668,	0.00832848,	0.00143804,	0.0568386,	-0.7189,	0.5178,	-0.04704,	45005,	-232,	-3,	-482,	45055,	149,	-56,	-153,	45045,	76,	-22,	-348,	
2,	14,	34750,	1.65255e+015,	3,	5,	47,	9,	2,	3,	-14,	-5,	1.65255e+009,	-0.134519,	-0.664048,	-0.245984,	-0.0855008,	-0.114514,	-0.0213878,	-0.00348955,	-0.0489853,	0.0205009,	0.0049895,	0.000856181,	-0.0457692,	-0.217914,	0.0789474,	0.0154155,	0.142,	-0.166668,	0.00832848,	0.00143804,	0.0568386,	-0.7735,	0.5178,	-0.04704,	45015,	-232,	-3,	-484,	45065,	149,	-56,	-152,	45055,	75,	-23,	-348,	
2,	14,	34813,	1.65255e+015,	14,	-24,	-41,	-17,	-3,	5,	-15,	0,	1.65255e+009,	-0.0593685,	-0.664048,	-0.245984,	-0.0953568,	-0.114514,	-0.0213878,	-0.00348955,	-0.0489853,	0.0205009,	0.0049895,	0.000856181,	-0.0457692,	-0.217914,	0.0789474,	0.0154155,	0.142,	-0.166668,	0.00832848,	0.00143804,	0.0568386,	-0.7735,	0.5178,	-0.04704,	45025,	-231,	-3,	-486,	45075,	148,	-56,	-151,	45065,	75,	-24,	-345,	
2,	14,	34875,	1.65255e+015,	0,	-19,	19,	-13,	0,	-11,	7,	6,	1.65255e+009,	-0.0593685,	-0.664048,	-0.245984,	-0.0953568,	-0.114514,	-0.0213878,	-0.00348955,	-0.0489853,	0.0205009,	0.0049895,	0.000856181,	-0.0457692,	-0.217914,	0.0789474,	0.0154155,	0.142,	-0.166668,	0.00832848,	0.00143804,	0.0568386,	-0.7735,	0.5178,	-0.04704,	45035,	-230,	-3,	-487,	45085,	149,	-56,	-149,	45075,	75,	-26,	-342,	
2,	14,	34938,	1.65255e+015,	-7,	-9,	-43,	-8,	-4,	-3,	-3,	-2,	1.65255e+009,	-0.0593685,	-0.664048,	-0.245984,	-0.0953568,	-0.114514,	-0.0213878,	-0.00348955,	-0.0423136,	0.0205009,	0.0049895,	0.000856181,	-0.0479695,	-0.217914,	0.0789474,	0.0154155,	0.1398,	-0.166668,	0.00832848,	0.00143804,	0.0546384,	-0.7735,	0.5178,	-0.04704,	45045,	-230,	-2,	-486,	45095,	149,	-56,	-146,	45085,	73,	-28,	-338,	
2,	14,	35000,	1.65255e+015,	-17,	-7,	19,	1,	-4,	4,	-3,	-5,	1.65255e+009,	-0.0593685,	-0.664048,	-0.245984,	-0.0953568,	-0.0504503,	-0.0213878,	-0.00348955,	-0.0423136,	0.0205009,	0.0049895,	0.000856181,	-0.0479695,	-0.217914,	0.0789474,	0.0154155,	0.1398,	-0.166668,	0.00832848,	0.00143804,	0.0546384,	-0.7735,	0.5178,	-0.04704,	45055,	-231,	-3,	-485,	45105,	150,	-55,	-141,	45095,	73,	-30,	-333,	
2,	14,	35063,	1.65255e+015,	-1,	9,	56,	-3,	-4,	6,	4,	3,	1.65255e+009,	-0.0593685,	-0.664048,	-0.245984,	-0.0953568,	-0.0504503,	-0.0213878,	-0.00348955,	-0.0423136,	0.0205009,	0.0049895,	0.000856181,	-0.0479695,	-0.217914,	0.0789474,	0.0154155,	0.1398,	-0.166668,	0.00832848,	0.00143804,	0.0546384,	-0.7735,	0.5178,	-0.04704,	45065,	-233,	-2,	-481,	45115,	151,	-55,	-135,	45105,	72,	-33,	-327,	
2,	14,	35141,	1.65255e+015,	-5,	4,	-26,	19,	0,	-4,	-2,	-2,	1.65255e+009,	-0.0593685,	-0.664048,	-0.245984,	-0.0953568,	-0.0504503,	-0.0213878,	-0.00348955,	-0.0423136,	0.0205009,	0.0049895,	0.000856181,	-0.0479695,	-0.217914,	0.0789474,	0.0154155,	0.1398,	-0.166668,	0.00832848,	0.00143804,	0.0546384,	-0.7735,	0.5178,	-0.04704,	45075,	-236,	-3,	-475,	45125,	151,	-57,	-128,	45115,	70,	-34,	-322,	
2,	14,	35219,	1.65255e+015,	6,	6,	-20,	-1,	-2,	1,	27,	1,	1.65255e+009,	-0.0593685,	-0.664048,	-0.245984,	-0.0953568,	-0.0504503,	-0.0213878,	-0.00348955,	-0.0423136,	0.0205009,	0.0049895,	0.000856181,	-0.0479695,	-0.217914,	0.0789474,	0.0154155,	0.1398,	-0.166668,	0.00832848,	0.00143804,	0.0546384,	-0.7735,	0.5178,	-0.04704,	45085,	-238,	-4,	-468,	45135,	150,	-57,	-122,	45125,	67,	-35,	-318,	
2,	14,	35282,	1.65255e+015,	-12,	-19,	1,	14,	1,	5,	3,	-4,	1.65255e+009,	-0.0593685,	-0.664048,	-0.245984,	-0.0953568,	-0.0504503,	-0.0213878,	-0.00348955,	-0.0423136,	0.0993509,	0.0049895,	0.000856181,	-0.0479695,	-0.217914,	0.0789474,	0.0154155,	0.1398,	-0.166668,	0.00832848,	0.00143804,	0.0546384,	-0.7735,	0.5178,	-0.04704,	45095,	-244,	-4,	-462,	45145,	149,	-57,	-117,	45135,	66,	-35,	-315,	
2,	14,	35360,	1.65255e+015,	19,	-4,	-27,	2,	-6,	-4,	0,	-10,	1.65255e+009,	-0.0593685,	-0.664048,	-0.245984,	-0.0953568,	-0.0504503,	-0.0213878,	-0.00348955,	-0.0423136,	0.0993509,	0.0049895,	0.000856181,	-0.0479695,	-0.217914,	0.0789474,	0.0154155,	0.1398,	-0.166668,	0.00832848,	0.00143804,	0.0546384,	-0.7735,	0.5178,	-0.04704,	45105,	-247,	-5,	-455,	45155,	149,	-57,	-113,	45145,	65,	-36,	-312,	
2,	14,	35438,	1.65255e+015,	6,	-1,	-66,	-27,	-2,	1,	12,	15,	1.65255e+009,	-0.0593685,	-0.664048,	-0.245984,	-0.0953568,	-0.0504503,	-0.0213878,	-0.00348955,	-0.0423136,	0.0993509,	0.0049895,	0.000856181,	-0.0479695,	-0.217914,	0.0789474,	0.0154155,	0.1398,	-0.166668,	0.00832848,	0.00143804,	0.0546384,	-0.7735,	0.5178,	-0.04704,	45115,	-249,	-5,	-449,	45165,	149,	-58,	-109,	45155,	65,	-37,	-310,	
2,	14,	35516,	1.65255e+015,	-5,	-1,	-31,	1,	2,	-9,	-30,	11,	1.65255e+009,	-0.0593685,	-0.664048,	-0.245984,	-0.0953568,	-0.0504503,	-0.0213878,	-0.00348955,	-0.0423136,	0.0993509,	0.0049895,	0.000856181,	-0.0479695,	-0.217914,	0.0789474,	0.0154155,	0.1398,	-0.166668,	0.00832848,	0.00143804,	0.0546384,	-0.7735,	0.5178,	-0.04704,	45125,	-254,	-6,	-443,	45175,	148,	-58,	-105,	45165,	64,	-39,	-308,	
2,	14,	35579,	1.65255e+015,	0,	-16,	-36,	-37,	-7,	-1,	-5,	5,	1.65255e+009,	-0.0593685,	-0.664048,	-0.245984,	-0.0953568,	-0.0504503,	-0.0213878,	-0.00348955,	-0.0423136,	0.0993509,	0.0049895,	0.000856181,	-0.0479695,	-0.217914,	0.0789474,	0.0154155,	0.1398,	-0.166668,	0.00832848,	0.00143804,	0.0546384,	-0.8099,	0.5178,	-0.04704,	45135,	-257,	-6,	-437,	45185,	148,	-60,	-101,	45175,	62,	-40,	-306,	
2,	14,	35657,	1.65255e+015,	3,	-6,	-23,	-2,	2,	2,	3,	-1,	1.65255e+009,	-0.0593685,	-0.664048,	-0.245984,	-0.0953568,	-0.0504503,	-0.0213878,	-0.00348955,	-0.0423136,	0.0993509,	0.0049895,	0.000856181,	-0.0479695,	-0.217914,	0.0789474,	0.0154155,	0.1398,	-0.166668,	0.00832848,	0.00143804,	0.0546384,	-0.8099,	0.5178,	-0.04704,	45145,	-259,	-6,	-433,	45195,	148,	-59,	-97,	45185,	60,	-40,	-304,	
2,	14,	35719,	1.65255e+015,	-2,	17,	16,	21,	0,	12,	-14,	-2,	1.65255e+009,	-0.0593685,	-0.664048,	-0.245984,	-0.0953568,	-0.0504503,	-0.0213878,	-0.00348955,	-0.0423136,	0.0993509,	0.0049895,	0.000856181,	-0.0479695,	-0.217914,	0.0789474,	0.0154155,	0.1398,	-0.166668,	0.00832848,	0.00143804,	0.0546384,	-0.8099,	0.5178,	-0.04704,	45155,	-261,	-6,	-426,	45205,	147,	-59,	-93,	45195,	58,	-41,	-302,	
2,	14,	35782,	1.65255e+015,	2,	-2,	12,	-12,	-1,	-9,	5,	6,	1.65255e+009,	-0.0593685,	-0.664048,	-0.245984,	-0.0953568,	-0.0504503,	-0.0213878,	-0.00348955,	-0.0423136,	0.0993509,	0.0049895,	0.000856181,	-0.0479695,	-0.217914,	0.0789474,	0.0154155,	0.1398,	-0.166668,	0.00832848,	0.00143804,	0.0546384,	-0.8099,	0.5178,	-0.04704,	45165,	-266,	-7,	-420,	45215,	145,	-60,	-91,	45205,	55,	-41,	-301,	
2,	14,	35860,	1.65255e+015,	4,	4,	27,	13,	-4,	-1,	2,	2,	1.65255e+009,	-0.0593685,	-0.664048,	-0.245984,	-0.0953568,	-0.0504503,	-0.0213878,	-0.00348955,	-0.0423136,	0.0993509,	0.0049895,	0.000856181,	-0.0479695,	-0.217914,	0.0789474,	0.0154155,	0.1398,	-0.166668,	0.00832848,	0.00143804,	0.0546384,	-0.8099,	0.5178,	-0.04704,	45175,	-268,	-7,	-414,	45225,	143,	-60,	-89,	45215,	54,	-41,	-301,	
2,	14,	35922,	1.65255e+015,	-1,	4,	1,	-1,	-2,	0,	2,	3,	1.65255e+009,	-0.0593685,	-0.664048,	-0.245984,	-0.0953568,	-0.0504503,	-0.0213878,	-0.00348955,	-0.0266406,	0.0993509,	0.0049895,	0.000856181,	-0.0433865,	-0.217914,	0.0789474,	0.0154155,	0.114813,	-0.166668,	0.00832848,	0.00143804,	0.0296514,	-0.7644,	0.5178,	-0.04704,	45185,	-272,	-7,	-410,	45235,	142,	-60,	-87,	45225,	53,	-42,	-299,	
2,	14,	35985,	1.65255e+015,	-1,	3,	0,	-37,	-3,	3,	1,	1,	1.65255e+009,	-0.164579,	-0.664048,	-0.245984,	-0.0953568,	-0.114514,	-0.0977728,	-0.0135623,	-0.00970211,	0.00473092,	0.0049895,	0.000856181,	-0.03532,	-0.217914,	0.0789474,	0.0154155,	0.0814815,	-0.166668,	-0.0557365,	-0.00848111,	-0.00368012,	-0.7098,	0.5178,	-0.04704,	45195,	-274,	-8,	-408,	45245,	142,	-59,	-83,	45235,	52,	-42,	-298,	
2,	14,	36063,	1.65255e+015,	0,	-6,	-1,	-5,	1,	7,	2,	3,	1.65255e+009,	-0.390029,	-0.540848,	-0.245984,	-0.0805728,	-0.354754,	-0.0977728,	-0.0135623,	0.038985,	-0.342209,	-0.0948005,	-0.0132402,	-0.022121,	-0.456427,	-0.187168,	-0.0206083,	0.00597054,	-0.385968,	-0.183867,	-0.0204391,	-0.144245,	-0.5733,	0.56095,	-0.04704,	45205,	-275,	-8,	-407,	45255,	141,	-59,	-80,	45245,	51,	-42,	-298,	
2,	14,	36141,	1.65255e+015,	2,	0,	-7,	-4,	-1,	0,	-2,	-1,	1.65255e+009,	-0.525299,	-0.540848,	-0.245984,	-0.0608608,	-0.61101,	-0.158881,	-0.0189319,	0.0661323,	-0.531449,	-0.19459,	-0.0209634,	-0.0193716,	-0.564842,	-0.275873,	-0.0225445,	-0.0267641,	-0.473688,	-0.337623,	-0.0209194,	-0.224292,	-0.5733,	0.59547,	-0.04704,	45215,	-276,	-10,	-405,	45265,	140,	-59,	-77,	45255,	50,	-41,	-298,	
2,	14,	36204,	1.65255e+015,	-2,	-4,	-5,	-10,	-2,	-4,	0,	-3,	1.65255e+009,	-0.600448,	-0.442288,	-0.31202,	-0.0608608,	-0.69109,	-0.235266,	-0.0222832,	0.0936821,	-0.704919,	-0.19459,	-0.0209634,	-0.0206558,	-0.759989,	-0.364578,	-0.0194448,	-0.0517043,	-0.583338,	-0.414501,	-0.0154857,	-0.284716,	-0.5278,	0.59547,	-0.04704,	45225,	-278,	-9,	-401,	45275,	138,	-60,	-76,	45265,	48,	-42,	-298,	
2,	14,	36282,	1.65255e+015,	-6,	-7,	6,	51,	-1,	-2,	-1,	0,	1.65255e+009,	-0.600448,	-0.343728,	-0.31202,	-0.0608608,	-0.69109,	-0.296374,	-0.0222756,	0.0936821,	-0.783769,	-0.274422,	-0.0225534,	-0.0206558,	-0.759989,	-0.364578,	-0.0194448,	-0.0517043,	-0.583338,	-0.465753,	-0.0097618,	-0.308372,	-0.4732,	0.63862,	-0.04704,	45235,	-280,	-10,	-399,	45285,	137,	-61,	-75,	45275,	48,	-42,	-298,	
2,	14,	36344,	1.65255e+015,	-1,	2,	47,	42,	-1,	-2,	-2,	-1,	1.65255e+009,	-0.660569,	-0.343728,	-0.31202,	-0.0411488,	-0.77117,	-0.372759,	-0.0189053,	0.0936821,	-0.783769,	-0.374213,	-0.0188049,	-0.0206558,	-0.759989,	-0.435542,	-0.0133392,	-0.0517043,	-0.583338,	-0.465753,	-0.0097618,	-0.308372,	-0.4368,	0.63862,	-0.04704,	45245,	-280,	-10,	-400,	45295,	139,	-60,	-74,	45285,	49,	-41,	-299,	
2,	14,	36407,	1.65255e+015,	-2,	-8,	-16,	3,	-1,	-1,	-1,	-1,	1.65255e+009,	-0.660569,	-0.343728,	-0.31202,	-0.0411488,	-0.77117,	-0.372759,	-0.0189053,	0.0936821,	-0.783769,	-0.374213,	-0.0188049,	-0.0206558,	-0.759989,	-0.435542,	-0.0133392,	-0.0517043,	-0.671058,	-0.465753,	-0.0097618,	-0.308372,	-0.4368,	0.63862,	-0.04704,	45255,	-280,	-10,	-401,	45305,	138,	-59,	-74,	45295,	49,	-41,	-299,	
2,	14,	36469,	1.65255e+015,	0,	2,	7,	16,	3,	-1,	-3,	-2,	1.65255e+009,	-0.735718,	-0.343728,	-0.31202,	-0.0411488,	-0.77117,	-0.372759,	-0.0189053,	0.0936821,	-0.783769,	-0.374213,	-0.0188049,	-0.0206558,	-0.759989,	-0.435542,	-0.0133392,	-0.0517043,	-0.671058,	-0.517005,	-0.00235679,	-0.308372,	-0.4368,	0.63862,	-0.04704,	45265,	-281,	-11,	-402,	45315,	138,	-59,	-75,	45305,	48,	-41,	-301,	
2,	14,	36532,	1.65255e+015,	0,	1,	-1,	-12,	-1,	0,	-1,	1,	1.65255e+009,	-0.735718,	-0.343728,	-0.31202,	-0.0411488,	-0.77117,	-0.372759,	-0.0189053,	0.0936821,	-0.783769,	-0.374213,	-0.0188049,	-0.0206558,	-0.759989,	-0.435542,	-0.0133392,	-0.0517043,	-0.671058,	-0.517005,	-0.00235679,	-0.308372,	-0.4368,	0.63862,	-0.04704,	45275,	-280,	-10,	-402,	45325,	137,	-59,	-76,	45315,	49,	-40,	-302,	
2,	14,	36594,	1.65255e+015,	-3,	1,	11,	-4,	-1,	-1,	0,	-3,	1.65255e+009,	-0.735718,	-0.343728,	-0.31202,	-0.0411488,	-0.77117,	-0.372759,	-0.0189053,	0.0936821,	-0.783769,	-0.374213,	-0.0188049,	-0.0206558,	-0.759989,	-0.435542,	-0.0133392,	-0.0517043,	-0.671058,	-0.517005,	-0.00235679,	-0.308372,	-0.4368,	0.63862,	-0.04704,	45285,	-280,	-11,	-403,	45335,	137,	-60,	-76,	45325,	49,	-40,	-301,	
2,	14,	36672,	1.65255e+015,	1,	9,	-8,	-5,	3,	-2,	0,	-1,	1.65255e+009,	-0.735718,	-0.343728,	-0.31202,	-0.0411488,	-0.77117,	-0.372759,	-0.0189053,	0.0936821,	-0.846849,	-0.374213,	-0.0188049,	-0.0206558,	-0.759989,	-0.435542,	-0.0133392,	-0.0517043,	-0.671058,	-0.517005,	-0.00235679,	-0.308372,	-0.4368,	0.63862,	-0.04704,	45295,	-278,	-10,	-406,	45345,	138,	-59,	-77,	45335,	50,	-39,	-301,	
2,	14,	36735,	1.65255e+015,	-1,	-5,	0,	3,	5,	1,	-1,	0,	1.65255e+009,	-0.735718,	-0.343728,	-0.31202,	-0.0411488,	-0.77117,	-0.372759,	-0.0189053,	0.0936821,	-0.846849,	-0.374213,	-0.0188049,	-0.0206558,	-0.759989,	-0.435542,	-0.0133392,	-0.0517043,	-0.671058,	-0.517005,	-0.00235679,	-0.308372,	-0.4368,	0.63862,	-0.04704,	45305,	-279,	-11,	-409,	45355,	137,	-57,	-78,	45345,	50,	-38,	-301,	
2,	14,	36797,	1.65255e+015,	-2,	-3,	-43,	-5,	1,	0,	-2,	-3,	1.65255e+009,	-0.735718,	-0.343728,	-0.31202,	-0.0411488,	-0.77117,	-0.372759,	-0.0189053,	0.0936821,	-0.846849,	-0.374213,	-0.0188049,	-0.0206558,	-0.759989,	-0.435542,	-0.0133392,	-0.0517043,	-0.671058,	-0.517005,	-0.00235679,	-0.308372,	-0.4368,	0.63862,	-0.04704,	45315,	-277,	-13,	-412,	45365,	138,	-57,	-79,	45355,	50,	-37,	-302,	
2,	14,	36860,	1.65255e+015,	-1,	-4,	-10,	-1,	1,	1,	-1,	0,	1.65255e+009,	-0.735718,	-0.343728,	-0.31202,	-0.0411488,	-0.77117,	-0.372759,	-0.0189053,	0.0936821,	-0.846849,	-0.374213,	-0.0188049,	-0.0206558,	-0.759989,	-0.435542,	-0.0133392,	-0.0517043,	-0.671058,	-0.517005,	-0.00235679,	-0.308372,	-0.4368,	0.63862,	-0.04704,	45325,	-277,	-12,	-415,	45375,	138,	-57,	-78,	45365,	50,	-38,	-301,	
2,	14,	36938,	1.65255e+015,	-4,	-5,	-2,	-1,	-1,	-2,	0,	0,	1.65255e+009,	-0.735718,	-0.343728,	-0.31202,	-0.0411488,	-0.835234,	-0.372759,	-0.0189053,	0.0995488,	-0.846849,	-0.374213,	-0.0188049,	-0.0147891,	-0.759989,	-0.435542,	-0.0133392,	-0.0694936,	-0.671058,	-0.517005,	-0.00235679,	-0.326161,	-0.4368,	0.63862,	-0.04704,	45335,	-277,	-12,	-418,	45385,	138,	-57,	-76,	45375,	51,	-38,	-299,	
2,	14,	37032,	1.65255e+015,	3,	2,	-4,	2,	-2,	-3,	-2,	0,	1.65255e+009,	-0.735718,	-0.343728,	-0.31202,	-0.0411488,	-0.835234,	-0.372759,	-0.0189053,	0.0995488,	-0.846849,	-0.374213,	-0.0188049,	-0.0147891,	-0.759989,	-0.435542,	-0.0133392,	-0.0694936,	-0.671058,	-0.517005,	-0.00235679,	-0.326161,	-0.4368,	0.63862,	-0.04704,	45345,	-275,	-10,	-418,	45395,	138,	-56,	-73,	45385,	49,	-39,	-297,	
2,	14,	37125,	1.65255e+015,	-3,	-7,	14,	13,	4,	1,	-1,	-1,	1.65255e+009,	-0.735718,	-0.343728,	-0.31202,	-0.0411488,	-0.835234,	-0.372759,	-0.0189053,	0.0995488,	-0.846849,	-0.374213,	-0.0188049,	-0.0147891,	-0.759989,	-0.435542,	-0.0133392,	-0.0694936,	-0.671058,	-0.517005,	-0.00235679,	-0.326161,	-0.4368,	0.63862,	-0.04704,	45355,	-278,	-12,	-415,	45405,	138,	-57,	-71,	45395,	49,	-38,	-296,	
2,	14,	37204,	1.65255e+015,	-1,	0,	-3,	29,	1,	1,	0,	0,	1.65255e+009,	-0.735718,	-0.343728,	-0.31202,	-0.0411488,	-0.835234,	-0.372759,	-0.0189053,	0.0995488,	-0.846849,	-0.374213,	-0.0188049,	-0.0147891,	-0.759989,	-0.435542,	-0.0133392,	-0.0694936,	-0.671058,	-0.517005,	-0.00235679,	-0.326161,	-0.4368,	0.63862,	-0.04704,	45365,	-278,	-12,	-412,	45415,	137,	-57,	-71,	45405,	50,	-39,	-296,	
2,	14,	37266,	1.65255e+015,	1,	3,	-7,	-7,	-3,	-1,	0,	-2,	1.65255e+009,	-0.735718,	-0.343728,	-0.31202,	-0.0411488,	-0.835234,	-0.372759,	-0.0189053,	0.0995488,	-0.846849,	-0.374213,	-0.0188049,	-0.0147891,	-0.759989,	-0.435542,	-0.0133392,	-0.0694936,	-0.671058,	-0.517005,	-0.00235679,	-0.326161,	-0.4368,	0.63862,	-0.04704,	45375,	-280,	-12,	-411,	45425,	138,	-57,	-70,	45415,	50,	-40,	-296,	
2,	14,	37344,	1.65255e+015,	-1,	-7,	0,	12,	0,	0,	-1,	0,	1.65255e+009,	-0.735718,	-0.343728,	-0.31202,	-0.0411488,	-0.835234,	-0.372759,	-0.0189053,	0.0995488,	-0.846849,	-0.374213,	-0.0188049,	-0.0147891,	-0.759989,	-0.435542,	-0.0133392,	-0.0694936,	-0.671058,	-0.517005,	-0.00235679,	-0.326161,	-0.4368,	0.63862,	-0.04704,	45385,	-279,	-11,	-410,	45435,	139,	-56,	-71,	45425,	51,	-38,	-298,	
2,	14,	37407,	1.65255e+015,	-2,	1,	8,	0,	2,	1,	1,	-2,	1.65255e+009,	-0.735718,	-0.343728,	-0.31202,	-0.0411488,	-0.835234,	-0.372759,	-0.0189053,	0.0995488,	-0.846849,	-0.374213,	-0.0188049,	-0.0147891,	-0.759989,	-0.435542,	-0.0133392,	-0.0694936,	-0.671058,	-0.517005,	-0.00235679,	-0.326161,	-0.4368,	0.63862,	-0.04704,	45395,	-279,	-12,	-411,	45445,	139,	-56,	-75,	45435,	52,	-38,	-301,	
2,	14,	37485,	1.65255e+015,	0,	7,	-7,	2,	-3,	-2,	0,	0,	1.65255e+009,	-0.735718,	-0.343728,	-0.31202,	-0.0411488,	-0.835234,	-0.372759,	-0.0189053,	0.0995488,	-0.846849,	-0.374213,	-0.0188049,	-0.0147891,	-0.759989,	-0.435542,	-0.0133392,	-0.0694936,	-0.671058,	-0.517005,	-0.00235679,	-0.326161,	-0.4368,	0.63862,	-0.04704,	45405,	-279,	-13,	-413,	45455,	138,	-55,	-81,	45445,	54,	-37,	-304,	
2,	14,	37547,	1.65255e+015,	0,	-1,	-16,	-3,	-1,	1,	-1,	0,	1.65255e+009,	-0.735718,	-0.343728,	-0.31202,	-0.0411488,	-0.835234,	-0.372759,	-0.0189053,	0.0995488,	-0.846849,	-0.374213,	-0.0188049,	-0.0147891,	-0.759989,	-0.435542,	-0.0133392,	-0.0694936,	-0.671058,	-0.517005,	-0.00235679,	-0.326161,	-0.4368,	0.63862,	-0.04704,	45415,	-277,	-12,	-417,	45465,	140,	-54,	-86,	45455,	55,	-37,	-308,	
2,	14,	37625,	1.65255e+015,	-3,	-4,	-15,	-48,	-4,	1,	-1,	1,	1.65255e+009,	-0.735718,	-0.343728,	-0.31202,	-0.0411488,	-0.835234,	-0.372759,	-0.0189053,	0.0995488,	-0.846849,	-0.374213,	-0.0188049,	-0.0147891,	-0.759989,	-0.435542,	-0.0133392,	-0.0694936,	-0.671058,	-0.517005,	-0.00235679,	-0.326161,	-0.4368,	0.63862,	-0.04704,	45425,	-274,	-12,	-424,	45475,	140,	-55,	-90,	45465,	57,	-36,	-310,	
2,	14,	37704,	1.65255e+015,	0,	0,	0,	-2,	-3,	-1,	1,	0,	1.65255e+009,	-0.735718,	-0.343728,	-0.31202,	-0.0411488,	-0.835234,	-0.372759,	-0.0189053,	0.0995488,	-0.846849,	-0.374213,	-0.0188049,	-0.0147891,	-0.759989,	-0.435542,	-0.0133392,	-0.0694936,	-0.671058,	-0.517005,	-0.00235679,	-0.326161,	-0.4368,	0.63862,	-0.04704,	45435,	-271,	-12,	-432,	45485,	141,	-56,	-90,	45475,	56,	-36,	-310,	
2,	14,	37782,	1.65255e+015,	0,	1,	1,	-2,	-1,	1,	-1,	1,	1.65255e+009,	-0.735718,	-0.343728,	-0.31202,	-0.0411488,	-0.835234,	-0.372759,	-0.0189053,	0.0995488,	-0.846849,	-0.374213,	-0.0188049,	-0.0147891,	-0.759989,	-0.435542,	-0.0133392,	-0.0694936,	-0.671058,	-0.517005,	-0.00235679,	-0.326161,	-0.4368,	0.63862,	-0.04704,	45445,	-270,	-13,	-437,	45495,	140,	-57,	-89,	45485,	55,	-35,	-308,	
2,	14,	37860,	1.65255e+015,	1,	3,	-6,	-1,	2,	-2,	0,	-1,	1.65255e+009,	-0.735718,	-0.343728,	-0.31202,	-0.0411488,	-0.835234,	-0.372759,	-0.0189053,	0.0995488,	-0.846849,	-0.374213,	-0.0188049,	-0.0147891,	-0.759989,	-0.435542,	-0.0133392,	-0.0694936,	-0.671058,	-0.517005,	-0.00235679,	-0.326161,	-0.4368,	0.63862,	-0.04704,	45455,	-270,	-13,	-437,	45505,	140,	-56,	-86,	45495,	53,	-33,	-305,	
2,	14,	37938,	1.65255e+015,	3,	1,	-4,	28,	4,	0,	1,	1,	1.65255e+009,	-0.735718,	-0.343728,	-0.31202,	-0.0411488,	-0.835234,	-0.372759,	-0.0189053,	0.107889,	-0.846849,	-0.374213,	-0.0188049,	-0.0175394,	-0.759989,	-0.435542,	-0.0133392,	-0.0722439,	-0.671058,	-0.517005,	-0.00235679,	-0.328912,	-0.4368,	0.63862,	-0.04704,	45465,	-272,	-11,	-433,	45515,	139,	-56,	-82,	45505,	52,	-35,	-303,	
2,	14,	38016,	1.65255e+015,	0,	1,	-1,	4,	-1,	-1,	-2,	1,	1.65255e+009,	-0.735718,	-0.343728,	-0.31202,	-0.0411488,	-0.835234,	-0.372759,	-0.0189053,	0.107889,	-0.846849,	-0.374213,	-0.0188049,	-0.0175394,	-0.759989,	-0.435542,	-0.0133392,	-0.0722439,	-0.671058,	-0.517005,	-0.00235679,	-0.328912,	-0.4368,	0.63862,	-0.04704,	45475,	-273,	-11,	-430,	45525,	139,	-56,	-78,	45515,	52,	-35,	-302,	
2,	14,	38094,	1.65255e+015,	-3,	-5,	-6,	-24,	-9,	-5,	-2,	-2,	1.65255e+009,	-0.735718,	-0.343728,	-0.31202,	-0.0411488,	-0.835234,	-0.372759,	-0.0189053,	0.107889,	-0.846849,	-0.374213,	-0.0188049,	-0.0175394,	-0.759989,	-0.435542,	-0.0133392,	-0.0722439,	-0.671058,	-0.517005,	-0.00235679,	-0.328912,	-0.4368,	0.63862,	-0.04704,	45485,	-274,	-12,	-428,	45535,	139,	-56,	-73,	45525,	51,	-36,	-301,	
2,	14,	38172,	1.65255e+015,	-1,	3,	4,	19,	3,	1,	1,	1,	1.65255e+009,	-0.735718,	-0.343728,	-0.31202,	-0.0411488,	-0.835234,	-0.372759,	-0.0189053,	0.107889,	-0.846849,	-0.374213,	-0.0188049,	-0.0175394,	-0.759989,	-0.435542,	-0.0133392,	-0.0722439,	-0.671058,	-0.517005,	-0.00235679,	-0.328912,	-0.4368,	0.63862,	-0.04704,	45495,	-277,	-12,	-424,	45545,	138,	-57,	-71,	45535,	51,	-36,	-300,	
2,	14,	38250,	1.65255e+015,	2,	4,	3,	-1,	-3,	-2,	-2,	0,	1.65255e+009,	-0.735718,	-0.343728,	-0.31202,	-0.0411488,	-0.835234,	-0.372759,	-0.0189053,	0.107889,	-0.846849,	-0.374213,	-0.0188049,	-0.0175394,	-0.759989,	-0.435542,	-0.0133392,	-0.0722439,	-0.671058,	-0.517005,	-0.00235679,	-0.328912,	-0.4368,	0.63862,	-0.04704,	45505,	-278,	-13,	-419,	45555,	137,	-57,	-70,	45545,	49,	-36,	-301,	
2,	14,	38329,	1.65255e+015,	-1,	0,	6,	0,	-1,	-1,	-1,	1,	1.65255e+009,	-0.735718,	-0.343728,	-0.31202,	-0.0411488,	-0.835234,	-0.372759,	-0.0189053,	0.107889,	-0.846849,	-0.374213,	-0.0188049,	-0.0175394,	-0.759989,	-0.435542,	-0.0133392,	-0.0722439,	-0.671058,	-0.517005,	-0.00235679,	-0.328912,	-0.4368,	0.63862,	-0.04704,	45515,	-279,	-12,	-415,	45565,	138,	-58,	-71,	45555,	50,	-37,	-302,	
