1,	6,	347141,	1.65255e+015,	1,	3,	9,	2,	10,	4,	1,	0,	1.65255e+009,	-0.660569,	-0.491568,	-0.31202,	-0.0756448,	-0.803202,	-0.143604,	-0.0178136,	0.112289,	-0.862619,	-0.0149685,	-0.00247295,	-0.0131394,	-0.976819,	-0.0807216,	-0.0116376,	-0.0855859,	-1.00001,	-0.376062,	-0.0186753,	-0.365909,	-0.364,	0.63862,	-0.0588,	8595,	-348,	-6,	-203,	8625,	95,	-60,	-76,	8605,	16,	-59,	-228,	
1,	6,	347219,	1.65255e+015,	1,	-3,	-2,	-4,	-5,	2,	-2,	0,	1.65255e+009,	-0.660569,	-0.491568,	-0.31202,	-0.0756448,	-0.803202,	-0.143604,	-0.0178136,	0.112289,	-0.862619,	-0.0149685,	-0.00247295,	-0.0131394,	-0.976819,	-0.0807216,	-0.0116376,	-0.0855859,	-1.00001,	-0.376062,	-0.0186753,	-0.365909,	-0.364,	0.63862,	-0.0588,	8605,	-348,	-5,	-207,	8635,	95,	-60,	-79,	8615,	17,	-59,	-230,	
1,	6,	347282,	1.65255e+015,	-1,	2,	16,	5,	-8,	-5,	-3,	-1,	1.65255e+009,	-0.660569,	-0.491568,	-0.31202,	-0.0756448,	-0.803202,	-0.143604,	-0.0178136,	0.112289,	-0.862619,	-0.0149685,	-0.00247295,	-0.0131394,	-0.976819,	-0.0807216,	-0.0116376,	-0.0855859,	-1.00001,	-0.376062,	-0.0186753,	-0.365909,	-0.364,	0.63862,	-0.0588,	8615,	-348,	-5,	-207,	8645,	96,	-59,	-80,	8625,	19,	-57,	-231,	
1,	6,	347344,	1.65255e+015,	0,	1,	-13,	-10,	-2,	-4,	0,	-1,	1.65255e+009,	-0.660569,	-0.491568,	-0.31202,	-0.0756448,	-0.803202,	-0.143604,	-0.0178136,	0.112289,	-0.862619,	-0.0149685,	-0.00247295,	-0.0131394,	-0.976819,	-0.0807216,	-0.0116376,	-0.0855859,	-1.00001,	-0.376062,	-0.0186753,	-0.365909,	-0.364,	0.63862,	-0.0588,	8625,	-352,	-3,	-202,	8655,	96,	-59,	-80,	8635,	18,	-58,	-229,	
1,	6,	347407,	1.65255e+015,	2,	-3,	-3,	4,	3,	3,	-1,	0,	1.65255e+009,	-0.660569,	-0.491568,	-0.31202,	-0.0756448,	-0.803202,	-0.143604,	-0.0178136,	0.112289,	-0.862619,	-0.0149685,	-0.00247295,	-0.0131394,	-0.976819,	-0.0807216,	-0.0116376,	-0.0855859,	-1.00001,	-0.376062,	-0.0186753,	-0.365909,	-0.364,	0.63862,	-0.0588,	8635,	-355,	-3,	-193,	8665,	97,	-60,	-79,	8645,	18,	-61,	-224,	
1,	6,	347469,	1.65255e+015,	-4,	-9,	6,	-1,	-1,	-3,	-3,	-2,	1.65255e+009,	-0.660569,	-0.491568,	-0.31202,	-0.0756448,	-0.803202,	-0.143604,	-0.0178136,	0.112289,	-0.862619,	-0.0149685,	-0.00247295,	-0.0131394,	-0.976819,	-0.0807216,	-0.0116376,	-0.0855859,	-1.00001,	-0.376062,	-0.0186753,	-0.365909,	-0.364,	0.63862,	-0.0588,	8645,	-361,	-2,	-181,	8675,	99,	-61,	-78,	8655,	18,	-65,	-219,	
1,	6,	347563,	1.65255e+015,	-3,	-7,	-4,	-6,	-10,	-4,	-1,	-1,	1.65255e+009,	-0.660569,	-0.491568,	-0.31202,	-0.0756448,	-0.803202,	-0.143604,	-0.0178136,	0.112289,	-0.862619,	-0.0149685,	-0.00247295,	-0.0131394,	-0.976819,	-0.0807216,	-0.0116376,	-0.0855859,	-1.00001,	-0.376062,	-0.0186753,	-0.365909,	-0.364,	0.63862,	-0.0588,	8655,	-370,	-3,	-168,	8685,	103,	-61,	-75,	8665,	18,	-69,	-214,	
1,	6,	347625,	1.65255e+015,	-2,	-1,	-3,	-4,	-11,	-7,	-2,	-1,	1.65255e+009,	-0.660569,	-0.491568,	-0.31202,	-0.0756448,	-0.803202,	-0.143604,	-0.0178136,	0.112289,	-0.862619,	-0.0149685,	-0.00247295,	-0.0131394,	-0.976819,	-0.0807216,	-0.0116376,	-0.0855859,	-1.00001,	-0.376062,	-0.0186753,	-0.365909,	-0.364,	0.63862,	-0.0588,	8665,	-375,	1,	-156,	8695,	105,	-59,	-71,	8675,	17,	-72,	-206,	
1,	6,	347704,	1.65255e+015,	-3,	-3,	14,	-14,	-6,	-4,	-1,	-2,	1.65255e+009,	-0.660569,	-0.491568,	-0.31202,	-0.0756448,	-0.803202,	-0.143604,	-0.0178136,	0.112289,	-0.862619,	-0.0149685,	-0.00247295,	-0.0131394,	-0.976819,	-0.0807216,	-0.0116376,	-0.0855859,	-1.00001,	-0.376062,	-0.0186753,	-0.365909,	-0.364,	0.63862,	-0.0588,	8675,	-384,	6,	-144,	8705,	105,	-57,	-67,	8685,	18,	-75,	-201,	
1,	6,	347782,	1.65255e+015,	-1,	2,	8,	6,	3,	2,	1,	0,	1.65255e+009,	-0.660569,	-0.491568,	-0.31202,	-0.0756448,	-0.803202,	-0.143604,	-0.0178136,	0.112289,	-0.862619,	-0.0149685,	-0.00247295,	-0.0131394,	-0.976819,	-0.0807216,	-0.0116376,	-0.0855859,	-1.00001,	-0.376062,	-0.0186753,	-0.365909,	-0.364,	0.63862,	-0.0588,	8685,	-391,	7,	-134,	8715,	106,	-55,	-64,	8695,	18,	-76,	-198,	
1,	6,	347860,	1.65255e+015,	3,	4,	26,	-9,	1,	-1,	-1,	-1,	1.65255e+009,	-0.660569,	-0.491568,	-0.31202,	-0.0756448,	-0.803202,	-0.143604,	-0.0178136,	0.112289,	-0.862619,	-0.0149685,	-0.00247295,	-0.0131394,	-0.976819,	-0.0807216,	-0.0116376,	-0.0855859,	-1.00001,	-0.376062,	-0.0186753,	-0.365909,	-0.364,	0.63862,	-0.0588,	8695,	-400,	8,	-125,	8725,	105,	-54,	-62,	8705,	17,	-79,	-195,	
1,	6,	347938,	1.65255e+015,	2,	-1,	8,	4,	-4,	2,	0,	0,	1.65255e+009,	-0.660569,	-0.491568,	-0.31202,	-0.0756448,	-0.803202,	-0.143604,	-0.0178136,	0.112289,	-0.862619,	-0.0149685,	-0.00247295,	-0.0131394,	-0.976819,	-0.0807216,	-0.0116376,	-0.0855859,	-1.00001,	-0.376062,	-0.0186753,	-0.365909,	-0.364,	0.63862,	-0.0588,	8705,	-406,	6,	-123,	8735,	103,	-55,	-62,	8715,	15,	-79,	-193,	
1,	6,	348032,	1.65255e+015,	2,	3,	23,	3,	-4,	0,	-1,	-2,	1.65255e+009,	-0.660569,	-0.491568,	-0.31202,	-0.0756448,	-0.803202,	-0.143604,	-0.0178136,	0.112289,	-0.862619,	-0.0149685,	-0.00247295,	-0.0131394,	-0.976819,	-0.0807216,	-0.0116376,	-0.0855859,	-1.00001,	-0.376062,	-0.0186753,	-0.365909,	-0.364,	0.63862,	-0.0588,	8715,	-410,	5,	-128,	8745,	98,	-54,	-63,	8725,	11,	-79,	-191,	
1,	6,	348125,	1.65255e+015,	2,	2,	3,	-2,	-2,	0,	-2,	2,	1.65255e+009,	-0.660569,	-0.491568,	-0.31202,	-0.0756448,	-0.803202,	-0.143604,	-0.0178136,	0.112289,	-0.862619,	-0.0149685,	-0.00247295,	-0.0131394,	-0.976819,	-0.0807216,	-0.0116376,	-0.0855859,	-1.00001,	-0.376062,	-0.0186753,	-0.365909,	-0.364,	0.63862,	-0.0588,	8725,	-411,	5,	-134,	8755,	95,	-55,	-65,	8735,	7,	-79,	-189,	
1,	6,	348204,	1.65255e+015,	-1,	-2,	12,	-1,	-2,	-1,	-2,	-1,	1.65255e+009,	-0.660569,	-0.491568,	-0.31202,	-0.0756448,	-0.803202,	-0.143604,	-0.0178136,	0.112289,	-0.862619,	-0.0149685,	-0.00247295,	-0.0131394,	-0.976819,	-0.0807216,	-0.0116376,	-0.0855859,	-1.00001,	-0.376062,	-0.0186753,	-0.365909,	-0.364,	0.63862,	-0.0588,	8735,	-418,	3,	-134,	8765,	94,	-57,	-64,	8745,	6,	-80,	-186,	
1,	6,	348282,	1.65255e+015,	-1,	-3,	-3,	-11,	0,	0,	0,	-1,	1.65255e+009,	-0.660569,	-0.491568,	-0.31202,	-0.0756448,	-0.803202,	-0.143604,	-0.0178136,	0.112289,	-0.862619,	-0.0149685,	-0.00247295,	-0.0131394,	-0.976819,	-0.0807216,	-0.0116376,	-0.0855859,	-1.00001,	-0.376062,	-0.0186753,	-0.365909,	-0.364,	0.63862,	-0.0588,	8745,	-428,	2,	-124,	8775,	95,	-58,	-62,	8755,	4,	-85,	-183,	
1,	6,	348344,	1.65255e+015,	0,	-1,	3,	-5,	-4,	-3,	-1,	-3,	1.65255e+009,	-0.660569,	-0.491568,	-0.31202,	-0.0756448,	-0.803202,	-0.143604,	-0.0178136,	0.112289,	-0.862619,	-0.0149685,	-0.00247295,	-0.0131394,	-0.976819,	-0.0807216,	-0.0116376,	-0.0855859,	-1.00001,	-0.376062,	-0.0186753,	-0.365909,	-0.364,	0.63862,	-0.0588,	8755,	-435,	3,	-108,	8785,	96,	-56,	-58,	8765,	3,	-89,	-180,	
1,	6,	348422,	1.65255e+015,	3,	-1,	-9,	1,	5,	0,	0,	-1,	1.65255e+009,	-0.660569,	-0.491568,	-0.31202,	-0.0756448,	-0.803202,	-0.143604,	-0.0178136,	0.112289,	-0.862619,	-0.0149685,	-0.00247295,	-0.0131394,	-0.976819,	-0.0807216,	-0.0116376,	-0.0855859,	-1.00001,	-0.376062,	-0.0186753,	-0.365909,	-0.364,	0.63862,	-0.0588,	8765,	-442,	6,	-92,	8795,	97,	-56,	-55,	8775,	2,	-93,	-176,	
1,	6,	348485,	1.65255e+015,	0,	1,	16,	-3,	0,	-1,	1,	-1,	1.65255e+009,	-0.660569,	-0.491568,	-0.31202,	-0.0756448,	-0.803202,	-0.143604,	-0.0178136,	0.112289,	-0.862619,	-0.0149685,	-0.00247295,	-0.0131394,	-0.976819,	-0.0807216,	-0.0116376,	-0.0855859,	-1.00001,	-0.376062,	-0.0186753,	-0.365909,	-0.364,	0.63862,	-0.0588,	8775,	-447,	7,	-77,	8805,	97,	-55,	-50,	8785,	2,	-94,	-173,	
1,	6,	348547,	1.65255e+015,	0,	2,	-19,	-14,	-5,	-4,	-1,	-1,	1.65255e+009,	-0.660569,	-0.491568,	-0.31202,	-0.0756448,	-0.803202,	-0.143604,	-0.0178136,	0.112289,	-0.862619,	-0.0149685,	-0.00247295,	-0.0131394,	-0.976819,	-0.0807216,	-0.0116376,	-0.0855859,	-1.00001,	-0.376062,	-0.0186753,	-0.365909,	-0.364,	0.63862,	-0.0588,	8785,	-448,	8,	-70,	8815,	96,	-54,	-48,	8795,	0,	-93,	-171,	
1,	6,	348610,	1.65255e+015,	-1,	-1,	12,	3,	-3,	-5,	-1,	-2,	1.65255e+009,	-0.660569,	-0.491568,	-0.31202,	-0.0756448,	-0.803202,	-0.143604,	-0.0178136,	0.112289,	-0.862619,	-0.0149685,	-0.00247295,	-0.0131394,	-0.976819,	-0.0807216,	-0.0116376,	-0.0855859,	-1.00001,	-0.376062,	-0.0186753,	-0.365909,	-0.364,	0.63862,	-0.0588,	8795,	-449,	8,	-68,	8825,	95,	-55,	-48,	8805,	-2,	-91,	-171,	
1,	6,	348672,	1.65255e+015,	2,	4,	25,	7,	4,	1,	1,	0,	1.65255e+009,	-0.660569,	-0.491568,	-0.31202,	-0.0756448,	-0.803202,	-0.143604,	-0.0178136,	0.112289,	-0.862619,	-0.0149685,	-0.00247295,	-0.0131394,	-0.976819,	-0.0807216,	-0.0116376,	-0.0855859,	-1.00001,	-0.376062,	-0.0186753,	-0.365909,	-0.364,	0.63862,	-0.0588,	8805,	-449,	6,	-70,	8835,	95,	-55,	-49,	8815,	-4,	-90,	-172,	
1,	6,	348750,	1.65255e+015,	0,	1,	2,	4,	3,	0,	2,	1,	1.65255e+009,	-0.660569,	-0.491568,	-0.31202,	-0.0756448,	-0.803202,	-0.143604,	-0.0178136,	0.112289,	-0.862619,	-0.0149685,	-0.00247295,	-0.0131394,	-0.976819,	-0.0807216,	-0.0116376,	-0.0855859,	-1.00001,	-0.376062,	-0.0186753,	-0.365909,	-0.364,	0.63862,	-0.0588,	8815,	-448,	6,	-76,	8845,	92,	-55,	-51,	8825,	-6,	-89,	-176,	
1,	6,	348813,	1.65255e+015,	-1,	-2,	12,	-6,	-4,	0,	1,	-3,	1.65255e+009,	-0.660569,	-0.491568,	-0.31202,	-0.0756448,	-0.803202,	-0.143604,	-0.0178136,	0.112289,	-0.862619,	-0.0149685,	-0.00247295,	-0.0131394,	-0.976819,	-0.0807216,	-0.0116376,	-0.0855859,	-1.00001,	-0.376062,	-0.0186753,	-0.365909,	-0.364,	0.63862,	-0.0588,	8825,	-445,	6,	-84,	8855,	92,	-54,	-54,	8835,	-7,	-86,	-180,	
1,	6,	348891,	1.65255e+015,	3,	6,	8,	5,	3,	1,	0,	-12,	1.65255e+009,	-0.660569,	-0.491568,	-0.31202,	-0.0756448,	-0.803202,	-0.143604,	-0.0178136,	0.112289,	-0.862619,	-0.0149685,	-0.00247295,	-0.0131394,	-0.976819,	-0.0807216,	-0.0116376,	-0.0855859,	-1.00001,	-0.376062,	-0.0186753,	-0.365909,	-0.364,	0.63862,	-0.0588,	8835,	-440,	7,	-92,	8865,	91,	-54,	-57,	8845,	-8,	-84,	-185,	
1,	6,	348969,	1.65255e+015,	0,	-2,	-15,	0,	-5,	-3,	-1,	4,	1.65255e+009,	-0.660569,	-0.491568,	-0.31202,	-0.0756448,	-0.803202,	-0.143604,	-0.0178136,	0.112289,	-0.862619,	-0.0149685,	-0.00247295,	-0.0131394,	-0.976819,	-0.0807216,	-0.0116376,	-0.0855859,	-1.00001,	-0.376062,	-0.0186753,	-0.365909,	-0.364,	0.63862,	-0.0588,	8845,	-434,	6,	-99,	8875,	91,	-53,	-59,	8855,	-6,	-81,	-190,	
1,	6,	349047,	1.65255e+015,	0,	0,	-28,	-7,	3,	-3,	0,	-1,	1.65255e+009,	-0.660569,	-0.491568,	-0.31202,	-0.0756448,	-0.803202,	-0.143604,	-0.0178136,	0.112289,	-0.862619,	-0.0149685,	-0.00247295,	-0.0131394,	-0.976819,	-0.0807216,	-0.0116376,	-0.0855859,	-1.00001,	-0.376062,	-0.0186753,	-0.365909,	-0.364,	0.63862,	-0.0588,	8855,	-429,	7,	-107,	8885,	92,	-54,	-61,	8865,	-5,	-79,	-196,	
1,	6,	349125,	1.65255e+015,	1,	3,	5,	-4,	-6,	-5,	0,	0,	1.65255e+009,	-0.660569,	-0.491568,	-0.31202,	-0.0756448,	-0.803202,	-0.143604,	-0.0178136,	0.112289,	-0.862619,	-0.0149685,	-0.00247295,	-0.0131394,	-0.976819,	-0.0807216,	-0.0116376,	-0.0855859,	-1.00001,	-0.376062,	-0.0186753,	-0.365909,	-0.364,	0.63862,	-0.0588,	8865,	-424,	6,	-113,	8895,	91,	-53,	-63,	8875,	-4,	-79,	-202,	
1,	6,	349204,	1.65255e+015,	-3,	-2,	12,	-6,	-9,	-5,	-3,	-4,	1.65255e+009,	-0.660569,	-0.491568,	-0.31202,	-0.0756448,	-0.803202,	-0.143604,	-0.0178136,	0.112289,	-0.862619,	-0.0149685,	-0.00247295,	-0.0131394,	-0.976819,	-0.0807216,	-0.0116376,	-0.0855859,	-1.00001,	-0.376062,	-0.0186753,	-0.365909,	-0.364,	0.63862,	-0.0588,	8875,	-416,	6,	-120,	8905,	92,	-53,	-66,	8885,	-4,	-78,	-207,	
1,	6,	349266,	1.65255e+015,	1,	-3,	-61,	-7,	-1,	0,	0,	1,	1.65255e+009,	-0.660569,	-0.491568,	-0.31202,	-0.0756448,	-0.803202,	-0.143604,	-0.0178136,	0.112289,	-0.862619,	-0.0149685,	-0.00247295,	-0.0131394,	-0.976819,	-0.0807216,	-0.0116376,	-0.0855859,	-1.00001,	-0.376062,	-0.0186753,	-0.365909,	-0.364,	0.63862,	-0.0588,	8885,	-410,	7,	-127,	8915,	91,	-53,	-69,	8895,	-3,	-75,	-212,	
1,	6,	349344,	1.65255e+015,	0,	0,	-5,	-9,	3,	-4,	-2,	-1,	1.65255e+009,	-0.660569,	-0.491568,	-0.31202,	-0.0756448,	-0.803202,	-0.143604,	-0.0178136,	0.112289,	-0.862619,	-0.0149685,	-0.00247295,	-0.0131394,	-0.976819,	-0.0807216,	-0.0116376,	-0.0855859,	-1.00001,	-0.376062,	-0.0186753,	-0.365909,	-0.364,	0.63862,	-0.0588,	8895,	-402,	6,	-135,	8925,	92,	-51,	-72,	8905,	0,	-73,	-217,	
1,	6,	349407,	1.65255e+015,	-2,	0,	7,	4,	9,	-1,	-3,	-10,	1.65255e+009,	-0.660569,	-0.491568,	-0.31202,	-0.0756448,	-0.803202,	-0.143604,	-0.0178136,	0.112289,	-0.862619,	-0.0149685,	-0.00247295,	-0.0131394,	-0.976819,	-0.0807216,	-0.0116376,	-0.0855859,	-1.00001,	-0.376062,	-0.0186753,	-0.365909,	-0.364,	0.63862,	-0.0588,	8905,	-394,	5,	-142,	8935,	92,	-52,	-75,	8915,	0,	-70,	-222,	
1,	6,	349469,	1.65255e+015,	-2,	-8,	-21,	-2,	6,	5,	-1,	0,	1.65255e+009,	-0.660569,	-0.491568,	-0.31202,	-0.0756448,	-0.803202,	-0.143604,	-0.0178136,	0.112289,	-0.862619,	-0.0149685,	-0.00247295,	-0.0131394,	-0.976819,	-0.0807216,	-0.0116376,	-0.0855859,	-1.00001,	-0.376062,	-0.0186753,	-0.365909,	-0.364,	0.63862,	-0.0588,	8915,	-390,	4,	-149,	8945,	92,	-53,	-78,	8925,	2,	-67,	-226,	
1,	6,	349532,	1.65255e+015,	2,	4,	7,	9,	-2,	0,	0,	-1,	1.65255e+009,	-0.660569,	-0.491568,	-0.31202,	-0.0756448,	-0.803202,	-0.143604,	-0.0178136,	0.112289,	-0.862619,	-0.0149685,	-0.00247295,	-0.0131394,	-0.976819,	-0.0807216,	-0.0116376,	-0.0855859,	-1.00001,	-0.376062,	-0.0186753,	-0.365909,	-0.364,	0.63862,	-0.0588,	8925,	-384,	5,	-157,	8955,	91,	-51,	-80,	8935,	3,	-64,	-230,	
1,	6,	349594,	1.65255e+015,	-3,	-4,	8,	3,	-4,	0,	1,	0,	1.65255e+009,	-0.660569,	-0.491568,	-0.31202,	-0.0756448,	-0.803202,	-0.143604,	-0.0178136,	0.112289,	-0.862619,	-0.0149685,	-0.00247295,	-0.0131394,	-0.976819,	-0.0807216,	-0.0116376,	-0.0855859,	-1.00001,	-0.376062,	-0.0186753,	-0.365909,	-0.364,	0.63862,	-0.0588,	8935,	-377,	4,	-166,	8965,	91,	-53,	-81,	8945,	4,	-62,	-233,	
1,	6,	349672,	1.65255e+015,	0,	-3,	-11,	0,	4,	-1,	-1,	-2,	1.65255e+009,	-0.660569,	-0.491568,	-0.31202,	-0.0756448,	-0.803202,	-0.143604,	-0.0178136,	0.112289,	-0.862619,	-0.0149685,	-0.00247295,	-0.0131394,	-0.976819,	-0.0807216,	-0.0116376,	-0.0855859,	-1.00001,	-0.376062,	-0.0186753,	-0.365909,	-0.364,	0.63862,	-0.0588,	8945,	-371,	3,	-176,	8975,	90,	-53,	-83,	8955,	6,	-59,	-236,	
1,	6,	349735,	1.65255e+015,	1,	-5,	4,	-6,	1,	-2,	-2,	-2,	1.65255e+009,	-0.660569,	-0.491568,	-0.31202,	-0.0756448,	-0.803202,	-0.143604,	-0.0178136,	0.112289,	-0.862619,	-0.0149685,	-0.00247295,	-0.0131394,	-0.976819,	-0.0807216,	-0.0116376,	-0.0855859,	-1.00001,	-0.376062,	-0.0186753,	-0.365909,	-0.364,	0.63862,	-0.0588,	8955,	-365,	1,	-185,	8985,	91,	-55,	-84,	8965,	6,	-57,	-241,	
1,	6,	349813,	1.65255e+015,	2,	0,	-10,	-4,	-3,	1,	-1,	-2,	1.65255e+009,	-0.660569,	-0.491568,	-0.31202,	-0.0756448,	-0.803202,	-0.143604,	-0.0178136,	0.112289,	-0.862619,	-0.0149685,	-0.00247295,	-0.0131394,	-0.976819,	-0.0807216,	-0.0116376,	-0.0855859,	-1.00001,	-0.376062,	-0.0186753,	-0.365909,	-0.364,	0.63862,	-0.0588,	8965,	-360,	0,	-192,	8995,	92,	-56,	-85,	8975,	7,	-55,	-245,	
1,	6,	349891,	1.65255e+015,	0,	-1,	7,	2,	-9,	-6,	-3,	3,	1.65255e+009,	-0.660569,	-0.491568,	-0.31202,	-0.0756448,	-0.803202,	-0.143604,	-0.0178136,	0.112289,	-0.862619,	-0.0149685,	-0.00247295,	-0.0131394,	-0.976819,	-0.0807216,	-0.0116376,	-0.0855859,	-1.00001,	-0.376062,	-0.0186753,	-0.365909,	-0.364,	0.63862,	-0.0588,	8975,	-354,	0,	-200,	9005,	93,	-56,	-86,	8985,	10,	-53,	-248,	
1,	6,	349969,	1.65255e+015,	0,	-1,	4,	3,	1,	3,	0,	-2,	1.65255e+009,	-0.660569,	-0.491568,	-0.31202,	-0.0756448,	-0.803202,	-0.143604,	-0.0178136,	0.112289,	-0.862619,	-0.0149685,	-0.00247295,	-0.0131394,	-0.976819,	-0.0807216,	-0.0116376,	-0.0855859,	-1.00001,	-0.376062,	-0.0186753,	-0.365909,	-0.364,	0.63862,	-0.0588,	8985,	-348,	-2,	-209,	9015,	94,	-57,	-88,	8995,	12,	-52,	-251,	
2,	6,	350063,	1.65255e+015,	1,	3,	0,	-1,	4,	4,	0,	-1,	1.65255e+009,	-0.660569,	-0.491568,	-0.31202,	-0.0756448,	-0.803202,	-0.143604,	-0.0178136,	0.112289,	-0.862619,	-0.0149685,	-0.00247295,	-0.0131394,	-0.976819,	-0.0807216,	-0.0116376,	-0.0855859,	-1.00001,	-0.376062,	-0.0186753,	-0.365909,	-0.364,	0.63862,	-0.0588,	8995,	-343,	-3,	-217,	9025,	94,	-58,	-89,	9005,	15,	-50,	-253,	
2,	6,	350141,	1.65255e+015,	-5,	1,	26,	9,	-2,	-2,	1,	-2,	1.65255e+009,	-0.660569,	-0.491568,	-0.31202,	-0.0756448,	-0.803202,	-0.143604,	-0.0178136,	0.112289,	-0.862619,	-0.0149685,	-0.00247295,	-0.0131394,	-0.976819,	-0.0807216,	-0.0116376,	-0.0855859,	-1.00001,	-0.376062,	-0.0186753,	-0.365909,	-0.364,	0.63862,	-0.0588,	9005,	-339,	-4,	-225,	9035,	95,	-59,	-90,	9015,	17,	-48,	-254,	
2,	6,	350219,	1.65255e+015,	-1,	0,	3,	-1,	-6,	-7,	-1,	0,	1.65255e+009,	-0.660569,	-0.491568,	-0.31202,	-0.0756448,	-0.803202,	-0.143604,	-0.0178136,	0.112289,	-0.862619,	-0.0149685,	-0.00247295,	-0.0131394,	-0.976819,	-0.0807216,	-0.0116376,	-0.0855859,	-1.00001,	-0.376062,	-0.0186753,	-0.365909,	-0.364,	0.63862,	-0.0588,	9015,	-334,	-4,	-234,	9045,	95,	-60,	-91,	9025,	18,	-47,	-255,	
2,	6,	350297,	1.65255e+015,	-1,	-3,	-21,	-8,	-8,	-3,	-1,	-2,	1.65255e+009,	-0.660569,	-0.491568,	-0.31202,	-0.0756448,	-0.803202,	-0.143604,	-0.0178136,	0.112289,	-0.862619,	-0.0149685,	-0.00247295,	-0.0131394,	-0.976819,	-0.0807216,	-0.0116376,	-0.0855859,	-1.00001,	-0.376062,	-0.0186753,	-0.365909,	-0.364,	0.63862,	-0.0588,	9025,	-331,	-4,	-241,	9055,	96,	-60,	-93,	9035,	18,	-48,	-256,	
2,	6,	350375,	1.65255e+015,	-2,	-5,	-30,	4,	14,	5,	1,	-2,	1.65255e+009,	-0.660569,	-0.491568,	-0.31202,	-0.0756448,	-0.803202,	-0.143604,	-0.0178136,	0.112289,	-0.862619,	-0.0149685,	-0.00247295,	-0.0131394,	-0.976819,	-0.0807216,	-0.0116376,	-0.0855859,	-1.00001,	-0.376062,	-0.0186753,	-0.365909,	-0.364,	0.63862,	-0.0588,	9035,	-327,	-5,	-245,	9065,	96,	-63,	-93,	9045,	20,	-46,	-256,	
2,	6,	350454,	1.65255e+015,	1,	2,	2,	6,	6,	1,	0,	1,	1.65255e+009,	-0.660569,	-0.491568,	-0.31202,	-0.0756448,	-0.803202,	-0.143604,	-0.0178136,	0.112289,	-0.862619,	-0.0149685,	-0.00247295,	-0.0131394,	-0.976819,	-0.0807216,	-0.0116376,	-0.0855859,	-1.00001,	-0.376062,	-0.0186753,	-0.365909,	-0.364,	0.63862,	-0.0588,	9045,	-326,	-7,	-245,	9075,	98,	-63,	-92,	9055,	21,	-47,	-256,	
2,	6,	350532,	1.65255e+015,	-2,	-5,	-11,	-7,	1,	5,	1,	2,	1.65255e+009,	-0.660569,	-0.491568,	-0.31202,	-0.0756448,	-0.803202,	-0.143604,	-0.0178136,	0.112289,	-0.862619,	-0.0149685,	-0.00247295,	-0.0131394,	-0.976819,	-0.0807216,	-0.0116376,	-0.0855859,	-1.00001,	-0.376062,	-0.0186753,	-0.365909,	-0.364,	0.63862,	-0.0588,	9055,	-326,	-7,	-243,	9085,	99,	-64,	-90,	9065,	23,	-49,	-255,	
2,	6,	350610,	1.65255e+015,	-1,	-5,	-21,	-1,	0,	-2,	1,	3,	1.65255e+009,	-0.660569,	-0.491568,	-0.31202,	-0.0756448,	-0.803202,	-0.143604,	-0.0178136,	0.112289,	-0.862619,	-0.0149685,	-0.00247295,	-0.0131394,	-0.976819,	-0.0807216,	-0.0116376,	-0.0855859,	-1.00001,	-0.376062,	-0.0186753,	-0.365909,	-0.364,	0.63862,	-0.0588,	9065,	-329,	-7,	-236,	9095,	99,	-63,	-88,	9075,	23,	-49,	-253,	
2,	6,	350688,	1.65255e+015,	0,	-7,	8,	-2,	-4,	-6,	-2,	-2,	1.65255e+009,	-0.660569,	-0.491568,	-0.31202,	-0.0756448,	-0.803202,	-0.143604,	-0.0178136,	0.112289,	-0.862619,	-0.0149685,	-0.00247295,	-0.0131394,	-0.976819,	-0.0807216,	-0.0116376,	-0.0855859,	-1.00001,	-0.376062,	-0.0186753,	-0.365909,	-0.364,	0.63862,	-0.0588,	9075,	-330,	-6,	-228,	9105,	99,	-63,	-85,	9085,	24,	-51,	-250,	
2,	6,	350766,	1.65255e+015,	-2,	-4,	6,	-2,	0,	3,	-1,	1,	1.65255e+009,	-0.660569,	-0.491568,	-0.31202,	-0.0756448,	-0.803202,	-0.143604,	-0.0178136,	0.112289,	-0.862619,	-0.0149685,	-0.00247295,	-0.0131394,	-0.976819,	-0.0807216,	-0.0116376,	-0.0855859,	-1.00001,	-0.376062,	-0.0186753,	-0.365909,	-0.364,	0.63862,	-0.0588,	9085,	-332,	-4,	-220,	9115,	98,	-63,	-82,	9095,	23,	-51,	-246,	
2,	6,	350829,	1.65255e+015,	-4,	-5,	-12,	-1,	0,	-4,	0,	1,	1.65255e+009,	-0.660569,	-0.491568,	-0.31202,	-0.0756448,	-0.803202,	-0.143604,	-0.0178136,	0.112289,	-0.862619,	-0.0149685,	-0.00247295,	-0.0131394,	-0.976819,	-0.0807216,	-0.0116376,	-0.0855859,	-1.00001,	-0.376062,	-0.0186753,	-0.365909,	-0.364,	0.63862,	-0.0588,	9095,	-333,	-4,	-214,	9125,	97,	-63,	-80,	9105,	22,	-52,	-243,	
2,	6,	350907,	1.65255e+015,	-1,	1,	16,	5,	-3,	-4,	0,	-2,	1.65255e+009,	-0.660569,	-0.491568,	-0.31202,	-0.0756448,	-0.803202,	-0.143604,	-0.0178136,	0.112289,	-0.862619,	-0.0149685,	-0.00247295,	-0.0131394,	-0.976819,	-0.0807216,	-0.0116376,	-0.0855859,	-1.00001,	-0.376062,	-0.0186753,	-0.365909,	-0.364,	0.63862,	-0.0588,	9105,	-337,	-4,	-210,	9135,	95,	-64,	-79,	9115,	21,	-52,	-240,	
2,	6,	350969,	1.65255e+015,	-3,	-5,	-5,	-3,	-10,	-6,	-2,	-1,	1.65255e+009,	-0.660569,	-0.491568,	-0.31202,	-0.0756448,	-0.803202,	-0.143604,	-0.0178136,	0.112289,	-0.862619,	-0.0149685,	-0.00247295,	-0.0131394,	-0.976819,	-0.0807216,	-0.0116376,	-0.0855859,	-1.00001,	-0.376062,	-0.0186753,	-0.365909,	-0.364,	0.63862,	-0.0588,	9115,	-337,	-3,	-207,	9145,	94,	-64,	-78,	9125,	20,	-53,	-238,	
2,	6,	351047,	1.65255e+015,	0,	7,	13,	3,	-2,	0,	-1,	-1,	1.65255e+009,	-0.660569,	-0.491568,	-0.31202,	-0.0756448,	-0.803202,	-0.143604,	-0.0178136,	0.112289,	-0.862619,	-0.0149685,	-0.00247295,	-0.0131394,	-0.976819,	-0.0807216,	-0.0116376,	-0.0855859,	-1.00001,	-0.376062,	-0.0186753,	-0.365909,	-0.364,	0.63862,	-0.0588,	9125,	-340,	-5,	-203,	9155,	92,	-65,	-78,	9135,	18,	-54,	-236,	
2,	6,	351125,	1.65255e+015,	1,	1,	-4,	-7,	-5,	-2,	-1,	0,	1.65255e+009,	-0.660569,	-0.491568,	-0.31202,	-0.0756448,	-0.803202,	-0.143604,	-0.0178136,	0.112289,	-0.862619,	-0.0149685,	-0.00247295,	-0.0131394,	-0.976819,	-0.0807216,	-0.0116376,	-0.0855859,	-1.00001,	-0.376062,	-0.0186753,	-0.365909,	-0.364,	0.63862,	-0.0588,	9135,	-341,	-5,	-197,	9165,	92,	-66,	-77,	9145,	16,	-56,	-235,	
2,	6,	351204,	1.65255e+015,	1,	2,	25,	1,	-3,	-3,	-2,	1,	1.65255e+009,	-0.660569,	-0.491568,	-0.31202,	-0.0756448,	-0.803202,	-0.143604,	-0.0178136,	0.112289,	-0.862619,	-0.0149685,	-0.00247295,	-0.0131394,	-0.976819,	-0.0807216,	-0.0116376,	-0.0855859,	-1.00001,	-0.376062,	-0.0186753,	-0.365909,	-0.364,	0.63862,	-0.0588,	9145,	-344,	-4,	-191,	9175,	90,	-67,	-75,	9155,	16,	-56,	-232,	
2,	6,	351266,	1.65255e+015,	-5,	-5,	-17,	-7,	1,	-3,	-1,	-3,	1.65255e+009,	-0.660569,	-0.491568,	-0.31202,	-0.0756448,	-0.803202,	-0.143604,	-0.0178136,	0.112289,	-0.862619,	-0.0149685,	-0.00247295,	-0.0131394,	-0.976819,	-0.0807216,	-0.0116376,	-0.0855859,	-1.00001,	-0.376062,	-0.0186753,	-0.365909,	-0.364,	0.63862,	-0.0588,	9155,	-347,	-4,	-185,	9185,	89,	-67,	-75,	9165,	15,	-57,	-230,	
2,	6,	351344,	1.65255e+015,	0,	-3,	-22,	-4,	-7,	-3,	-1,	-2,	1.65255e+009,	-0.660569,	-0.491568,	-0.31202,	-0.0756448,	-0.803202,	-0.143604,	-0.0178136,	0.112289,	-0.862619,	-0.0149685,	-0.00247295,	-0.0131394,	-0.976819,	-0.0807216,	-0.0116376,	-0.0855859,	-1.00001,	-0.376062,	-0.0186753,	-0.365909,	-0.364,	0.63862,	-0.0588,	9165,	-350,	-4,	-180,	9195,	87,	-66,	-73,	9175,	14,	-57,	-229,	
2,	6,	351422,	1.65255e+015,	-3,	-8,	-20,	1,	3,	2,	-1,	0,	1.65255e+009,	-0.660569,	-0.491568,	-0.31202,	-0.0756448,	-0.803202,	-0.143604,	-0.0178136,	0.112289,	-0.862619,	-0.0149685,	-0.00247295,	-0.0131394,	-0.976819,	-0.0807216,	-0.0116376,	-0.0855859,	-1.00001,	-0.376062,	-0.0186753,	-0.365909,	-0.4004,	0.63862,	-0.0588,	9175,	-354,	-6,	-172,	9205,	85,	-67,	-71,	9185,	14,	-58,	-226,	
2,	6,	351500,	1.65255e+015,	1,	-2,	-16,	-2,	-2,	-1,	-1,	0,	1.65255e+009,	-0.660569,	-0.491568,	-0.31202,	-0.0756448,	-0.803202,	-0.143604,	-0.0178136,	0.112289,	-0.862619,	-0.0149685,	-0.00247295,	-0.0131394,	-0.976819,	-0.0807216,	-0.0116376,	-0.0855859,	-1.00001,	-0.376062,	-0.0186753,	-0.365909,	-0.4004,	0.63862,	-0.0588,	9185,	-356,	-5,	-167,	9215,	84,	-67,	-69,	9195,	12,	-59,	-221,	
2,	6,	351579,	1.65255e+015,	0,	-2,	-9,	3,	3,	2,	1,	1,	1.65255e+009,	-0.660569,	-0.491568,	-0.31202,	-0.0756448,	-0.803202,	-0.143604,	-0.0178136,	0.112289,	-0.862619,	-0.0149685,	-0.00247295,	-0.0131394,	-0.976819,	-0.0807216,	-0.0116376,	-0.0855859,	-1.00001,	-0.376062,	-0.0186753,	-0.354082,	-0.4004,	0.63862,	-0.0588,	9195,	-360,	-5,	-161,	9225,	83,	-68,	-67,	9205,	8,	-60,	-218,	
2,	6,	351657,	1.65255e+015,	3,	2,	-3,	1,	8,	8,	0,	2,	1.65255e+009,	-0.660569,	-0.491568,	-0.31202,	-0.0756448,	-0.803202,	-0.143604,	-0.0178136,	0.112289,	-0.862619,	-0.0149685,	-0.00247295,	-0.0131394,	-0.976819,	-0.0807216,	-0.0116376,	-0.0855859,	-1.00001,	-0.376062,	-0.0186753,	-0.354082,	-0.4004,	0.63862,	-0.0588,	9205,	-364,	-4,	-153,	9235,	82,	-69,	-63,	9215,	8,	-60,	-214,	
2,	6,	351735,	1.65255e+015,	-5,	2,	19,	0,	-6,	-5,	-2,	-1,	1.65255e+009,	-0.660569,	-0.491568,	-0.31202,	-0.0756448,	-0.803202,	-0.143604,	-0.0178136,	0.112289,	-0.862619,	-0.0149685,	-0.00247295,	-0.0131394,	-0.976819,	-0.0807216,	-0.0116376,	-0.0855859,	-1.00001,	-0.376062,	-0.0186753,	-0.354082,	-0.4004,	0.63862,	-0.0588,	9215,	-368,	-4,	-144,	9245,	80,	-68,	-59,	9225,	7,	-62,	-209,	
2,	6,	351813,	1.65255e+015,	-1,	-3,	2,	2,	-8,	-8,	-3,	-2,	1.65255e+009,	-0.660569,	-0.491568,	-0.31202,	-0.0756448,	-0.803202,	-0.143604,	-0.0178136,	0.112289,	-0.862619,	-0.0149685,	-0.00247295,	-0.0131394,	-0.976819,	-0.0807216,	-0.0116376,	-0.0855859,	-1.00001,	-0.376062,	-0.0186753,	-0.354082,	-0.4004,	0.63862,	-0.0588,	9225,	-371,	-5,	-135,	9255,	80,	-67,	-56,	9235,	6,	-62,	-206,	
2,	6,	351891,	1.65255e+015,	1,	-2,	11,	-5,	-2,	-1,	-2,	-2,	1.65255e+009,	-0.660569,	-0.491568,	-0.31202,	-0.0756448,	-0.803202,	-0.143604,	-0.0178136,	0.112289,	-0.862619,	-0.0149685,	-0.00247295,	-0.0131394,	-0.976819,	-0.0807216,	-0.0116376,	-0.0855859,	-1.00001,	-0.376062,	-0.0186753,	-0.354082,	-0.4004,	0.63862,	-0.0588,	9235,	-373,	-6,	-127,	9265,	80,	-67,	-53,	9245,	4,	-62,	-202,	
2,	6,	351969,	1.65255e+015,	1,	-1,	4,	-3,	3,	5,	0,	1,	1.65255e+009,	-0.660569,	-0.491568,	-0.31202,	-0.0756448,	-0.803202,	-0.143604,	-0.0178136,	0.112289,	-0.862619,	-0.0149685,	-0.00247295,	-0.0131394,	-0.976819,	-0.0807216,	-0.0116376,	-0.0855859,	-1.00001,	-0.376062,	-0.0186753,	-0.354082,	-0.4004,	0.63862,	-0.0588,	9245,	-376,	-8,	-120,	9275,	79,	-68,	-50,	9255,	3,	-63,	-198,	
2,	6,	352047,	1.65255e+015,	-1,	-4,	-7,	-4,	-5,	-6,	-2,	-2,	1.65255e+009,	-0.660569,	-0.491568,	-0.31202,	-0.0756448,	-0.803202,	-0.143604,	-0.0178136,	0.112289,	-0.862619,	-0.0149685,	-0.00247295,	-0.0131394,	-0.976819,	-0.0807216,	-0.0116376,	-0.0855859,	-1.00001,	-0.376062,	-0.0186753,	-0.354082,	-0.4004,	0.63862,	-0.0588,	9255,	-381,	-8,	-114,	9285,	78,	-66,	-46,	9265,	2,	-65,	-195,	
2,	6,	352125,	1.65255e+015,	-3,	-7,	-5,	0,	-7,	-4,	-1,	-1,	1.65255e+009,	-0.660569,	-0.491568,	-0.31202,	-0.0756448,	-0.803202,	-0.143604,	-0.0178136,	0.112289,	-0.862619,	-0.0149685,	-0.00247295,	-0.0131394,	-0.976819,	-0.0807216,	-0.0116376,	-0.0855859,	-1.00001,	-0.376062,	-0.0186753,	-0.354082,	-0.4004,	0.63862,	-0.0588,	9265,	-383,	-8,	-110,	9295,	78,	-65,	-44,	9275,	0,	-65,	-192,	
2,	6,	352188,	1.65255e+015,	-3,	-1,	0,	2,	2,	0,	-1,	0,	1.65255e+009,	-0.660569,	-0.491568,	-0.31202,	-0.0756448,	-0.803202,	-0.143604,	-0.0178136,	0.112289,	-0.862619,	-0.0149685,	-0.00247295,	-0.0131394,	-0.976819,	-0.0807216,	-0.0116376,	-0.0855859,	-1.00001,	-0.376062,	-0.0186753,	-0.354082,	-0.4004,	0.63862,	-0.0588,	9275,	-385,	-8,	-110,	9305,	76,	-65,	-42,	9285,	0,	-64,	-189,	
2,	6,	352250,	1.65255e+015,	1,	1,	1,	-11,	-1,	0,	0,	1,	1.65255e+009,	-0.660569,	-0.491568,	-0.31202,	-0.0756448,	-0.803202,	-0.143604,	-0.0178136,	0.112289,	-0.862619,	-0.0149685,	-0.00247295,	-0.0131394,	-0.976819,	-0.0807216,	-0.0116376,	-0.0855859,	-1.00001,	-0.376062,	-0.0186753,	-0.354082,	-0.4004,	0.63862,	-0.0588,	9285,	-384,	-7,	-113,	9315,	76,	-64,	-42,	9295,	-1,	-65,	-187,	
2,	6,	352313,	1.65255e+015,	2,	1,	-3,	-3,	3,	2,	0,	0,	1.65255e+009,	-0.720689,	-0.491568,	-0.31202,	-0.0756448,	-0.803202,	-0.143604,	-0.0178136,	0.103949,	-0.862619,	-0.0149685,	-0.00247295,	-0.0103891,	-0.976819,	-0.0807216,	-0.0116376,	-0.0828356,	-1.00001,	-0.376062,	-0.0186753,	-0.351331,	-0.4004,	0.63862,	-0.0588,	9295,	-383,	-10,	-118,	9325,	75,	-64,	-43,	9305,	0,	-63,	-187,	
2,	6,	352391,	1.65255e+015,	0,	1,	2,	-2,	-10,	-4,	0,	-1,	1.65255e+009,	-0.720689,	-0.491568,	-0.31202,	-0.0756448,	-0.739138,	-0.143604,	-0.0178136,	0.103949,	-0.862619,	-0.0149685,	-0.00247295,	-0.0103891,	-0.976819,	-0.0807216,	-0.0116376,	-0.0828356,	-1.00001,	-0.376062,	-0.0186753,	-0.351331,	-0.4004,	0.63862,	-0.0588,	9305,	-381,	-10,	-121,	9335,	76,	-64,	-44,	9315,	0,	-63,	-188,	
2,	6,	352469,	1.65255e+015,	-7,	-7,	-10,	-3,	2,	1,	-1,	2,	1.65255e+009,	-0.720689,	-0.491568,	-0.31202,	-0.0756448,	-0.739138,	-0.143604,	-0.0178136,	0.103949,	-0.862619,	-0.0149685,	-0.00247295,	-0.0103891,	-0.976819,	-0.0807216,	-0.0116376,	-0.0828356,	-1.00001,	-0.376062,	-0.0186753,	-0.351331,	-0.4004,	0.63862,	-0.0588,	9315,	-381,	-9,	-125,	9345,	78,	-63,	-45,	9325,	1,	-63,	-189,	
2,	6,	352532,	1.65255e+015,	2,	1,	-4,	3,	5,	-1,	-4,	-18,	1.65255e+009,	-0.720689,	-0.491568,	-0.31202,	-0.0756448,	-0.739138,	-0.143604,	-0.0178136,	0.0972771,	-0.941469,	-0.0149685,	-0.00247295,	-0.00818881,	-0.976819,	-0.151686,	-0.0184238,	-0.0806353,	-1.00001,	-0.376062,	-0.0186753,	-0.349131,	-0.4004,	0.63862,	-0.0588,	9325,	-378,	-9,	-130,	9355,	77,	-64,	-47,	9335,	3,	-61,	-191,	
2,	6,	352610,	1.65255e+015,	3,	-3,	-1,	0,	2,	6,	3,	0,	1.65255e+009,	-0.720689,	-0.491568,	-0.31202,	-0.0756448,	-0.739138,	-0.143604,	-0.0178136,	0.0972771,	-1.13071,	-0.0149685,	-0.00247295,	-0.00818881,	-0.976819,	-0.151686,	-0.0184238,	-0.0806353,	-1.00001,	-0.376062,	-0.0186753,	-0.349131,	-0.4004,	0.63862,	-0.04312,	9335,	-376,	-9,	-135,	9365,	78,	-64,	-49,	9345,	4,	-60,	-194,	
2,	6,	352688,	1.65255e+015,	-4,	-2,	-14,	-8,	-4,	-4,	-6,	-3,	1.65255e+009,	-0.720689,	-0.491568,	-0.31202,	-0.0756448,	-0.803202,	-0.0672188,	-0.00998132,	0.0972771,	-1.30418,	-0.0149685,	-0.00247295,	-0.00818881,	-1.08523,	-0.151686,	-0.0184238,	-0.0806353,	-1.00001,	-0.376062,	-0.0186753,	-0.349131,	-0.4004,	0.63862,	-0.04312,	9345,	-374,	-10,	-137,	9375,	79,	-63,	-50,	9355,	5,	-61,	-196,	
2,	6,	352750,	1.65255e+015,	-2,	0,	22,	-2,	3,	3,	0,	7,	1.65255e+009,	-0.795839,	-0.491568,	-0.31202,	-0.0756448,	-0.883282,	-0.0672188,	-0.00998132,	0.0933374,	-1.49342,	-0.114758,	-0.0152947,	-0.00103848,	-1.08523,	-0.151686,	-0.0184238,	-0.091227,	-1.00001,	-0.376062,	-0.0186753,	-0.359723,	-0.4004,	0.63862,	-0.04312,	9355,	-374,	-10,	-139,	9385,	78,	-63,	-49,	9365,	6,	-61,	-196,	
2,	6,	352813,	1.65255e+015,	3,	-1,	-3,	-6,	2,	-3,	-3,	0,	1.65255e+009,	-0.795839,	-0.368368,	-0.31202,	-0.0756448,	-0.963362,	-0.0672188,	-0.00998132,	0.100671,	-1.57227,	-0.114758,	-0.0152947,	0.00629488,	-1.19365,	-0.151686,	-0.0184238,	-0.113464,	-1.00001,	-0.376062,	-0.0186753,	-0.381959,	-0.4004,	0.63862,	-0.04312,	9365,	-374,	-11,	-140,	9395,	78,	-64,	-49,	9375,	7,	-61,	-196,	
2,	6,	352891,	1.65255e+015,	5,	1,	8,	5,	0,	-2,	-2,	2,	1.65255e+009,	-0.795839,	-0.368368,	-0.31202,	-0.0756448,	-1.02743,	-0.0672188,	-0.00998132,	0.0923311,	-1.66689,	-0.214548,	-0.0217433,	0.0090452,	-1.19365,	-0.151686,	-0.0184238,	-0.110713,	-1.00001,	-0.376062,	-0.0186753,	-0.391037,	-0.4004,	0.63862,	-0.04312,	9375,	-374,	-9,	-141,	9405,	77,	-63,	-50,	9385,	6,	-60,	-196,	
2,	6,	352954,	1.65255e+015,	6,	-3,	1,	26,	17,	7,	1,	0,	1.65255e+009,	-0.795839,	-0.368368,	-0.31202,	-0.0756448,	-1.02743,	-0.0672188,	-0.00998132,	0.0981978,	-1.74574,	-0.214548,	-0.0217433,	0.0149119,	-1.19365,	-0.151686,	-0.0184238,	-0.128503,	-1.00001,	-0.376062,	-0.0186753,	-0.408826,	-0.4004,	0.67314,	-0.04312,	9385,	-375,	-8,	-144,	9415,	77,	-63,	-51,	9395,	6,	-60,	-198,	
2,	6,	353032,	1.65255e+015,	3,	-4,	-5,	-2,	-2,	-1,	3,	5,	1.65255e+009,	-0.795839,	-0.368368,	-0.31202,	-0.0756448,	-1.02743,	-0.0672188,	-0.00998132,	0.0981978,	-1.74574,	-0.29438,	-0.0223135,	0.0149119,	-1.28038,	-0.151686,	-0.0184238,	-0.128503,	-1.00001,	-0.376062,	-0.0186753,	-0.408826,	-0.3549,	0.67314,	-0.04312,	9395,	-372,	-8,	-149,	9425,	78,	-64,	-53,	9405,	7,	-59,	-200,	
2,	6,	353110,	1.65255e+015,	0,	5,	-1,	13,	8,	5,	1,	-1,	1.65255e+009,	-0.795839,	-0.368368,	-0.31202,	-0.0756448,	-1.02743,	-0.0672188,	-0.00998132,	0.0981978,	-1.74574,	-0.29438,	-0.0223135,	0.0149119,	-1.28038,	-0.151686,	-0.0184238,	-0.128503,	-1.00001,	-0.376062,	-0.0186753,	-0.408826,	-0.3549,	0.67314,	-0.04312,	9405,	-369,	-8,	-157,	9435,	79,	-62,	-55,	9415,	8,	-58,	-203,	
2,	6,	353188,	1.65255e+015,	1,	4,	28,	5,	3,	1,	3,	8,	1.65255e+009,	-0.795839,	-0.368368,	-0.31202,	-0.0756448,	-1.02743,	-0.0672188,	-0.00998132,	0.0981978,	-1.74574,	-0.29438,	-0.0223135,	0.0149119,	-1.28038,	-0.151686,	-0.0184238,	-0.128503,	-1.00001,	-0.376062,	-0.0186753,	-0.408826,	-0.3549,	0.67314,	-0.04312,	9415,	-364,	-7,	-168,	9445,	80,	-63,	-59,	9425,	10,	-57,	-208,	
2,	6,	353266,	1.65255e+015,	3,	4,	-6,	9,	14,	6,	2,	0,	1.65255e+009,	-0.795839,	-0.368368,	-0.31202,	-0.0756448,	-1.02743,	-0.0672188,	-0.00998132,	0.0981978,	-1.74574,	-0.29438,	-0.0223135,	0.0149119,	-1.28038,	-0.151686,	-0.0184238,	-0.128503,	-1.00001,	-0.376062,	-0.0186753,	-0.408826,	-0.3549,	0.67314,	-0.04312,	9425,	-360,	-7,	-182,	9455,	84,	-62,	-63,	9435,	11,	-54,	-213,	
2,	6,	353344,	1.65255e+015,	-3,	1,	-13,	-5,	3,	2,	0,	-1,	1.65255e+009,	-0.795839,	-0.368368,	-0.31202,	-0.0756448,	-1.02743,	-0.0672188,	-0.00998132,	0.0981978,	-1.74574,	-0.29438,	-0.0223135,	0.0149119,	-1.28038,	-0.151686,	-0.0184238,	-0.128503,	-1.00001,	-0.376062,	-0.0186753,	-0.408826,	-0.3549,	0.67314,	-0.04312,	9435,	-353,	-7,	-199,	9465,	86,	-62,	-69,	9445,	15,	-52,	-219,	
2,	6,	353422,	1.65255e+015,	1,	2,	0,	0,	-5,	1,	2,	-1,	1.65255e+009,	-0.795839,	-0.368368,	-0.31202,	-0.0756448,	-1.02743,	-0.0672188,	-0.00998132,	0.0981978,	-1.74574,	-0.29438,	-0.0223135,	0.0149119,	-1.28038,	-0.151686,	-0.0184238,	-0.128503,	-1.00001,	-0.376062,	-0.0186753,	-0.408826,	-0.3549,	0.67314,	-0.04312,	9445,	-347,	-7,	-217,	9475,	89,	-62,	-75,	9455,	16,	-50,	-226,	
2,	6,	353485,	1.65255e+015,	11,	7,	18,	30,	7,	1,	-3,	-22,	1.65255e+009,	-0.795839,	-0.368368,	-0.31202,	-0.0756448,	-1.02743,	-0.0672188,	-0.00998132,	0.0981978,	-1.74574,	-0.29438,	-0.0223135,	0.0149119,	-1.28038,	-0.151686,	-0.0184238,	-0.128503,	-1.00001,	-0.376062,	-0.0186753,	-0.408826,	-0.3549,	0.67314,	-0.04312,	9455,	-341,	-6,	-239,	9485,	91,	-60,	-81,	9465,	18,	-50,	-234,	
2,	6,	353563,	1.65255e+015,	4,	-3,	-29,	3,	6,	4,	-1,	-1,	1.65255e+009,	-0.795839,	-0.368368,	-0.31202,	-0.0756448,	-0.915314,	-0.0672188,	-0.00998132,	0.0981978,	-1.44611,	-0.29438,	-0.0223135,	0.0149119,	-1.19365,	-0.151686,	-0.0184238,	-0.128503,	-1.00001,	-0.376062,	-0.0186753,	-0.408826,	-0.3549,	0.67314,	-0.04312,	9465,	-333,	-6,	-261,	9495,	94,	-62,	-88,	9475,	23,	-47,	-243,	
2,	6,	353625,	1.65255e+015,	-2,	2,	4,	-8,	-6,	1,	-1,	-1,	1.65255e+009,	-0.795839,	-0.245168,	-0.31202,	-0.0756448,	-0.739138,	-0.0672188,	-0.00998132,	0.0835311,	-1.00455,	-0.174633,	-0.0199286,	0.000245171,	-1.02019,	-0.151686,	-0.0184238,	-0.0840293,	-0.890358,	-0.376062,	-0.0186753,	-0.364353,	-0.3549,	0.67314,	-0.04312,	9475,	-326,	-6,	-283,	9505,	97,	-61,	-94,	9485,	25,	-46,	-252,	
2,	6,	353704,	1.65255e+015,	8,	1,	-22,	-5,	-4,	-5,	-1,	0,	1.65255e+009,	-0.795839,	-0.245168,	-0.31202,	-0.0756448,	-0.675074,	-0.0672188,	-0.00998132,	0.0889374,	-0.878389,	-0.0948005,	-0.0132402,	-0.00543849,	-0.933453,	-0.151686,	-0.0184238,	-0.077885,	-0.890358,	-0.376062,	-0.0186753,	-0.358209,	-0.4004,	0.67314,	-0.04312,	9485,	-316,	-5,	-303,	9515,	103,	-62,	-101,	9495,	30,	-44,	-262,	
2,	6,	353782,	1.65255e+015,	0,	0,	0,	7,	11,	7,	0,	-3,	1.65255e+009,	-0.795839,	-0.245168,	-0.31202,	-0.0953568,	-0.675074,	-0.0672188,	-0.00998132,	0.0889374,	-0.799539,	-0.0948005,	-0.0132402,	-0.00543849,	-0.933453,	-0.151686,	-0.0184238,	-0.077885,	-0.890358,	-0.376062,	-0.0186753,	-0.346381,	-0.4004,	0.67314,	-0.04312,	9495,	-307,	-3,	-321,	9525,	106,	-61,	-108,	9505,	33,	-42,	-273,	
2,	6,	353844,	1.65255e+015,	-1,	-3,	6,	-1,	-2,	2,	0,	-2,	1.65255e+009,	-0.795839,	-0.245168,	-0.31202,	-0.0953568,	-0.675074,	-0.0672188,	-0.00998132,	0.0889374,	-0.799539,	-0.0948005,	-0.0132402,	-0.00543849,	-0.933453,	-0.151686,	-0.0184238,	-0.077885,	-0.890358,	-0.376062,	-0.0186753,	-0.346381,	-0.4459,	0.63862,	-0.04312,	9505,	-296,	-2,	-339,	9535,	110,	-60,	-114,	9515,	38,	-41,	-283,	
2,	6,	353907,	1.65255e+015,	2,	3,	53,	11,	4,	0,	-1,	-12,	1.65255e+009,	-0.795839,	-0.245168,	-0.31202,	-0.0953568,	-0.675074,	-0.0672188,	-0.00998132,	0.0830707,	-0.799539,	-0.0948005,	-0.0132402,	-0.0113052,	-0.933453,	-0.151686,	-0.0184238,	-0.0600957,	-0.802638,	-0.376062,	-0.0186753,	-0.328591,	-0.4459,	0.63862,	-0.04312,	9515,	-286,	0,	-356,	9545,	114,	-60,	-120,	9525,	44,	-38,	-292,	
2,	6,	353969,	1.65255e+015,	-7,	-5,	-26,	-6,	-4,	-8,	-1,	10,	1.65255e+009,	-0.795839,	-0.245168,	-0.31202,	-0.0953568,	-0.675074,	-0.0672188,	-0.00998132,	0.0830707,	-0.799539,	-0.0948005,	-0.0132402,	-0.0113052,	-0.846721,	-0.151686,	-0.0184238,	-0.0600957,	-0.802638,	-0.376062,	-0.0186753,	-0.328591,	-0.4459,	0.63862,	-0.04312,	9525,	-280,	0,	-371,	9555,	117,	-62,	-124,	9535,	48,	-37,	-299,	
2,	6,	354032,	1.65255e+015,	-6,	-4,	-4,	1,	-1,	-4,	-5,	-10,	1.65255e+009,	-0.795839,	-0.245168,	-0.31202,	-0.0953568,	-0.594994,	-0.0672188,	-0.00998132,	0.077204,	-0.799539,	-0.19459,	-0.0209634,	-0.0171719,	-0.846721,	-0.151686,	-0.0184238,	-0.0423064,	-0.802638,	-0.376062,	-0.0186753,	-0.310802,	-0.4914,	0.63862,	-0.04312,	9535,	-277,	-1,	-381,	9565,	117,	-62,	-125,	9545,	50,	-35,	-302,	
2,	6,	354094,	1.65255e+015,	3,	-7,	-14,	5,	1,	7,	6,	-17,	1.65255e+009,	-0.795839,	-0.245168,	-0.31202,	-0.0953568,	-0.594994,	-0.143604,	-0.0178136,	0.077204,	-0.720689,	-0.434087,	-0.0134968,	-0.0171719,	-0.846721,	-0.151686,	-0.0184238,	-0.0423064,	-0.692988,	-0.376062,	-0.0186753,	-0.310802,	-0.4914,	0.63862,	-0.04312,	9545,	-278,	-3,	-388,	9575,	116,	-64,	-127,	9555,	49,	-35,	-301,	
2,	6,	354172,	1.65255e+015,	2,	24,	39,	21,	8,	16,	19,	9,	1.65255e+009,	-0.870988,	-0.245168,	-0.31202,	-0.0953568,	-0.594994,	-0.143604,	-0.0178136,	0.0845374,	-0.957239,	-0.633667,	-0.0207673,	-0.00983851,	-0.759989,	-0.22265,	-0.0219871,	-0.064543,	-0.692988,	-0.376062,	-0.0186753,	-0.333039,	-0.4368,	0.63862,	-0.04312,	9555,	-278,	-4,	-391,	9585,	116,	-64,	-127,	9565,	47,	-35,	-302,	
2,	6,	354235,	1.65255e+015,	7,	2,	22,	-1,	2,	3,	6,	-14,	1.65255e+009,	-0.931109,	-0.245168,	-0.31202,	-0.0953568,	-0.594994,	-0.143604,	-0.0178136,	0.0912091,	-1.00455,	-1.07274,	-0.185882,	-0.0120388,	-0.759989,	-0.22265,	-0.0219871,	-0.0667433,	-0.692988,	-0.376062,	-0.0186753,	-0.335239,	-0.4368,	0.63862,	-0.04312,	28705,	-260,	0,	-400,	28735,	126,	-53,	-133,	28725,	56,	-31,	-323,	
2,	6,	354297,	1.65255e+015,	-4,	-4,	-13,	-19,	-11,	-7,	-9,	-9,	1.65255e+009,	-0.931109,	-0.245168,	-0.31202,	-0.0953568,	-0.594994,	-0.204712,	-0.0213908,	0.0853425,	-0.815309,	-1.4719,	-0.443056,	-0.0179055,	-0.759989,	-0.22265,	-0.0219871,	-0.048954,	-0.692988,	-0.376062,	-0.0186753,	-0.31745,	-0.4368,	0.63862,	-0.04312,	28715,	-260,	0,	-400,	28745,	126,	-53,	-133,	28735,	57,	-31,	-323,	
2,	6,	354375,	1.65255e+015,	-3,	-12,	-84,	16,	-2,	-8,	-5,	-4,	1.65255e+009,	-0.931109,	-0.245168,	-0.31202,	-0.115069,	-0.594994,	-0.204712,	-0.0213908,	0.0853425,	-0.720689,	-1.4719,	-0.443056,	-0.0179055,	-0.759989,	-0.22265,	-0.0219871,	-0.048954,	-0.692988,	-0.376062,	-0.0186753,	-0.31745,	-0.4368,	0.63862,	-0.04312,	28725,	-260,	0,	-399,	28755,	125,	-53,	-132,	28745,	57,	-30,	-322,	
2,	6,	354438,	1.65255e+015,	-4,	0,	3,	6,	1,	1,	1,	0,	1.65255e+009,	-0.931109,	-0.245168,	-0.31202,	-0.115069,	-0.594994,	-0.204712,	-0.0213908,	0.0853425,	-0.720689,	-1.57169,	-0.523282,	-0.0179055,	-0.759989,	-0.22265,	-0.0219871,	-0.048954,	-0.692988,	-0.376062,	-0.0186753,	-0.31745,	-0.4368,	0.63862,	-0.04312,	28735,	-261,	0,	-398,	28765,	126,	-53,	-132,	28755,	56,	-31,	-322,	
2,	6,	354500,	1.65255e+015,	-5,	7,	37,	21,	9,	2,	5,	1,	1.65255e+009,	-0.931109,	-0.245168,	-0.31202,	-0.115069,	-0.594994,	-0.204712,	-0.0213908,	0.0794758,	-0.720689,	-1.57169,	-0.523282,	-0.0237721,	-0.759989,	-0.22265,	-0.0219871,	-0.0311646,	-0.692988,	-0.376062,	-0.0186753,	-0.29966,	-0.4368,	0.63862,	-0.04312,	28745,	-262,	-1,	-399,	28775,	126,	-54,	-132,	28765,	57,	-30,	-322,	
2,	6,	354579,	1.65255e+015,	8,	-9,	-38,	-20,	-9,	-4,	-2,	-6,	1.65255e+009,	-0.931109,	-0.245168,	-0.31202,	-0.115069,	-0.594994,	-0.204712,	-0.0213908,	0.072804,	-0.641839,	-1.57169,	-0.523282,	-0.0215719,	-0.759989,	-0.22265,	-0.0219871,	-0.0289644,	-0.605268,	-0.376062,	-0.0186753,	-0.29746,	-0.4368,	0.63862,	-0.04312,	28755,	-260,	0,	-399,	28785,	125,	-54,	-131,	28775,	57,	-31,	-322,	
2,	6,	354641,	1.65255e+015,	-2,	-4,	31,	-15,	-16,	-3,	0,	-4,	1.65255e+009,	-0.931109,	-0.245168,	-0.31202,	-0.115069,	-0.594994,	-0.204712,	-0.0213908,	0.072804,	-0.641839,	-1.57169,	-0.523282,	-0.0215719,	-0.759989,	-0.22265,	-0.0219871,	-0.0289644,	-0.605268,	-0.376062,	-0.0186753,	-0.29746,	-0.4368,	0.63862,	-0.04312,	28765,	-261,	0,	-398,	28795,	125,	-53,	-131,	28785,	57,	-31,	-322,	
2,	6,	354704,	1.65255e+015,	-4,	-4,	3,	7,	-4,	2,	0,	-2,	1.65255e+009,	-0.931109,	-0.245168,	-0.31202,	-0.115069,	-0.594994,	-0.204712,	-0.0213908,	0.072804,	-0.641839,	-1.57169,	-0.523282,	-0.0215719,	-0.759989,	-0.22265,	-0.0219871,	-0.0289644,	-0.605268,	-0.376062,	-0.0186753,	-0.29746,	-0.4368,	0.63862,	-0.04312,	28775,	-262,	0,	-399,	28805,	124,	-53,	-131,	28795,	57,	-30,	-322,	
2,	6,	354782,	1.65255e+015,	3,	0,	29,	11,	6,	3,	-10,	3,	1.65255e+009,	-0.931109,	-0.245168,	-0.31202,	-0.115069,	-0.594994,	-0.204712,	-0.0213908,	0.072804,	-0.641839,	-1.57169,	-0.523282,	-0.0215719,	-0.759989,	-0.22265,	-0.0219871,	-0.0289644,	-0.605268,	-0.376062,	-0.0186753,	-0.29746,	-0.4368,	0.63862,	-0.04312,	28785,	-261,	1,	-399,	28815,	125,	-52,	-131,	28805,	57,	-30,	-321,	
2,	6,	354860,	1.65255e+015,	5,	8,	84,	7,	-3,	-1,	-1,	5,	1.65255e+009,	-0.870988,	-0.245168,	-0.31202,	-0.115069,	-0.594994,	-0.204712,	-0.0213908,	0.072804,	-0.641839,	-1.57169,	-0.523282,	-0.0215719,	-0.759989,	-0.22265,	-0.0219871,	-0.0289644,	-0.605268,	-0.376062,	-0.0186753,	-0.29746,	-0.4368,	0.63862,	-0.04312,	28795,	-262,	0,	-399,	28825,	126,	-52,	-131,	28815,	57,	-29,	-321,	
2,	6,	354938,	1.65255e+015,	3,	3,	-10,	-1,	3,	5,	3,	0,	1.65255e+009,	-0.870988,	-0.245168,	-0.31202,	-0.115069,	-0.594994,	-0.204712,	-0.0213908,	0.072804,	-0.578759,	-1.29228,	-0.314709,	-0.0215719,	-0.759989,	-0.22265,	-0.0219871,	-0.0289644,	-0.605268,	-0.376062,	-0.0186753,	-0.29746,	-0.4368,	0.63862,	-0.04312,	28805,	-261,	0,	-398,	28835,	126,	-52,	-131,	28825,	56,	-31,	-321,	
2,	6,	355016,	1.65255e+015,	3,	1,	5,	11,	6,	4,	-5,	2,	1.65255e+009,	-0.795839,	-0.245168,	-0.31202,	-0.115069,	-0.498898,	-0.204712,	-0.0213908,	0.0786707,	-0.578759,	-0.513919,	-0.00285023,	-0.0157052,	-0.759989,	-0.22265,	-0.0219871,	-0.0467537,	-0.605268,	-0.376062,	-0.0186753,	-0.315249,	-0.4732,	0.63862,	-0.04312,	28815,	-260,	0,	-398,	28845,	126,	-52,	-131,	28835,	56,	-30,	-320,	
2,	6,	355094,	1.65255e+015,	4,	3,	-5,	-9,	-1,	-1,	0,	2,	1.65255e+009,	-0.795839,	-0.245168,	-0.31202,	-0.115069,	-0.498898,	-0.204712,	-0.0213908,	0.0786707,	-0.499909,	-0.334296,	-0.0210691,	-0.0157052,	-0.759989,	-0.151686,	-0.0184238,	-0.0467537,	-0.605268,	-0.376062,	-0.0186753,	-0.315249,	-0.4732,	0.63862,	-0.04312,	28825,	-260,	1,	-398,	28855,	125,	-53,	-131,	28845,	57,	-31,	-321,	
