1,	7,	297985,	1.65255e+015,	-13,	-16,	-42,	-22,	8,	-5,	-8,	-18,	1.65255e+009,	-1.02129,	-0.540848,	-0.245984,	-0.0953568,	-1.58799,	-0.72413,	-0.0446944,	0.146251,	-0.973009,	-0.0149685,	-0.00247295,	-0.0301909,	-0.738306,	-0.133945,	-0.0170294,	-0.0848954,	-0.539478,	-0.273558,	-0.022558,	-0.294251,	-0.273,	0.6041,	-0.04312,	28751,	-298,	4,	-363,	28791,	120,	-50,	-80,	28771,	31,	-44,	-296,	
1,	7,	298063,	1.65255e+015,	2,	5,	-10,	-4,	9,	6,	1,	-2,	1.65255e+009,	-1.02129,	-0.540848,	-0.245984,	-0.0805728,	-1.33173,	-0.479698,	-0.00791343,	0.108032,	-0.704919,	-0.0149685,	-0.00247295,	-0.03514,	-0.738306,	-0.133945,	-0.0170294,	-0.0366185,	-0.539478,	-0.273558,	-0.022558,	-0.245974,	-0.4095,	0.6041,	-0.04312,	28761,	-299,	2,	-364,	28801,	119,	-50,	-81,	28781,	31,	-43,	-297,	
1,	7,	298141,	1.65255e+015,	-5,	-2,	16,	24,	-8,	-6,	-1,	-2,	1.65255e+009,	-0.961169,	-0.540848,	-0.245984,	-0.0805728,	-0.755154,	-0.204712,	-0.0213908,	0.0541976,	-0.421059,	-0.0149685,	-0.00247295,	-0.0290883,	-0.629891,	-0.133945,	-0.0170294,	0.00491723,	-0.539478,	-0.273558,	-0.022558,	-0.204438,	-0.5824,	0.6041,	-0.04312,	28771,	-299,	4,	-364,	28811,	119,	-50,	-82,	28791,	31,	-43,	-298,	
1,	7,	298204,	1.65255e+015,	0,	3,	-13,	2,	0,	0,	0,	-1,	1.65255e+009,	-0.886019,	-0.540848,	-0.245984,	-0.0805728,	-0.61101,	-0.128327,	-0.0165459,	0.0358503,	-0.421059,	-0.0149685,	-0.00247295,	-0.0230376,	-0.629891,	-0.0452396,	-0.00703581,	0.0109679,	-0.451758,	-0.273558,	-0.022558,	-0.198388,	-0.6279,	0.6041,	-0.04312,	28781,	-299,	3,	-364,	28821,	119,	-48,	-81,	28801,	30,	-42,	-298,	
1,	7,	298282,	1.65255e+015,	4,	11,	26,	1,	0,	2,	0,	2,	1.65255e+009,	-0.886019,	-0.540848,	-0.245984,	-0.0805728,	-0.53093,	-0.128327,	-0.0165459,	0.0299837,	-0.421059,	-0.0149685,	-0.00247295,	-0.0289043,	-0.629891,	-0.0452396,	-0.00703581,	0.0287572,	-0.451758,	-0.273558,	-0.022558,	-0.180598,	-0.6279,	0.6041,	-0.04312,	28791,	-298,	4,	-363,	28831,	119,	-49,	-79,	28811,	30,	-43,	-297,	
1,	7,	298360,	1.65255e+015,	-1,	4,	-16,	-14,	-2,	4,	0,	5,	1.65255e+009,	-0.886019,	-0.540848,	-0.245984,	-0.0805728,	-0.53093,	-0.128327,	-0.0165459,	0.0299837,	-0.421059,	-0.0149685,	-0.00247295,	-0.0289043,	-0.629891,	-0.0452396,	-0.00703581,	0.0287572,	-0.451758,	-0.273558,	-0.022558,	-0.180598,	-0.6279,	0.6041,	-0.04312,	28801,	-298,	3,	-363,	28841,	119,	-48,	-78,	28821,	30,	-40,	-296,	
1,	7,	298422,	1.65255e+015,	-1,	10,	0,	6,	-1,	0,	0,	3,	1.65255e+009,	-0.886019,	-0.540848,	-0.245984,	-0.0805728,	-0.53093,	-0.128327,	-0.0165459,	0.0299837,	-0.421059,	-0.0149685,	-0.00247295,	-0.0289043,	-0.629891,	-0.0452396,	-0.00703581,	0.0287572,	-0.451758,	-0.273558,	-0.022558,	-0.180598,	-0.6279,	0.6041,	-0.04312,	28811,	-298,	3,	-362,	28851,	118,	-49,	-77,	28831,	30,	-42,	-296,	
1,	7,	298500,	1.65255e+015,	-1,	0,	2,	-11,	0,	1,	-3,	-2,	1.65255e+009,	-0.825899,	-0.540848,	-0.245984,	-0.0805728,	-0.53093,	-0.128327,	-0.0165459,	0.0299837,	-0.421059,	-0.0149685,	-0.00247295,	-0.0289043,	-0.629891,	-0.0452396,	-0.00703581,	0.0287572,	-0.451758,	-0.273558,	-0.022558,	-0.180598,	-0.6279,	0.6041,	-0.04312,	28821,	-299,	3,	-362,	28861,	118,	-49,	-76,	28841,	30,	-42,	-295,	
1,	7,	298563,	1.65255e+015,	0,	-13,	-12,	-8,	-6,	-3,	-1,	2,	1.65255e+009,	-0.825899,	-0.540848,	-0.245984,	-0.0805728,	-0.53093,	-0.128327,	-0.0165459,	0.0299837,	-0.421059,	-0.0149685,	-0.00247295,	-0.0289043,	-0.629891,	-0.0452396,	-0.00703581,	0.0287572,	-0.451758,	-0.273558,	-0.022558,	-0.180598,	-0.6643,	0.6041,	-0.04312,	28831,	-300,	3,	-363,	28871,	118,	-50,	-77,	28851,	29,	-41,	-295,	
1,	7,	298625,	1.65255e+015,	2,	-5,	10,	-6,	1,	5,	1,	7,	1.65255e+009,	-0.825899,	-0.540848,	-0.245984,	-0.0805728,	-0.53093,	-0.128327,	-0.0165459,	0.0299837,	-0.421059,	-0.0149685,	-0.00247295,	-0.0289043,	-0.629891,	-0.0452396,	-0.00703581,	0.0287572,	-0.451758,	-0.273558,	-0.022558,	-0.180598,	-0.6643,	0.6041,	-0.04312,	28841,	-297,	3,	-363,	28881,	118,	-51,	-78,	28861,	31,	-42,	-295,	
1,	7,	298704,	1.65255e+015,	2,	-1,	-16,	0,	-3,	-3,	-2,	0,	1.65255e+009,	-0.825899,	-0.540848,	-0.245984,	-0.0805728,	-0.53093,	-0.128327,	-0.0165459,	0.0299837,	-0.421059,	-0.0149685,	-0.00247295,	-0.0289043,	-0.629891,	-0.0452396,	-0.00703581,	0.0287572,	-0.451758,	-0.273558,	-0.022558,	-0.180598,	-0.6643,	0.6041,	-0.04312,	28851,	-298,	2,	-364,	28891,	119,	-50,	-79,	28871,	31,	-41,	-296,	
1,	7,	298766,	1.65255e+015,	1,	3,	9,	17,	1,	1,	0,	11,	1.65255e+009,	-0.825899,	-0.540848,	-0.245984,	-0.0805728,	-0.53093,	-0.128327,	-0.0165459,	0.0358503,	-0.421059,	-0.0149685,	-0.00247295,	-0.0230376,	-0.629891,	-0.0452396,	-0.00703581,	0.0109679,	-0.451758,	-0.273558,	-0.022558,	-0.198388,	-0.6643,	0.6041,	-0.04312,	28861,	-299,	2,	-364,	28901,	118,	-50,	-81,	28881,	31,	-42,	-297,	
1,	7,	298829,	1.65255e+015,	0,	-1,	-6,	-6,	1,	0,	0,	-1,	1.65255e+009,	-0.825899,	-0.540848,	-0.245984,	-0.0805728,	-0.53093,	-0.128327,	-0.0165459,	0.0358503,	-0.421059,	-0.0149685,	-0.00247295,	-0.0230376,	-0.629891,	-0.0452396,	-0.00703581,	0.0109679,	-0.451758,	-0.273558,	-0.022558,	-0.198388,	-0.6643,	0.6041,	-0.04312,	28871,	-298,	3,	-364,	28911,	119,	-50,	-82,	28891,	31,	-41,	-298,	
1,	7,	298891,	1.65255e+015,	-7,	-7,	12,	4,	-7,	-1,	-3,	-3,	1.65255e+009,	-0.825899,	-0.540848,	-0.245984,	-0.0805728,	-0.53093,	-0.128327,	-0.0165459,	0.0358503,	-0.421059,	-0.0149685,	-0.00247295,	-0.0230376,	-0.629891,	-0.0452396,	-0.00703581,	0.0109679,	-0.451758,	-0.273558,	-0.022558,	-0.198388,	-0.6279,	0.6041,	-0.04312,	28881,	-297,	3,	-365,	28921,	119,	-50,	-83,	28901,	31,	-42,	-298,	
1,	7,	298954,	1.65255e+015,	-10,	-3,	19,	-1,	0,	-1,	-1,	-1,	1.65255e+009,	-0.825899,	-0.540848,	-0.245984,	-0.0805728,	-0.53093,	-0.128327,	-0.0165459,	0.0358503,	-0.421059,	-0.0149685,	-0.00247295,	-0.0230376,	-0.629891,	-0.116204,	-0.0154336,	0.0109679,	-0.451758,	-0.273558,	-0.022558,	-0.198388,	-0.6279,	0.6041,	-0.04312,	28891,	-297,	4,	-364,	28931,	119,	-49,	-82,	28911,	31,	-41,	-298,	
1,	7,	299032,	1.65255e+015,	-12,	-10,	24,	-6,	4,	3,	0,	-6,	1.65255e+009,	-0.825899,	-0.540848,	-0.245984,	-0.0805728,	-0.53093,	-0.128327,	-0.0165459,	0.0450529,	-0.421059,	-0.0149685,	-0.00247295,	-0.018271,	-0.629891,	-0.116204,	-0.0154336,	-0.0079215,	-0.451758,	-0.273558,	-0.022558,	-0.217277,	-0.5824,	0.6041,	-0.04312,	28901,	-298,	3,	-364,	28941,	119,	-49,	-82,	28921,	31,	-42,	-298,	
1,	7,	299094,	1.65255e+015,	5,	8,	9,	11,	15,	5,	0,	0,	1.65255e+009,	-0.825899,	-0.540848,	-0.245984,	-0.0805728,	-0.53093,	-0.128327,	-0.0165459,	0.0450529,	-0.421059,	-0.0149685,	-0.00247295,	-0.018271,	-0.629891,	-0.116204,	-0.0154336,	-0.0079215,	-0.451758,	-0.273558,	-0.022558,	-0.217277,	-0.5824,	0.6041,	-0.04312,	28911,	-297,	4,	-363,	28951,	119,	-48,	-80,	28931,	30,	-41,	-297,	
1,	7,	299172,	1.65255e+015,	1,	4,	2,	3,	5,	3,	0,	3,	1.65255e+009,	-0.825899,	-0.540848,	-0.245984,	-0.0805728,	-0.53093,	-0.128327,	-0.0165459,	0.0450529,	-0.421059,	-0.0149685,	-0.00247295,	-0.018271,	-0.629891,	-0.116204,	-0.0154336,	-0.0079215,	-0.451758,	-0.273558,	-0.022558,	-0.217277,	-0.5824,	0.6041,	-0.04312,	28921,	-298,	5,	-363,	28961,	120,	-48,	-80,	28941,	30,	-40,	-297,	
1,	7,	299235,	1.65255e+015,	-3,	-3,	56,	3,	9,	-4,	-3,	-4,	1.65255e+009,	-0.825899,	-0.540848,	-0.245984,	-0.0805728,	-0.53093,	-0.128327,	-0.0165459,	0.0450529,	-0.421059,	-0.0149685,	-0.00247295,	-0.018271,	-0.629891,	-0.116204,	-0.0154336,	-0.0079215,	-0.451758,	-0.273558,	-0.022558,	-0.217277,	-0.5824,	0.6041,	-0.04312,	28931,	-298,	4,	-364,	28971,	119,	-50,	-81,	28951,	30,	-41,	-297,	
1,	7,	299313,	1.65255e+015,	-2,	0,	-5,	15,	-3,	-1,	-1,	-5,	1.65255e+009,	-0.825899,	-0.540848,	-0.245984,	-0.0805728,	-0.53093,	-0.128327,	-0.0165459,	0.0450529,	-0.421059,	-0.0149685,	-0.00247295,	-0.018271,	-0.629891,	-0.116204,	-0.0154336,	-0.0079215,	-0.451758,	-0.273558,	-0.022558,	-0.217277,	-0.5824,	0.6041,	-0.04312,	28941,	-296,	3,	-365,	28981,	119,	-50,	-81,	28961,	31,	-41,	-298,	
1,	7,	299391,	1.65255e+015,	-4,	-2,	6,	-16,	-6,	-2,	-2,	1,	1.65255e+009,	-0.825899,	-0.540848,	-0.245984,	-0.0805728,	-0.53093,	-0.128327,	-0.0165459,	0.0450529,	-0.421059,	-0.0149685,	-0.00247295,	-0.018271,	-0.629891,	-0.116204,	-0.0154336,	-0.0079215,	-0.451758,	-0.273558,	-0.022558,	-0.217277,	-0.5824,	0.6041,	-0.04312,	28951,	-296,	3,	-366,	28991,	120,	-50,	-82,	28971,	31,	-41,	-298,	
1,	7,	299469,	1.65255e+015,	-1,	-7,	-20,	-11,	2,	1,	-2,	-1,	1.65255e+009,	-0.825899,	-0.540848,	-0.245984,	-0.0805728,	-0.53093,	-0.128327,	-0.0165459,	0.0450529,	-0.421059,	-0.0149685,	-0.00247295,	-0.018271,	-0.629891,	-0.116204,	-0.0154336,	-0.0079215,	-0.451758,	-0.273558,	-0.022558,	-0.217277,	-0.5824,	0.6041,	-0.04312,	28961,	-294,	4,	-367,	29001,	121,	-50,	-83,	28981,	31,	-41,	-299,	
1,	7,	299532,	1.65255e+015,	-3,	-3,	-13,	10,	3,	0,	-2,	-4,	1.65255e+009,	-0.825899,	-0.540848,	-0.245984,	-0.0805728,	-0.53093,	-0.128327,	-0.0165459,	0.0450529,	-0.421059,	-0.0149685,	-0.00247295,	-0.018271,	-0.629891,	-0.116204,	-0.0154336,	-0.0079215,	-0.451758,	-0.273558,	-0.022558,	-0.217277,	-0.5824,	0.6041,	-0.04312,	28971,	-293,	3,	-369,	29011,	121,	-49,	-84,	28991,	32,	-39,	-300,	
1,	7,	299610,	1.65255e+015,	-6,	-17,	-41,	-7,	-1,	-1,	0,	3,	1.65255e+009,	-0.825899,	-0.540848,	-0.245984,	-0.0805728,	-0.53093,	-0.128327,	-0.0165459,	0.0450529,	-0.421059,	-0.0149685,	-0.00247295,	-0.018271,	-0.629891,	-0.116204,	-0.0154336,	-0.0079215,	-0.451758,	-0.273558,	-0.022558,	-0.217277,	-0.5824,	0.6041,	-0.04312,	28981,	-293,	4,	-370,	29021,	120,	-49,	-85,	29001,	32,	-40,	-301,	
1,	7,	299672,	1.65255e+015,	-4,	-9,	-6,	-15,	-4,	1,	0,	-4,	1.65255e+009,	-0.825899,	-0.540848,	-0.245984,	-0.0805728,	-0.53093,	-0.128327,	-0.0165459,	0.0450529,	-0.421059,	-0.0149685,	-0.00247295,	-0.018271,	-0.629891,	-0.116204,	-0.0154336,	-0.0079215,	-0.451758,	-0.273558,	-0.022558,	-0.217277,	-0.5824,	0.6041,	-0.04312,	28991,	-293,	4,	-369,	29031,	120,	-48,	-86,	29011,	32,	-39,	-301,	
1,	7,	299750,	1.65255e+015,	-1,	4,	16,	-1,	-8,	-5,	-3,	0,	1.65255e+009,	-0.825899,	-0.540848,	-0.245984,	-0.0805728,	-0.53093,	-0.128327,	-0.0165459,	0.0450529,	-0.421059,	-0.0149685,	-0.00247295,	-0.018271,	-0.629891,	-0.116204,	-0.0154336,	-0.0079215,	-0.451758,	-0.273558,	-0.022558,	-0.217277,	-0.5824,	0.6041,	-0.04312,	29001,	-294,	4,	-369,	29041,	119,	-47,	-86,	29021,	32,	-40,	-301,	
1,	7,	299829,	1.65255e+015,	-5,	-8,	-14,	-9,	-5,	-3,	-3,	-3,	1.65255e+009,	-0.825899,	-0.540848,	-0.245984,	-0.0805728,	-0.53093,	-0.128327,	-0.0165459,	0.0450529,	-0.421059,	-0.0149685,	-0.00247295,	-0.018271,	-0.629891,	-0.116204,	-0.0154336,	-0.0079215,	-0.451758,	-0.273558,	-0.022558,	-0.217277,	-0.5824,	0.6041,	-0.04312,	29011,	-293,	5,	-369,	29051,	120,	-48,	-86,	29031,	32,	-38,	-301,	
1,	7,	299891,	1.65255e+015,	-3,	-1,	7,	0,	3,	1,	-2,	3,	1.65255e+009,	-0.825899,	-0.540848,	-0.245984,	-0.0805728,	-0.53093,	-0.128327,	-0.0165459,	0.0450529,	-0.421059,	-0.0149685,	-0.00247295,	-0.018271,	-0.629891,	-0.116204,	-0.0154336,	-0.0079215,	-0.451758,	-0.273558,	-0.022558,	-0.217277,	-0.5824,	0.6041,	-0.04312,	29021,	-294,	5,	-370,	29061,	118,	-48,	-87,	29041,	31,	-39,	-301,	
1,	7,	299969,	1.65255e+015,	-5,	-8,	19,	-4,	-7,	-1,	0,	-1,	1.65255e+009,	-0.825899,	-0.540848,	-0.245984,	-0.0805728,	-0.53093,	-0.128327,	-0.0165459,	0.0450529,	-0.421059,	-0.0149685,	-0.00247295,	-0.018271,	-0.629891,	-0.116204,	-0.0154336,	-0.0079215,	-0.451758,	-0.273558,	-0.022558,	-0.217277,	-0.5824,	0.6041,	-0.04312,	29031,	-292,	5,	-370,	29071,	120,	-48,	-87,	29051,	32,	-38,	-301,	
1,	7,	300032,	1.65255e+015,	-3,	5,	29,	9,	12,	8,	0,	-3,	1.65255e+009,	-0.765779,	-0.540848,	-0.245984,	-0.0805728,	-0.53093,	-0.128327,	-0.0165459,	0.0450529,	-0.421059,	-0.0149685,	-0.00247295,	-0.018271,	-0.629891,	-0.116204,	-0.0154336,	-0.0079215,	-0.451758,	-0.273558,	-0.022558,	-0.217277,	-0.5824,	0.6041,	-0.04312,	29041,	-293,	4,	-371,	29081,	120,	-48,	-88,	29061,	32,	-38,	-302,	
1,	7,	300110,	1.65255e+015,	2,	6,	36,	0,	-10,	-5,	-1,	3,	1.65255e+009,	-0.765779,	-0.540848,	-0.245984,	-0.0805728,	-0.53093,	-0.128327,	-0.0165459,	0.0450529,	-0.421059,	-0.0149685,	-0.00247295,	-0.018271,	-0.629891,	-0.116204,	-0.0154336,	-0.0079215,	-0.451758,	-0.273558,	-0.022558,	-0.217277,	-0.5824,	0.6041,	-0.04312,	29051,	-292,	5,	-372,	29091,	121,	-48,	-88,	29071,	33,	-38,	-303,	
1,	7,	300188,	1.65255e+015,	0,	2,	7,	-4,	-1,	-5,	-2,	-3,	1.65255e+009,	-0.765779,	-0.540848,	-0.245984,	-0.0805728,	-0.53093,	-0.128327,	-0.0165459,	0.0450529,	-0.421059,	-0.0149685,	-0.00247295,	-0.018271,	-0.629891,	-0.116204,	-0.0154336,	-0.0079215,	-0.451758,	-0.273558,	-0.022558,	-0.217277,	-0.5824,	0.6041,	-0.04312,	29061,	-292,	5,	-373,	29101,	121,	-48,	-89,	29081,	34,	-38,	-303,	
1,	7,	300266,	1.65255e+015,	-5,	-7,	-35,	-6,	10,	4,	-1,	-5,	1.65255e+009,	-0.765779,	-0.540848,	-0.245984,	-0.0805728,	-0.53093,	-0.128327,	-0.0165459,	0.0450529,	-0.421059,	-0.0149685,	-0.00247295,	-0.018271,	-0.629891,	-0.116204,	-0.0154336,	-0.0079215,	-0.451758,	-0.273558,	-0.022558,	-0.217277,	-0.5824,	0.6041,	-0.04312,	29071,	-290,	4,	-375,	29111,	120,	-48,	-91,	29091,	34,	-38,	-305,	
1,	7,	300344,	1.65255e+015,	0,	1,	-2,	-2,	9,	6,	0,	-7,	1.65255e+009,	-0.765779,	-0.540848,	-0.245984,	-0.0805728,	-0.53093,	-0.128327,	-0.0165459,	0.0450529,	-0.421059,	-0.0149685,	-0.00247295,	-0.018271,	-0.629891,	-0.116204,	-0.0154336,	-0.0079215,	-0.451758,	-0.273558,	-0.022558,	-0.217277,	-0.5824,	0.6041,	-0.04312,	29081,	-289,	3,	-376,	29121,	121,	-48,	-92,	29101,	33,	-37,	-305,	
1,	7,	300407,	1.65255e+015,	-3,	-2,	15,	-5,	-8,	-3,	-1,	-4,	1.65255e+009,	-0.765779,	-0.540848,	-0.245984,	-0.0805728,	-0.53093,	-0.128327,	-0.0165459,	0.0450529,	-0.421059,	-0.0149685,	-0.00247295,	-0.018271,	-0.629891,	-0.116204,	-0.0154336,	-0.0079215,	-0.451758,	-0.273558,	-0.022558,	-0.217277,	-0.5824,	0.6041,	-0.04312,	29091,	-290,	4,	-377,	29131,	120,	-48,	-93,	29111,	34,	-38,	-306,	
1,	7,	300500,	1.65255e+015,	-4,	-5,	-4,	8,	17,	12,	2,	0,	1.65255e+009,	-0.765779,	-0.540848,	-0.245984,	-0.0805728,	-0.53093,	-0.128327,	-0.0165459,	0.0450529,	-0.421059,	-0.0149685,	-0.00247295,	-0.018271,	-0.629891,	-0.116204,	-0.0154336,	-0.0079215,	-0.451758,	-0.273558,	-0.022558,	-0.217277,	-0.5824,	0.6041,	-0.04312,	29101,	-289,	5,	-378,	29141,	120,	-48,	-94,	29121,	35,	-38,	-306,	
1,	7,	300579,	1.65255e+015,	-1,	1,	3,	-7,	-7,	-4,	-1,	0,	1.65255e+009,	-0.765779,	-0.540848,	-0.245984,	-0.0805728,	-0.53093,	-0.128327,	-0.0165459,	0.0450529,	-0.421059,	-0.0149685,	-0.00247295,	-0.018271,	-0.629891,	-0.116204,	-0.0154336,	-0.0079215,	-0.451758,	-0.273558,	-0.022558,	-0.217277,	-0.5824,	0.6041,	-0.04312,	29111,	-289,	3,	-378,	29151,	120,	-47,	-94,	29131,	35,	-37,	-307,	
1,	7,	300657,	1.65255e+015,	-5,	-18,	-26,	10,	-4,	-4,	-2,	-5,	1.65255e+009,	-0.765779,	-0.540848,	-0.245984,	-0.0805728,	-0.53093,	-0.128327,	-0.0165459,	0.0450529,	-0.421059,	-0.0149685,	-0.00247295,	-0.018271,	-0.629891,	-0.116204,	-0.0154336,	-0.0079215,	-0.451758,	-0.273558,	-0.022558,	-0.217277,	-0.5824,	0.6041,	-0.04312,	29121,	-289,	3,	-377,	29161,	119,	-46,	-94,	29141,	34,	-38,	-307,	
1,	7,	300735,	1.65255e+015,	-1,	0,	7,	-4,	10,	3,	0,	-3,	1.65255e+009,	-0.765779,	-0.540848,	-0.245984,	-0.0805728,	-0.53093,	-0.128327,	-0.0165459,	0.0450529,	-0.421059,	-0.0149685,	-0.00247295,	-0.018271,	-0.629891,	-0.116204,	-0.0154336,	-0.0079215,	-0.451758,	-0.273558,	-0.022558,	-0.217277,	-0.5824,	0.6041,	-0.04312,	29131,	-289,	4,	-377,	29171,	121,	-47,	-94,	29151,	34,	-37,	-307,	
1,	7,	300813,	1.65255e+015,	-1,	-2,	-8,	-2,	-1,	-1,	-1,	-2,	1.65255e+009,	-0.765779,	-0.540848,	-0.245984,	-0.0805728,	-0.53093,	-0.128327,	-0.0165459,	0.0450529,	-0.421059,	-0.0149685,	-0.00247295,	-0.018271,	-0.629891,	-0.116204,	-0.0154336,	-0.0079215,	-0.451758,	-0.273558,	-0.022558,	-0.217277,	-0.5824,	0.6041,	-0.04312,	29141,	-288,	4,	-378,	29181,	119,	-48,	-94,	29161,	34,	-37,	-308,	
2,	7,	300922,	1.65255e+015,	0,	4,	-2,	4,	2,	5,	0,	-1,	1.65255e+009,	-0.765779,	-0.540848,	-0.245984,	-0.0805728,	-0.53093,	-0.128327,	-0.0165459,	0.0450529,	-0.421059,	-0.0149685,	-0.00247295,	-0.018271,	-0.629891,	-0.116204,	-0.0154336,	-0.0079215,	-0.451758,	-0.337623,	-0.0209194,	-0.217277,	-0.5824,	0.6041,	-0.04312,	29151,	-288,	4,	-378,	29191,	120,	-48,	-93,	29171,	34,	-37,	-308,	
2,	7,	300985,	1.65255e+015,	-2,	-2,	9,	8,	-5,	-4,	-2,	-2,	1.65255e+009,	-0.765779,	-0.540848,	-0.245984,	-0.0805728,	-0.53093,	-0.128327,	-0.0165459,	0.0450529,	-0.421059,	-0.0149685,	-0.00247295,	-0.018271,	-0.629891,	-0.116204,	-0.0154336,	-0.0079215,	-0.451758,	-0.337623,	-0.0209194,	-0.217277,	-0.5824,	0.6041,	-0.04312,	29161,	-288,	4,	-379,	29201,	121,	-48,	-95,	29181,	33,	-36,	-309,	
2,	7,	301063,	1.65255e+015,	1,	-1,	-1,	-7,	-6,	-2,	0,	-1,	1.65255e+009,	-0.765779,	-0.540848,	-0.245984,	-0.0805728,	-0.53093,	-0.128327,	-0.0165459,	0.0450529,	-0.421059,	-0.0149685,	-0.00247295,	-0.018271,	-0.629891,	-0.116204,	-0.0154336,	-0.0079215,	-0.451758,	-0.337623,	-0.0209194,	-0.217277,	-0.5824,	0.6041,	-0.04312,	29171,	-286,	5,	-380,	29211,	120,	-48,	-96,	29191,	35,	-36,	-310,	
2,	7,	301141,	1.65255e+015,	1,	-5,	-32,	15,	7,	0,	-1,	-3,	1.65255e+009,	-0.765779,	-0.540848,	-0.245984,	-0.0805728,	-0.53093,	-0.128327,	-0.0165459,	0.0450529,	-0.421059,	-0.0149685,	-0.00247295,	-0.018271,	-0.629891,	-0.116204,	-0.0154336,	-0.0079215,	-0.451758,	-0.337623,	-0.0209194,	-0.217277,	-0.5824,	0.6041,	-0.04312,	29181,	-285,	4,	-382,	29221,	121,	-49,	-97,	29201,	35,	-36,	-310,	
2,	7,	301219,	1.65255e+015,	-4,	-3,	7,	-4,	0,	-2,	-1,	-4,	1.65255e+009,	-0.765779,	-0.540848,	-0.245984,	-0.0805728,	-0.53093,	-0.128327,	-0.0165459,	0.0450529,	-0.421059,	-0.0149685,	-0.00247295,	-0.018271,	-0.629891,	-0.116204,	-0.0154336,	-0.0079215,	-0.451758,	-0.337623,	-0.0209194,	-0.217277,	-0.5824,	0.6041,	-0.04312,	29191,	-284,	5,	-383,	29231,	120,	-48,	-98,	29211,	35,	-36,	-312,	
2,	7,	301297,	1.65255e+015,	-3,	-3,	21,	-4,	-13,	-4,	-1,	1,	1.65255e+009,	-0.765779,	-0.540848,	-0.245984,	-0.0805728,	-0.53093,	-0.128327,	-0.0165459,	0.0450529,	-0.421059,	-0.0149685,	-0.00247295,	-0.018271,	-0.629891,	-0.116204,	-0.0154336,	-0.0079215,	-0.451758,	-0.337623,	-0.0209194,	-0.217277,	-0.5824,	0.6041,	-0.04312,	29201,	-283,	3,	-385,	29241,	121,	-48,	-100,	29221,	36,	-35,	-313,	
2,	7,	301375,	1.65255e+015,	0,	-1,	-4,	5,	3,	1,	0,	-4,	1.65255e+009,	-0.765779,	-0.540848,	-0.245984,	-0.0805728,	-0.53093,	-0.128327,	-0.0165459,	0.0450529,	-0.421059,	-0.0149685,	-0.00247295,	-0.018271,	-0.629891,	-0.116204,	-0.0154336,	-0.0079215,	-0.451758,	-0.337623,	-0.0209194,	-0.217277,	-0.5824,	0.6041,	-0.04312,	29211,	-283,	3,	-387,	29251,	122,	-48,	-103,	29231,	37,	-35,	-315,	
2,	7,	301454,	1.65255e+015,	-1,	-4,	-17,	-8,	-3,	0,	0,	1,	1.65255e+009,	-0.765779,	-0.540848,	-0.245984,	-0.0805728,	-0.53093,	-0.128327,	-0.0165459,	0.0450529,	-0.421059,	-0.0149685,	-0.00247295,	-0.018271,	-0.629891,	-0.116204,	-0.0154336,	-0.0079215,	-0.451758,	-0.337623,	-0.0209194,	-0.217277,	-0.5824,	0.6041,	-0.04312,	29221,	-280,	3,	-390,	29261,	122,	-48,	-107,	29241,	39,	-34,	-318,	
2,	7,	301547,	1.65255e+015,	-12,	-14,	12,	-4,	-4,	-1,	-3,	-14,	1.65255e+009,	-0.765779,	-0.540848,	-0.245984,	-0.0805728,	-0.53093,	-0.128327,	-0.0165459,	0.0450529,	-0.421059,	-0.0149685,	-0.00247295,	-0.018271,	-0.629891,	-0.116204,	-0.0154336,	-0.0079215,	-0.451758,	-0.337623,	-0.0209194,	-0.217277,	-0.5824,	0.6041,	-0.04312,	29231,	-279,	3,	-394,	29271,	124,	-48,	-111,	29251,	40,	-33,	-321,	
2,	7,	301641,	1.65255e+015,	1,	4,	3,	4,	0,	-3,	0,	6,	1.65255e+009,	-0.765779,	-0.540848,	-0.245984,	-0.0805728,	-0.53093,	-0.128327,	-0.0165459,	0.0450529,	-0.421059,	-0.0149685,	-0.00247295,	-0.018271,	-0.629891,	-0.116204,	-0.0154336,	-0.0079215,	-0.451758,	-0.337623,	-0.0209194,	-0.217277,	-0.5824,	0.6041,	-0.04312,	29241,	-276,	3,	-400,	29281,	124,	-49,	-116,	29261,	42,	-33,	-325,	
2,	7,	301719,	1.65255e+015,	6,	2,	-1,	2,	10,	6,	0,	3,	1.65255e+009,	-0.765779,	-0.540848,	-0.245984,	-0.0805728,	-0.53093,	-0.128327,	-0.0165459,	0.0450529,	-0.421059,	-0.0149685,	-0.00247295,	-0.018271,	-0.629891,	-0.116204,	-0.0154336,	-0.0079215,	-0.451758,	-0.337623,	-0.0209194,	-0.217277,	-0.5824,	0.6041,	-0.04312,	29251,	-274,	3,	-406,	29291,	124,	-49,	-120,	29271,	44,	-31,	-328,	
2,	7,	301782,	1.65255e+015,	7,	10,	3,	5,	14,	10,	1,	-12,	1.65255e+009,	-0.765779,	-0.540848,	-0.245984,	-0.0805728,	-0.53093,	-0.128327,	-0.0165459,	0.0450529,	-0.421059,	-0.0149685,	-0.00247295,	-0.018271,	-0.629891,	-0.116204,	-0.0154336,	-0.0079215,	-0.451758,	-0.337623,	-0.0209194,	-0.217277,	-0.5824,	0.6041,	-0.04312,	29261,	-271,	2,	-412,	29301,	126,	-50,	-124,	29281,	45,	-30,	-331,	
2,	7,	301860,	1.65255e+015,	-2,	-3,	-9,	-3,	3,	1,	-1,	-3,	1.65255e+009,	-0.765779,	-0.540848,	-0.245984,	-0.0805728,	-0.53093,	-0.128327,	-0.0165459,	0.0450529,	-0.421059,	-0.0149685,	-0.00247295,	-0.018271,	-0.629891,	-0.116204,	-0.0154336,	-0.0079215,	-0.451758,	-0.337623,	-0.0209194,	-0.217277,	-0.5824,	0.6041,	-0.04312,	29271,	-267,	2,	-417,	29311,	127,	-49,	-128,	29291,	48,	-29,	-333,	
2,	7,	301938,	1.65255e+015,	5,	2,	-1,	1,	-3,	-2,	-1,	-4,	1.65255e+009,	-0.765779,	-0.540848,	-0.245984,	-0.0805728,	-0.53093,	-0.128327,	-0.0165459,	0.0450529,	-0.421059,	-0.0149685,	-0.00247295,	-0.018271,	-0.629891,	-0.116204,	-0.0154336,	-0.0079215,	-0.451758,	-0.337623,	-0.0209194,	-0.217277,	-0.5824,	0.6041,	-0.04312,	29281,	-265,	2,	-421,	29321,	128,	-49,	-131,	29301,	48,	-28,	-335,	
2,	7,	302000,	1.65255e+015,	12,	2,	-14,	19,	13,	8,	2,	3,	1.65255e+009,	-0.765779,	-0.540848,	-0.245984,	-0.0805728,	-0.53093,	-0.128327,	-0.0165459,	0.0450529,	-0.421059,	-0.0149685,	-0.00247295,	-0.018271,	-0.629891,	-0.116204,	-0.0154336,	-0.0079215,	-0.451758,	-0.337623,	-0.0209194,	-0.217277,	-0.5824,	0.6041,	-0.04312,	29291,	-263,	3,	-425,	29331,	128,	-49,	-134,	29311,	49,	-27,	-337,	
2,	7,	302079,	1.65255e+015,	-5,	-9,	23,	-6,	5,	5,	0,	3,	1.65255e+009,	-0.765779,	-0.540848,	-0.245984,	-0.0904288,	-0.53093,	-0.128327,	-0.0165459,	0.0450529,	-0.421059,	-0.0149685,	-0.00247295,	-0.018271,	-0.629891,	-0.116204,	-0.0154336,	-0.0079215,	-0.451758,	-0.337623,	-0.0209194,	-0.217277,	-0.5824,	0.6041,	-0.04312,	29301,	-261,	3,	-430,	29341,	129,	-48,	-137,	29321,	51,	-26,	-338,	
2,	7,	302157,	1.65255e+015,	0,	3,	1,	8,	4,	1,	1,	3,	1.65255e+009,	-0.765779,	-0.540848,	-0.245984,	-0.0904288,	-0.53093,	-0.128327,	-0.0165459,	0.0450529,	-0.421059,	-0.0149685,	-0.00247295,	-0.018271,	-0.629891,	-0.116204,	-0.0154336,	-0.0079215,	-0.451758,	-0.337623,	-0.0209194,	-0.217277,	-0.5824,	0.6041,	-0.04312,	29311,	-258,	4,	-435,	29351,	130,	-50,	-140,	29331,	52,	-26,	-340,	
2,	7,	302219,	1.65255e+015,	-3,	0,	18,	-1,	3,	1,	-1,	4,	1.65255e+009,	-0.765779,	-0.540848,	-0.245984,	-0.0904288,	-0.53093,	-0.128327,	-0.0165459,	0.0450529,	-0.421059,	-0.0149685,	-0.00247295,	-0.018271,	-0.629891,	-0.116204,	-0.0154336,	-0.0079215,	-0.451758,	-0.337623,	-0.0209194,	-0.217277,	-0.5824,	0.6041,	-0.04312,	29321,	-257,	3,	-439,	29361,	131,	-50,	-141,	29341,	54,	-25,	-341,	
2,	7,	302297,	1.65255e+015,	-8,	-1,	-13,	-10,	-5,	-2,	-2,	-4,	1.65255e+009,	-0.765779,	-0.540848,	-0.245984,	-0.0904288,	-0.53093,	-0.128327,	-0.0165459,	0.0450529,	-0.421059,	-0.0149685,	-0.00247295,	-0.018271,	-0.629891,	-0.116204,	-0.0154336,	-0.0079215,	-0.451758,	-0.337623,	-0.0209194,	-0.217277,	-0.5824,	0.6041,	-0.04312,	29331,	-255,	2,	-441,	29371,	131,	-51,	-143,	29351,	54,	-26,	-341,	
2,	7,	302360,	1.65255e+015,	4,	8,	5,	-2,	-2,	-2,	0,	6,	1.65255e+009,	-0.765779,	-0.540848,	-0.245984,	-0.0904288,	-0.53093,	-0.128327,	-0.0165459,	0.0450529,	-0.421059,	-0.0149685,	-0.00247295,	-0.018271,	-0.629891,	-0.116204,	-0.0154336,	-0.0079215,	-0.451758,	-0.337623,	-0.0209194,	-0.217277,	-0.5824,	0.6041,	-0.04312,	29341,	-254,	2,	-441,	29381,	132,	-52,	-143,	29361,	56,	-25,	-342,	
2,	7,	302438,	1.65255e+015,	0,	3,	10,	7,	-4,	-7,	-3,	-9,	1.65255e+009,	-0.765779,	-0.540848,	-0.245984,	-0.0904288,	-0.53093,	-0.128327,	-0.0165459,	0.0450529,	-0.421059,	-0.0149685,	-0.00247295,	-0.018271,	-0.629891,	-0.116204,	-0.0154336,	-0.0079215,	-0.451758,	-0.337623,	-0.0209194,	-0.217277,	-0.5824,	0.6041,	-0.04312,	29351,	-254,	2,	-441,	29391,	131,	-52,	-144,	29371,	56,	-26,	-342,	
2,	7,	302500,	1.65255e+015,	4,	3,	-12,	3,	1,	2,	-2,	4,	1.65255e+009,	-0.765779,	-0.540848,	-0.245984,	-0.0904288,	-0.53093,	-0.128327,	-0.0165459,	0.0450529,	-0.421059,	-0.0149685,	-0.00247295,	-0.018271,	-0.629891,	-0.116204,	-0.0154336,	-0.0079215,	-0.451758,	-0.337623,	-0.0209194,	-0.217277,	-0.5824,	0.6041,	-0.04312,	29361,	-253,	3,	-440,	29401,	132,	-52,	-145,	29381,	57,	-26,	-341,	
2,	7,	302579,	1.65255e+015,	-2,	1,	1,	-9,	0,	0,	0,	3,	1.65255e+009,	-0.765779,	-0.540848,	-0.245984,	-0.0904288,	-0.53093,	-0.128327,	-0.0165459,	0.0450529,	-0.421059,	-0.0149685,	-0.00247295,	-0.018271,	-0.629891,	-0.116204,	-0.0154336,	-0.0079215,	-0.451758,	-0.337623,	-0.0209194,	-0.217277,	-0.5824,	0.6041,	-0.04312,	29371,	-254,	2,	-438,	29411,	132,	-52,	-144,	29391,	57,	-26,	-340,	
2,	7,	302657,	1.65255e+015,	3,	-3,	29,	-6,	-9,	-1,	-2,	-6,	1.65255e+009,	-0.765779,	-0.540848,	-0.245984,	-0.0904288,	-0.53093,	-0.128327,	-0.0165459,	0.0450529,	-0.421059,	-0.0149685,	-0.00247295,	-0.018271,	-0.629891,	-0.116204,	-0.0154336,	-0.0079215,	-0.451758,	-0.337623,	-0.0209194,	-0.217277,	-0.5824,	0.6041,	-0.04312,	29381,	-255,	3,	-436,	29421,	133,	-52,	-144,	29401,	57,	-28,	-340,	
2,	7,	302735,	1.65255e+015,	1,	2,	-1,	6,	-3,	0,	-2,	-8,	1.65255e+009,	-0.765779,	-0.540848,	-0.245984,	-0.0904288,	-0.53093,	-0.128327,	-0.0165459,	0.0450529,	-0.421059,	-0.0149685,	-0.00247295,	-0.018271,	-0.629891,	-0.116204,	-0.0154336,	-0.0079215,	-0.451758,	-0.337623,	-0.0209194,	-0.217277,	-0.5824,	0.6041,	-0.04312,	29391,	-256,	3,	-434,	29431,	134,	-53,	-144,	29411,	57,	-27,	-339,	
2,	7,	302813,	1.65255e+015,	-2,	-5,	4,	-7,	1,	0,	-2,	-1,	1.65255e+009,	-0.765779,	-0.540848,	-0.245984,	-0.0904288,	-0.53093,	-0.128327,	-0.0165459,	0.0450529,	-0.421059,	-0.0149685,	-0.00247295,	-0.018271,	-0.629891,	-0.116204,	-0.0154336,	-0.0079215,	-0.451758,	-0.337623,	-0.0209194,	-0.217277,	-0.5824,	0.6041,	-0.04312,	29401,	-257,	3,	-432,	29441,	133,	-54,	-143,	29421,	57,	-29,	-339,	
2,	7,	302891,	1.65255e+015,	9,	4,	-21,	-21,	-1,	-1,	-3,	1,	1.65255e+009,	-0.765779,	-0.540848,	-0.245984,	-0.0904288,	-0.53093,	-0.128327,	-0.0165459,	0.0450529,	-0.421059,	-0.0149685,	-0.00247295,	-0.018271,	-0.629891,	-0.116204,	-0.0154336,	-0.0079215,	-0.451758,	-0.337623,	-0.0209194,	-0.217277,	-0.5824,	0.6041,	-0.04312,	29411,	-257,	4,	-430,	29451,	133,	-55,	-143,	29431,	57,	-28,	-338,	
2,	7,	302969,	1.65255e+015,	-14,	2,	18,	-12,	-1,	-5,	0,	-4,	1.65255e+009,	-0.765779,	-0.540848,	-0.245984,	-0.0904288,	-0.53093,	-0.128327,	-0.0165459,	0.0450529,	-0.421059,	-0.0149685,	-0.00247295,	-0.018271,	-0.629891,	-0.116204,	-0.0154336,	-0.0079215,	-0.451758,	-0.337623,	-0.0209194,	-0.217277,	-0.5824,	0.6041,	-0.04312,	29421,	-258,	2,	-429,	29461,	132,	-55,	-143,	29441,	56,	-29,	-337,	
2,	7,	303047,	1.65255e+015,	5,	6,	-12,	1,	-6,	0,	-2,	-18,	1.65255e+009,	-0.765779,	-0.540848,	-0.245984,	-0.0904288,	-0.53093,	-0.128327,	-0.0165459,	0.0450529,	-0.421059,	-0.0149685,	-0.00247295,	-0.018271,	-0.629891,	-0.204909,	-0.0213985,	-0.0079215,	-0.451758,	-0.337623,	-0.0209194,	-0.217277,	-0.5824,	0.6041,	-0.04312,	29431,	-257,	3,	-427,	29471,	133,	-55,	-143,	29451,	57,	-28,	-337,	
2,	7,	303125,	1.65255e+015,	-5,	-1,	43,	9,	-9,	-6,	-3,	-1,	1.65255e+009,	-0.765779,	-0.540848,	-0.245984,	-0.0904288,	-0.53093,	-0.128327,	-0.0165459,	0.0450529,	-0.421059,	-0.0149685,	-0.00247295,	-0.018271,	-0.629891,	-0.204909,	-0.0213985,	-0.0079215,	-0.451758,	-0.337623,	-0.0209194,	-0.217277,	-0.5824,	0.6041,	-0.04312,	29441,	-259,	3,	-426,	29481,	132,	-55,	-142,	29461,	56,	-29,	-337,	
2,	7,	303204,	1.65255e+015,	-3,	-13,	-46,	-26,	-2,	-2,	3,	-2,	1.65255e+009,	-0.765779,	-0.540848,	-0.245984,	-0.0904288,	-0.53093,	-0.128327,	-0.0165459,	0.0450529,	-0.421059,	-0.0149685,	-0.00247295,	-0.018271,	-0.629891,	-0.204909,	-0.0213985,	-0.0079215,	-0.451758,	-0.337623,	-0.0209194,	-0.217277,	-0.5824,	0.6041,	-0.04312,	29451,	-259,	3,	-424,	29491,	133,	-57,	-142,	29471,	57,	-29,	-337,	
2,	7,	303282,	1.65255e+015,	-1,	-4,	-41,	-10,	-1,	0,	-3,	-1,	1.65255e+009,	-0.765779,	-0.540848,	-0.245984,	-0.0904288,	-0.53093,	-0.128327,	-0.0165459,	0.0450529,	-0.421059,	-0.0149685,	-0.00247295,	-0.018271,	-0.629891,	-0.204909,	-0.0213985,	-0.0079215,	-0.451758,	-0.337623,	-0.0209194,	-0.217277,	-0.5824,	0.6041,	-0.04312,	29461,	-259,	4,	-424,	29501,	132,	-57,	-143,	29481,	57,	-29,	-337,	
2,	7,	303360,	1.65255e+015,	4,	8,	6,	-1,	-8,	-5,	-1,	1,	1.65255e+009,	-0.765779,	-0.540848,	-0.245984,	-0.0904288,	-0.53093,	-0.128327,	-0.0165459,	0.0450529,	-0.421059,	-0.0149685,	-0.00247295,	-0.018271,	-0.543159,	-0.204909,	-0.0213985,	-0.0079215,	-0.451758,	-0.337623,	-0.0209194,	-0.217277,	-0.5824,	0.6041,	-0.04312,	29471,	-260,	4,	-424,	29511,	133,	-58,	-143,	29491,	56,	-30,	-337,	
2,	7,	303438,	1.65255e+015,	-1,	0,	9,	2,	5,	8,	0,	2,	1.65255e+009,	-0.765779,	-0.540848,	-0.245984,	-0.0904288,	-0.53093,	-0.128327,	-0.0165459,	0.0450529,	-0.421059,	-0.0149685,	-0.00247295,	-0.018271,	-0.543159,	-0.204909,	-0.0213985,	-0.0079215,	-0.451758,	-0.337623,	-0.0209194,	-0.217277,	-0.5824,	0.6041,	-0.04312,	29481,	-259,	4,	-424,	29521,	134,	-58,	-143,	29501,	56,	-30,	-336,	
2,	7,	303516,	1.65255e+015,	8,	0,	4,	-8,	-8,	-5,	3,	-4,	1.65255e+009,	-0.765779,	-0.540848,	-0.245984,	-0.0904288,	-0.53093,	-0.128327,	-0.0165459,	0.0450529,	-0.421059,	-0.0149685,	-0.00247295,	-0.018271,	-0.543159,	-0.204909,	-0.0213985,	-0.0079215,	-0.451758,	-0.337623,	-0.0209194,	-0.217277,	-0.5824,	0.6041,	-0.04312,	29491,	-260,	3,	-424,	29531,	134,	-58,	-143,	29511,	57,	-30,	-336,	
2,	7,	303594,	1.65255e+015,	-14,	-8,	7,	2,	1,	5,	1,	-7,	1.65255e+009,	-0.765779,	-0.540848,	-0.245984,	-0.0904288,	-0.53093,	-0.128327,	-0.0165459,	0.0450529,	-0.421059,	-0.0149685,	-0.00247295,	-0.018271,	-0.543159,	-0.204909,	-0.0213985,	-0.0079215,	-0.451758,	-0.337623,	-0.0209194,	-0.217277,	-0.5824,	0.6041,	-0.04312,	29501,	-260,	4,	-423,	29541,	134,	-58,	-142,	29521,	57,	-30,	-336,	
2,	7,	303672,	1.65255e+015,	5,	-17,	-15,	-23,	-2,	-4,	1,	6,	1.65255e+009,	-0.765779,	-0.540848,	-0.245984,	-0.0904288,	-0.53093,	-0.128327,	-0.0165459,	0.0450529,	-0.421059,	-0.0149685,	-0.00247295,	-0.018271,	-0.543159,	-0.204909,	-0.0213985,	-0.0079215,	-0.451758,	-0.337623,	-0.0209194,	-0.217277,	-0.5824,	0.6041,	-0.04312,	29511,	-261,	6,	-423,	29551,	134,	-58,	-141,	29531,	58,	-31,	-335,	
2,	7,	303750,	1.65255e+015,	-5,	-3,	-14,	-13,	-1,	4,	1,	0,	1.65255e+009,	-0.765779,	-0.540848,	-0.245984,	-0.0904288,	-0.53093,	-0.128327,	-0.0165459,	0.0450529,	-0.421059,	-0.0149685,	-0.00247295,	-0.018271,	-0.543159,	-0.204909,	-0.0213985,	-0.0079215,	-0.451758,	-0.337623,	-0.0209194,	-0.217277,	-0.5824,	0.6041,	-0.04312,	29521,	-261,	5,	-423,	29561,	133,	-58,	-142,	29541,	57,	-31,	-335,	
2,	7,	303829,	1.65255e+015,	0,	6,	-21,	-2,	-3,	-3,	1,	9,	1.65255e+009,	-0.765779,	-0.540848,	-0.245984,	-0.0904288,	-0.53093,	-0.128327,	-0.0165459,	0.0450529,	-0.421059,	-0.0149685,	-0.00247295,	-0.018271,	-0.543159,	-0.204909,	-0.0213985,	-0.0079215,	-0.451758,	-0.337623,	-0.0209194,	-0.217277,	-0.5824,	0.6041,	-0.04312,	29531,	-259,	6,	-424,	29571,	134,	-60,	-142,	29551,	57,	-30,	-335,	
2,	7,	303907,	1.65255e+015,	-5,	6,	5,	-6,	2,	1,	4,	2,	1.65255e+009,	-0.765779,	-0.540848,	-0.245984,	-0.0904288,	-0.53093,	-0.128327,	-0.0165459,	0.0450529,	-0.421059,	-0.0149685,	-0.00247295,	-0.018271,	-0.543159,	-0.204909,	-0.0213985,	-0.0079215,	-0.451758,	-0.337623,	-0.0209194,	-0.217277,	-0.5824,	0.6041,	-0.04312,	29541,	-260,	4,	-424,	29581,	133,	-59,	-142,	29561,	57,	-31,	-335,	
2,	7,	303969,	1.65255e+015,	-3,	-7,	1,	-28,	-3,	-3,	-1,	-3,	1.65255e+009,	-0.765779,	-0.540848,	-0.245984,	-0.0904288,	-0.53093,	-0.128327,	-0.0165459,	0.0450529,	-0.421059,	-0.0149685,	-0.00247295,	-0.018271,	-0.543159,	-0.204909,	-0.0213985,	-0.0079215,	-0.451758,	-0.337623,	-0.0209194,	-0.217277,	-0.5824,	0.6041,	-0.04312,	29551,	-259,	4,	-424,	29591,	134,	-59,	-142,	29571,	58,	-31,	-335,	
2,	7,	304032,	1.65255e+015,	-11,	0,	-5,	6,	-2,	-3,	-3,	-6,	1.65255e+009,	-0.765779,	-0.540848,	-0.245984,	-0.0904288,	-0.53093,	-0.128327,	-0.0165459,	0.0450529,	-0.421059,	-0.0149685,	-0.00247295,	-0.018271,	-0.543159,	-0.204909,	-0.0213985,	-0.0079215,	-0.451758,	-0.337623,	-0.0209194,	-0.217277,	-0.5824,	0.6041,	-0.04312,	29561,	-260,	5,	-423,	29601,	133,	-59,	-142,	29581,	59,	-30,	-335,	
2,	7,	304094,	1.65255e+015,	11,	-1,	-15,	-2,	0,	1,	5,	6,	1.65255e+009,	-0.765779,	-0.540848,	-0.245984,	-0.0904288,	-0.53093,	-0.128327,	-0.0165459,	0.0450529,	-0.421059,	-0.0149685,	-0.00247295,	-0.018271,	-0.543159,	-0.204909,	-0.0213985,	-0.0079215,	-0.451758,	-0.337623,	-0.0209194,	-0.217277,	-0.5824,	0.6041,	-0.04312,	29571,	-259,	5,	-423,	29611,	133,	-59,	-142,	29591,	58,	-31,	-335,	
2,	7,	304157,	1.65255e+015,	-8,	3,	21,	0,	2,	2,	0,	-4,	1.65255e+009,	-0.705658,	-0.540848,	-0.245984,	-0.0904288,	-0.53093,	-0.128327,	-0.0165459,	0.0450529,	-0.421059,	-0.0149685,	-0.00247295,	-0.018271,	-0.543159,	-0.204909,	-0.0213985,	-0.0079215,	-0.451758,	-0.337623,	-0.0209194,	-0.217277,	-0.5824,	0.6041,	-0.04312,	29581,	-260,	6,	-423,	29621,	134,	-59,	-142,	29601,	58,	-30,	-334,	
2,	7,	304219,	1.65255e+015,	-9,	-1,	-29,	-12,	1,	-1,	-6,	-2,	1.65255e+009,	-0.705658,	-0.540848,	-0.245984,	-0.0904288,	-0.53093,	-0.128327,	-0.0165459,	0.0450529,	-0.421059,	-0.0149685,	-0.00247295,	-0.018271,	-0.543159,	-0.204909,	-0.0213985,	-0.0079215,	-0.451758,	-0.337623,	-0.0209194,	-0.217277,	-0.5824,	0.6041,	-0.04312,	29591,	-260,	3,	-423,	29631,	135,	-59,	-142,	29611,	57,	-31,	-334,	
2,	7,	304282,	1.65255e+015,	-2,	-5,	12,	-1,	-1,	-3,	-8,	-3,	1.65255e+009,	-0.705658,	-0.540848,	-0.245984,	-0.0904288,	-0.53093,	-0.128327,	-0.0165459,	0.0450529,	-0.421059,	-0.0149685,	-0.00247295,	-0.018271,	-0.543159,	-0.204909,	-0.0213985,	-0.0079215,	-0.451758,	-0.337623,	-0.0209194,	-0.217277,	-0.5824,	0.6041,	-0.04312,	29601,	-259,	5,	-423,	29641,	135,	-59,	-141,	29621,	58,	-31,	-334,	
2,	7,	304344,	1.65255e+015,	-9,	-7,	8,	-5,	-3,	-4,	-2,	-5,	1.65255e+009,	-0.705658,	-0.540848,	-0.245984,	-0.0904288,	-0.53093,	-0.128327,	-0.0165459,	0.0450529,	-0.421059,	-0.0149685,	-0.00247295,	-0.018271,	-0.543159,	-0.204909,	-0.0213985,	-0.0079215,	-0.451758,	-0.337623,	-0.0209194,	-0.217277,	-0.5824,	0.6041,	-0.04312,	29611,	-261,	5,	-422,	29651,	134,	-59,	-142,	29631,	57,	-32,	-334,	
2,	7,	304422,	1.65255e+015,	0,	1,	-15,	-16,	-5,	-4,	-5,	-2,	1.65255e+009,	-0.705658,	-0.540848,	-0.245984,	-0.0904288,	-0.53093,	-0.128327,	-0.0165459,	0.0450529,	-0.421059,	-0.0149685,	-0.00247295,	-0.018271,	-0.543159,	-0.204909,	-0.0213985,	-0.0079215,	-0.451758,	-0.337623,	-0.0209194,	-0.217277,	-0.5824,	0.6041,	-0.04312,	29621,	-259,	6,	-422,	29661,	135,	-59,	-142,	29641,	58,	-31,	-334,	
2,	7,	304485,	1.65255e+015,	4,	7,	16,	-12,	-5,	-4,	0,	11,	1.65255e+009,	-0.705658,	-0.540848,	-0.245984,	-0.0904288,	-0.53093,	-0.128327,	-0.0165459,	0.0450529,	-0.421059,	-0.0149685,	-0.00247295,	-0.018271,	-0.543159,	-0.204909,	-0.0213985,	-0.0079215,	-0.451758,	-0.337623,	-0.0209194,	-0.217277,	-0.5824,	0.6041,	-0.04312,	29631,	-258,	5,	-423,	29671,	135,	-60,	-142,	29651,	57,	-32,	-334,	
2,	7,	304547,	1.65255e+015,	6,	-5,	1,	11,	4,	3,	-2,	-4,	1.65255e+009,	-0.705658,	-0.540848,	-0.245984,	-0.0904288,	-0.53093,	-0.128327,	-0.0165459,	0.0450529,	-0.421059,	-0.0149685,	-0.00247295,	-0.018271,	-0.543159,	-0.204909,	-0.0213985,	-0.0079215,	-0.451758,	-0.337623,	-0.0209194,	-0.217277,	-0.5824,	0.6041,	-0.04312,	29641,	-258,	5,	-422,	29681,	135,	-61,	-142,	29661,	58,	-32,	-333,	
2,	7,	304625,	1.65255e+015,	-3,	-12,	-18,	14,	0,	1,	-2,	-1,	1.65255e+009,	-0.705658,	-0.540848,	-0.245984,	-0.0904288,	-0.53093,	-0.128327,	-0.0165459,	0.0450529,	-0.421059,	-0.0149685,	-0.00247295,	-0.018271,	-0.543159,	-0.204909,	-0.0213985,	-0.0079215,	-0.451758,	-0.337623,	-0.0209194,	-0.217277,	-0.5824,	0.6041,	-0.04312,	29651,	-258,	4,	-422,	29691,	134,	-60,	-142,	29671,	58,	-32,	-333,	
2,	7,	304688,	1.65255e+015,	-6,	1,	19,	17,	-3,	-2,	-2,	0,	1.65255e+009,	-0.705658,	-0.540848,	-0.245984,	-0.0904288,	-0.53093,	-0.128327,	-0.0165459,	0.0450529,	-0.421059,	-0.0149685,	-0.00247295,	-0.018271,	-0.543159,	-0.204909,	-0.0213985,	-0.0079215,	-0.451758,	-0.337623,	-0.0209194,	-0.217277,	-0.5824,	0.6041,	-0.04312,	29661,	-258,	3,	-424,	29701,	134,	-61,	-142,	29681,	58,	-31,	-334,	
2,	7,	304782,	1.65255e+015,	3,	-4,	-8,	6,	1,	1,	-1,	2,	1.65255e+009,	-0.705658,	-0.540848,	-0.245984,	-0.0904288,	-0.53093,	-0.128327,	-0.0165459,	0.0450529,	-0.421059,	-0.0149685,	-0.00247295,	-0.018271,	-0.543159,	-0.204909,	-0.0213985,	-0.0079215,	-0.451758,	-0.337623,	-0.0209194,	-0.217277,	-0.5824,	0.6041,	-0.04312,	29671,	-258,	5,	-425,	29711,	134,	-60,	-142,	29691,	58,	-31,	-334,	
2,	7,	304860,	1.65255e+015,	-1,	-6,	29,	8,	-4,	-3,	0,	0,	1.65255e+009,	-0.705658,	-0.540848,	-0.245984,	-0.0904288,	-0.53093,	-0.128327,	-0.0165459,	0.0450529,	-0.421059,	-0.0149685,	-0.00247295,	-0.018271,	-0.543159,	-0.204909,	-0.0213985,	-0.0079215,	-0.451758,	-0.337623,	-0.0209194,	-0.217277,	-0.5824,	0.6041,	-0.04312,	29681,	-258,	4,	-426,	29721,	134,	-59,	-143,	29701,	59,	-31,	-334,	
2,	7,	304938,	1.65255e+015,	1,	-5,	-8,	-1,	-2,	-1,	0,	0,	1.65255e+009,	-0.705658,	-0.540848,	-0.245984,	-0.0904288,	-0.53093,	-0.128327,	-0.0165459,	0.0450529,	-0.421059,	-0.0149685,	-0.00247295,	-0.018271,	-0.543159,	-0.204909,	-0.0213985,	-0.0079215,	-0.451758,	-0.337623,	-0.0209194,	-0.217277,	-0.5824,	0.6041,	-0.04312,	29691,	-257,	4,	-427,	29731,	135,	-59,	-143,	29711,	59,	-31,	-335,	
2,	7,	305016,	1.65255e+015,	0,	-4,	-5,	2,	-2,	16,	-2,	-1,	1.65255e+009,	-0.705658,	-0.540848,	-0.245984,	-0.0904288,	-0.53093,	-0.128327,	-0.0165459,	0.0450529,	-0.421059,	-0.0149685,	-0.00247295,	-0.018271,	-0.543159,	-0.204909,	-0.0213985,	-0.0079215,	-0.451758,	-0.337623,	-0.0209194,	-0.217277,	-0.5824,	0.6041,	-0.04312,	29701,	-257,	4,	-428,	29741,	135,	-60,	-143,	29721,	58,	-30,	-335,	
2,	7,	305094,	1.65255e+015,	-4,	-2,	-5,	26,	5,	3,	-1,	-13,	1.65255e+009,	-0.705658,	-0.540848,	-0.245984,	-0.0904288,	-0.53093,	-0.128327,	-0.0165459,	0.0450529,	-0.421059,	-0.0149685,	-0.00247295,	-0.018271,	-0.543159,	-0.204909,	-0.0213985,	-0.0079215,	-0.451758,	-0.337623,	-0.0209194,	-0.217277,	-0.5824,	0.6041,	-0.04312,	29711,	-257,	3,	-429,	29751,	135,	-61,	-143,	29731,	58,	-30,	-335,	
2,	7,	305172,	1.65255e+015,	2,	5,	-5,	-17,	0,	1,	-1,	-3,	1.65255e+009,	-0.705658,	-0.540848,	-0.245984,	-0.0904288,	-0.53093,	-0.128327,	-0.0165459,	0.0450529,	-0.421059,	-0.0149685,	-0.00247295,	-0.018271,	-0.543159,	-0.204909,	-0.0213985,	-0.0079215,	-0.451758,	-0.337623,	-0.0209194,	-0.217277,	-0.5824,	0.6041,	-0.04312,	29721,	-258,	5,	-430,	29761,	136,	-60,	-143,	29741,	59,	-30,	-334,	
2,	7,	305250,	1.65255e+015,	-2,	-4,	-3,	-11,	5,	3,	-1,	0,	1.65255e+009,	-0.705658,	-0.540848,	-0.245984,	-0.0904288,	-0.53093,	-0.128327,	-0.0165459,	0.0450529,	-0.421059,	-0.0149685,	-0.00247295,	-0.018271,	-0.543159,	-0.204909,	-0.0213985,	-0.0079215,	-0.451758,	-0.337623,	-0.0209194,	-0.217277,	-0.5824,	0.6041,	-0.04312,	29731,	-258,	4,	-430,	29771,	135,	-60,	-143,	29751,	58,	-30,	-335,	
2,	7,	305329,	1.65255e+015,	9,	9,	16,	2,	0,	-1,	-7,	-16,	1.65255e+009,	-0.705658,	-0.540848,	-0.245984,	-0.0904288,	-0.53093,	-0.128327,	-0.0165459,	0.0450529,	-0.421059,	-0.0149685,	-0.00247295,	-0.018271,	-0.543159,	-0.204909,	-0.0213985,	-0.0079215,	-0.451758,	-0.337623,	-0.0209194,	-0.217277,	-0.5824,	0.6041,	-0.04312,	29741,	-256,	5,	-431,	29781,	135,	-60,	-143,	29761,	59,	-30,	-335,	
2,	7,	305407,	1.65255e+015,	0,	-1,	-16,	-7,	-3,	-3,	-1,	7,	1.65255e+009,	-0.705658,	-0.540848,	-0.245984,	-0.0904288,	-0.53093,	-0.128327,	-0.0165459,	0.0450529,	-0.421059,	-0.0149685,	-0.00247295,	-0.018271,	-0.543159,	-0.204909,	-0.0213985,	-0.0079215,	-0.451758,	-0.337623,	-0.0209194,	-0.217277,	-0.5824,	0.6041,	-0.04312,	29751,	-256,	5,	-432,	29791,	136,	-58,	-144,	29771,	59,	-31,	-335,	
2,	7,	305485,	1.65255e+015,	3,	10,	10,	11,	-5,	-4,	-3,	1,	1.65255e+009,	-0.705658,	-0.540848,	-0.245984,	-0.0904288,	-0.53093,	-0.128327,	-0.0165459,	0.0450529,	-0.421059,	-0.0149685,	-0.00247295,	-0.018271,	-0.543159,	-0.204909,	-0.0213985,	-0.0079215,	-0.451758,	-0.337623,	-0.0209194,	-0.217277,	-0.5824,	0.6041,	-0.04312,	29761,	-255,	5,	-434,	29801,	135,	-59,	-144,	29781,	59,	-30,	-336,	
2,	7,	305563,	1.65255e+015,	0,	1,	13,	12,	0,	-1,	1,	-4,	1.65255e+009,	-0.705658,	-0.540848,	-0.245984,	-0.0904288,	-0.53093,	-0.128327,	-0.0165459,	0.0450529,	-0.421059,	-0.0149685,	-0.00247295,	-0.018271,	-0.543159,	-0.204909,	-0.0213985,	-0.0079215,	-0.451758,	-0.337623,	-0.0209194,	-0.217277,	-0.5824,	0.6041,	-0.04312,	29771,	-256,	5,	-436,	29811,	135,	-58,	-144,	29791,	60,	-28,	-336,	
2,	7,	305657,	1.65255e+015,	-1,	2,	-2,	-11,	-5,	-3,	-3,	0,	1.65255e+009,	-0.705658,	-0.540848,	-0.245984,	-0.0904288,	-0.53093,	-0.128327,	-0.0165459,	0.0450529,	-0.421059,	-0.0149685,	-0.00247295,	-0.018271,	-0.543159,	-0.204909,	-0.0213985,	-0.0079215,	-0.451758,	-0.337623,	-0.0209194,	-0.217277,	-0.5824,	0.6041,	-0.04312,	29781,	-254,	6,	-437,	29821,	135,	-57,	-145,	29801,	60,	-28,	-336,	
2,	7,	305735,	1.65255e+015,	-3,	-7,	-18,	-5,	-7,	-4,	-3,	-2,	1.65255e+009,	-0.705658,	-0.540848,	-0.245984,	-0.0904288,	-0.53093,	-0.128327,	-0.0165459,	0.0450529,	-0.421059,	-0.0149685,	-0.00247295,	-0.018271,	-0.543159,	-0.204909,	-0.0213985,	-0.0079215,	-0.451758,	-0.337623,	-0.0209194,	-0.217277,	-0.5824,	0.6041,	-0.04312,	29791,	-253,	6,	-438,	29831,	136,	-57,	-145,	29811,	61,	-27,	-336,	
2,	7,	305813,	1.65255e+015,	-4,	-6,	-24,	-13,	2,	-2,	-2,	-2,	1.65255e+009,	-0.705658,	-0.540848,	-0.245984,	-0.0904288,	-0.53093,	-0.128327,	-0.0165459,	0.0450529,	-0.421059,	-0.0149685,	-0.00247295,	-0.018271,	-0.543159,	-0.204909,	-0.0213985,	-0.0079215,	-0.451758,	-0.337623,	-0.0209194,	-0.217277,	-0.5824,	0.6041,	-0.04312,	29801,	-253,	6,	-438,	29841,	135,	-58,	-145,	29821,	61,	-28,	-336,	
2,	7,	305891,	1.65255e+015,	-1,	2,	-14,	-1,	4,	3,	0,	-1,	1.65255e+009,	-0.705658,	-0.540848,	-0.245984,	-0.0904288,	-0.53093,	-0.128327,	-0.0165459,	0.0450529,	-0.421059,	-0.0149685,	-0.00247295,	-0.018271,	-0.543159,	-0.204909,	-0.0213985,	-0.0079215,	-0.451758,	-0.337623,	-0.0209194,	-0.217277,	-0.5824,	0.6041,	-0.04312,	29811,	-253,	5,	-439,	29851,	135,	-57,	-144,	29831,	61,	-28,	-336,	
2,	7,	305969,	1.65255e+015,	-3,	-3,	-8,	-6,	-2,	-1,	0,	0,	1.65255e+009,	-0.705658,	-0.540848,	-0.245984,	-0.0904288,	-0.53093,	-0.128327,	-0.0165459,	0.0450529,	-0.421059,	-0.0149685,	-0.00247295,	-0.018271,	-0.543159,	-0.204909,	-0.0213985,	-0.0079215,	-0.451758,	-0.337623,	-0.0209194,	-0.217277,	-0.5824,	0.6041,	-0.04312,	29821,	-253,	5,	-438,	29861,	136,	-58,	-145,	29841,	60,	-28,	-336,	
2,	7,	306047,	1.65255e+015,	3,	0,	-3,	-6,	-1,	-2,	-1,	6,	1.65255e+009,	-0.705658,	-0.540848,	-0.245984,	-0.0904288,	-0.53093,	-0.128327,	-0.0165459,	0.0450529,	-0.421059,	-0.0149685,	-0.00247295,	-0.018271,	-0.543159,	-0.204909,	-0.0213985,	-0.0079215,	-0.451758,	-0.337623,	-0.0209194,	-0.217277,	-0.5824,	0.6041,	-0.04312,	29831,	-253,	5,	-438,	29871,	136,	-58,	-145,	29851,	60,	-30,	-336,	
2,	7,	306125,	1.65255e+015,	-4,	-4,	-17,	3,	0,	-1,	0,	1,	1.65255e+009,	-0.705658,	-0.540848,	-0.245984,	-0.0904288,	-0.53093,	-0.128327,	-0.0165459,	0.0450529,	-0.421059,	-0.0149685,	-0.00247295,	-0.018271,	-0.543159,	-0.204909,	-0.0213985,	-0.0079215,	-0.451758,	-0.337623,	-0.0209194,	-0.217277,	-0.5824,	0.6041,	-0.04312,	29841,	-252,	6,	-437,	29881,	135,	-57,	-144,	29861,	61,	-29,	-336,	
