1,	11,	330891,	1.65255e+015,	-4,	-4,	-18,	-1,	-3,	-5,	-1,	-2,	1.65255e+009,	-0.750749,	-0.343728,	-0.31202,	-0.0608608,	-0.739138,	-0.143604,	-0.0178136,	0.102281,	-0.815309,	0.0049895,	0.000856181,	-0.009839,	-0.759989,	-0.311355,	-0.0219089,	-0.0822855,	-0.583338,	-0.363249,	-0.0195284,	-0.350781,	-0.4914,	0.63862,	-0.04312,	52381,	-245,	2,	-418,	52411,	150,	-63,	-123,	52401,	55,	-46,	-304,	
1,	11,	330954,	1.65255e+015,	-1,	-5,	-60,	-3,	-3,	-2,	0,	0,	1.65255e+009,	-0.750749,	-0.343728,	-0.31202,	-0.0608608,	-0.739138,	-0.143604,	-0.0178136,	0.102281,	-0.815309,	0.0049895,	0.000856181,	-0.009839,	-0.759989,	-0.311355,	-0.0219089,	-0.0822855,	-0.583338,	-0.363249,	-0.0195284,	-0.350781,	-0.4914,	0.63862,	-0.04312,	52391,	-241,	4,	-426,	52421,	150,	-61,	-127,	52411,	57,	-42,	-309,	
1,	11,	331016,	1.65255e+015,	-2,	-9,	11,	-8,	-2,	-3,	-2,	0,	1.65255e+009,	-0.750749,	-0.343728,	-0.31202,	-0.0608608,	-0.739138,	-0.143604,	-0.0178136,	0.102281,	-0.815309,	0.0049895,	0.000856181,	-0.009839,	-0.759989,	-0.311355,	-0.0219089,	-0.0822855,	-0.583338,	-0.363249,	-0.0195284,	-0.350781,	-0.4914,	0.63862,	-0.04312,	52401,	-238,	5,	-432,	52431,	149,	-61,	-129,	52421,	58,	-41,	-313,	
1,	11,	331079,	1.65255e+015,	-2,	-2,	11,	-1,	-6,	-4,	0,	-2,	1.65255e+009,	-0.750749,	-0.343728,	-0.31202,	-0.0608608,	-0.739138,	-0.143604,	-0.0178136,	0.102281,	-0.815309,	0.0049895,	0.000856181,	-0.009839,	-0.759989,	-0.311355,	-0.0219089,	-0.0822855,	-0.583338,	-0.363249,	-0.0195284,	-0.350781,	-0.4914,	0.63862,	-0.04312,	52411,	-235,	6,	-437,	52441,	149,	-60,	-131,	52431,	60,	-40,	-316,	
1,	11,	331141,	1.65255e+015,	-1,	1,	-22,	-21,	-4,	-2,	1,	-1,	1.65255e+009,	-0.750749,	-0.343728,	-0.31202,	-0.0608608,	-0.739138,	-0.143604,	-0.0178136,	0.102281,	-0.815309,	0.0049895,	0.000856181,	-0.009839,	-0.759989,	-0.311355,	-0.0219089,	-0.0822855,	-0.583338,	-0.363249,	-0.0195284,	-0.350781,	-0.4914,	0.63862,	-0.04312,	52421,	-234,	6,	-439,	52451,	148,	-60,	-131,	52441,	62,	-38,	-319,	
1,	11,	331219,	1.65255e+015,	2,	5,	-1,	-2,	-1,	-1,	1,	-1,	1.65255e+009,	-0.750749,	-0.343728,	-0.31202,	-0.0608608,	-0.739138,	-0.143604,	-0.0178136,	0.102281,	-0.815309,	0.0049895,	0.000856181,	-0.009839,	-0.759989,	-0.311355,	-0.0219089,	-0.0822855,	-0.583338,	-0.363249,	-0.0195284,	-0.350781,	-0.4914,	0.63862,	-0.04312,	52431,	-233,	7,	-440,	52461,	148,	-59,	-131,	52451,	65,	-38,	-321,	
1,	11,	331297,	1.65255e+015,	1,	0,	-5,	-18,	-2,	-2,	0,	1,	1.65255e+009,	-0.750749,	-0.343728,	-0.31202,	-0.0608608,	-0.739138,	-0.143604,	-0.0178136,	0.102281,	-0.815309,	0.0049895,	0.000856181,	-0.009839,	-0.759989,	-0.311355,	-0.0219089,	-0.0822855,	-0.583338,	-0.363249,	-0.0195284,	-0.350781,	-0.4914,	0.63862,	-0.04312,	52441,	-233,	8,	-440,	52471,	148,	-59,	-131,	52461,	65,	-37,	-323,	
1,	11,	331375,	1.65255e+015,	0,	-3,	12,	-10,	1,	0,	0,	-2,	1.65255e+009,	-0.750749,	-0.343728,	-0.31202,	-0.0608608,	-0.739138,	-0.143604,	-0.0178136,	0.102281,	-0.815309,	0.0049895,	0.000856181,	-0.009839,	-0.759989,	-0.311355,	-0.0219089,	-0.0822855,	-0.583338,	-0.363249,	-0.0195284,	-0.350781,	-0.4914,	0.63862,	-0.04312,	52451,	-231,	7,	-441,	52481,	148,	-60,	-132,	52471,	64,	-38,	-325,	
1,	11,	331454,	1.65255e+015,	0,	7,	20,	2,	-9,	-6,	-2,	-1,	1.65255e+009,	-0.750749,	-0.343728,	-0.31202,	-0.0608608,	-0.739138,	-0.143604,	-0.0178136,	0.102281,	-0.815309,	0.0049895,	0.000856181,	-0.009839,	-0.759989,	-0.311355,	-0.0219089,	-0.0822855,	-0.583338,	-0.363249,	-0.0195284,	-0.350781,	-0.4914,	0.63862,	-0.04312,	52461,	-227,	6,	-443,	52491,	148,	-60,	-133,	52481,	63,	-37,	-327,	
1,	11,	331532,	1.65255e+015,	-1,	1,	-9,	-2,	0,	2,	0,	1,	1.65255e+009,	-0.750749,	-0.343728,	-0.31202,	-0.0608608,	-0.739138,	-0.143604,	-0.0178136,	0.102281,	-0.815309,	0.0049895,	0.000856181,	-0.009839,	-0.759989,	-0.311355,	-0.0219089,	-0.0822855,	-0.583338,	-0.363249,	-0.0195284,	-0.350781,	-0.4914,	0.63862,	-0.04312,	52471,	-226,	6,	-447,	52501,	146,	-60,	-135,	52491,	64,	-35,	-329,	
1,	11,	331610,	1.65255e+015,	0,	-4,	13,	-10,	-3,	0,	-2,	-1,	1.65255e+009,	-0.750749,	-0.343728,	-0.31202,	-0.0608608,	-0.739138,	-0.143604,	-0.0178136,	0.102281,	-0.815309,	0.0049895,	0.000856181,	-0.009839,	-0.759989,	-0.311355,	-0.0219089,	-0.0822855,	-0.583338,	-0.363249,	-0.0195284,	-0.350781,	-0.4914,	0.63862,	-0.04312,	52481,	-224,	6,	-451,	52511,	146,	-60,	-136,	52501,	64,	-35,	-330,	
1,	11,	331704,	1.65255e+015,	0,	-5,	15,	-3,	-3,	-3,	-1,	-1,	1.65255e+009,	-0.750749,	-0.343728,	-0.31202,	-0.0608608,	-0.739138,	-0.143604,	-0.0178136,	0.102281,	-0.815309,	0.0049895,	0.000856181,	-0.009839,	-0.759989,	-0.311355,	-0.0219089,	-0.0822855,	-0.583338,	-0.363249,	-0.0195284,	-0.350781,	-0.4914,	0.63862,	-0.04312,	52491,	-222,	8,	-457,	52521,	145,	-59,	-138,	52511,	66,	-32,	-332,	
1,	11,	331782,	1.65255e+015,	0,	4,	-4,	4,	7,	3,	-1,	-1,	1.65255e+009,	-0.750749,	-0.343728,	-0.31202,	-0.0608608,	-0.739138,	-0.143604,	-0.0178136,	0.102281,	-0.815309,	0.0049895,	0.000856181,	-0.009839,	-0.759989,	-0.311355,	-0.0219089,	-0.0822855,	-0.583338,	-0.363249,	-0.0195284,	-0.350781,	-0.4914,	0.63862,	-0.04312,	52501,	-222,	8,	-462,	52531,	145,	-58,	-139,	52521,	67,	-31,	-335,	
1,	11,	331860,	1.65255e+015,	1,	-6,	3,	-16,	8,	1,	1,	0,	1.65255e+009,	-0.750749,	-0.343728,	-0.31202,	-0.0608608,	-0.739138,	-0.143604,	-0.0178136,	0.102281,	-0.815309,	0.0049895,	0.000856181,	-0.009839,	-0.759989,	-0.311355,	-0.0219089,	-0.0822855,	-0.583338,	-0.363249,	-0.0195284,	-0.350781,	-0.4914,	0.63862,	-0.04312,	52511,	-220,	10,	-467,	52541,	145,	-57,	-141,	52531,	68,	-29,	-337,	
1,	11,	331938,	1.65255e+015,	-4,	-3,	-6,	-9,	-4,	-2,	-1,	-2,	1.65255e+009,	-0.750749,	-0.343728,	-0.31202,	-0.0608608,	-0.739138,	-0.143604,	-0.0178136,	0.102281,	-0.815309,	0.0049895,	0.000856181,	-0.009839,	-0.759989,	-0.311355,	-0.0219089,	-0.0822855,	-0.583338,	-0.363249,	-0.0195284,	-0.350781,	-0.4914,	0.63862,	-0.04312,	52521,	-219,	10,	-473,	52551,	144,	-56,	-142,	52541,	68,	-28,	-339,	
1,	11,	332016,	1.65255e+015,	-3,	-7,	-6,	-2,	0,	-2,	-2,	-3,	1.65255e+009,	-0.750749,	-0.343728,	-0.31202,	-0.0608608,	-0.739138,	-0.143604,	-0.0178136,	0.102281,	-0.815309,	0.0049895,	0.000856181,	-0.009839,	-0.759989,	-0.311355,	-0.0219089,	-0.0822855,	-0.583338,	-0.363249,	-0.0195284,	-0.350781,	-0.4914,	0.63862,	-0.04312,	52531,	-216,	11,	-479,	52561,	145,	-57,	-144,	52551,	69,	-27,	-342,	
1,	11,	332079,	1.65255e+015,	1,	-2,	3,	-1,	-2,	-4,	-1,	0,	1.65255e+009,	-0.750749,	-0.343728,	-0.31202,	-0.0608608,	-0.739138,	-0.143604,	-0.0178136,	0.102281,	-0.815309,	0.0049895,	0.000856181,	-0.009839,	-0.759989,	-0.311355,	-0.0219089,	-0.0822855,	-0.583338,	-0.363249,	-0.0195284,	-0.350781,	-0.4914,	0.63862,	-0.04312,	52541,	-214,	9,	-484,	52571,	144,	-58,	-146,	52561,	70,	-26,	-343,	
1,	11,	332141,	1.65255e+015,	-3,	-6,	-7,	2,	-7,	-6,	-4,	-2,	1.65255e+009,	-0.750749,	-0.343728,	-0.31202,	-0.0608608,	-0.739138,	-0.143604,	-0.0178136,	0.102281,	-0.815309,	0.0049895,	0.000856181,	-0.009839,	-0.759989,	-0.311355,	-0.0219089,	-0.0822855,	-0.583338,	-0.363249,	-0.0195284,	-0.350781,	-0.4914,	0.63862,	-0.04312,	52551,	-212,	7,	-487,	52581,	145,	-60,	-148,	52571,	70,	-25,	-344,	
1,	11,	332204,	1.65255e+015,	-3,	-7,	-10,	4,	1,	0,	0,	-1,	1.65255e+009,	-0.750749,	-0.343728,	-0.31202,	-0.0608608,	-0.739138,	-0.143604,	-0.0178136,	0.102281,	-0.815309,	0.0049895,	0.000856181,	-0.009839,	-0.759989,	-0.311355,	-0.0219089,	-0.0822855,	-0.583338,	-0.363249,	-0.0195284,	-0.350781,	-0.4914,	0.63862,	-0.04312,	52561,	-213,	8,	-490,	52591,	144,	-59,	-149,	52581,	70,	-25,	-345,	
1,	11,	332282,	1.65255e+015,	1,	2,	-11,	3,	1,	1,	-1,	1,	1.65255e+009,	-0.750749,	-0.343728,	-0.31202,	-0.0608608,	-0.739138,	-0.143604,	-0.0178136,	0.102281,	-0.815309,	0.0049895,	0.000856181,	-0.009839,	-0.759989,	-0.311355,	-0.0219089,	-0.0822855,	-0.583338,	-0.363249,	-0.0195284,	-0.350781,	-0.4914,	0.63862,	-0.04312,	52571,	-211,	8,	-494,	52601,	144,	-59,	-150,	52591,	70,	-25,	-346,	
1,	11,	332360,	1.65255e+015,	-1,	-3,	-13,	-2,	0,	1,	0,	-1,	1.65255e+009,	-0.750749,	-0.343728,	-0.31202,	-0.0608608,	-0.739138,	-0.143604,	-0.0178136,	0.102281,	-0.815309,	0.0049895,	0.000856181,	-0.009839,	-0.759989,	-0.311355,	-0.0219089,	-0.0822855,	-0.583338,	-0.363249,	-0.0195284,	-0.350781,	-0.4914,	0.63862,	-0.04312,	6595,	-303,	1,	-340,	6625,	102,	-56,	-123,	6605,	36,	-42,	-295,	
1,	11,	332438,	1.65255e+015,	-2,	-5,	0,	-11,	-7,	-3,	-1,	-1,	1.65255e+009,	-0.750749,	-0.343728,	-0.31202,	-0.0608608,	-0.739138,	-0.143604,	-0.0178136,	0.102281,	-0.815309,	0.0049895,	0.000856181,	-0.009839,	-0.759989,	-0.311355,	-0.0219089,	-0.0822855,	-0.583338,	-0.363249,	-0.0195284,	-0.350781,	-0.4914,	0.63862,	-0.04312,	6605,	-304,	0,	-347,	6635,	103,	-55,	-126,	6615,	34,	-40,	-298,	
1,	11,	332516,	1.65255e+015,	0,	7,	4,	5,	4,	0,	-1,	1,	1.65255e+009,	-0.750749,	-0.343728,	-0.31202,	-0.0608608,	-0.739138,	-0.143604,	-0.0178136,	0.102281,	-0.815309,	0.0049895,	0.000856181,	-0.009839,	-0.759989,	-0.311355,	-0.0219089,	-0.0822855,	-0.583338,	-0.363249,	-0.0195284,	-0.350781,	-0.4914,	0.63862,	-0.04312,	6615,	-305,	0,	-351,	6645,	102,	-54,	-127,	6625,	32,	-40,	-300,	
1,	11,	332594,	1.65255e+015,	1,	8,	0,	3,	6,	2,	1,	0,	1.65255e+009,	-0.750749,	-0.343728,	-0.31202,	-0.0608608,	-0.739138,	-0.143604,	-0.0178136,	0.102281,	-0.815309,	0.0049895,	0.000856181,	-0.009839,	-0.759989,	-0.311355,	-0.0219089,	-0.0822855,	-0.583338,	-0.363249,	-0.0195284,	-0.350781,	-0.4914,	0.63862,	-0.04312,	6625,	-307,	0,	-351,	6655,	103,	-53,	-128,	6635,	33,	-40,	-302,	
1,	11,	332672,	1.65255e+015,	-1,	-2,	-4,	-4,	-1,	0,	0,	-1,	1.65255e+009,	-0.750749,	-0.343728,	-0.31202,	-0.0608608,	-0.739138,	-0.143604,	-0.0178136,	0.102281,	-0.815309,	0.0049895,	0.000856181,	-0.009839,	-0.759989,	-0.311355,	-0.0219089,	-0.0822855,	-0.583338,	-0.363249,	-0.0195284,	-0.350781,	-0.4914,	0.63862,	-0.04312,	6635,	-310,	0,	-348,	6665,	104,	-52,	-127,	6645,	33,	-40,	-303,	
1,	11,	332750,	1.65255e+015,	-2,	1,	4,	-5,	-5,	-2,	1,	-1,	1.65255e+009,	-0.750749,	-0.343728,	-0.31202,	-0.0608608,	-0.739138,	-0.143604,	-0.0178136,	0.102281,	-0.815309,	0.0049895,	0.000856181,	-0.009839,	-0.759989,	-0.311355,	-0.0219089,	-0.0822855,	-0.583338,	-0.363249,	-0.0195284,	-0.350781,	-0.455,	0.63862,	-0.04312,	6645,	-313,	0,	-345,	6675,	104,	-51,	-126,	6655,	35,	-41,	-303,	
1,	11,	332829,	1.65255e+015,	0,	0,	-10,	-3,	-3,	1,	0,	1,	1.65255e+009,	-0.750749,	-0.343728,	-0.31202,	-0.0608608,	-0.739138,	-0.143604,	-0.0178136,	0.102281,	-0.815309,	0.0049895,	0.000856181,	-0.009839,	-0.759989,	-0.311355,	-0.0219089,	-0.0822855,	-0.583338,	-0.363249,	-0.0195284,	-0.350781,	-0.455,	0.63862,	-0.04312,	6655,	-312,	1,	-343,	6685,	106,	-51,	-125,	6665,	35,	-41,	-303,	
1,	11,	332907,	1.65255e+015,	1,	5,	1,	7,	-2,	-2,	-1,	0,	1.65255e+009,	-0.750749,	-0.343728,	-0.31202,	-0.0608608,	-0.739138,	-0.143604,	-0.0178136,	0.102281,	-0.815309,	0.0049895,	0.000856181,	-0.009839,	-0.759989,	-0.311355,	-0.0219089,	-0.0822855,	-0.583338,	-0.363249,	-0.0195284,	-0.350781,	-0.455,	0.63862,	-0.04312,	6665,	-314,	0,	-342,	6695,	105,	-51,	-124,	6675,	33,	-42,	-303,	
1,	11,	332985,	1.65255e+015,	-1,	-2,	-25,	1,	-8,	-3,	0,	-2,	1.65255e+009,	-0.750749,	-0.343728,	-0.31202,	-0.0608608,	-0.739138,	-0.143604,	-0.0178136,	0.102281,	-0.815309,	0.0049895,	0.000856181,	-0.009839,	-0.759989,	-0.311355,	-0.0219089,	-0.0822855,	-0.583338,	-0.363249,	-0.0195284,	-0.350781,	-0.455,	0.63862,	-0.04312,	6675,	-317,	0,	-343,	6705,	104,	-51,	-123,	6685,	33,	-44,	-301,	
1,	11,	333063,	1.65255e+015,	-3,	-1,	-1,	0,	5,	1,	0,	-2,	1.65255e+009,	-0.750749,	-0.343728,	-0.31202,	-0.0608608,	-0.739138,	-0.143604,	-0.0178136,	0.105214,	-0.815309,	0.0049895,	0.000856181,	-0.00690566,	-0.759989,	-0.311355,	-0.0219089,	-0.0911802,	-0.583338,	-0.363249,	-0.0195284,	-0.359676,	-0.455,	0.63862,	-0.04312,	6685,	-319,	0,	-340,	6715,	104,	-49,	-121,	6695,	29,	-46,	-297,	
1,	11,	333141,	1.65255e+015,	-2,	-5,	-3,	-2,	11,	7,	1,	0,	1.65255e+009,	-0.750749,	-0.343728,	-0.31202,	-0.0608608,	-0.739138,	-0.143604,	-0.0178136,	0.105214,	-0.815309,	0.0049895,	0.000856181,	-0.00690566,	-0.759989,	-0.311355,	-0.0219089,	-0.0911802,	-0.583338,	-0.363249,	-0.0195284,	-0.359676,	-0.455,	0.63862,	-0.04312,	6695,	-324,	-1,	-336,	6725,	105,	-49,	-119,	6705,	27,	-49,	-294,	
1,	11,	333219,	1.65255e+015,	1,	4,	7,	7,	10,	4,	2,	0,	1.65255e+009,	-0.750749,	-0.343728,	-0.31202,	-0.0608608,	-0.739138,	-0.143604,	-0.0178136,	0.105214,	-0.815309,	0.0049895,	0.000856181,	-0.00690566,	-0.759989,	-0.311355,	-0.0219089,	-0.0911802,	-0.583338,	-0.363249,	-0.0195284,	-0.359676,	-0.455,	0.63862,	-0.04312,	6705,	-325,	-2,	-335,	6735,	106,	-48,	-117,	6715,	25,	-52,	-291,	
1,	11,	333297,	1.65255e+015,	2,	10,	0,	5,	3,	0,	0,	0,	1.65255e+009,	-0.750749,	-0.343728,	-0.31202,	-0.0608608,	-0.739138,	-0.143604,	-0.0178136,	0.105214,	-0.815309,	0.0049895,	0.000856181,	-0.00690566,	-0.759989,	-0.311355,	-0.0219089,	-0.0911802,	-0.583338,	-0.363249,	-0.0195284,	-0.359676,	-0.455,	0.63862,	-0.04312,	6715,	-327,	-2,	-335,	6745,	106,	-49,	-115,	6725,	25,	-54,	-289,	
1,	11,	333375,	1.65255e+015,	1,	9,	4,	1,	4,	1,	0,	2,	1.65255e+009,	-0.750749,	-0.343728,	-0.31202,	-0.0608608,	-0.739138,	-0.143604,	-0.0178136,	0.105214,	-0.815309,	0.0049895,	0.000856181,	-0.00690566,	-0.759989,	-0.311355,	-0.0219089,	-0.0911802,	-0.583338,	-0.363249,	-0.0195284,	-0.359676,	-0.455,	0.63862,	-0.04312,	6725,	-328,	-1,	-334,	6755,	108,	-48,	-114,	6735,	25,	-55,	-288,	
1,	11,	333454,	1.65255e+015,	-1,	4,	24,	6,	1,	0,	-1,	-2,	1.65255e+009,	-0.750749,	-0.343728,	-0.31202,	-0.0608608,	-0.739138,	-0.143604,	-0.0178136,	0.105214,	-0.815309,	0.0049895,	0.000856181,	-0.00690566,	-0.759989,	-0.311355,	-0.0219089,	-0.0911802,	-0.583338,	-0.363249,	-0.0195284,	-0.359676,	-0.455,	0.63862,	-0.04312,	6735,	-327,	-1,	-336,	6765,	109,	-49,	-113,	6745,	26,	-56,	-288,	
1,	11,	333532,	1.65255e+015,	0,	4,	0,	-9,	-8,	-6,	-1,	-1,	1.65255e+009,	-0.750749,	-0.343728,	-0.31202,	-0.0608608,	-0.739138,	-0.143604,	-0.0178136,	0.105214,	-0.815309,	0.0049895,	0.000856181,	-0.00690566,	-0.759989,	-0.311355,	-0.0219089,	-0.0911802,	-0.583338,	-0.363249,	-0.0195284,	-0.359676,	-0.455,	0.63862,	-0.04312,	6745,	-326,	-1,	-341,	6775,	110,	-49,	-113,	6755,	26,	-56,	-287,	
1,	11,	333610,	1.65255e+015,	2,	4,	16,	-6,	-10,	-4,	0,	1,	1.65255e+009,	-0.750749,	-0.343728,	-0.31202,	-0.0608608,	-0.739138,	-0.143604,	-0.0178136,	0.105214,	-0.815309,	0.0049895,	0.000856181,	-0.00690566,	-0.759989,	-0.311355,	-0.0219089,	-0.0911802,	-0.583338,	-0.363249,	-0.0195284,	-0.359676,	-0.455,	0.63862,	-0.04312,	6755,	-326,	-2,	-344,	6785,	109,	-49,	-113,	6765,	25,	-57,	-286,	
1,	11,	333672,	1.65255e+015,	1,	2,	-8,	2,	4,	3,	0,	1,	1.65255e+009,	-0.750749,	-0.343728,	-0.31202,	-0.0608608,	-0.739138,	-0.143604,	-0.0178136,	0.105214,	-0.815309,	0.0049895,	0.000856181,	-0.00690566,	-0.759989,	-0.311355,	-0.0219089,	-0.0911802,	-0.583338,	-0.363249,	-0.0195284,	-0.359676,	-0.455,	0.63862,	-0.04312,	6765,	-327,	-3,	-347,	6795,	110,	-50,	-113,	6775,	24,	-57,	-285,	
1,	11,	333750,	1.65255e+015,	-1,	-5,	-16,	-2,	1,	3,	1,	1,	1.65255e+009,	-0.750749,	-0.343728,	-0.31202,	-0.0608608,	-0.739138,	-0.143604,	-0.0178136,	0.105214,	-0.815309,	0.0049895,	0.000856181,	-0.00690566,	-0.759989,	-0.311355,	-0.0219089,	-0.0911802,	-0.583338,	-0.363249,	-0.0195284,	-0.359676,	-0.455,	0.63862,	-0.04312,	6775,	-329,	-4,	-348,	6805,	110,	-50,	-112,	6785,	24,	-57,	-284,	
1,	11,	333813,	1.65255e+015,	-1,	-5,	-12,	-6,	-6,	-4,	-1,	-1,	1.65255e+009,	-0.750749,	-0.343728,	-0.31202,	-0.0608608,	-0.739138,	-0.143604,	-0.0178136,	0.105214,	-0.815309,	0.0049895,	0.000856181,	-0.00690566,	-0.759989,	-0.311355,	-0.0219089,	-0.0911802,	-0.583338,	-0.363249,	-0.0195284,	-0.359676,	-0.455,	0.63862,	-0.04312,	6785,	-332,	-5,	-346,	6815,	109,	-51,	-109,	6795,	22,	-58,	-281,	
2,	11,	333922,	1.65255e+015,	-1,	0,	2,	2,	0,	2,	-1,	-2,	1.65255e+009,	-0.750749,	-0.343728,	-0.31202,	-0.0608608,	-0.739138,	-0.143604,	-0.0178136,	0.105214,	-0.815309,	0.0049895,	0.000856181,	-0.00690566,	-0.759989,	-0.311355,	-0.0219089,	-0.0911802,	-0.583338,	-0.363249,	-0.0195284,	-0.359676,	-0.455,	0.63862,	-0.04312,	6795,	-336,	-7,	-339,	6825,	109,	-51,	-107,	6805,	20,	-60,	-278,	
2,	11,	334000,	1.65255e+015,	-7,	-10,	32,	-6,	-1,	-2,	0,	-3,	1.65255e+009,	-0.750749,	-0.343728,	-0.31202,	-0.0608608,	-0.739138,	-0.143604,	-0.0178136,	0.105214,	-0.815309,	0.0049895,	0.000856181,	-0.00690566,	-0.759989,	-0.311355,	-0.0219089,	-0.0911802,	-0.583338,	-0.363249,	-0.0195284,	-0.359676,	-0.455,	0.63862,	-0.04312,	6805,	-343,	-7,	-328,	6835,	109,	-52,	-103,	6815,	19,	-62,	-275,	
2,	11,	334079,	1.65255e+015,	-2,	-3,	-17,	1,	4,	4,	-1,	0,	1.65255e+009,	-0.750749,	-0.343728,	-0.31202,	-0.0608608,	-0.739138,	-0.143604,	-0.0178136,	0.105214,	-0.815309,	0.0049895,	0.000856181,	-0.00690566,	-0.759989,	-0.311355,	-0.0219089,	-0.0911802,	-0.583338,	-0.363249,	-0.0195284,	-0.359676,	-0.455,	0.63862,	-0.04312,	6815,	-350,	-8,	-314,	6845,	109,	-51,	-97,	6825,	17,	-65,	-269,	
2,	11,	334141,	1.65255e+015,	0,	2,	-19,	-1,	3,	0,	-1,	0,	1.65255e+009,	-0.750749,	-0.343728,	-0.31202,	-0.0608608,	-0.739138,	-0.143604,	-0.0178136,	0.105214,	-0.815309,	0.0049895,	0.000856181,	-0.00690566,	-0.759989,	-0.311355,	-0.0219089,	-0.0911802,	-0.583338,	-0.363249,	-0.0195284,	-0.359676,	-0.455,	0.63862,	-0.04312,	6825,	-358,	-8,	-299,	6855,	109,	-51,	-92,	6835,	15,	-68,	-262,	
2,	11,	334219,	1.65255e+015,	0,	1,	-4,	-1,	3,	2,	0,	0,	1.65255e+009,	-0.750749,	-0.343728,	-0.31202,	-0.0608608,	-0.739138,	-0.143604,	-0.0178136,	0.105214,	-0.815309,	0.0049895,	0.000856181,	-0.00690566,	-0.759989,	-0.311355,	-0.0219089,	-0.0911802,	-0.583338,	-0.363249,	-0.0195284,	-0.359676,	-0.455,	0.63862,	-0.04312,	6835,	-364,	-9,	-282,	6865,	108,	-52,	-87,	6845,	13,	-72,	-255,	
2,	11,	334297,	1.65255e+015,	1,	0,	-1,	-9,	-6,	0,	-3,	-2,	1.65255e+009,	-0.750749,	-0.343728,	-0.31202,	-0.0608608,	-0.739138,	-0.143604,	-0.0178136,	0.105214,	-0.815309,	0.0049895,	0.000856181,	-0.00690566,	-0.759989,	-0.311355,	-0.0219089,	-0.0911802,	-0.583338,	-0.363249,	-0.0195284,	-0.359676,	-0.455,	0.63862,	-0.04312,	6845,	-372,	-10,	-266,	6875,	107,	-52,	-82,	6855,	10,	-74,	-247,	
2,	11,	334360,	1.65255e+015,	2,	0,	-5,	2,	1,	1,	1,	0,	1.65255e+009,	-0.750749,	-0.343728,	-0.31202,	-0.0608608,	-0.739138,	-0.143604,	-0.0178136,	0.105214,	-0.815309,	0.0049895,	0.000856181,	-0.00690566,	-0.759989,	-0.311355,	-0.0219089,	-0.0911802,	-0.583338,	-0.363249,	-0.0195284,	-0.359676,	-0.455,	0.63862,	-0.04312,	6855,	-378,	-10,	-251,	6885,	104,	-52,	-79,	6865,	7,	-77,	-239,	
2,	11,	334438,	1.65255e+015,	2,	9,	-2,	18,	-1,	-2,	-2,	-1,	1.65255e+009,	-0.750749,	-0.343728,	-0.31202,	-0.0608608,	-0.739138,	-0.143604,	-0.0178136,	0.105214,	-0.815309,	0.0049895,	0.000856181,	-0.00690566,	-0.759989,	-0.311355,	-0.0219089,	-0.0911802,	-0.583338,	-0.363249,	-0.0195284,	-0.359676,	-0.455,	0.63862,	-0.04312,	6865,	-385,	-11,	-240,	6895,	102,	-52,	-75,	6875,	6,	-78,	-231,	
2,	11,	334500,	1.65255e+015,	-2,	-6,	-5,	-3,	5,	4,	0,	0,	1.65255e+009,	-0.750749,	-0.343728,	-0.31202,	-0.0608608,	-0.739138,	-0.143604,	-0.0178136,	0.105214,	-0.815309,	0.0049895,	0.000856181,	-0.00690566,	-0.759989,	-0.311355,	-0.0219089,	-0.0911802,	-0.583338,	-0.363249,	-0.0195284,	-0.359676,	-0.455,	0.63862,	-0.04312,	6875,	-391,	-10,	-226,	6905,	101,	-52,	-71,	6885,	3,	-81,	-223,	
2,	11,	334579,	1.65255e+015,	-3,	-4,	10,	-4,	-7,	-3,	2,	0,	1.65255e+009,	-0.810869,	-0.442288,	-0.31202,	-0.0362208,	-0.739138,	-0.143604,	-0.0178136,	0.105214,	-0.815309,	0.0049895,	0.000856181,	-0.00690566,	-0.759989,	-0.311355,	-0.0219089,	-0.0911802,	-0.583338,	-0.363249,	-0.0195284,	-0.359676,	-0.455,	0.63862,	-0.04312,	6885,	-397,	-11,	-211,	6915,	100,	-53,	-67,	6895,	2,	-84,	-216,	
2,	11,	334657,	1.65255e+015,	-1,	-1,	32,	-5,	2,	2,	23,	9,	1.65255e+009,	-0.976198,	-0.540848,	-0.31202,	0.0475552,	-0.803202,	-0.143604,	-0.0178136,	0.0985425,	-0.815309,	0.0049895,	0.000856181,	-0.0047054,	-0.759989,	-0.311355,	-0.0219089,	-0.0889799,	-0.583338,	-0.363249,	-0.0195284,	-0.357476,	-0.3549,	0.63862,	-0.04312,	6895,	-402,	-10,	-195,	6925,	99,	-54,	-64,	6905,	0,	-87,	-209,	
2,	11,	334735,	1.65255e+015,	-5,	-9,	-21,	-2,	-3,	-6,	-8,	-1,	1.65255e+009,	-1.29183,	-0.688688,	-0.361547,	0.0968352,	-0.867266,	-0.143604,	-0.0178136,	0.0885349,	-0.815309,	-0.0948005,	-0.0132402,	-0.00140502,	-0.759989,	-0.311355,	-0.0219089,	-0.0856795,	-0.583338,	-0.363249,	-0.0195284,	-0.366003,	-0.3094,	0.63862,	-0.04312,	6905,	-408,	-10,	-179,	6935,	97,	-55,	-60,	6915,	-1,	-89,	-204,	
2,	11,	334813,	1.65255e+015,	1,	6,	-37,	-1,	-3,	-3,	-5,	-2,	1.65255e+009,	-1.51728,	-0.688688,	-0.361547,	0.121475,	-0.867266,	-0.143604,	-0.0178136,	0.0885349,	-0.736459,	-0.0948005,	-0.0132402,	-0.00140502,	-0.759989,	-0.311355,	-0.0219089,	-0.0856795,	-0.583338,	-0.363249,	-0.0195284,	-0.366003,	-0.3094,	0.63862,	-0.0588,	6915,	-412,	-9,	-167,	6945,	97,	-55,	-57,	6925,	0,	-91,	-199,	
2,	11,	334891,	1.65255e+015,	0,	-2,	0,	-7,	-1,	-2,	-5,	-6,	1.65255e+009,	-1.60746,	-0.811888,	-0.510128,	0.121475,	-0.867266,	-0.143604,	-0.0178136,	0.0818631,	-0.736459,	-0.0948005,	-0.0132402,	0.000795235,	-0.759989,	-0.311355,	-0.0219089,	-0.0834793,	-0.583338,	-0.363249,	-0.0195284,	-0.363803,	-0.4095,	0.63862,	-0.0588,	6925,	-415,	-7,	-158,	6955,	96,	-55,	-55,	6935,	-1,	-91,	-197,	
2,	11,	334969,	1.65255e+015,	-2,	-3,	-20,	20,	1,	2,	6,	3,	1.65255e+009,	-1.66758,	-0.811888,	-0.592673,	0.121475,	-0.867266,	-0.143604,	-0.0178136,	0.0818631,	-0.657609,	-0.0948005,	-0.0132402,	0.000795235,	-0.759989,	-0.311355,	-0.0219089,	-0.0834793,	-0.583338,	-0.363249,	-0.0195284,	-0.363803,	-0.5096,	0.63862,	-0.0588,	6935,	-417,	-5,	-151,	6965,	97,	-55,	-54,	6945,	0,	-91,	-195,	
2,	11,	335047,	1.65255e+015,	-6,	-5,	14,	-8,	-4,	-1,	-1,	-5,	1.65255e+009,	-1.74273,	-0.910448,	-0.675218,	0.121475,	-0.867266,	-0.143604,	-0.0178136,	0.0818631,	-0.657609,	-0.0948005,	-0.0132402,	0.000795235,	-0.759989,	-0.311355,	-0.0219089,	-0.0834793,	-0.583338,	-0.363249,	-0.0195284,	-0.363803,	-0.6188,	0.63862,	-0.0588,	6945,	-418,	-4,	-147,	6975,	94,	-55,	-53,	6955,	-1,	-91,	-193,	
2,	11,	335125,	1.65255e+015,	8,	6,	20,	1,	4,	7,	7,	9,	1.65255e+009,	-1.74273,	-0.910448,	-0.741254,	0.101763,	-0.867266,	-0.143604,	-0.0178136,	0.0818631,	-0.657609,	-0.0948005,	-0.0132402,	0.000795235,	-0.759989,	-0.311355,	-0.0219089,	-0.0834793,	-0.583338,	-0.363249,	-0.0195284,	-0.363803,	-0.7826,	0.63862,	-0.0588,	6955,	-417,	-4,	-147,	6985,	95,	-55,	-55,	6965,	-1,	-89,	-192,	
2,	11,	335204,	1.65255e+015,	3,	1,	20,	3,	5,	4,	1,	0,	1.65255e+009,	-1.80285,	-0.910448,	-0.823799,	0.101763,	-0.867266,	-0.143604,	-0.0178136,	0.0818631,	-0.657609,	-0.0948005,	-0.0132402,	0.000795235,	-0.759989,	-0.240391,	-0.0223744,	-0.0834793,	-0.495618,	-0.363249,	-0.0195284,	-0.363803,	-0.8918,	0.63862,	-0.0588,	6965,	-414,	-3,	-151,	6995,	93,	-56,	-57,	6975,	-1,	-87,	-191,	
2,	11,	335282,	1.65255e+015,	8,	10,	-7,	-7,	-1,	2,	0,	4,	1.65255e+009,	-1.80285,	-0.910448,	-0.823799,	0.101763,	-0.803202,	-0.143604,	-0.0178136,	0.0818631,	-0.657609,	-0.0948005,	-0.0132402,	0.000795235,	-0.759989,	-0.240391,	-0.0223744,	-0.0834793,	-0.495618,	-0.363249,	-0.0195284,	-0.363803,	-0.9828,	0.63862,	-0.0588,	6975,	-410,	-4,	-156,	7005,	92,	-57,	-59,	6985,	-2,	-85,	-192,	
2,	11,	335360,	1.65255e+015,	0,	2,	-1,	-3,	-4,	-4,	-6,	0,	1.65255e+009,	-1.80285,	-0.910448,	-0.823799,	0.101763,	-0.803202,	-0.143604,	-0.0178136,	0.0818631,	-0.720689,	-0.0948005,	-0.0132402,	0.000795235,	-0.759989,	-0.240391,	-0.0223744,	-0.0834793,	-0.495618,	-0.363249,	-0.0195284,	-0.363803,	-1.0374,	0.63862,	-0.0588,	6985,	-407,	-4,	-159,	7015,	93,	-59,	-60,	6995,	-2,	-84,	-191,	
2,	11,	335454,	1.65255e+015,	4,	15,	-10,	3,	-6,	1,	5,	2,	1.65255e+009,	-1.80285,	-0.910448,	-0.823799,	0.101763,	-0.803202,	-0.143604,	-0.0178136,	0.0818631,	-0.720689,	-0.0948005,	-0.0132402,	0.000795235,	-0.759989,	-0.240391,	-0.0223744,	-0.0834793,	-0.495618,	-0.363249,	-0.0195284,	-0.363803,	-1.0374,	0.63862,	-0.0588,	6995,	-406,	-5,	-158,	7025,	95,	-60,	-60,	7005,	-2,	-85,	-190,	
2,	11,	335532,	1.65255e+015,	-1,	1,	4,	-1,	-2,	-4,	-5,	-6,	1.65255e+009,	-1.74273,	-0.910448,	-0.708236,	0.101763,	-0.803202,	-0.143604,	-0.0178136,	0.0818631,	-0.720689,	-0.0948005,	-0.0132402,	0.000795235,	-0.759989,	-0.240391,	-0.0223744,	-0.0834793,	-0.495618,	-0.363249,	-0.0195284,	-0.363803,	-0.8008,	0.63862,	-0.0588,	7005,	-403,	-5,	-154,	7035,	97,	-60,	-59,	7015,	-2,	-86,	-189,	
2,	11,	335610,	1.65255e+015,	3,	10,	7,	6,	-2,	-1,	-1,	1,	1.65255e+009,	-1.66758,	-0.787248,	-0.493619,	0.101763,	-0.803202,	-0.143604,	-0.0178136,	0.0885349,	-0.720689,	-0.0948005,	-0.0132402,	-0.00140502,	-0.759989,	-0.240391,	-0.0223744,	-0.0856795,	-0.495618,	-0.363249,	-0.0195284,	-0.366003,	-0.5005,	0.63862,	-0.0588,	7015,	-403,	-3,	-149,	7045,	97,	-60,	-58,	7025,	-4,	-86,	-187,	
2,	11,	335688,	1.65255e+015,	-1,	-2,	15,	-3,	-3,	-2,	-2,	-1,	1.65255e+009,	-1.36698,	-0.688688,	-0.345038,	0.0574112,	-0.803202,	-0.143604,	-0.0178136,	0.0985425,	-0.720689,	-0.0948005,	-0.0132402,	-0.0047054,	-0.759989,	-0.240391,	-0.0223744,	-0.0889799,	-0.583338,	-0.363249,	-0.0195284,	-0.369304,	-0.4459,	0.63862,	-0.0588,	7025,	-403,	-3,	-142,	7055,	96,	-60,	-56,	7035,	-3,	-86,	-187,	
2,	11,	335766,	1.65255e+015,	-2,	-1,	14,	0,	-9,	-7,	-1,	-2,	1.65255e+009,	-1.11147,	-0.688688,	-0.345038,	0.00813121,	-0.803202,	-0.143604,	-0.0178136,	0.0985425,	-0.720689,	-0.0948005,	-0.0132402,	-0.0047054,	-0.759989,	-0.240391,	-0.0223744,	-0.0889799,	-0.583338,	-0.363249,	-0.0195284,	-0.369304,	-0.4459,	0.63862,	-0.0588,	7035,	-405,	-3,	-136,	7065,	96,	-60,	-54,	7045,	-4,	-86,	-185,	
2,	11,	335844,	1.65255e+015,	-1,	-1,	6,	3,	-1,	-2,	0,	0,	1.65255e+009,	-0.991229,	-0.590128,	-0.345038,	-0.0312928,	-0.803202,	-0.143604,	-0.0178136,	0.106882,	-0.720689,	-0.0948005,	-0.0132402,	-0.00745572,	-0.759989,	-0.240391,	-0.0223744,	-0.0917302,	-0.583338,	-0.363249,	-0.0195284,	-0.372054,	-0.4459,	0.63862,	-0.0588,	7045,	-407,	-3,	-131,	7075,	96,	-59,	-52,	7055,	-3,	-87,	-183,	
2,	11,	335922,	1.65255e+015,	-1,	3,	23,	10,	4,	2,	0,	1,	1.65255e+009,	-0.931109,	-0.491568,	-0.345038,	-0.0510048,	-0.739138,	-0.143604,	-0.0178136,	0.106882,	-0.720689,	-0.0948005,	-0.0132402,	-0.00745572,	-0.759989,	-0.240391,	-0.0223744,	-0.0917302,	-0.583338,	-0.363249,	-0.0195284,	-0.372054,	-0.4823,	0.63862,	-0.0588,	7055,	-408,	-3,	-128,	7085,	97,	-59,	-50,	7065,	-3,	-87,	-181,	
2,	11,	336016,	1.65255e+015,	1,	1,	1,	7,	3,	-1,	0,	1,	1.65255e+009,	-0.931109,	-0.491568,	-0.345038,	-0.0510048,	-0.739138,	-0.143604,	-0.0178136,	0.106882,	-0.720689,	-0.0948005,	-0.0132402,	-0.00745572,	-0.759989,	-0.240391,	-0.0223744,	-0.0917302,	-0.583338,	-0.363249,	-0.0195284,	-0.372054,	-0.4823,	0.63862,	-0.0588,	7065,	-407,	-4,	-128,	7095,	96,	-59,	-49,	7075,	-3,	-87,	-180,	
2,	11,	336110,	1.65255e+015,	0,	3,	8,	1,	2,	-1,	0,	0,	1.65255e+009,	-0.855959,	-0.491568,	-0.345038,	-0.0756448,	-0.739138,	-0.143604,	-0.0178136,	0.106882,	-0.720689,	-0.0948005,	-0.0132402,	-0.00745572,	-0.759989,	-0.240391,	-0.0223744,	-0.0917302,	-0.583338,	-0.363249,	-0.0195284,	-0.372054,	-0.4823,	0.63862,	-0.0588,	7075,	-404,	-5,	-131,	7105,	95,	-59,	-51,	7085,	-4,	-87,	-177,	
2,	11,	336188,	1.65255e+015,	1,	3,	14,	4,	-1,	0,	0,	0,	1.65255e+009,	-0.855959,	-0.491568,	-0.345038,	-0.0756448,	-0.739138,	-0.143604,	-0.0178136,	0.106882,	-0.720689,	-0.0948005,	-0.0132402,	-0.00745572,	-0.759989,	-0.240391,	-0.0223744,	-0.0917302,	-0.583338,	-0.363249,	-0.0195284,	-0.372054,	-0.4823,	0.63862,	-0.0588,	7085,	-400,	-7,	-138,	7115,	96,	-60,	-51,	7095,	-5,	-87,	-176,	
2,	11,	336266,	1.65255e+015,	-2,	-3,	-10,	-1,	0,	0,	-1,	-2,	1.65255e+009,	-0.855959,	-0.491568,	-0.31202,	-0.0756448,	-0.739138,	-0.143604,	-0.0178136,	0.106882,	-0.720689,	-0.0948005,	-0.0132402,	-0.00745572,	-0.759989,	-0.240391,	-0.0223744,	-0.0917302,	-0.583338,	-0.363249,	-0.0195284,	-0.372054,	-0.4823,	0.63862,	-0.0588,	7095,	-395,	-9,	-149,	7125,	97,	-61,	-52,	7105,	-3,	-87,	-177,	
2,	11,	336344,	1.65255e+015,	-1,	-2,	2,	-9,	-8,	-5,	-3,	-2,	1.65255e+009,	-0.855959,	-0.491568,	-0.31202,	-0.0756448,	-0.739138,	-0.143604,	-0.0178136,	0.106882,	-0.720689,	-0.0948005,	-0.0132402,	-0.00745572,	-0.759989,	-0.240391,	-0.0223744,	-0.0917302,	-0.583338,	-0.363249,	-0.0195284,	-0.372054,	-0.4823,	0.63862,	-0.0588,	7105,	-389,	-11,	-163,	7135,	98,	-60,	-51,	7115,	-1,	-87,	-177,	
2,	11,	336407,	1.65255e+015,	-1,	1,	17,	0,	-4,	-2,	-1,	1,	1.65255e+009,	-0.855959,	-0.491568,	-0.31202,	-0.0756448,	-0.739138,	-0.143604,	-0.0178136,	0.106882,	-0.799539,	-0.0948005,	-0.0132402,	-0.00745572,	-0.759989,	-0.240391,	-0.0223744,	-0.0917302,	-0.583338,	-0.363249,	-0.0195284,	-0.372054,	-0.4823,	0.63862,	-0.0588,	7115,	-384,	-14,	-178,	7145,	100,	-62,	-50,	7125,	0,	-88,	-178,	
2,	11,	336485,	1.65255e+015,	-2,	4,	3,	3,	-2,	2,	0,	1,	1.65255e+009,	-0.855959,	-0.491568,	-0.31202,	-0.0756448,	-0.739138,	-0.143604,	-0.0178136,	0.106882,	-0.799539,	-0.0948005,	-0.0132402,	-0.00745572,	-0.759989,	-0.240391,	-0.0223744,	-0.0917302,	-0.583338,	-0.363249,	-0.0195284,	-0.372054,	-0.4823,	0.63862,	-0.0588,	7125,	-380,	-16,	-190,	7155,	101,	-62,	-44,	7135,	2,	-88,	-178,	
2,	11,	336547,	1.65255e+015,	0,	4,	18,	5,	3,	4,	0,	0,	1.65255e+009,	-0.855959,	-0.491568,	-0.31202,	-0.0756448,	-0.739138,	-0.143604,	-0.0178136,	0.106882,	-0.799539,	-0.0948005,	-0.0132402,	-0.00745572,	-0.759989,	-0.240391,	-0.0223744,	-0.0917302,	-0.583338,	-0.363249,	-0.0195284,	-0.372054,	-0.4823,	0.63862,	-0.0588,	7135,	-379,	-17,	-197,	7165,	103,	-63,	-36,	7145,	2,	-88,	-175,	
2,	11,	336610,	1.65255e+015,	3,	7,	-2,	-3,	3,	4,	1,	0,	1.65255e+009,	-0.855959,	-0.491568,	-0.31202,	-0.0756448,	-0.739138,	-0.143604,	-0.0178136,	0.106882,	-0.799539,	-0.0948005,	-0.0132402,	-0.00745572,	-0.759989,	-0.240391,	-0.0223744,	-0.0917302,	-0.583338,	-0.363249,	-0.0195284,	-0.372054,	-0.4823,	0.63862,	-0.0588,	7145,	-379,	-18,	-202,	7175,	105,	-62,	-29,	7155,	2,	-87,	-171,	
2,	11,	336688,	1.65255e+015,	-1,	0,	-2,	8,	-2,	-3,	-1,	-1,	1.65255e+009,	-0.855959,	-0.491568,	-0.31202,	-0.0756448,	-0.739138,	-0.143604,	-0.0178136,	0.106882,	-0.799539,	-0.0948005,	-0.0132402,	-0.00745572,	-0.759989,	-0.240391,	-0.0223744,	-0.0917302,	-0.583338,	-0.363249,	-0.0195284,	-0.372054,	-0.4823,	0.63862,	-0.0588,	7155,	-378,	-16,	-209,	7185,	104,	-61,	-25,	7165,	3,	-86,	-170,	
2,	11,	336750,	1.65255e+015,	0,	3,	-1,	-8,	-8,	-4,	0,	-1,	1.65255e+009,	-0.855959,	-0.491568,	-0.31202,	-0.0756448,	-0.739138,	-0.143604,	-0.0178136,	0.106882,	-0.799539,	-0.0948005,	-0.0132402,	-0.00745572,	-0.759989,	-0.240391,	-0.0223744,	-0.0917302,	-0.583338,	-0.363249,	-0.0195284,	-0.372054,	-0.4823,	0.63862,	-0.0588,	7165,	-374,	-15,	-219,	7195,	106,	-59,	-26,	7175,	4,	-84,	-171,	
2,	11,	336829,	1.65255e+015,	0,	-4,	-35,	-4,	3,	2,	1,	0,	1.65255e+009,	-0.855959,	-0.491568,	-0.31202,	-0.0756448,	-0.739138,	-0.143604,	-0.0178136,	0.106882,	-0.799539,	-0.0948005,	-0.0132402,	-0.00745572,	-0.759989,	-0.240391,	-0.0223744,	-0.0917302,	-0.583338,	-0.363249,	-0.0195284,	-0.372054,	-0.4823,	0.63862,	-0.0588,	7175,	-367,	-13,	-232,	7205,	105,	-59,	-30,	7185,	5,	-81,	-175,	
2,	11,	336907,	1.65255e+015,	-5,	-8,	-15,	-7,	-6,	-4,	-2,	-3,	1.65255e+009,	-0.855959,	-0.491568,	-0.31202,	-0.0756448,	-0.739138,	-0.143604,	-0.0178136,	0.106882,	-0.799539,	-0.0948005,	-0.0132402,	-0.00745572,	-0.759989,	-0.240391,	-0.0223744,	-0.0917302,	-0.583338,	-0.363249,	-0.0195284,	-0.372054,	-0.4823,	0.63862,	-0.0588,	7185,	-362,	-12,	-246,	7215,	105,	-58,	-36,	7195,	5,	-78,	-181,	
2,	11,	336969,	1.65255e+015,	-1,	-3,	-9,	7,	13,	3,	0,	0,	1.65255e+009,	-0.855959,	-0.491568,	-0.31202,	-0.0756448,	-0.739138,	-0.143604,	-0.0178136,	0.106882,	-0.799539,	-0.0948005,	-0.0132402,	-0.00745572,	-0.759989,	-0.240391,	-0.0223744,	-0.0917302,	-0.583338,	-0.363249,	-0.0195284,	-0.372054,	-0.4823,	0.63862,	-0.0588,	7195,	-357,	-13,	-259,	7225,	106,	-58,	-42,	7205,	7,	-77,	-186,	
2,	11,	337032,	1.65255e+015,	1,	3,	-17,	-6,	-3,	-2,	1,	0,	1.65255e+009,	-0.855959,	-0.491568,	-0.31202,	-0.0756448,	-0.739138,	-0.143604,	-0.0178136,	0.106882,	-0.799539,	-0.0948005,	-0.0132402,	-0.00745572,	-0.759989,	-0.240391,	-0.0223744,	-0.0917302,	-0.583338,	-0.363249,	-0.0195284,	-0.372054,	-0.4823,	0.63862,	-0.0588,	7205,	-352,	-13,	-271,	7235,	108,	-57,	-48,	7215,	10,	-75,	-192,	
2,	11,	337094,	1.65255e+015,	-1,	1,	19,	1,	-4,	-4,	-4,	-1,	1.65255e+009,	-0.855959,	-0.491568,	-0.31202,	-0.0756448,	-0.739138,	-0.143604,	-0.0178136,	0.106882,	-0.799539,	-0.0948005,	-0.0132402,	-0.00745572,	-0.759989,	-0.240391,	-0.0223744,	-0.0917302,	-0.583338,	-0.363249,	-0.0195284,	-0.372054,	-0.4823,	0.63862,	-0.0588,	7215,	-347,	-12,	-281,	7245,	111,	-57,	-54,	7225,	13,	-74,	-198,	
2,	11,	337157,	1.65255e+015,	1,	-3,	-12,	1,	8,	3,	1,	0,	1.65255e+009,	-0.855959,	-0.491568,	-0.31202,	-0.0756448,	-0.739138,	-0.143604,	-0.0178136,	0.106882,	-0.799539,	-0.0948005,	-0.0132402,	-0.00745572,	-0.759989,	-0.240391,	-0.0223744,	-0.0917302,	-0.583338,	-0.363249,	-0.0195284,	-0.372054,	-0.4823,	0.63862,	-0.0588,	7225,	-342,	-10,	-291,	7255,	113,	-55,	-59,	7235,	16,	-73,	-205,	
2,	11,	337219,	1.65255e+015,	-4,	-2,	15,	2,	-5,	-8,	-1,	-2,	1.65255e+009,	-0.855959,	-0.491568,	-0.31202,	-0.0756448,	-0.739138,	-0.143604,	-0.0178136,	0.106882,	-0.799539,	-0.0948005,	-0.0132402,	-0.00745572,	-0.759989,	-0.240391,	-0.0223744,	-0.0917302,	-0.583338,	-0.363249,	-0.0195284,	-0.372054,	-0.4823,	0.63862,	-0.0588,	7235,	-337,	-9,	-299,	7265,	115,	-55,	-64,	7245,	18,	-72,	-211,	
2,	11,	337297,	1.65255e+015,	0,	6,	13,	3,	1,	4,	1,	0,	1.65255e+009,	-0.855959,	-0.491568,	-0.31202,	-0.0756448,	-0.739138,	-0.143604,	-0.0178136,	0.106882,	-0.799539,	-0.0948005,	-0.0132402,	-0.00745572,	-0.759989,	-0.240391,	-0.0223744,	-0.0917302,	-0.583338,	-0.363249,	-0.0195284,	-0.372054,	-0.4823,	0.63862,	-0.0588,	7245,	-334,	-10,	-303,	7275,	115,	-54,	-64,	7255,	20,	-72,	-214,	
2,	11,	337375,	1.65255e+015,	-1,	-7,	-9,	6,	0,	4,	0,	0,	1.65255e+009,	-0.855959,	-0.491568,	-0.31202,	-0.0756448,	-0.739138,	-0.143604,	-0.0178136,	0.106882,	-0.799539,	-0.0948005,	-0.0132402,	-0.00745572,	-0.759989,	-0.240391,	-0.0223744,	-0.0917302,	-0.583338,	-0.363249,	-0.0195284,	-0.372054,	-0.4823,	0.63862,	-0.0588,	7255,	-336,	-11,	-300,	7285,	116,	-55,	-60,	7265,	19,	-75,	-212,	
2,	11,	337438,	1.65255e+015,	-3,	-4,	-9,	-9,	-2,	1,	0,	-1,	1.65255e+009,	-0.855959,	-0.491568,	-0.31202,	-0.0756448,	-0.739138,	-0.143604,	-0.0178136,	0.106882,	-0.799539,	-0.0948005,	-0.0132402,	-0.00745572,	-0.759989,	-0.240391,	-0.0223744,	-0.0917302,	-0.583338,	-0.363249,	-0.0195284,	-0.372054,	-0.4823,	0.63862,	-0.0588,	7265,	-336,	-10,	-299,	7295,	118,	-55,	-58,	7275,	18,	-74,	-211,	
2,	11,	337500,	1.65255e+015,	-1,	-4,	-10,	-1,	3,	-1,	-2,	1,	1.65255e+009,	-0.855959,	-0.491568,	-0.31202,	-0.0756448,	-0.739138,	-0.143604,	-0.0178136,	0.106882,	-0.799539,	-0.0948005,	-0.0132402,	-0.00745572,	-0.759989,	-0.240391,	-0.0223744,	-0.0917302,	-0.583338,	-0.363249,	-0.0195284,	-0.372054,	-0.4823,	0.63862,	-0.0588,	7275,	-336,	-8,	-300,	7305,	118,	-53,	-59,	7285,	16,	-75,	-212,	
2,	11,	337563,	1.65255e+015,	-1,	1,	-2,	-3,	1,	-1,	-1,	-1,	1.65255e+009,	-0.855959,	-0.491568,	-0.31202,	-0.0756448,	-0.739138,	-0.143604,	-0.0178136,	0.106882,	-0.799539,	-0.0948005,	-0.0132402,	-0.00745572,	-0.759989,	-0.240391,	-0.0223744,	-0.0917302,	-0.583338,	-0.363249,	-0.0195284,	-0.372054,	-0.4823,	0.63862,	-0.0588,	7285,	-337,	-7,	-298,	7315,	118,	-52,	-61,	7295,	17,	-76,	-216,	
2,	11,	337641,	1.65255e+015,	-1,	-7,	-6,	-3,	-6,	-3,	-1,	-1,	1.65255e+009,	-0.855959,	-0.491568,	-0.31202,	-0.0756448,	-0.739138,	-0.143604,	-0.0178136,	0.106882,	-0.799539,	-0.0948005,	-0.0132402,	-0.00745572,	-0.759989,	-0.240391,	-0.0223744,	-0.0917302,	-0.583338,	-0.363249,	-0.0195284,	-0.372054,	-0.4823,	0.63862,	-0.0588,	7295,	-339,	-5,	-296,	7325,	117,	-52,	-61,	7305,	16,	-74,	-219,	
2,	11,	337704,	1.65255e+015,	1,	2,	27,	2,	1,	1,	1,	0,	1.65255e+009,	-0.855959,	-0.491568,	-0.31202,	-0.0756448,	-0.739138,	-0.143604,	-0.0178136,	0.106882,	-0.799539,	-0.0948005,	-0.0132402,	-0.00745572,	-0.759989,	-0.240391,	-0.0223744,	-0.0917302,	-0.583338,	-0.363249,	-0.0195284,	-0.372054,	-0.4823,	0.63862,	-0.0588,	7305,	-342,	-6,	-291,	7335,	116,	-53,	-61,	7315,	14,	-76,	-220,	
2,	11,	337766,	1.65255e+015,	-2,	2,	-22,	0,	-2,	-2,	1,	-1,	1.65255e+009,	-0.855959,	-0.491568,	-0.31202,	-0.0756448,	-0.739138,	-0.143604,	-0.0178136,	0.106882,	-0.799539,	-0.0948005,	-0.0132402,	-0.00745572,	-0.759989,	-0.240391,	-0.0223744,	-0.0917302,	-0.583338,	-0.363249,	-0.0195284,	-0.372054,	-0.4823,	0.63862,	-0.0588,	7315,	-349,	-8,	-279,	7345,	114,	-54,	-60,	7325,	14,	-76,	-219,	
2,	11,	337844,	1.65255e+015,	0,	5,	33,	8,	6,	4,	-1,	-1,	1.65255e+009,	-0.855959,	-0.491568,	-0.31202,	-0.0756448,	-0.739138,	-0.143604,	-0.0178136,	0.106882,	-0.799539,	-0.0948005,	-0.0132402,	-0.00745572,	-0.759989,	-0.240391,	-0.0223744,	-0.0917302,	-0.583338,	-0.363249,	-0.0195284,	-0.372054,	-0.5187,	0.63862,	-0.0588,	7325,	-356,	-9,	-265,	7355,	111,	-57,	-60,	7335,	12,	-78,	-217,	
2,	11,	337907,	1.65255e+015,	-4,	-3,	-2,	6,	0,	-2,	0,	-3,	1.65255e+009,	-0.855959,	-0.491568,	-0.31202,	-0.0756448,	-0.739138,	-0.143604,	-0.0178136,	0.106882,	-0.799539,	-0.0948005,	-0.0132402,	-0.00745572,	-0.759989,	-0.240391,	-0.0223744,	-0.0917302,	-0.583338,	-0.363249,	-0.0195284,	-0.372054,	-0.5187,	0.63862,	-0.0588,	7335,	-362,	-10,	-252,	7365,	109,	-60,	-62,	7345,	8,	-79,	-213,	
2,	11,	337969,	1.65255e+015,	2,	0,	-3,	-3,	-9,	-4,	-1,	1,	1.65255e+009,	-0.855959,	-0.491568,	-0.31202,	-0.0756448,	-0.739138,	-0.143604,	-0.0178136,	0.106882,	-0.799539,	-0.0948005,	-0.0132402,	-0.00745572,	-0.759989,	-0.240391,	-0.0223744,	-0.0917302,	-0.583338,	-0.363249,	-0.0195284,	-0.372054,	-0.5187,	0.63862,	-0.0588,	7345,	-366,	-11,	-237,	7375,	108,	-62,	-65,	7355,	4,	-80,	-209,	
2,	11,	338032,	1.65255e+015,	-1,	2,	-10,	4,	1,	-1,	-1,	-2,	1.65255e+009,	-0.855959,	-0.491568,	-0.31202,	-0.0756448,	-0.739138,	-0.143604,	-0.0178136,	0.106882,	-0.799539,	-0.0948005,	-0.0132402,	-0.00745572,	-0.759989,	-0.240391,	-0.0223744,	-0.0917302,	-0.583338,	-0.363249,	-0.0195284,	-0.372054,	-0.5187,	0.63862,	-0.0588,	7355,	-372,	-13,	-219,	7385,	110,	-62,	-67,	7365,	4,	-82,	-208,	
2,	11,	338110,	1.65255e+015,	-1,	-1,	2,	0,	-1,	-3,	-1,	-1,	1.65255e+009,	-0.855959,	-0.491568,	-0.31202,	-0.0756448,	-0.739138,	-0.143604,	-0.0178136,	0.106882,	-0.799539,	-0.0948005,	-0.0132402,	-0.00745572,	-0.759989,	-0.240391,	-0.0223744,	-0.0917302,	-0.583338,	-0.363249,	-0.0195284,	-0.372054,	-0.5187,	0.63862,	-0.0588,	7365,	-379,	-11,	-195,	7395,	112,	-61,	-64,	7375,	7,	-83,	-206,	
2,	11,	338188,	1.65255e+015,	-1,	-4,	-11,	-6,	-4,	-2,	0,	0,	1.65255e+009,	-0.855959,	-0.491568,	-0.31202,	-0.0756448,	-0.739138,	-0.143604,	-0.0178136,	0.106882,	-0.799539,	-0.0948005,	-0.0132402,	-0.00745572,	-0.759989,	-0.240391,	-0.0223744,	-0.0917302,	-0.583338,	-0.363249,	-0.0195284,	-0.372054,	-0.5187,	0.63862,	-0.0588,	7375,	-387,	-8,	-174,	7405,	113,	-60,	-61,	7385,	9,	-88,	-203,	
2,	11,	338266,	1.65255e+015,	-3,	-2,	1,	3,	-2,	-2,	-1,	0,	1.65255e+009,	-0.855959,	-0.491568,	-0.31202,	-0.0756448,	-0.739138,	-0.143604,	-0.0178136,	0.106882,	-0.799539,	-0.0948005,	-0.0132402,	-0.00745572,	-0.759989,	-0.240391,	-0.0223744,	-0.0917302,	-0.583338,	-0.363249,	-0.0195284,	-0.372054,	-0.5187,	0.63862,	-0.0588,	7385,	-393,	-4,	-161,	7415,	111,	-59,	-61,	7395,	8,	-89,	-198,	
2,	11,	338329,	1.65255e+015,	-1,	-5,	-25,	-5,	-4,	-1,	-1,	-1,	1.65255e+009,	-0.855959,	-0.491568,	-0.31202,	-0.0756448,	-0.739138,	-0.143604,	-0.0178136,	0.106882,	-0.799539,	-0.0948005,	-0.0132402,	-0.00745572,	-0.759989,	-0.240391,	-0.0223744,	-0.0917302,	-0.583338,	-0.363249,	-0.0195284,	-0.372054,	-0.5187,	0.63862,	-0.0588,	7395,	-398,	-3,	-154,	7425,	109,	-59,	-60,	7405,	4,	-91,	-191,	
2,	11,	338391,	1.65255e+015,	-1,	3,	7,	-1,	4,	-2,	1,	-2,	1.65255e+009,	-0.855959,	-0.491568,	-0.31202,	-0.0756448,	-0.739138,	-0.143604,	-0.0178136,	0.106882,	-0.799539,	-0.0948005,	-0.0132402,	-0.00745572,	-0.759989,	-0.240391,	-0.0223744,	-0.0917302,	-0.583338,	-0.363249,	-0.0195284,	-0.372054,	-0.5187,	0.63862,	-0.0588,	7405,	-405,	-3,	-146,	7435,	107,	-57,	-58,	7415,	1,	-92,	-183,	
2,	11,	338454,	1.65255e+015,	-1,	6,	42,	-1,	0,	0,	-1,	1,	1.65255e+009,	-0.855959,	-0.491568,	-0.31202,	-0.0756448,	-0.739138,	-0.143604,	-0.0178136,	0.106882,	-0.799539,	-0.0948005,	-0.0132402,	-0.00745572,	-0.759989,	-0.240391,	-0.0223744,	-0.0917302,	-0.583338,	-0.363249,	-0.0195284,	-0.372054,	-0.5187,	0.63862,	-0.0588,	7415,	-411,	-3,	-136,	7445,	106,	-56,	-56,	7425,	1,	-93,	-178,	
2,	11,	338532,	1.65255e+015,	-6,	-5,	-12,	-5,	-5,	-2,	1,	-1,	1.65255e+009,	-0.855959,	-0.491568,	-0.31202,	-0.0756448,	-0.739138,	-0.143604,	-0.0178136,	0.106882,	-0.799539,	-0.0948005,	-0.0132402,	-0.00745572,	-0.759989,	-0.240391,	-0.0223744,	-0.0917302,	-0.583338,	-0.363249,	-0.0195284,	-0.372054,	-0.5187,	0.63862,	-0.0588,	7425,	-415,	-3,	-128,	7455,	107,	-56,	-55,	7435,	1,	-95,	-174,	
2,	11,	338594,	1.65255e+015,	-1,	-1,	-10,	-4,	-3,	-1,	0,	-1,	1.65255e+009,	-0.855959,	-0.491568,	-0.31202,	-0.0756448,	-0.739138,	-0.143604,	-0.0178136,	0.106882,	-0.799539,	-0.0948005,	-0.0132402,	-0.00745572,	-0.759989,	-0.240391,	-0.0223744,	-0.0917302,	-0.583338,	-0.363249,	-0.0195284,	-0.372054,	-0.5187,	0.63862,	-0.0588,	7435,	-417,	-3,	-124,	7465,	107,	-57,	-55,	7445,	1,	-94,	-172,	
2,	11,	338657,	1.65255e+015,	0,	-1,	26,	-1,	-3,	-1,	-2,	-1,	1.65255e+009,	-0.855959,	-0.491568,	-0.31202,	-0.0756448,	-0.739138,	-0.143604,	-0.0178136,	0.106882,	-0.799539,	-0.0948005,	-0.0132402,	-0.00745572,	-0.759989,	-0.240391,	-0.0223744,	-0.0917302,	-0.583338,	-0.363249,	-0.0195284,	-0.372054,	-0.5187,	0.63862,	-0.0588,	7445,	-419,	-4,	-127,	7475,	105,	-57,	-56,	7455,	-2,	-96,	-170,	
2,	11,	338719,	1.65255e+015,	0,	6,	8,	2,	-4,	-5,	0,	-2,	1.65255e+009,	-0.855959,	-0.491568,	-0.31202,	-0.0756448,	-0.739138,	-0.143604,	-0.0178136,	0.106882,	-0.799539,	-0.0948005,	-0.0132402,	-0.00745572,	-0.759989,	-0.240391,	-0.0223744,	-0.0917302,	-0.583338,	-0.363249,	-0.0195284,	-0.372054,	-0.5187,	0.63862,	-0.0588,	7455,	-420,	-5,	-130,	7485,	106,	-56,	-56,	7465,	-2,	-98,	-167,	
2,	11,	338782,	1.65255e+015,	-3,	-4,	4,	0,	5,	0,	-1,	-2,	1.65255e+009,	-0.855959,	-0.491568,	-0.31202,	-0.0756448,	-0.739138,	-0.143604,	-0.0178136,	0.106882,	-0.799539,	-0.0948005,	-0.0132402,	-0.00745572,	-0.759989,	-0.240391,	-0.0223744,	-0.0917302,	-0.583338,	-0.363249,	-0.0195284,	-0.372054,	-0.5187,	0.63862,	-0.0588,	7465,	-423,	-6,	-129,	7495,	107,	-55,	-56,	7475,	-1,	-98,	-165,	
2,	11,	338844,	1.65255e+015,	-4,	-9,	-13,	-11,	-8,	-7,	-2,	-3,	1.65255e+009,	-0.855959,	-0.491568,	-0.31202,	-0.0756448,	-0.739138,	-0.143604,	-0.0178136,	0.106882,	-0.799539,	-0.0948005,	-0.0132402,	-0.00745572,	-0.759989,	-0.240391,	-0.0223744,	-0.0917302,	-0.583338,	-0.363249,	-0.0195284,	-0.372054,	-0.5187,	0.63862,	-0.0588,	7475,	-423,	-5,	-131,	7505,	107,	-55,	-57,	7485,	-1,	-98,	-163,	
2,	11,	338922,	1.65255e+015,	1,	3,	-15,	-4,	-5,	-2,	0,	1,	1.65255e+009,	-0.855959,	-0.491568,	-0.31202,	-0.0756448,	-0.739138,	-0.143604,	-0.0178136,	0.106882,	-0.799539,	-0.0948005,	-0.0132402,	-0.00745572,	-0.759989,	-0.240391,	-0.0223744,	-0.0917302,	-0.583338,	-0.363249,	-0.0195284,	-0.372054,	-0.5187,	0.63862,	-0.0588,	7485,	-421,	-3,	-135,	7515,	107,	-54,	-57,	7495,	-1,	-98,	-163,	
