1,	2,	306235,	1.65255e+015,	-1,	-9,	-14,	-5,	-5,	-6,	-2,	-3,	1.65255e+009,	-0.705658,	-0.540848,	-0.245984,	-0.0904288,	-0.53093,	-0.128327,	-0.0165459,	0.0450529,	-0.421059,	-0.0149685,	-0.00247295,	-0.018271,	-0.543159,	-0.204909,	-0.0213985,	-0.0079215,	-0.451758,	-0.337623,	-0.0209194,	-0.217277,	-0.5824,	0.6041,	-0.04312,	29851,	-252,	4,	-437,	29891,	135,	-57,	-145,	29871,	60,	-29,	-337,	
1,	2,	306313,	1.65255e+015,	1,	-7,	-10,	-24,	-7,	-3,	-1,	3,	1.65255e+009,	-0.705658,	-0.540848,	-0.245984,	-0.0904288,	-0.53093,	-0.128327,	-0.0165459,	0.0450529,	-0.421059,	-0.0149685,	-0.00247295,	-0.018271,	-0.543159,	-0.204909,	-0.0213985,	-0.0079215,	-0.451758,	-0.337623,	-0.0209194,	-0.217277,	-0.5824,	0.6041,	-0.04312,	29861,	-252,	5,	-437,	29901,	136,	-58,	-145,	29881,	60,	-29,	-336,	
1,	2,	306391,	1.65255e+015,	3,	2,	-17,	27,	5,	6,	0,	3,	1.65255e+009,	-0.705658,	-0.540848,	-0.245984,	-0.0904288,	-0.53093,	-0.128327,	-0.0165459,	0.0450529,	-0.421059,	-0.0149685,	-0.00247295,	-0.018271,	-0.543159,	-0.204909,	-0.0213985,	-0.0079215,	-0.451758,	-0.337623,	-0.0209194,	-0.217277,	-0.5824,	0.6041,	-0.04312,	29871,	-252,	5,	-438,	29911,	136,	-58,	-145,	29891,	60,	-28,	-337,	
1,	2,	306469,	1.65255e+015,	1,	0,	-13,	-12,	-3,	0,	2,	7,	1.65255e+009,	-0.705658,	-0.540848,	-0.245984,	-0.0904288,	-0.53093,	-0.128327,	-0.0165459,	0.0450529,	-0.421059,	-0.0149685,	-0.00247295,	-0.018271,	-0.543159,	-0.204909,	-0.0213985,	-0.0079215,	-0.451758,	-0.337623,	-0.0209194,	-0.217277,	-0.5824,	0.6041,	-0.04312,	29881,	-252,	5,	-439,	29921,	137,	-58,	-146,	29901,	61,	-28,	-337,	
1,	2,	306547,	1.65255e+015,	-2,	0,	17,	2,	8,	-1,	-3,	0,	1.65255e+009,	-0.705658,	-0.540848,	-0.245984,	-0.0904288,	-0.53093,	-0.128327,	-0.0165459,	0.0450529,	-0.421059,	-0.0149685,	-0.00247295,	-0.018271,	-0.543159,	-0.204909,	-0.0213985,	-0.0079215,	-0.451758,	-0.337623,	-0.0209194,	-0.217277,	-0.5824,	0.6041,	-0.04312,	29891,	-252,	6,	-440,	29931,	135,	-59,	-146,	29911,	60,	-27,	-337,	
1,	2,	306625,	1.65255e+015,	-3,	-3,	-5,	-13,	-1,	2,	2,	-1,	1.65255e+009,	-0.705658,	-0.540848,	-0.245984,	-0.0904288,	-0.53093,	-0.128327,	-0.0165459,	0.0450529,	-0.421059,	-0.0149685,	-0.00247295,	-0.018271,	-0.543159,	-0.204909,	-0.0213985,	-0.0079215,	-0.451758,	-0.337623,	-0.0209194,	-0.217277,	-0.5824,	0.6041,	-0.04312,	29901,	-251,	6,	-441,	29941,	135,	-58,	-146,	29921,	60,	-27,	-338,	
1,	2,	306704,	1.65255e+015,	1,	13,	0,	5,	3,	-1,	1,	-1,	1.65255e+009,	-0.705658,	-0.540848,	-0.245984,	-0.0904288,	-0.53093,	-0.128327,	-0.0165459,	0.0450529,	-0.421059,	-0.0149685,	-0.00247295,	-0.018271,	-0.543159,	-0.204909,	-0.0213985,	-0.0079215,	-0.451758,	-0.337623,	-0.0209194,	-0.217277,	-0.5824,	0.6041,	-0.04312,	29911,	-251,	5,	-442,	29951,	136,	-57,	-146,	29931,	60,	-28,	-338,	
1,	2,	306782,	1.65255e+015,	-4,	-1,	1,	-6,	7,	4,	1,	-3,	1.65255e+009,	-0.705658,	-0.540848,	-0.245984,	-0.0904288,	-0.53093,	-0.128327,	-0.0165459,	0.0450529,	-0.421059,	-0.0149685,	-0.00247295,	-0.018271,	-0.543159,	-0.204909,	-0.0213985,	-0.0079215,	-0.451758,	-0.337623,	-0.0209194,	-0.217277,	-0.5824,	0.6041,	-0.04312,	29921,	-252,	5,	-443,	29961,	135,	-57,	-146,	29941,	60,	-27,	-338,	
1,	2,	306860,	1.65255e+015,	-13,	-6,	12,	-8,	-3,	-1,	0,	-6,	1.65255e+009,	-0.705658,	-0.540848,	-0.245984,	-0.0904288,	-0.53093,	-0.128327,	-0.0165459,	0.0450529,	-0.421059,	-0.0149685,	-0.00247295,	-0.018271,	-0.543159,	-0.204909,	-0.0213985,	-0.0079215,	-0.451758,	-0.337623,	-0.0209194,	-0.217277,	-0.5824,	0.6041,	-0.04312,	29931,	-251,	6,	-443,	29971,	135,	-57,	-146,	29951,	61,	-27,	-338,	
1,	2,	306938,	1.65255e+015,	8,	10,	15,	-4,	2,	2,	0,	0,	1.65255e+009,	-0.705658,	-0.540848,	-0.245984,	-0.0904288,	-0.53093,	-0.128327,	-0.0165459,	0.0450529,	-0.421059,	-0.0149685,	-0.00247295,	-0.018271,	-0.543159,	-0.204909,	-0.0213985,	-0.0079215,	-0.451758,	-0.337623,	-0.0209194,	-0.217277,	-0.6188,	0.6041,	-0.04312,	29941,	-252,	6,	-443,	29981,	135,	-58,	-146,	29961,	61,	-27,	-338,	
1,	2,	307016,	1.65255e+015,	-3,	1,	0,	-9,	-1,	-1,	0,	4,	1.65255e+009,	-0.705658,	-0.540848,	-0.245984,	-0.0904288,	-0.53093,	-0.128327,	-0.0165459,	0.0450529,	-0.421059,	-0.0149685,	-0.00247295,	-0.018271,	-0.543159,	-0.204909,	-0.0213985,	-0.0079215,	-0.451758,	-0.337623,	-0.0209194,	-0.217277,	-0.6188,	0.6041,	-0.04312,	29951,	-251,	7,	-443,	29991,	135,	-59,	-146,	29971,	61,	-28,	-338,	
1,	2,	307094,	1.65255e+015,	3,	1,	2,	4,	-2,	-1,	0,	-1,	1.65255e+009,	-0.705658,	-0.540848,	-0.245984,	-0.0904288,	-0.53093,	-0.128327,	-0.0165459,	0.0450529,	-0.421059,	-0.0149685,	-0.00247295,	-0.018271,	-0.543159,	-0.204909,	-0.0213985,	-0.0079215,	-0.451758,	-0.337623,	-0.0209194,	-0.217277,	-0.6188,	0.6041,	-0.04312,	29961,	-251,	6,	-442,	30001,	135,	-58,	-146,	29981,	61,	-27,	-338,	
1,	2,	307172,	1.65255e+015,	-4,	7,	23,	13,	3,	3,	0,	3,	1.65255e+009,	-0.705658,	-0.540848,	-0.245984,	-0.0904288,	-0.53093,	-0.128327,	-0.0165459,	0.0450529,	-0.421059,	-0.0149685,	-0.00247295,	-0.018271,	-0.543159,	-0.204909,	-0.0213985,	-0.0079215,	-0.451758,	-0.337623,	-0.0209194,	-0.217277,	-0.6188,	0.6041,	-0.04312,	29971,	-252,	5,	-442,	30011,	135,	-57,	-146,	29991,	60,	-28,	-338,	
1,	2,	307250,	1.65255e+015,	-4,	-4,	-3,	-10,	-7,	-4,	-2,	8,	1.65255e+009,	-0.705658,	-0.540848,	-0.245984,	-0.0904288,	-0.53093,	-0.128327,	-0.0165459,	0.0450529,	-0.421059,	-0.0149685,	-0.00247295,	-0.018271,	-0.543159,	-0.204909,	-0.0213985,	-0.0079215,	-0.451758,	-0.337623,	-0.0209194,	-0.217277,	-0.6188,	0.6041,	-0.04312,	29981,	-251,	6,	-441,	30021,	135,	-56,	-146,	30001,	61,	-28,	-338,	
1,	2,	307329,	1.65255e+015,	3,	2,	-10,	-9,	-2,	2,	1,	6,	1.65255e+009,	-0.705658,	-0.540848,	-0.245984,	-0.0904288,	-0.53093,	-0.128327,	-0.0165459,	0.0450529,	-0.421059,	-0.0149685,	-0.00247295,	-0.018271,	-0.543159,	-0.204909,	-0.0213985,	-0.0079215,	-0.451758,	-0.337623,	-0.0209194,	-0.217277,	-0.6188,	0.6041,	-0.04312,	29991,	-251,	6,	-441,	30031,	135,	-57,	-146,	30011,	60,	-28,	-338,	
1,	2,	307407,	1.65255e+015,	-1,	-2,	-9,	-2,	-6,	-3,	-1,	0,	1.65255e+009,	-0.705658,	-0.540848,	-0.245984,	-0.0904288,	-0.53093,	-0.128327,	-0.0165459,	0.0517246,	-0.421059,	-0.0149685,	-0.00247295,	-0.0204713,	-0.543159,	-0.204909,	-0.0213985,	-0.0101218,	-0.451758,	-0.337623,	-0.0209194,	-0.219477,	-0.6188,	0.6041,	-0.04312,	30001,	-251,	5,	-442,	30041,	134,	-57,	-146,	30021,	60,	-28,	-338,	
1,	2,	307485,	1.65255e+015,	1,	0,	29,	1,	-10,	-6,	-2,	0,	1.65255e+009,	-0.705658,	-0.540848,	-0.245984,	-0.0904288,	-0.53093,	-0.128327,	-0.0165459,	0.0517246,	-0.421059,	-0.0149685,	-0.00247295,	-0.0204713,	-0.543159,	-0.204909,	-0.0213985,	-0.0101218,	-0.451758,	-0.337623,	-0.0209194,	-0.219477,	-0.6188,	0.6041,	-0.04312,	30011,	-252,	4,	-442,	30051,	134,	-58,	-146,	30031,	60,	-27,	-338,	
1,	2,	307563,	1.65255e+015,	-7,	10,	2,	-2,	-6,	-2,	4,	2,	1.65255e+009,	-0.705658,	-0.540848,	-0.245984,	-0.0904288,	-0.53093,	-0.128327,	-0.0165459,	0.0517246,	-0.421059,	-0.0149685,	-0.00247295,	-0.0204713,	-0.543159,	-0.204909,	-0.0213985,	-0.0101218,	-0.451758,	-0.337623,	-0.0209194,	-0.219477,	-0.6188,	0.6041,	-0.04312,	30021,	-252,	4,	-442,	30061,	135,	-58,	-146,	30041,	60,	-29,	-338,	
1,	2,	307641,	1.65255e+015,	-14,	-3,	7,	4,	-2,	-2,	1,	5,	1.65255e+009,	-0.705658,	-0.540848,	-0.245984,	-0.0904288,	-0.53093,	-0.128327,	-0.0165459,	0.0517246,	-0.421059,	-0.0149685,	-0.00247295,	-0.0204713,	-0.543159,	-0.204909,	-0.0213985,	-0.0101218,	-0.451758,	-0.337623,	-0.0209194,	-0.219477,	-0.6188,	0.6041,	-0.04312,	30031,	-253,	5,	-442,	30071,	134,	-57,	-146,	30051,	61,	-27,	-338,	
1,	2,	307719,	1.65255e+015,	1,	9,	25,	5,	-5,	-4,	-2,	-2,	1.65255e+009,	-0.705658,	-0.540848,	-0.245984,	-0.0904288,	-0.53093,	-0.128327,	-0.0165459,	0.0517246,	-0.421059,	-0.0149685,	-0.00247295,	-0.0204713,	-0.543159,	-0.204909,	-0.0213985,	-0.0101218,	-0.451758,	-0.337623,	-0.0209194,	-0.219477,	-0.6188,	0.6041,	-0.04312,	30041,	-252,	5,	-442,	30081,	134,	-58,	-146,	30061,	60,	-28,	-339,	
1,	2,	307813,	1.65255e+015,	1,	8,	8,	12,	1,	2,	1,	-1,	1.65255e+009,	-0.705658,	-0.540848,	-0.245984,	-0.0904288,	-0.53093,	-0.128327,	-0.0165459,	0.0517246,	-0.421059,	-0.0149685,	-0.00247295,	-0.0204713,	-0.543159,	-0.204909,	-0.0213985,	-0.0101218,	-0.451758,	-0.337623,	-0.0209194,	-0.219477,	-0.6188,	0.6041,	-0.04312,	30051,	-252,	5,	-443,	30091,	134,	-57,	-147,	30071,	61,	-27,	-339,	
1,	2,	307891,	1.65255e+015,	3,	-9,	-14,	6,	1,	1,	0,	-5,	1.65255e+009,	-0.705658,	-0.540848,	-0.245984,	-0.0904288,	-0.53093,	-0.128327,	-0.0165459,	0.0517246,	-0.421059,	-0.0149685,	-0.00247295,	-0.0204713,	-0.543159,	-0.204909,	-0.0213985,	-0.0101218,	-0.451758,	-0.337623,	-0.0209194,	-0.219477,	-0.6188,	0.6041,	-0.04312,	30061,	-252,	5,	-442,	30101,	135,	-57,	-146,	30081,	60,	-28,	-339,	
1,	2,	307969,	1.65255e+015,	-3,	1,	-8,	-13,	-1,	0,	1,	0,	1.65255e+009,	-0.705658,	-0.540848,	-0.245984,	-0.0904288,	-0.53093,	-0.128327,	-0.0165459,	0.0517246,	-0.421059,	-0.0149685,	-0.00247295,	-0.0204713,	-0.543159,	-0.204909,	-0.0213985,	-0.0101218,	-0.451758,	-0.337623,	-0.0209194,	-0.219477,	-0.6188,	0.6041,	-0.04312,	30071,	-251,	5,	-442,	30111,	135,	-57,	-147,	30091,	61,	-27,	-339,	
1,	2,	308047,	1.65255e+015,	8,	1,	10,	-8,	-2,	-2,	-2,	-6,	1.65255e+009,	-0.705658,	-0.540848,	-0.245984,	-0.0904288,	-0.53093,	-0.128327,	-0.0165459,	0.0517246,	-0.421059,	-0.0149685,	-0.00247295,	-0.0204713,	-0.543159,	-0.204909,	-0.0213985,	-0.0101218,	-0.451758,	-0.337623,	-0.0209194,	-0.219477,	-0.6188,	0.6041,	-0.04312,	30081,	-252,	5,	-443,	30121,	135,	-57,	-147,	30101,	60,	-26,	-339,	
1,	2,	308125,	1.65255e+015,	0,	4,	-17,	-5,	-2,	-1,	0,	-2,	1.65255e+009,	-0.705658,	-0.540848,	-0.245984,	-0.0904288,	-0.53093,	-0.128327,	-0.0165459,	0.0517246,	-0.421059,	-0.0149685,	-0.00247295,	-0.0204713,	-0.543159,	-0.204909,	-0.0213985,	-0.0101218,	-0.451758,	-0.337623,	-0.0209194,	-0.219477,	-0.6188,	0.6041,	-0.04312,	30091,	-251,	6,	-443,	30131,	134,	-57,	-146,	30111,	60,	-28,	-339,	
1,	2,	308219,	1.65255e+015,	-5,	0,	0,	-7,	3,	1,	-1,	3,	1.65255e+009,	-0.705658,	-0.540848,	-0.245984,	-0.0904288,	-0.53093,	-0.128327,	-0.0165459,	0.0517246,	-0.421059,	-0.0149685,	-0.00247295,	-0.0204713,	-0.543159,	-0.204909,	-0.0213985,	-0.0101218,	-0.451758,	-0.337623,	-0.0209194,	-0.219477,	-0.6188,	0.6041,	-0.04312,	30101,	-249,	6,	-443,	30141,	136,	-56,	-146,	30121,	61,	-27,	-339,	
1,	2,	308297,	1.65255e+015,	-1,	-17,	-12,	-3,	0,	-1,	-5,	-6,	1.65255e+009,	-0.705658,	-0.540848,	-0.245984,	-0.0904288,	-0.53093,	-0.128327,	-0.0165459,	0.0517246,	-0.421059,	-0.0149685,	-0.00247295,	-0.0204713,	-0.543159,	-0.204909,	-0.0213985,	-0.0101218,	-0.451758,	-0.337623,	-0.0209194,	-0.219477,	-0.6188,	0.6041,	-0.04312,	30111,	-249,	6,	-442,	30151,	134,	-57,	-147,	30131,	60,	-28,	-339,	
1,	2,	308375,	1.65255e+015,	3,	1,	11,	29,	-1,	-3,	-2,	-6,	1.65255e+009,	-0.705658,	-0.540848,	-0.245984,	-0.0904288,	-0.53093,	-0.128327,	-0.0165459,	0.0517246,	-0.421059,	-0.0149685,	-0.00247295,	-0.0204713,	-0.543159,	-0.204909,	-0.0213985,	-0.0101218,	-0.451758,	-0.337623,	-0.0209194,	-0.219477,	-0.6188,	0.6041,	-0.04312,	30121,	-249,	6,	-442,	30161,	135,	-57,	-147,	30141,	61,	-27,	-339,	
1,	2,	308454,	1.65255e+015,	6,	-1,	4,	4,	-4,	-4,	3,	3,	1.65255e+009,	-0.705658,	-0.540848,	-0.245984,	-0.0904288,	-0.53093,	-0.128327,	-0.0165459,	0.0517246,	-0.421059,	-0.0149685,	-0.00247295,	-0.0204713,	-0.543159,	-0.204909,	-0.0213985,	-0.0101218,	-0.451758,	-0.337623,	-0.0209194,	-0.219477,	-0.6188,	0.6041,	-0.04312,	30131,	-249,	7,	-443,	30171,	135,	-57,	-147,	30151,	60,	-28,	-340,	
1,	2,	308516,	1.65255e+015,	5,	2,	-11,	-1,	-4,	-2,	-1,	0,	1.65255e+009,	-0.705658,	-0.540848,	-0.245984,	-0.0904288,	-0.53093,	-0.128327,	-0.0165459,	0.0517246,	-0.421059,	-0.0149685,	-0.00247295,	-0.0204713,	-0.543159,	-0.204909,	-0.0213985,	-0.0101218,	-0.451758,	-0.337623,	-0.0209194,	-0.219477,	-0.6188,	0.6041,	-0.04312,	30141,	-249,	7,	-443,	30181,	135,	-57,	-146,	30161,	61,	-28,	-339,	
1,	2,	308579,	1.65255e+015,	-7,	-6,	-6,	-9,	-2,	-1,	-2,	-2,	1.65255e+009,	-0.705658,	-0.540848,	-0.245984,	-0.0904288,	-0.53093,	-0.128327,	-0.0165459,	0.0517246,	-0.421059,	-0.0149685,	-0.00247295,	-0.0204713,	-0.543159,	-0.204909,	-0.0213985,	-0.0101218,	-0.451758,	-0.337623,	-0.0209194,	-0.219477,	-0.6188,	0.6041,	-0.04312,	30151,	-251,	7,	-442,	30191,	134,	-57,	-147,	30171,	61,	-27,	-340,	
1,	2,	308641,	1.65255e+015,	-5,	3,	18,	11,	-1,	-4,	-2,	-2,	1.65255e+009,	-0.705658,	-0.540848,	-0.245984,	-0.0904288,	-0.53093,	-0.128327,	-0.0165459,	0.0517246,	-0.421059,	-0.0149685,	-0.00247295,	-0.0204713,	-0.543159,	-0.204909,	-0.0213985,	-0.0101218,	-0.451758,	-0.337623,	-0.0209194,	-0.219477,	-0.6188,	0.6041,	-0.04312,	30161,	-250,	6,	-442,	30201,	134,	-58,	-147,	30181,	61,	-28,	-340,	
1,	2,	308719,	1.65255e+015,	-6,	0,	-14,	5,	4,	2,	-1,	-1,	1.65255e+009,	-0.705658,	-0.540848,	-0.245984,	-0.0904288,	-0.53093,	-0.128327,	-0.0165459,	0.0517246,	-0.421059,	-0.0149685,	-0.00247295,	-0.0204713,	-0.543159,	-0.204909,	-0.0213985,	-0.0101218,	-0.451758,	-0.337623,	-0.0209194,	-0.219477,	-0.6188,	0.6041,	-0.04312,	30171,	-250,	6,	-442,	30211,	134,	-57,	-147,	30191,	61,	-28,	-340,	
1,	2,	308797,	1.65255e+015,	1,	-3,	-18,	-8,	-1,	-3,	-1,	-1,	1.65255e+009,	-0.705658,	-0.540848,	-0.245984,	-0.0904288,	-0.53093,	-0.128327,	-0.0165459,	0.0517246,	-0.421059,	-0.0149685,	-0.00247295,	-0.0204713,	-0.543159,	-0.204909,	-0.0213985,	-0.0101218,	-0.451758,	-0.337623,	-0.0209194,	-0.219477,	-0.6188,	0.6041,	-0.04312,	30181,	-251,	6,	-442,	30221,	135,	-58,	-147,	30201,	60,	-28,	-340,	
1,	2,	308875,	1.65255e+015,	-4,	2,	0,	-5,	-5,	-3,	-1,	-1,	1.65255e+009,	-0.705658,	-0.540848,	-0.245984,	-0.0904288,	-0.53093,	-0.128327,	-0.0165459,	0.0517246,	-0.421059,	-0.0149685,	-0.00247295,	-0.0204713,	-0.543159,	-0.204909,	-0.0213985,	-0.0101218,	-0.451758,	-0.337623,	-0.0209194,	-0.219477,	-0.6188,	0.6041,	-0.04312,	30191,	-251,	7,	-441,	30231,	135,	-57,	-147,	30211,	61,	-28,	-340,	
1,	2,	308938,	1.65255e+015,	5,	12,	16,	5,	8,	4,	1,	-1,	1.65255e+009,	-0.705658,	-0.540848,	-0.245984,	-0.0904288,	-0.53093,	-0.128327,	-0.0165459,	0.0517246,	-0.421059,	-0.0149685,	-0.00247295,	-0.0204713,	-0.543159,	-0.204909,	-0.0213985,	-0.0101218,	-0.451758,	-0.337623,	-0.0209194,	-0.219477,	-0.6188,	0.6041,	-0.04312,	30201,	-251,	7,	-442,	30241,	135,	-56,	-147,	30221,	61,	-28,	-340,	
1,	2,	309016,	1.65255e+015,	-6,	1,	3,	-5,	3,	1,	-1,	-2,	1.65255e+009,	-0.705658,	-0.540848,	-0.245984,	-0.0904288,	-0.53093,	-0.128327,	-0.0165459,	0.0517246,	-0.421059,	-0.0149685,	-0.00247295,	-0.0204713,	-0.543159,	-0.204909,	-0.0213985,	-0.0101218,	-0.451758,	-0.337623,	-0.0209194,	-0.219477,	-0.6188,	0.6041,	-0.04312,	30211,	-251,	8,	-442,	30251,	135,	-57,	-147,	30231,	61,	-28,	-340,	
1,	2,	309079,	1.65255e+015,	5,	7,	10,	-6,	-3,	-2,	-1,	-16,	1.65255e+009,	-0.705658,	-0.540848,	-0.245984,	-0.0904288,	-0.53093,	-0.128327,	-0.0165459,	0.0517246,	-0.421059,	-0.0149685,	-0.00247295,	-0.0204713,	-0.543159,	-0.204909,	-0.0213985,	-0.0101218,	-0.451758,	-0.337623,	-0.0209194,	-0.219477,	-0.6188,	0.6041,	-0.04312,	30221,	-250,	8,	-442,	30261,	135,	-57,	-147,	30241,	61,	-27,	-340,	
1,	2,	309157,	1.65255e+015,	5,	-2,	2,	-8,	3,	0,	-1,	-2,	1.65255e+009,	-0.705658,	-0.540848,	-0.245984,	-0.0904288,	-0.53093,	-0.128327,	-0.0165459,	0.0517246,	-0.421059,	-0.0149685,	-0.00247295,	-0.0204713,	-0.543159,	-0.204909,	-0.0213985,	-0.0101218,	-0.451758,	-0.337623,	-0.0209194,	-0.219477,	-0.6188,	0.6041,	-0.04312,	30231,	-251,	7,	-441,	30271,	135,	-57,	-147,	30251,	60,	-28,	-340,	
1,	2,	309219,	1.65255e+015,	-1,	-5,	-4,	-4,	-2,	1,	-1,	-2,	1.65255e+009,	-0.705658,	-0.540848,	-0.245984,	-0.0904288,	-0.53093,	-0.128327,	-0.0165459,	0.0517246,	-0.421059,	-0.0149685,	-0.00247295,	-0.0204713,	-0.543159,	-0.204909,	-0.0213985,	-0.0101218,	-0.451758,	-0.337623,	-0.0209194,	-0.219477,	-0.6188,	0.6041,	-0.04312,	30241,	-252,	7,	-440,	30281,	134,	-57,	-146,	30261,	61,	-28,	-340,	
2,	2,	309329,	1.65255e+015,	-1,	-2,	23,	-9,	-12,	-6,	-2,	-2,	1.65255e+009,	-0.705658,	-0.540848,	-0.245984,	-0.0904288,	-0.53093,	-0.128327,	-0.0165459,	0.0517246,	-0.515679,	-0.0149685,	-0.00247295,	-0.0204713,	-0.543159,	-0.204909,	-0.0213985,	-0.0101218,	-0.451758,	-0.337623,	-0.0209194,	-0.219477,	-0.6188,	0.6041,	-0.04312,	30251,	-252,	6,	-440,	30291,	134,	-58,	-146,	30271,	60,	-29,	-339,	
2,	2,	309407,	1.65255e+015,	2,	9,	36,	17,	1,	2,	-1,	-3,	1.65255e+009,	-0.705658,	-0.540848,	-0.245984,	-0.0904288,	-0.53093,	-0.128327,	-0.0165459,	0.0517246,	-0.515679,	-0.0149685,	-0.00247295,	-0.0204713,	-0.543159,	-0.204909,	-0.0213985,	-0.0101218,	-0.451758,	-0.337623,	-0.0209194,	-0.219477,	-0.6188,	0.6041,	-0.04312,	30261,	-251,	7,	-440,	30301,	135,	-57,	-146,	30281,	61,	-29,	-339,	
2,	2,	309469,	1.65255e+015,	2,	3,	6,	-3,	-5,	-5,	-3,	0,	1.65255e+009,	-0.705658,	-0.540848,	-0.245984,	-0.0904288,	-0.53093,	-0.128327,	-0.0165459,	0.0517246,	-0.515679,	-0.0149685,	-0.00247295,	-0.0204713,	-0.543159,	-0.204909,	-0.0213985,	-0.0101218,	-0.451758,	-0.337623,	-0.0209194,	-0.219477,	-0.6188,	0.6041,	-0.04312,	30271,	-253,	7,	-440,	30311,	134,	-58,	-147,	30291,	59,	-27,	-339,	
2,	2,	309532,	1.65255e+015,	1,	-1,	-10,	-7,	-7,	-3,	0,	0,	1.65255e+009,	-0.705658,	-0.540848,	-0.245984,	-0.0904288,	-0.53093,	-0.128327,	-0.0165459,	0.0517246,	-0.515679,	-0.0149685,	-0.00247295,	-0.0204713,	-0.543159,	-0.204909,	-0.0213985,	-0.0101218,	-0.451758,	-0.337623,	-0.0209194,	-0.219477,	-0.6188,	0.6041,	-0.04312,	30281,	-252,	6,	-440,	30321,	134,	-58,	-146,	30301,	60,	-28,	-339,	
2,	2,	309610,	1.65255e+015,	6,	3,	1,	-12,	2,	2,	1,	-3,	1.65255e+009,	-0.705658,	-0.540848,	-0.245984,	-0.0904288,	-0.53093,	-0.128327,	-0.0165459,	0.0517246,	-0.515679,	-0.0149685,	-0.00247295,	-0.0204713,	-0.543159,	-0.204909,	-0.0213985,	-0.0101218,	-0.451758,	-0.337623,	-0.0209194,	-0.219477,	-0.6188,	0.6041,	-0.04312,	30291,	-252,	5,	-440,	30331,	134,	-58,	-146,	30311,	60,	-28,	-339,	
2,	2,	309672,	1.65255e+015,	1,	-3,	-6,	0,	-1,	-1,	-2,	-2,	1.65255e+009,	-0.705658,	-0.540848,	-0.245984,	-0.0904288,	-0.53093,	-0.128327,	-0.0165459,	0.0517246,	-0.515679,	-0.0149685,	-0.00247295,	-0.0204713,	-0.543159,	-0.204909,	-0.0213985,	-0.0101218,	-0.451758,	-0.337623,	-0.0209194,	-0.219477,	-0.6188,	0.6041,	-0.04312,	30301,	-253,	5,	-440,	30341,	135,	-57,	-146,	30321,	60,	-29,	-339,	
2,	2,	309735,	1.65255e+015,	0,	-9,	-1,	-5,	0,	0,	0,	-5,	1.65255e+009,	-0.705658,	-0.540848,	-0.245984,	-0.0904288,	-0.53093,	-0.128327,	-0.0165459,	0.0517246,	-0.515679,	-0.0149685,	-0.00247295,	-0.0204713,	-0.543159,	-0.204909,	-0.0213985,	-0.0101218,	-0.451758,	-0.337623,	-0.0209194,	-0.219477,	-0.6188,	0.6041,	-0.04312,	30311,	-254,	7,	-440,	30351,	133,	-57,	-146,	30331,	60,	-28,	-339,	
2,	2,	309797,	1.65255e+015,	-23,	3,	7,	4,	-1,	-2,	-2,	-5,	1.65255e+009,	-0.705658,	-0.540848,	-0.245984,	-0.0904288,	-0.53093,	-0.128327,	-0.0165459,	0.0517246,	-0.578759,	-0.0149685,	-0.00247295,	-0.0204713,	-0.543159,	-0.204909,	-0.0213985,	-0.0101218,	-0.451758,	-0.337623,	-0.0209194,	-0.219477,	-0.6188,	0.6041,	-0.04312,	30321,	-252,	6,	-439,	30361,	133,	-57,	-145,	30341,	60,	-28,	-339,	
2,	2,	309860,	1.65255e+015,	7,	-1,	-4,	-13,	2,	-2,	0,	0,	1.65255e+009,	-0.705658,	-0.540848,	-0.245984,	-0.0904288,	-0.53093,	-0.128327,	-0.0165459,	0.0517246,	-0.657609,	-0.0149685,	-0.00247295,	-0.0204713,	-0.543159,	-0.204909,	-0.0213985,	-0.0101218,	-0.451758,	-0.337623,	-0.0209194,	-0.219477,	-0.6188,	0.6041,	-0.04312,	30331,	-253,	6,	-438,	30371,	134,	-56,	-145,	30351,	60,	-28,	-338,	
2,	2,	309922,	1.65255e+015,	-1,	0,	-9,	-3,	-1,	0,	0,	-1,	1.65255e+009,	-0.705658,	-0.540848,	-0.245984,	-0.0904288,	-0.53093,	-0.128327,	-0.0165459,	0.065931,	-0.815309,	0.0848215,	0.016722,	-0.0173549,	-0.543159,	-0.204909,	-0.0213985,	-0.0306614,	-0.451758,	-0.337623,	-0.0209194,	-0.240017,	-0.6188,	0.6041,	-0.04312,	30341,	-254,	5,	-437,	30381,	133,	-56,	-145,	30361,	59,	-29,	-338,	
2,	2,	310000,	1.65255e+015,	13,	4,	25,	1,	-3,	-5,	-1,	8,	1.65255e+009,	-0.705658,	-0.540848,	-0.245984,	-0.0904288,	-0.53093,	-0.128327,	-0.0165459,	0.0717977,	-0.973009,	0.0848215,	0.016722,	-0.0114882,	-0.651574,	-0.204909,	-0.0213985,	-0.0484507,	-0.451758,	-0.337623,	-0.0209194,	-0.257806,	-0.5733,	0.6041,	-0.04312,	30351,	-254,	6,	-436,	30391,	133,	-57,	-144,	30371,	59,	-30,	-338,	
2,	2,	310063,	1.65255e+015,	-1,	-1,	-1,	2,	-3,	0,	-4,	7,	1.65255e+009,	-0.705658,	-0.540848,	-0.245984,	-0.110141,	-0.627026,	-0.0672188,	-0.00998132,	0.0751914,	-1.31995,	0.0848215,	0.016722,	0.00299549,	-0.781672,	-0.204909,	-0.0213985,	-0.081279,	-0.451758,	-0.337623,	-0.0209194,	-0.320205,	-0.5278,	0.6041,	-0.04312,	30361,	-255,	5,	-436,	30401,	133,	-57,	-145,	30381,	60,	-29,	-337,	
2,	2,	310125,	1.65255e+015,	-1,	-2,	6,	-5,	-4,	-4,	-1,	0,	1.65255e+009,	-0.705658,	-0.540848,	-0.245984,	-0.110141,	-0.707106,	-0.0672188,	-0.00998132,	0.0839914,	-1.38303,	0.164653,	0.0366665,	0.0117955,	-0.868404,	-0.116204,	-0.0154336,	-0.107963,	-0.561408,	-0.337623,	-0.0209194,	-0.370545,	-0.5096,	0.6041,	-0.04312,	30371,	-255,	6,	-435,	30411,	134,	-57,	-144,	30391,	60,	-29,	-338,	
2,	2,	310204,	1.65255e+015,	2,	-11,	-16,	-7,	-8,	-5,	-1,	10,	1.65255e+009,	-0.705658,	-0.442288,	-0.245984,	-0.110141,	-0.787186,	-0.0672188,	-0.00998132,	0.0839914,	-1.49342,	0.164653,	0.0366665,	0.0117955,	-0.868404,	-0.116204,	-0.0154336,	-0.107963,	-0.671058,	-0.337623,	-0.0209194,	-0.388287,	-0.5096,	0.6041,	-0.04312,	30381,	-255,	7,	-435,	30421,	133,	-57,	-144,	30401,	60,	-29,	-337,	
2,	2,	310282,	1.65255e+015,	0,	5,	5,	-9,	6,	3,	1,	2,	1.65255e+009,	-0.645539,	-0.442288,	-0.245984,	-0.110141,	-0.85125,	-0.0672188,	-0.00998132,	0.0831864,	-1.57227,	0.164653,	0.0366665,	0.0198625,	-0.976819,	-0.116204,	-0.0154336,	-0.123552,	-0.671058,	-0.273558,	-0.022558,	-0.427532,	-0.4641,	0.6041,	-0.04312,	30391,	-255,	6,	-435,	30431,	133,	-57,	-144,	30411,	59,	-29,	-337,	
2,	2,	310344,	1.65255e+015,	9,	1,	11,	-5,	-4,	-1,	0,	21,	1.65255e+009,	-0.645539,	-0.442288,	-0.245984,	-0.110141,	-0.85125,	-0.0672188,	-0.00998132,	0.0831864,	-1.63535,	0.164653,	0.0366665,	0.0198625,	-0.976819,	-0.116204,	-0.0154336,	-0.123552,	-0.671058,	-0.273558,	-0.022558,	-0.427532,	-0.4641,	0.6041,	-0.04312,	30401,	-255,	7,	-435,	30441,	134,	-57,	-144,	30421,	59,	-29,	-338,	
2,	2,	310422,	1.65255e+015,	-9,	-5,	-26,	4,	-1,	-4,	-11,	-5,	1.65255e+009,	-0.645539,	-0.442288,	-0.245984,	-0.110141,	-0.85125,	-0.0672188,	-0.00998132,	0.0831864,	-1.63535,	0.0648635,	0.0123731,	0.0198625,	-0.976819,	-0.116204,	-0.0154336,	-0.123552,	-0.671058,	-0.273558,	-0.022558,	-0.427532,	-0.4641,	0.6041,	-0.04312,	30411,	-255,	7,	-436,	30451,	134,	-57,	-144,	30431,	59,	-28,	-338,	
2,	2,	310500,	1.65255e+015,	-23,	10,	20,	13,	-1,	-3,	-3,	-4,	1.65255e+009,	-0.645539,	-0.442288,	-0.245984,	-0.110141,	-0.85125,	-0.0672188,	-0.00998132,	0.0831864,	-1.63535,	0.0648635,	0.0123731,	0.0198625,	-0.976819,	-0.116204,	-0.0154336,	-0.123552,	-0.671058,	-0.273558,	-0.022558,	-0.427532,	-0.4641,	0.6041,	-0.04312,	49651,	-265,	14,	-410,	49681,	132,	-48,	-131,	49671,	58,	-38,	-328,	
2,	2,	310579,	1.65255e+015,	-8,	1,	-16,	-4,	0,	-2,	1,	3,	1.65255e+009,	-0.645539,	-0.442288,	-0.245984,	-0.110141,	-0.85125,	-0.0672188,	-0.00998132,	0.0831864,	-1.63535,	0.0648635,	0.0123731,	0.0198625,	-1.06355,	-0.116204,	-0.0154336,	-0.123552,	-0.758778,	-0.273558,	-0.022558,	-0.427532,	-0.4641,	0.6041,	-0.04312,	49661,	-263,	14,	-410,	49691,	132,	-48,	-131,	49681,	57,	-39,	-328,	
2,	2,	310657,	1.65255e+015,	10,	0,	-10,	-3,	1,	1,	-2,	-9,	1.65255e+009,	-0.645539,	-0.442288,	-0.245984,	-0.110141,	-0.85125,	-0.0672188,	-0.00998132,	0.0831864,	-1.63535,	0.0648635,	0.0123731,	0.0198625,	-1.06355,	-0.116204,	-0.0154336,	-0.123552,	-0.758778,	-0.273558,	-0.022558,	-0.427532,	-0.4641,	0.63862,	-0.04312,	49671,	-264,	15,	-410,	49701,	133,	-49,	-131,	49691,	57,	-39,	-328,	
2,	2,	310719,	1.65255e+015,	-2,	-1,	12,	-7,	-2,	1,	5,	12,	1.65255e+009,	-0.645539,	-0.442288,	-0.245984,	-0.110141,	-0.85125,	-0.0672188,	-0.00998132,	0.0831864,	-1.7142,	0.0648635,	0.0123731,	0.0198625,	-1.06355,	-0.116204,	-0.0154336,	-0.123552,	-0.758778,	-0.273558,	-0.022558,	-0.427532,	-0.4641,	0.63862,	-0.04312,	49681,	-263,	14,	-409,	49711,	133,	-48,	-131,	49701,	57,	-38,	-328,	
2,	2,	310782,	1.65255e+015,	-5,	-2,	-31,	-19,	-5,	-2,	2,	-6,	1.65255e+009,	-0.645539,	-0.442288,	-0.245984,	-0.110141,	-0.85125,	-0.0672188,	-0.00998132,	0.0831864,	-1.7142,	0.0648635,	0.0123731,	0.0198625,	-1.06355,	-0.116204,	-0.0154336,	-0.123552,	-0.758778,	-0.273558,	-0.022558,	-0.427532,	-0.4641,	0.63862,	-0.04312,	49691,	-264,	14,	-409,	49721,	133,	-48,	-131,	49711,	57,	-38,	-328,	
2,	2,	310860,	1.65255e+015,	-4,	-6,	-19,	-12,	1,	1,	2,	-5,	1.65255e+009,	-0.645539,	-0.442288,	-0.245984,	-0.110141,	-0.85125,	-0.0672188,	-0.00998132,	0.0831864,	-1.7142,	0.0648635,	0.0123731,	0.0198625,	-1.06355,	-0.116204,	-0.0154336,	-0.123552,	-0.758778,	-0.273558,	-0.022558,	-0.427532,	-0.4641,	0.63862,	-0.04312,	49701,	-264,	15,	-410,	49731,	132,	-47,	-131,	49721,	57,	-38,	-328,	
2,	2,	310922,	1.65255e+015,	-3,	-1,	-14,	3,	5,	0,	-5,	-8,	1.65255e+009,	-0.645539,	-0.442288,	-0.245984,	-0.110141,	-0.85125,	-0.0672188,	-0.00998132,	0.0831864,	-1.7142,	0.0648635,	0.0123731,	0.0198625,	-1.06355,	-0.116204,	-0.0154336,	-0.123552,	-0.758778,	-0.273558,	-0.022558,	-0.427532,	-0.4641,	0.63862,	-0.04312,	49711,	-263,	15,	-411,	49741,	132,	-49,	-131,	49731,	58,	-38,	-328,	
2,	2,	311000,	1.65255e+015,	29,	-5,	10,	9,	1,	-3,	1,	-5,	1.65255e+009,	-0.645539,	-0.442288,	-0.245984,	-0.110141,	-0.85125,	-0.0672188,	-0.00998132,	0.0831864,	-1.7142,	0.0648635,	0.0123731,	0.0198625,	-1.06355,	-0.116204,	-0.0154336,	-0.123552,	-0.758778,	-0.273558,	-0.022558,	-0.427532,	-0.4641,	0.63862,	-0.04312,	49721,	-264,	13,	-412,	49751,	132,	-49,	-132,	49741,	57,	-37,	-328,	
2,	2,	311079,	1.65255e+015,	12,	-4,	1,	11,	-2,	-3,	-9,	-8,	1.65255e+009,	-0.645539,	-0.442288,	-0.245984,	-0.129853,	-0.915314,	-0.0672188,	-0.00998132,	0.0831864,	-1.7142,	0.0648635,	0.0123731,	0.0198625,	-1.06355,	-0.116204,	-0.0154336,	-0.123552,	-0.758778,	-0.273558,	-0.022558,	-0.427532,	-0.4641,	0.63862,	-0.04312,	49731,	-264,	14,	-412,	49761,	132,	-49,	-131,	49751,	57,	-37,	-328,	
2,	2,	311157,	1.65255e+015,	7,	2,	-5,	-2,	5,	5,	0,	-4,	1.65255e+009,	-0.645539,	-0.442288,	-0.245984,	-0.129853,	-0.915314,	-0.0672188,	-0.00998132,	0.0831864,	-1.7142,	0.0648635,	0.0123731,	0.0198625,	-1.06355,	-0.116204,	-0.0154336,	-0.123552,	-0.758778,	-0.273558,	-0.022558,	-0.427532,	-0.4641,	0.63862,	-0.04312,	49741,	-263,	15,	-411,	49771,	132,	-48,	-131,	49761,	57,	-38,	-327,	
2,	2,	311235,	1.65255e+015,	-5,	-8,	-3,	1,	-4,	1,	2,	-2,	1.65255e+009,	-0.645539,	-0.442288,	-0.245984,	-0.129853,	-0.915314,	-0.0672188,	-0.00998132,	0.0831864,	-1.7142,	0.0648635,	0.0123731,	0.0198625,	-1.06355,	-0.116204,	-0.0154336,	-0.123552,	-0.758778,	-0.273558,	-0.022558,	-0.427532,	-0.4641,	0.63862,	-0.04312,	49751,	-263,	14,	-411,	49781,	133,	-48,	-131,	49771,	57,	-38,	-328,	
2,	2,	311297,	1.65255e+015,	17,	-7,	48,	-12,	0,	3,	-3,	0,	1.65255e+009,	-0.645539,	-0.442288,	-0.245984,	-0.129853,	-0.915314,	-0.0672188,	-0.00998132,	0.0831864,	-1.7142,	0.0648635,	0.0123731,	0.0198625,	-1.06355,	-0.116204,	-0.0154336,	-0.123552,	-0.758778,	-0.273558,	-0.022558,	-0.427532,	-0.4641,	0.63862,	-0.04312,	49761,	-263,	14,	-411,	49791,	132,	-48,	-131,	49781,	57,	-37,	-328,	
2,	2,	311375,	1.65255e+015,	1,	0,	-10,	6,	-4,	-4,	-1,	-1,	1.65255e+009,	-0.585419,	-0.442288,	-0.245984,	-0.129853,	-0.835234,	-0.0672188,	-0.00998132,	0.0831864,	-1.50919,	-0.0149685,	-0.00247295,	0.0198625,	-1.06355,	-0.116204,	-0.0154336,	-0.123552,	-0.671058,	-0.273558,	-0.022558,	-0.427532,	-0.4641,	0.63862,	-0.04312,	49771,	-264,	13,	-410,	49801,	132,	-49,	-131,	49791,	57,	-37,	-328,	
2,	2,	311438,	1.65255e+015,	-4,	1,	67,	35,	-4,	0,	-4,	2,	1.65255e+009,	-0.585419,	-0.442288,	-0.245984,	-0.129853,	-0.77117,	-0.0672188,	-0.00998132,	0.075853,	-1.27264,	-0.0149685,	-0.00247295,	0.0125291,	-0.976819,	-0.116204,	-0.0154336,	-0.101315,	-0.671058,	-0.273558,	-0.022558,	-0.405295,	-0.5278,	0.63862,	-0.04312,	49781,	-264,	14,	-410,	49811,	132,	-49,	-132,	49801,	57,	-37,	-328,	
2,	2,	311532,	1.65255e+015,	-3,	-1,	5,	2,	-6,	-6,	-1,	0,	1.65255e+009,	-0.585419,	-0.442288,	-0.245984,	-0.129853,	-0.69109,	-0.0672188,	-0.00998132,	0.0722581,	-0.846849,	-0.0149685,	-0.00247295,	6.21471e-005,	-0.846721,	-0.116204,	-0.0154336,	-0.0723844,	-0.671058,	-0.273558,	-0.022558,	-0.346794,	-0.5278,	0.63862,	-0.04312,	49791,	-265,	13,	-411,	49821,	133,	-49,	-132,	49811,	57,	-37,	-329,	
2,	2,	311610,	1.65255e+015,	-6,	-5,	30,	-10,	-5,	-1,	0,	-2,	1.65255e+009,	-0.585419,	-0.442288,	-0.245984,	-0.129853,	-0.61101,	-0.0672188,	-0.00998132,	0.0805977,	-0.657609,	-0.0149685,	-0.00247295,	-0.00268817,	-0.759989,	-0.116204,	-0.0154336,	-0.0751347,	-0.561408,	-0.273558,	-0.022558,	-0.349544,	-0.5278,	0.63862,	-0.04312,	49801,	-264,	13,	-412,	49831,	132,	-48,	-132,	49821,	58,	-37,	-329,	
2,	2,	311672,	1.65255e+015,	3,	2,	-19,	-4,	0,	-1,	-2,	3,	1.65255e+009,	-0.585419,	-0.442288,	-0.245984,	-0.129853,	-0.53093,	-0.0672188,	-0.00998132,	0.0732644,	-0.594529,	-0.0149685,	-0.00247295,	-0.0100215,	-0.759989,	-0.116204,	-0.0154336,	-0.052898,	-0.561408,	-0.273558,	-0.022558,	-0.31548,	-0.5278,	0.63862,	-0.04312,	49811,	-264,	14,	-412,	49841,	132,	-48,	-132,	49831,	57,	-38,	-329,	
2,	2,	311735,	1.65255e+015,	-5,	-2,	23,	6,	-3,	-4,	1,	-5,	1.65255e+009,	-0.585419,	-0.442288,	-0.245984,	-0.129853,	-0.53093,	-0.0672188,	-0.00998132,	0.0732644,	-0.515679,	-0.0149685,	-0.00247295,	-0.0100215,	-0.673257,	-0.116204,	-0.0154336,	-0.052898,	-0.561408,	-0.273558,	-0.022558,	-0.31548,	-0.5642,	0.63862,	-0.04312,	49821,	-264,	13,	-413,	49851,	131,	-49,	-132,	49841,	57,	-37,	-329,	
2,	2,	311797,	1.65255e+015,	-1,	-4,	-19,	-11,	0,	0,	-1,	-1,	1.65255e+009,	-0.585419,	-0.442288,	-0.245984,	-0.129853,	-0.53093,	-0.0672188,	-0.00998132,	0.0799361,	-0.515679,	-0.0149685,	-0.00247295,	-0.0122218,	-0.673257,	-0.116204,	-0.0154336,	-0.0550983,	-0.561408,	-0.273558,	-0.022558,	-0.31768,	-0.5642,	0.63862,	-0.04312,	49831,	-262,	14,	-414,	49861,	132,	-49,	-132,	49851,	58,	-38,	-329,	
2,	2,	311875,	1.65255e+015,	1,	10,	26,	-6,	-3,	-1,	-1,	1,	1.65255e+009,	-0.585419,	-0.442288,	-0.245984,	-0.129853,	-0.53093,	-0.0672188,	-0.00998132,	0.0799361,	-0.515679,	-0.0149685,	-0.00247295,	-0.0122218,	-0.673257,	-0.187168,	-0.0206083,	-0.0550983,	-0.561408,	-0.273558,	-0.022558,	-0.31768,	-0.5642,	0.63862,	-0.04312,	49841,	-262,	13,	-414,	49871,	131,	-48,	-132,	49861,	57,	-37,	-329,	
2,	2,	311954,	1.65255e+015,	-3,	-9,	3,	4,	1,	0,	-1,	-3,	1.65255e+009,	-0.585419,	-0.442288,	-0.245984,	-0.129853,	-0.53093,	-0.0672188,	-0.00998132,	0.0799361,	-0.515679,	-0.0149685,	-0.00247295,	-0.0122218,	-0.673257,	-0.187168,	-0.0206083,	-0.0550983,	-0.561408,	-0.273558,	-0.022558,	-0.31768,	-0.5642,	0.63862,	-0.04312,	49851,	-262,	15,	-415,	49881,	132,	-49,	-133,	49871,	57,	-37,	-329,	
2,	2,	312032,	1.65255e+015,	-1,	-3,	0,	-17,	-5,	-1,	-1,	-3,	1.65255e+009,	-0.585419,	-0.442288,	-0.245984,	-0.129853,	-0.53093,	-0.0672188,	-0.00998132,	0.0799361,	-0.515679,	-0.0149685,	-0.00247295,	-0.0122218,	-0.673257,	-0.187168,	-0.0206083,	-0.0550983,	-0.561408,	-0.32481,	-0.0214572,	-0.31768,	-0.5642,	0.63862,	-0.04312,	49861,	-261,	13,	-415,	49891,	133,	-49,	-133,	49881,	57,	-36,	-329,	
2,	2,	312110,	1.65255e+015,	1,	1,	-7,	-2,	-2,	-1,	-1,	-1,	1.65255e+009,	-0.585419,	-0.442288,	-0.245984,	-0.129853,	-0.53093,	-0.0672188,	-0.00998132,	0.0799361,	-0.515679,	-0.0149685,	-0.00247295,	-0.0122218,	-0.673257,	-0.187168,	-0.0206083,	-0.0550983,	-0.561408,	-0.32481,	-0.0214572,	-0.31768,	-0.5642,	0.63862,	-0.04312,	49871,	-262,	12,	-415,	49901,	133,	-48,	-132,	49891,	57,	-36,	-329,	
2,	2,	312188,	1.65255e+015,	-1,	-2,	-11,	-7,	-2,	-2,	-1,	-1,	1.65255e+009,	-0.585419,	-0.442288,	-0.245984,	-0.129853,	-0.53093,	-0.0672188,	-0.00998132,	0.0799361,	-0.515679,	-0.0149685,	-0.00247295,	-0.0122218,	-0.673257,	-0.187168,	-0.0206083,	-0.0550983,	-0.561408,	-0.32481,	-0.0214572,	-0.31768,	-0.5642,	0.63862,	-0.04312,	49881,	-263,	13,	-414,	49911,	133,	-47,	-132,	49901,	58,	-37,	-329,	
2,	2,	312266,	1.65255e+015,	2,	3,	6,	13,	4,	4,	-1,	0,	1.65255e+009,	-0.585419,	-0.442288,	-0.245984,	-0.129853,	-0.53093,	-0.0672188,	-0.00998132,	0.0799361,	-0.515679,	-0.0149685,	-0.00247295,	-0.0122218,	-0.673257,	-0.187168,	-0.0206083,	-0.0550983,	-0.561408,	-0.32481,	-0.0214572,	-0.31768,	-0.5642,	0.63862,	-0.04312,	49891,	-263,	13,	-414,	49921,	133,	-47,	-132,	49911,	58,	-37,	-328,	
2,	2,	312344,	1.65255e+015,	-3,	-4,	17,	20,	5,	0,	-3,	-2,	1.65255e+009,	-0.585419,	-0.442288,	-0.245984,	-0.129853,	-0.53093,	-0.0672188,	-0.00998132,	0.0799361,	-0.515679,	-0.0149685,	-0.00247295,	-0.0122218,	-0.673257,	-0.187168,	-0.0206083,	-0.0550983,	-0.561408,	-0.32481,	-0.0214572,	-0.31768,	-0.5642,	0.63862,	-0.04312,	49901,	-261,	13,	-414,	49931,	133,	-48,	-132,	49921,	57,	-38,	-328,	
2,	2,	312422,	1.65255e+015,	1,	0,	2,	1,	-4,	-4,	-2,	-1,	1.65255e+009,	-0.585419,	-0.442288,	-0.245984,	-0.129853,	-0.53093,	-0.0672188,	-0.00998132,	0.0799361,	-0.515679,	-0.0149685,	-0.00247295,	-0.0122218,	-0.673257,	-0.187168,	-0.0206083,	-0.0550983,	-0.561408,	-0.32481,	-0.0214572,	-0.31768,	-0.5642,	0.63862,	-0.04312,	49911,	-262,	14,	-413,	49941,	132,	-47,	-132,	49931,	57,	-38,	-328,	
2,	2,	312500,	1.65255e+015,	-1,	0,	-9,	1,	-6,	-3,	-1,	-1,	1.65255e+009,	-0.585419,	-0.442288,	-0.245984,	-0.129853,	-0.53093,	-0.0672188,	-0.00998132,	0.0799361,	-0.515679,	-0.0149685,	-0.00247295,	-0.0122218,	-0.673257,	-0.187168,	-0.0206083,	-0.0550983,	-0.561408,	-0.32481,	-0.0214572,	-0.31768,	-0.5642,	0.63862,	-0.04312,	49921,	-262,	13,	-412,	49951,	131,	-48,	-131,	49941,	56,	-38,	-328,	
2,	2,	312563,	1.65255e+015,	-2,	-2,	11,	0,	-4,	0,	-1,	0,	1.65255e+009,	-0.585419,	-0.442288,	-0.245984,	-0.129853,	-0.53093,	-0.0672188,	-0.00998132,	0.0799361,	-0.515679,	-0.0149685,	-0.00247295,	-0.0122218,	-0.673257,	-0.187168,	-0.0206083,	-0.0550983,	-0.561408,	-0.32481,	-0.0214572,	-0.31768,	-0.5642,	0.63862,	-0.04312,	49931,	-263,	13,	-412,	49961,	132,	-48,	-131,	49951,	56,	-38,	-328,	
2,	2,	312641,	1.65255e+015,	-4,	-5,	-21,	1,	-10,	-8,	-4,	-4,	1.65255e+009,	-0.585419,	-0.442288,	-0.245984,	-0.129853,	-0.53093,	-0.0672188,	-0.00998132,	0.0799361,	-0.515679,	-0.0149685,	-0.00247295,	-0.0122218,	-0.673257,	-0.187168,	-0.0206083,	-0.0550983,	-0.561408,	-0.32481,	-0.0214572,	-0.31768,	-0.5642,	0.63862,	-0.04312,	49941,	-264,	12,	-411,	49971,	132,	-48,	-131,	49961,	56,	-38,	-328,	
2,	2,	312719,	1.65255e+015,	-1,	-1,	-11,	-3,	-4,	-1,	-1,	0,	1.65255e+009,	-0.585419,	-0.442288,	-0.245984,	-0.129853,	-0.53093,	-0.0672188,	-0.00998132,	0.0799361,	-0.515679,	-0.0149685,	-0.00247295,	-0.0122218,	-0.673257,	-0.187168,	-0.0206083,	-0.0550983,	-0.561408,	-0.32481,	-0.0214572,	-0.31768,	-0.5642,	0.63862,	-0.04312,	49951,	-263,	12,	-411,	49981,	133,	-48,	-131,	49971,	58,	-38,	-328,	
2,	2,	312797,	1.65255e+015,	3,	2,	-13,	-4,	1,	-1,	0,	1,	1.65255e+009,	-0.585419,	-0.442288,	-0.245984,	-0.129853,	-0.53093,	-0.0672188,	-0.00998132,	0.0799361,	-0.515679,	-0.0149685,	-0.00247295,	-0.0122218,	-0.673257,	-0.187168,	-0.0206083,	-0.0550983,	-0.561408,	-0.32481,	-0.0214572,	-0.31768,	-0.5642,	0.63862,	-0.04312,	49961,	-264,	12,	-411,	49991,	133,	-48,	-130,	49981,	58,	-38,	-328,	
2,	2,	312891,	1.65255e+015,	4,	9,	21,	11,	-6,	-4,	0,	0,	1.65255e+009,	-0.585419,	-0.442288,	-0.245984,	-0.129853,	-0.53093,	-0.0672188,	-0.00998132,	0.0799361,	-0.515679,	-0.0149685,	-0.00247295,	-0.0122218,	-0.673257,	-0.187168,	-0.0206083,	-0.0550983,	-0.561408,	-0.32481,	-0.0214572,	-0.31768,	-0.5642,	0.63862,	-0.04312,	49971,	-264,	13,	-411,	50001,	133,	-49,	-130,	49991,	57,	-39,	-328,	
2,	2,	312969,	1.65255e+015,	-1,	-5,	7,	-4,	-1,	-2,	-2,	-1,	1.65255e+009,	-0.585419,	-0.442288,	-0.245984,	-0.129853,	-0.53093,	-0.0672188,	-0.00998132,	0.0799361,	-0.515679,	-0.0149685,	-0.00247295,	-0.0122218,	-0.673257,	-0.187168,	-0.0206083,	-0.0550983,	-0.561408,	-0.32481,	-0.0214572,	-0.31768,	-0.5642,	0.63862,	-0.04312,	49981,	-264,	12,	-411,	50011,	133,	-48,	-130,	50001,	58,	-38,	-328,	
2,	2,	313047,	1.65255e+015,	3,	6,	9,	16,	10,	3,	1,	-1,	1.65255e+009,	-0.585419,	-0.442288,	-0.245984,	-0.129853,	-0.53093,	-0.0672188,	-0.00998132,	0.0799361,	-0.515679,	-0.0149685,	-0.00247295,	-0.0122218,	-0.673257,	-0.187168,	-0.0206083,	-0.0550983,	-0.561408,	-0.32481,	-0.0214572,	-0.31768,	-0.5642,	0.63862,	-0.04312,	49991,	-264,	13,	-411,	50021,	132,	-49,	-130,	50011,	56,	-38,	-328,	
2,	2,	313125,	1.65255e+015,	0,	2,	-3,	7,	3,	-1,	0,	0,	1.65255e+009,	-0.585419,	-0.442288,	-0.245984,	-0.129853,	-0.53093,	-0.0672188,	-0.00998132,	0.0799361,	-0.515679,	-0.0149685,	-0.00247295,	-0.0122218,	-0.673257,	-0.187168,	-0.0206083,	-0.0550983,	-0.561408,	-0.32481,	-0.0214572,	-0.31768,	-0.5642,	0.63862,	-0.04312,	50001,	-265,	13,	-411,	50031,	132,	-48,	-130,	50021,	58,	-38,	-328,	
2,	2,	313204,	1.65255e+015,	-2,	8,	21,	-1,	-5,	0,	0,	0,	1.65255e+009,	-0.585419,	-0.442288,	-0.245984,	-0.129853,	-0.53093,	-0.0672188,	-0.00998132,	0.0799361,	-0.515679,	-0.0149685,	-0.00247295,	-0.0122218,	-0.673257,	-0.187168,	-0.0206083,	-0.0550983,	-0.561408,	-0.32481,	-0.0214572,	-0.31768,	-0.5642,	0.63862,	-0.04312,	50011,	-264,	12,	-412,	50041,	131,	-48,	-130,	50031,	57,	-38,	-328,	
2,	2,	313282,	1.65255e+015,	-3,	-9,	-10,	-8,	2,	-1,	-1,	-3,	1.65255e+009,	-0.585419,	-0.442288,	-0.245984,	-0.129853,	-0.53093,	-0.0672188,	-0.00998132,	0.0799361,	-0.515679,	-0.0149685,	-0.00247295,	-0.0122218,	-0.673257,	-0.187168,	-0.0206083,	-0.0550983,	-0.561408,	-0.32481,	-0.0214572,	-0.31768,	-0.5642,	0.63862,	-0.04312,	50021,	-264,	13,	-411,	50051,	132,	-50,	-130,	50041,	58,	-38,	-328,	
2,	2,	313360,	1.65255e+015,	1,	1,	-1,	-4,	-1,	0,	-2,	1,	1.65255e+009,	-0.585419,	-0.442288,	-0.245984,	-0.129853,	-0.53093,	-0.0672188,	-0.00998132,	0.0799361,	-0.515679,	-0.0149685,	-0.00247295,	-0.0122218,	-0.673257,	-0.187168,	-0.0206083,	-0.0550983,	-0.561408,	-0.32481,	-0.0214572,	-0.31768,	-0.5642,	0.63862,	-0.04312,	50031,	-265,	13,	-412,	50061,	132,	-49,	-130,	50051,	58,	-37,	-328,	
2,	2,	313438,	1.65255e+015,	-3,	-2,	-11,	-2,	-6,	-5,	-1,	-1,	1.65255e+009,	-0.585419,	-0.442288,	-0.245984,	-0.129853,	-0.53093,	-0.0672188,	-0.00998132,	0.0799361,	-0.515679,	-0.0149685,	-0.00247295,	-0.0122218,	-0.673257,	-0.187168,	-0.0206083,	-0.0550983,	-0.561408,	-0.32481,	-0.0214572,	-0.31768,	-0.5642,	0.63862,	-0.04312,	50041,	-263,	13,	-412,	50071,	132,	-48,	-130,	50061,	57,	-38,	-328,	
2,	2,	313516,	1.65255e+015,	-1,	0,	1,	6,	-2,	-1,	-1,	-1,	1.65255e+009,	-0.585419,	-0.442288,	-0.245984,	-0.129853,	-0.53093,	-0.0672188,	-0.00998132,	0.0799361,	-0.515679,	-0.0149685,	-0.00247295,	-0.0122218,	-0.673257,	-0.187168,	-0.0206083,	-0.0550983,	-0.561408,	-0.32481,	-0.0214572,	-0.31768,	-0.5642,	0.63862,	-0.04312,	50051,	-262,	13,	-412,	50081,	134,	-49,	-130,	50071,	58,	-37,	-328,	
2,	2,	313579,	1.65255e+015,	-3,	-3,	5,	-3,	2,	3,	1,	-1,	1.65255e+009,	-0.585419,	-0.442288,	-0.245984,	-0.129853,	-0.53093,	-0.0672188,	-0.00998132,	0.0799361,	-0.515679,	-0.0149685,	-0.00247295,	-0.0122218,	-0.673257,	-0.187168,	-0.0206083,	-0.0550983,	-0.561408,	-0.32481,	-0.0214572,	-0.31768,	-0.5642,	0.63862,	-0.04312,	50061,	-263,	13,	-412,	50091,	132,	-48,	-130,	50081,	57,	-39,	-328,	
2,	2,	313641,	1.65255e+015,	-1,	3,	21,	17,	-1,	-1,	-1,	-1,	1.65255e+009,	-0.585419,	-0.442288,	-0.245984,	-0.129853,	-0.53093,	-0.0672188,	-0.00998132,	0.0799361,	-0.515679,	-0.0149685,	-0.00247295,	-0.0122218,	-0.673257,	-0.187168,	-0.0206083,	-0.0550983,	-0.561408,	-0.32481,	-0.0214572,	-0.31768,	-0.5642,	0.63862,	-0.04312,	50071,	-263,	14,	-412,	50101,	132,	-48,	-130,	50091,	58,	-38,	-328,	
2,	2,	313719,	1.65255e+015,	-1,	-8,	-5,	17,	-3,	-4,	-2,	-3,	1.65255e+009,	-0.585419,	-0.442288,	-0.245984,	-0.129853,	-0.53093,	-0.0672188,	-0.00998132,	0.0799361,	-0.515679,	-0.0149685,	-0.00247295,	-0.0122218,	-0.673257,	-0.187168,	-0.0206083,	-0.0550983,	-0.561408,	-0.32481,	-0.0214572,	-0.31768,	-0.5642,	0.63862,	-0.04312,	50081,	-264,	13,	-412,	50111,	132,	-47,	-130,	50101,	58,	-38,	-328,	
2,	2,	313782,	1.65255e+015,	-2,	0,	24,	12,	2,	3,	0,	-2,	1.65255e+009,	-0.585419,	-0.442288,	-0.245984,	-0.129853,	-0.53093,	-0.0672188,	-0.00998132,	0.0799361,	-0.515679,	-0.0149685,	-0.00247295,	-0.0122218,	-0.673257,	-0.187168,	-0.0206083,	-0.0550983,	-0.561408,	-0.32481,	-0.0214572,	-0.31768,	-0.5642,	0.63862,	-0.04312,	50091,	-263,	14,	-412,	50121,	131,	-49,	-130,	50111,	57,	-38,	-328,	
2,	2,	313844,	1.65255e+015,	-3,	-6,	0,	9,	-4,	-3,	-2,	-2,	1.65255e+009,	-0.585419,	-0.442288,	-0.245984,	-0.129853,	-0.53093,	-0.0672188,	-0.00998132,	0.0799361,	-0.515679,	-0.0149685,	-0.00247295,	-0.0122218,	-0.673257,	-0.187168,	-0.0206083,	-0.0550983,	-0.561408,	-0.32481,	-0.0214572,	-0.31768,	-0.5642,	0.63862,	-0.04312,	50101,	-263,	13,	-412,	50131,	132,	-48,	-131,	50121,	57,	-37,	-328,	
2,	2,	313907,	1.65255e+015,	-3,	-2,	4,	-6,	-7,	-8,	-2,	-2,	1.65255e+009,	-0.510269,	-0.442288,	-0.245984,	-0.129853,	-0.53093,	-0.0672188,	-0.00998132,	0.0799361,	-0.515679,	-0.0149685,	-0.00247295,	-0.0122218,	-0.673257,	-0.187168,	-0.0206083,	-0.0550983,	-0.561408,	-0.32481,	-0.0214572,	-0.31768,	-0.5642,	0.63862,	-0.04312,	50111,	-262,	13,	-412,	50141,	132,	-50,	-131,	50131,	57,	-38,	-328,	
2,	2,	313985,	1.65255e+015,	-1,	-5,	4,	0,	1,	2,	0,	-1,	1.65255e+009,	-0.510269,	-0.442288,	-0.245984,	-0.129853,	-0.53093,	-0.0672188,	-0.00998132,	0.0799361,	-0.515679,	-0.0149685,	-0.00247295,	-0.0122218,	-0.673257,	-0.187168,	-0.0206083,	-0.0550983,	-0.561408,	-0.32481,	-0.0214572,	-0.31768,	-0.5642,	0.63862,	-0.04312,	50121,	-262,	13,	-413,	50151,	133,	-49,	-131,	50141,	58,	-36,	-328,	
2,	2,	314063,	1.65255e+015,	3,	4,	6,	6,	-1,	-3,	-1,	0,	1.65255e+009,	-0.510269,	-0.442288,	-0.245984,	-0.129853,	-0.53093,	-0.0672188,	-0.00998132,	0.0799361,	-0.515679,	-0.0149685,	-0.00247295,	-0.0122218,	-0.673257,	-0.187168,	-0.0206083,	-0.0550983,	-0.561408,	-0.32481,	-0.0214572,	-0.31768,	-0.5642,	0.63862,	-0.04312,	50131,	-262,	12,	-413,	50161,	133,	-50,	-131,	50151,	58,	-37,	-328,	
2,	2,	314125,	1.65255e+015,	1,	0,	3,	3,	-1,	-1,	-2,	1,	1.65255e+009,	-0.510269,	-0.442288,	-0.245984,	-0.129853,	-0.53093,	-0.0672188,	-0.00998132,	0.0799361,	-0.515679,	-0.0149685,	-0.00247295,	-0.0122218,	-0.673257,	-0.187168,	-0.0206083,	-0.0550983,	-0.561408,	-0.32481,	-0.0214572,	-0.31768,	-0.5642,	0.63862,	-0.04312,	50141,	-262,	14,	-412,	50171,	134,	-49,	-131,	50161,	58,	-37,	-328,	
2,	2,	314188,	1.65255e+015,	5,	2,	-22,	-8,	1,	1,	0,	1,	1.65255e+009,	-0.510269,	-0.442288,	-0.245984,	-0.129853,	-0.53093,	-0.0672188,	-0.00998132,	0.0799361,	-0.515679,	-0.0149685,	-0.00247295,	-0.0122218,	-0.673257,	-0.187168,	-0.0206083,	-0.0550983,	-0.561408,	-0.32481,	-0.0214572,	-0.31768,	-0.5642,	0.63862,	-0.04312,	50151,	-263,	14,	-412,	50181,	133,	-49,	-131,	50171,	57,	-36,	-328,	
2,	2,	314250,	1.65255e+015,	0,	-1,	-4,	1,	4,	4,	0,	-1,	1.65255e+009,	-0.510269,	-0.442288,	-0.245984,	-0.129853,	-0.53093,	-0.0672188,	-0.00998132,	0.0799361,	-0.515679,	-0.0149685,	-0.00247295,	-0.0122218,	-0.673257,	-0.187168,	-0.0206083,	-0.0550983,	-0.561408,	-0.32481,	-0.0214572,	-0.31768,	-0.5642,	0.63862,	-0.04312,	50161,	-263,	15,	-412,	50191,	132,	-48,	-131,	50181,	58,	-38,	-328,	
2,	2,	314313,	1.65255e+015,	-5,	-5,	-9,	12,	-2,	0,	1,	-1,	1.65255e+009,	-0.510269,	-0.442288,	-0.245984,	-0.129853,	-0.53093,	-0.0672188,	-0.00998132,	0.0799361,	-0.515679,	-0.0149685,	-0.00247295,	-0.0122218,	-0.673257,	-0.187168,	-0.0206083,	-0.0550983,	-0.561408,	-0.32481,	-0.0214572,	-0.31768,	-0.5642,	0.63862,	-0.04312,	50171,	-263,	15,	-413,	50201,	133,	-48,	-131,	50191,	57,	-37,	-328,	
