1,	3,	355204,	1.65255e+015,	3,	1,	24,	16,	9,	2,	0,	4,	1.65255e+009,	-0.795839,	-0.245168,	-0.31202,	-0.115069,	-0.498898,	-0.204712,	-0.0213908,	0.0786707,	-0.499909,	-0.234507,	-0.0222682,	-0.0157052,	-0.759989,	-0.151686,	-0.0184238,	-0.0467537,	-0.605268,	-0.376062,	-0.0186753,	-0.315249,	-0.4732,	0.63862,	-0.04312,	28835,	-261,	0,	-398,	28865,	125,	-52,	-131,	28855,	57,	-31,	-321,	
1,	3,	355282,	1.65255e+015,	2,	-1,	-11,	-4,	6,	-1,	-10,	3,	1.65255e+009,	-0.795839,	-0.245168,	-0.31202,	-0.115069,	-0.498898,	-0.204712,	-0.0213908,	0.0786707,	-0.499909,	-0.234507,	-0.0222682,	-0.0157052,	-0.759989,	-0.151686,	-0.0184238,	-0.0467537,	-0.605268,	-0.376062,	-0.0186753,	-0.315249,	-0.4732,	0.63862,	-0.04312,	28845,	-261,	0,	-397,	28875,	125,	-53,	-131,	28865,	56,	-30,	-321,	
1,	3,	355360,	1.65255e+015,	-2,	-5,	-22,	-12,	-9,	-5,	0,	-2,	1.65255e+009,	-0.795839,	-0.245168,	-0.31202,	-0.115069,	-0.498898,	-0.204712,	-0.0213908,	0.0786707,	-0.499909,	-0.234507,	-0.0222682,	-0.0157052,	-0.759989,	-0.151686,	-0.0184238,	-0.0467537,	-0.605268,	-0.376062,	-0.0186753,	-0.315249,	-0.4732,	0.63862,	-0.04312,	28855,	-262,	0,	-395,	28885,	125,	-53,	-131,	28875,	56,	-31,	-320,	
1,	3,	355438,	1.65255e+015,	-2,	-9,	-6,	-14,	-12,	-10,	-3,	-2,	1.65255e+009,	-0.795839,	-0.245168,	-0.31202,	-0.115069,	-0.498898,	-0.204712,	-0.0213908,	0.0853425,	-0.499909,	-0.234507,	-0.0222682,	-0.0179055,	-0.759989,	-0.151686,	-0.0184238,	-0.048954,	-0.605268,	-0.376062,	-0.0186753,	-0.31745,	-0.4732,	0.63862,	-0.04312,	28865,	-262,	0,	-395,	28895,	126,	-52,	-131,	28885,	55,	-30,	-321,	
1,	3,	355516,	1.65255e+015,	1,	-1,	-22,	-22,	-4,	3,	-2,	2,	1.65255e+009,	-0.795839,	-0.245168,	-0.31202,	-0.115069,	-0.498898,	-0.204712,	-0.0213908,	0.0853425,	-0.499909,	-0.234507,	-0.0222682,	-0.0179055,	-0.759989,	-0.151686,	-0.0184238,	-0.048954,	-0.605268,	-0.376062,	-0.0186753,	-0.31745,	-0.4732,	0.63862,	-0.04312,	28875,	-261,	0,	-395,	28905,	125,	-52,	-130,	28895,	56,	-31,	-320,	
1,	3,	355594,	1.65255e+015,	-2,	-5,	-12,	27,	-1,	-5,	2,	4,	1.65255e+009,	-0.795839,	-0.245168,	-0.31202,	-0.115069,	-0.498898,	-0.204712,	-0.0213908,	0.0853425,	-0.499909,	-0.234507,	-0.0222682,	-0.0179055,	-0.759989,	-0.151686,	-0.0184238,	-0.048954,	-0.605268,	-0.376062,	-0.0186753,	-0.31745,	-0.4732,	0.63862,	-0.04312,	28885,	-263,	1,	-395,	28915,	125,	-52,	-130,	28905,	57,	-31,	-320,	
1,	3,	355672,	1.65255e+015,	0,	1,	-18,	0,	0,	-1,	1,	-2,	1.65255e+009,	-0.795839,	-0.245168,	-0.31202,	-0.115069,	-0.498898,	-0.204712,	-0.0213908,	0.0853425,	-0.499909,	-0.234507,	-0.0222682,	-0.0179055,	-0.759989,	-0.151686,	-0.0184238,	-0.048954,	-0.605268,	-0.376062,	-0.0186753,	-0.31745,	-0.4732,	0.63862,	-0.04312,	28895,	-261,	0,	-395,	28925,	125,	-53,	-130,	28915,	57,	-31,	-320,	
1,	3,	355750,	1.65255e+015,	1,	5,	3,	2,	0,	-1,	-1,	-2,	1.65255e+009,	-0.795839,	-0.245168,	-0.31202,	-0.115069,	-0.498898,	-0.204712,	-0.0213908,	0.0853425,	-0.499909,	-0.234507,	-0.0222682,	-0.0179055,	-0.759989,	-0.151686,	-0.0184238,	-0.048954,	-0.605268,	-0.376062,	-0.0186753,	-0.31745,	-0.4732,	0.63862,	-0.04312,	28905,	-261,	0,	-396,	28935,	126,	-52,	-130,	28925,	57,	-30,	-320,	
1,	3,	355829,	1.65255e+015,	-1,	-5,	3,	1,	4,	3,	-1,	4,	1.65255e+009,	-0.795839,	-0.245168,	-0.31202,	-0.115069,	-0.498898,	-0.204712,	-0.0213908,	0.0853425,	-0.499909,	-0.234507,	-0.0222682,	-0.0179055,	-0.759989,	-0.151686,	-0.0184238,	-0.048954,	-0.605268,	-0.376062,	-0.0186753,	-0.31745,	-0.4732,	0.63862,	-0.04312,	28915,	-261,	0,	-396,	28945,	125,	-52,	-130,	28935,	56,	-30,	-320,	
1,	3,	355907,	1.65255e+015,	-3,	-2,	30,	15,	-3,	-2,	1,	-2,	1.65255e+009,	-0.795839,	-0.245168,	-0.31202,	-0.115069,	-0.498898,	-0.204712,	-0.0213908,	0.0853425,	-0.499909,	-0.234507,	-0.0222682,	-0.0179055,	-0.759989,	-0.151686,	-0.0184238,	-0.048954,	-0.605268,	-0.376062,	-0.0186753,	-0.31745,	-0.4732,	0.63862,	-0.04312,	28925,	-261,	0,	-396,	28955,	125,	-52,	-130,	28945,	57,	-30,	-320,	
1,	3,	355985,	1.65255e+015,	1,	-2,	-22,	-18,	-1,	-1,	-4,	1,	1.65255e+009,	-0.795839,	-0.245168,	-0.31202,	-0.115069,	-0.498898,	-0.204712,	-0.0213908,	0.0853425,	-0.499909,	-0.234507,	-0.0222682,	-0.0179055,	-0.759989,	-0.151686,	-0.0184238,	-0.048954,	-0.605268,	-0.376062,	-0.0186753,	-0.31745,	-0.4732,	0.63862,	-0.04312,	28935,	-263,	0,	-396,	28965,	125,	-53,	-130,	28955,	57,	-30,	-321,	
1,	3,	356063,	1.65255e+015,	1,	2,	0,	-5,	-5,	-6,	-1,	-1,	1.65255e+009,	-0.795839,	-0.245168,	-0.31202,	-0.115069,	-0.498898,	-0.204712,	-0.0213908,	0.0853425,	-0.499909,	-0.234507,	-0.0222682,	-0.0179055,	-0.759989,	-0.151686,	-0.0184238,	-0.048954,	-0.605268,	-0.376062,	-0.0186753,	-0.31745,	-0.4732,	0.63862,	-0.04312,	28945,	-263,	0,	-396,	28975,	125,	-53,	-130,	28965,	56,	-31,	-321,	
1,	3,	356141,	1.65255e+015,	1,	1,	2,	12,	7,	7,	0,	2,	1.65255e+009,	-0.795839,	-0.245168,	-0.31202,	-0.115069,	-0.498898,	-0.204712,	-0.0213908,	0.0853425,	-0.499909,	-0.234507,	-0.0222682,	-0.0179055,	-0.759989,	-0.151686,	-0.0184238,	-0.048954,	-0.605268,	-0.376062,	-0.0186753,	-0.31745,	-0.4732,	0.63862,	-0.04312,	28955,	-262,	0,	-396,	28985,	124,	-52,	-130,	28975,	57,	-30,	-321,	
1,	3,	356219,	1.65255e+015,	0,	6,	-7,	23,	2,	2,	3,	0,	1.65255e+009,	-0.795839,	-0.245168,	-0.31202,	-0.115069,	-0.498898,	-0.204712,	-0.0213908,	0.0853425,	-0.499909,	-0.234507,	-0.0222682,	-0.0179055,	-0.759989,	-0.151686,	-0.0184238,	-0.048954,	-0.605268,	-0.376062,	-0.0186753,	-0.31745,	-0.4732,	0.63862,	-0.04312,	28965,	-261,	-1,	-396,	28995,	124,	-53,	-130,	28985,	55,	-32,	-320,	
1,	3,	356282,	1.65255e+015,	-3,	2,	44,	2,	-1,	0,	1,	0,	1.65255e+009,	-0.795839,	-0.245168,	-0.31202,	-0.115069,	-0.498898,	-0.204712,	-0.0213908,	0.0853425,	-0.499909,	-0.234507,	-0.0222682,	-0.0179055,	-0.759989,	-0.151686,	-0.0184238,	-0.048954,	-0.605268,	-0.376062,	-0.0186753,	-0.31745,	-0.4732,	0.63862,	-0.04312,	28975,	-262,	0,	-395,	29005,	125,	-53,	-130,	28995,	56,	-32,	-321,	
1,	3,	356375,	1.65255e+015,	-3,	-6,	-38,	-4,	-11,	-4,	-1,	-1,	1.65255e+009,	-0.795839,	-0.245168,	-0.31202,	-0.115069,	-0.498898,	-0.204712,	-0.0213908,	0.0853425,	-0.499909,	-0.234507,	-0.0222682,	-0.0179055,	-0.759989,	-0.151686,	-0.0184238,	-0.048954,	-0.605268,	-0.376062,	-0.0186753,	-0.31745,	-0.4732,	0.63862,	-0.04312,	28985,	-262,	0,	-395,	29015,	125,	-53,	-130,	29005,	56,	-31,	-321,	
1,	3,	356454,	1.65255e+015,	-2,	3,	19,	-4,	-10,	-3,	0,	-1,	1.65255e+009,	-0.795839,	-0.245168,	-0.31202,	-0.115069,	-0.498898,	-0.204712,	-0.0213908,	0.0853425,	-0.499909,	-0.234507,	-0.0222682,	-0.0179055,	-0.759989,	-0.151686,	-0.0184238,	-0.048954,	-0.605268,	-0.376062,	-0.0186753,	-0.31745,	-0.4732,	0.63862,	-0.04312,	28995,	-262,	0,	-396,	29025,	125,	-52,	-130,	29015,	56,	-32,	-321,	
1,	3,	356532,	1.65255e+015,	-1,	2,	10,	-7,	-7,	-2,	-1,	-2,	1.65255e+009,	-0.795839,	-0.245168,	-0.31202,	-0.115069,	-0.498898,	-0.204712,	-0.0213908,	0.0853425,	-0.499909,	-0.234507,	-0.0222682,	-0.0179055,	-0.759989,	-0.151686,	-0.0184238,	-0.048954,	-0.605268,	-0.376062,	-0.0186753,	-0.31745,	-0.4732,	0.63862,	-0.04312,	29005,	-261,	0,	-397,	29035,	125,	-52,	-131,	29025,	55,	-30,	-321,	
1,	3,	356610,	1.65255e+015,	1,	-5,	2,	0,	3,	-1,	-2,	0,	1.65255e+009,	-0.795839,	-0.245168,	-0.31202,	-0.115069,	-0.498898,	-0.204712,	-0.0213908,	0.0853425,	-0.499909,	-0.234507,	-0.0222682,	-0.0179055,	-0.759989,	-0.151686,	-0.0184238,	-0.048954,	-0.605268,	-0.376062,	-0.0186753,	-0.31745,	-0.4732,	0.63862,	-0.04312,	29015,	-260,	0,	-398,	29045,	125,	-52,	-131,	29035,	56,	-31,	-321,	
1,	3,	356688,	1.65255e+015,	1,	2,	-2,	-3,	-5,	-4,	0,	-2,	1.65255e+009,	-0.795839,	-0.245168,	-0.31202,	-0.115069,	-0.498898,	-0.204712,	-0.0213908,	0.0853425,	-0.499909,	-0.234507,	-0.0222682,	-0.0179055,	-0.759989,	-0.151686,	-0.0184238,	-0.048954,	-0.605268,	-0.376062,	-0.0186753,	-0.31745,	-0.4732,	0.63862,	-0.04312,	29025,	-260,	0,	-399,	29055,	125,	-52,	-132,	29045,	56,	-30,	-322,	
1,	3,	356766,	1.65255e+015,	-2,	-1,	25,	0,	2,	-1,	-1,	0,	1.65255e+009,	-0.795839,	-0.245168,	-0.31202,	-0.115069,	-0.498898,	-0.204712,	-0.0213908,	0.0853425,	-0.499909,	-0.234507,	-0.0222682,	-0.0179055,	-0.759989,	-0.151686,	-0.0184238,	-0.048954,	-0.605268,	-0.376062,	-0.0186753,	-0.31745,	-0.4732,	0.63862,	-0.04312,	29035,	-259,	0,	-400,	29065,	125,	-52,	-132,	29055,	57,	-30,	-322,	
1,	3,	356844,	1.65255e+015,	-3,	-1,	-32,	-20,	-7,	-4,	-1,	-1,	1.65255e+009,	-0.795839,	-0.245168,	-0.31202,	-0.115069,	-0.498898,	-0.204712,	-0.0213908,	0.0853425,	-0.499909,	-0.234507,	-0.0222682,	-0.0179055,	-0.759989,	-0.151686,	-0.0184238,	-0.048954,	-0.605268,	-0.376062,	-0.0186753,	-0.31745,	-0.4732,	0.63862,	-0.04312,	29045,	-258,	0,	-400,	29075,	125,	-53,	-132,	29065,	58,	-30,	-322,	
1,	3,	356922,	1.65255e+015,	-2,	-2,	-24,	-8,	-5,	-4,	0,	-2,	1.65255e+009,	-0.795839,	-0.245168,	-0.31202,	-0.115069,	-0.498898,	-0.204712,	-0.0213908,	0.0853425,	-0.499909,	-0.154675,	-0.0186389,	-0.0179055,	-0.759989,	-0.151686,	-0.0184238,	-0.048954,	-0.605268,	-0.376062,	-0.0186753,	-0.31745,	-0.4732,	0.63862,	-0.04312,	29055,	-259,	0,	-401,	29085,	125,	-53,	-132,	29075,	57,	-29,	-322,	
1,	3,	357000,	1.65255e+015,	-3,	-2,	21,	2,	0,	0,	-2,	-2,	1.65255e+009,	-0.795839,	-0.245168,	-0.31202,	-0.115069,	-0.498898,	-0.204712,	-0.0213908,	0.0853425,	-0.499909,	-0.154675,	-0.0186389,	-0.0179055,	-0.759989,	-0.151686,	-0.0184238,	-0.048954,	-0.605268,	-0.376062,	-0.0186753,	-0.31745,	-0.4732,	0.63862,	-0.04312,	29065,	-257,	0,	-402,	29095,	126,	-52,	-132,	29085,	57,	-30,	-322,	
1,	3,	357079,	1.65255e+015,	2,	-2,	8,	5,	4,	0,	0,	1,	1.65255e+009,	-0.795839,	-0.245168,	-0.31202,	-0.115069,	-0.498898,	-0.204712,	-0.0213908,	0.0853425,	-0.499909,	-0.154675,	-0.0186389,	-0.0179055,	-0.759989,	-0.151686,	-0.0184238,	-0.048954,	-0.605268,	-0.376062,	-0.0186753,	-0.31745,	-0.4732,	0.63862,	-0.04312,	29075,	-258,	1,	-401,	29105,	126,	-52,	-132,	29095,	57,	-29,	-322,	
1,	3,	357157,	1.65255e+015,	1,	2,	-10,	-18,	-5,	-3,	-2,	-8,	1.65255e+009,	-0.795839,	-0.245168,	-0.31202,	-0.115069,	-0.498898,	-0.204712,	-0.0213908,	0.0853425,	-0.499909,	-0.154675,	-0.0186389,	-0.0179055,	-0.759989,	-0.151686,	-0.0184238,	-0.048954,	-0.605268,	-0.376062,	-0.0186753,	-0.31745,	-0.4732,	0.63862,	-0.04312,	29085,	-259,	0,	-401,	29115,	126,	-52,	-132,	29105,	58,	-29,	-322,	
1,	3,	357235,	1.65255e+015,	-3,	4,	-8,	1,	5,	0,	0,	-1,	1.65255e+009,	-0.795839,	-0.245168,	-0.31202,	-0.115069,	-0.498898,	-0.204712,	-0.0213908,	0.0853425,	-0.499909,	-0.154675,	-0.0186389,	-0.0179055,	-0.759989,	-0.151686,	-0.0184238,	-0.048954,	-0.605268,	-0.376062,	-0.0186753,	-0.31745,	-0.4732,	0.63862,	-0.04312,	29095,	-259,	0,	-401,	29125,	126,	-52,	-132,	29115,	58,	-30,	-322,	
1,	3,	357313,	1.65255e+015,	-9,	-11,	-44,	12,	-4,	-3,	-2,	-3,	1.65255e+009,	-0.795839,	-0.245168,	-0.31202,	-0.115069,	-0.498898,	-0.204712,	-0.0213908,	0.0853425,	-0.499909,	-0.154675,	-0.0186389,	-0.0179055,	-0.759989,	-0.151686,	-0.0184238,	-0.048954,	-0.605268,	-0.376062,	-0.0186753,	-0.31745,	-0.4732,	0.63862,	-0.04312,	29105,	-258,	1,	-402,	29135,	125,	-53,	-132,	29125,	57,	-30,	-322,	
1,	3,	357391,	1.65255e+015,	0,	2,	-9,	-6,	-2,	-1,	-3,	-1,	1.65255e+009,	-0.795839,	-0.245168,	-0.31202,	-0.115069,	-0.498898,	-0.204712,	-0.0213908,	0.0853425,	-0.499909,	-0.154675,	-0.0186389,	-0.0179055,	-0.759989,	-0.151686,	-0.0184238,	-0.048954,	-0.605268,	-0.376062,	-0.0186753,	-0.31745,	-0.4732,	0.63862,	-0.04312,	29115,	-258,	2,	-401,	29145,	125,	-52,	-132,	29135,	58,	-30,	-322,	
1,	3,	357469,	1.65255e+015,	1,	4,	-21,	2,	3,	0,	-7,	0,	1.65255e+009,	-0.795839,	-0.245168,	-0.31202,	-0.115069,	-0.498898,	-0.204712,	-0.0213908,	0.0853425,	-0.499909,	-0.154675,	-0.0186389,	-0.0179055,	-0.759989,	-0.151686,	-0.0184238,	-0.048954,	-0.605268,	-0.376062,	-0.0186753,	-0.31745,	-0.4732,	0.63862,	-0.04312,	29125,	-258,	2,	-402,	29155,	125,	-52,	-132,	29145,	57,	-29,	-323,	
1,	3,	357547,	1.65255e+015,	2,	8,	0,	-3,	9,	8,	3,	3,	1.65255e+009,	-0.795839,	-0.245168,	-0.31202,	-0.115069,	-0.498898,	-0.204712,	-0.0213908,	0.0853425,	-0.499909,	-0.154675,	-0.0186389,	-0.0179055,	-0.759989,	-0.151686,	-0.0184238,	-0.048954,	-0.605268,	-0.376062,	-0.0186753,	-0.31745,	-0.4732,	0.63862,	-0.04312,	29135,	-257,	0,	-404,	29165,	125,	-52,	-133,	29155,	57,	-30,	-323,	
1,	3,	357625,	1.65255e+015,	4,	7,	6,	-1,	0,	0,	1,	-2,	1.65255e+009,	-0.795839,	-0.245168,	-0.31202,	-0.115069,	-0.498898,	-0.204712,	-0.0213908,	0.0853425,	-0.499909,	-0.154675,	-0.0186389,	-0.0179055,	-0.759989,	-0.151686,	-0.0184238,	-0.048954,	-0.605268,	-0.376062,	-0.0186753,	-0.31745,	-0.4732,	0.63862,	-0.04312,	29145,	-257,	0,	-405,	29175,	125,	-52,	-134,	29165,	57,	-29,	-323,	
1,	3,	357704,	1.65255e+015,	-1,	7,	18,	10,	3,	-1,	-6,	-2,	1.65255e+009,	-0.795839,	-0.245168,	-0.31202,	-0.115069,	-0.498898,	-0.204712,	-0.0213908,	0.0853425,	-0.499909,	-0.154675,	-0.0186389,	-0.0179055,	-0.759989,	-0.151686,	-0.0184238,	-0.048954,	-0.605268,	-0.376062,	-0.0186753,	-0.31745,	-0.4732,	0.63862,	-0.04312,	29155,	-256,	0,	-406,	29185,	126,	-52,	-134,	29175,	57,	-29,	-323,	
1,	3,	357782,	1.65255e+015,	2,	4,	17,	-4,	-6,	0,	-7,	-11,	1.65255e+009,	-0.795839,	-0.245168,	-0.31202,	-0.115069,	-0.498898,	-0.204712,	-0.0213908,	0.0853425,	-0.499909,	-0.154675,	-0.0186389,	-0.0179055,	-0.759989,	-0.151686,	-0.0184238,	-0.048954,	-0.605268,	-0.376062,	-0.0186753,	-0.31745,	-0.4732,	0.63862,	-0.04312,	29165,	-257,	1,	-407,	29195,	125,	-53,	-134,	29185,	58,	-29,	-323,	
1,	3,	357860,	1.65255e+015,	1,	1,	-27,	-22,	-7,	-6,	1,	2,	1.65255e+009,	-0.795839,	-0.245168,	-0.31202,	-0.115069,	-0.498898,	-0.204712,	-0.0213908,	0.0853425,	-0.499909,	-0.154675,	-0.0186389,	-0.0179055,	-0.759989,	-0.151686,	-0.0184238,	-0.048954,	-0.605268,	-0.376062,	-0.0186753,	-0.31745,	-0.4732,	0.63862,	-0.04312,	29175,	-257,	0,	-407,	29205,	125,	-53,	-133,	29195,	58,	-29,	-323,	
1,	3,	357954,	1.65255e+015,	0,	2,	-4,	-2,	-2,	-2,	5,	-2,	1.65255e+009,	-0.795839,	-0.245168,	-0.31202,	-0.115069,	-0.498898,	-0.204712,	-0.0213908,	0.0853425,	-0.499909,	-0.154675,	-0.0186389,	-0.0179055,	-0.759989,	-0.151686,	-0.0184238,	-0.048954,	-0.605268,	-0.376062,	-0.0186753,	-0.31745,	-0.4732,	0.63862,	-0.04312,	29185,	-256,	0,	-405,	29215,	125,	-53,	-134,	29205,	58,	-29,	-323,	
1,	3,	358032,	1.65255e+015,	-2,	2,	12,	-14,	-2,	-3,	-2,	-1,	1.65255e+009,	-0.795839,	-0.245168,	-0.31202,	-0.115069,	-0.498898,	-0.204712,	-0.0213908,	0.0853425,	-0.499909,	-0.154675,	-0.0186389,	-0.0179055,	-0.759989,	-0.151686,	-0.0184238,	-0.048954,	-0.605268,	-0.376062,	-0.0186753,	-0.31745,	-0.4732,	0.63862,	-0.04312,	29195,	-258,	0,	-405,	29225,	127,	-54,	-134,	29215,	58,	-29,	-324,	
1,	3,	358110,	1.65255e+015,	-5,	-3,	-22,	-23,	-1,	-1,	2,	0,	1.65255e+009,	-0.795839,	-0.245168,	-0.31202,	-0.115069,	-0.498898,	-0.204712,	-0.0213908,	0.0853425,	-0.499909,	-0.154675,	-0.0186389,	-0.0179055,	-0.759989,	-0.151686,	-0.0184238,	-0.048954,	-0.605268,	-0.376062,	-0.0186753,	-0.31745,	-0.4732,	0.63862,	-0.04312,	29205,	-257,	0,	-405,	29235,	127,	-53,	-133,	29225,	58,	-30,	-324,	
1,	3,	358188,	1.65255e+015,	1,	4,	-9,	-6,	2,	-2,	1,	0,	1.65255e+009,	-0.795839,	-0.245168,	-0.31202,	-0.115069,	-0.498898,	-0.204712,	-0.0213908,	0.0853425,	-0.499909,	-0.154675,	-0.0186389,	-0.0179055,	-0.759989,	-0.151686,	-0.0184238,	-0.048954,	-0.605268,	-0.376062,	-0.0186753,	-0.31745,	-0.4732,	0.63862,	-0.04312,	29215,	-257,	0,	-406,	29245,	127,	-54,	-133,	29235,	58,	-29,	-324,	
1,	3,	358266,	1.65255e+015,	0,	-1,	-29,	-22,	4,	1,	-3,	-1,	1.65255e+009,	-0.795839,	-0.245168,	-0.31202,	-0.115069,	-0.498898,	-0.204712,	-0.0213908,	0.0853425,	-0.499909,	-0.154675,	-0.0186389,	-0.0179055,	-0.759989,	-0.151686,	-0.0184238,	-0.048954,	-0.605268,	-0.376062,	-0.0186753,	-0.31745,	-0.4732,	0.63862,	-0.04312,	29225,	-257,	0,	-406,	29255,	127,	-54,	-133,	29245,	57,	-30,	-324,	
2,	3,	358360,	1.65255e+015,	-1,	0,	17,	6,	2,	2,	1,	-1,	1.65255e+009,	-0.795839,	-0.245168,	-0.31202,	-0.115069,	-0.498898,	-0.204712,	-0.0213908,	0.0853425,	-0.499909,	-0.154675,	-0.0186389,	-0.0179055,	-0.759989,	-0.151686,	-0.0184238,	-0.048954,	-0.605268,	-0.376062,	-0.0186753,	-0.31745,	-0.4732,	0.63862,	-0.04312,	29235,	-256,	1,	-406,	29265,	127,	-53,	-134,	29255,	57,	-29,	-324,	
2,	3,	358422,	1.65255e+015,	-1,	0,	-3,	-6,	-4,	-1,	-1,	-1,	1.65255e+009,	-0.795839,	-0.245168,	-0.31202,	-0.115069,	-0.498898,	-0.204712,	-0.0213908,	0.0853425,	-0.499909,	-0.154675,	-0.0186389,	-0.0179055,	-0.759989,	-0.151686,	-0.0184238,	-0.048954,	-0.605268,	-0.376062,	-0.0186753,	-0.31745,	-0.4732,	0.63862,	-0.04312,	29245,	-258,	1,	-406,	29275,	127,	-53,	-134,	29265,	57,	-30,	-324,	
2,	3,	358485,	1.65255e+015,	-2,	2,	0,	9,	2,	2,	-1,	-3,	1.65255e+009,	-0.795839,	-0.245168,	-0.31202,	-0.115069,	-0.498898,	-0.204712,	-0.0213908,	0.0853425,	-0.499909,	-0.154675,	-0.0186389,	-0.0179055,	-0.759989,	-0.151686,	-0.0184238,	-0.048954,	-0.605268,	-0.376062,	-0.0186753,	-0.31745,	-0.4732,	0.63862,	-0.04312,	29255,	-257,	1,	-406,	29285,	126,	-54,	-134,	29275,	56,	-31,	-324,	
2,	3,	358547,	1.65255e+015,	0,	0,	-18,	-7,	-1,	-1,	-1,	-5,	1.65255e+009,	-0.795839,	-0.245168,	-0.31202,	-0.115069,	-0.498898,	-0.204712,	-0.0213908,	0.0853425,	-0.499909,	-0.154675,	-0.0186389,	-0.0179055,	-0.759989,	-0.151686,	-0.0184238,	-0.048954,	-0.605268,	-0.376062,	-0.0186753,	-0.31745,	-0.4732,	0.63862,	-0.04312,	29265,	-257,	1,	-406,	29295,	126,	-54,	-134,	29285,	57,	-31,	-324,	
2,	3,	358610,	1.65255e+015,	-3,	-7,	4,	-6,	-1,	0,	0,	-3,	1.65255e+009,	-0.795839,	-0.245168,	-0.31202,	-0.115069,	-0.498898,	-0.204712,	-0.0213908,	0.0853425,	-0.499909,	-0.154675,	-0.0186389,	-0.0179055,	-0.759989,	-0.151686,	-0.0184238,	-0.048954,	-0.605268,	-0.376062,	-0.0186753,	-0.31745,	-0.4732,	0.63862,	-0.04312,	29275,	-257,	0,	-407,	29305,	125,	-54,	-134,	29295,	57,	-30,	-324,	
2,	3,	358688,	1.65255e+015,	-1,	-7,	0,	1,	6,	3,	0,	4,	1.65255e+009,	-0.795839,	-0.245168,	-0.31202,	-0.115069,	-0.498898,	-0.204712,	-0.0213908,	0.0853425,	-0.499909,	-0.154675,	-0.0186389,	-0.0179055,	-0.759989,	-0.151686,	-0.0184238,	-0.048954,	-0.605268,	-0.376062,	-0.0186753,	-0.31745,	-0.4732,	0.63862,	-0.04312,	29285,	-257,	0,	-407,	29315,	126,	-54,	-134,	29305,	58,	-30,	-325,	
2,	3,	358766,	1.65255e+015,	1,	0,	-15,	1,	-1,	-3,	-3,	-3,	1.65255e+009,	-0.795839,	-0.245168,	-0.31202,	-0.115069,	-0.498898,	-0.204712,	-0.0213908,	0.0853425,	-0.499909,	-0.154675,	-0.0186389,	-0.0179055,	-0.759989,	-0.151686,	-0.0184238,	-0.048954,	-0.605268,	-0.376062,	-0.0186753,	-0.31745,	-0.4732,	0.63862,	-0.04312,	29295,	-257,	0,	-407,	29325,	126,	-54,	-134,	29315,	58,	-30,	-325,	
2,	3,	358829,	1.65255e+015,	-1,	-7,	-21,	-3,	-3,	-5,	0,	0,	1.65255e+009,	-0.795839,	-0.245168,	-0.31202,	-0.115069,	-0.498898,	-0.204712,	-0.0213908,	0.0853425,	-0.499909,	-0.154675,	-0.0186389,	-0.0179055,	-0.759989,	-0.151686,	-0.0184238,	-0.048954,	-0.605268,	-0.376062,	-0.0186753,	-0.31745,	-0.4732,	0.63862,	-0.04312,	29305,	-258,	0,	-407,	29335,	127,	-54,	-134,	29325,	57,	-31,	-324,	
2,	3,	358907,	1.65255e+015,	-1,	2,	14,	11,	-2,	-3,	1,	-1,	1.65255e+009,	-0.795839,	-0.245168,	-0.31202,	-0.115069,	-0.498898,	-0.204712,	-0.0213908,	0.0853425,	-0.499909,	-0.154675,	-0.0186389,	-0.0179055,	-0.759989,	-0.151686,	-0.0184238,	-0.048954,	-0.605268,	-0.376062,	-0.0186753,	-0.31745,	-0.4732,	0.63862,	-0.04312,	29315,	-257,	0,	-406,	29345,	127,	-53,	-133,	29335,	57,	-29,	-324,	
2,	3,	358969,	1.65255e+015,	0,	-2,	-21,	2,	-7,	-1,	1,	-2,	1.65255e+009,	-0.795839,	-0.245168,	-0.31202,	-0.115069,	-0.498898,	-0.204712,	-0.0213908,	0.0853425,	-0.499909,	-0.154675,	-0.0186389,	-0.0179055,	-0.759989,	-0.151686,	-0.0184238,	-0.048954,	-0.605268,	-0.376062,	-0.0186753,	-0.31745,	-0.4732,	0.63862,	-0.04312,	29325,	-258,	0,	-406,	29355,	126,	-53,	-134,	29345,	58,	-30,	-324,	
2,	3,	359047,	1.65255e+015,	-2,	1,	9,	1,	4,	-1,	-7,	-1,	1.65255e+009,	-0.795839,	-0.245168,	-0.31202,	-0.115069,	-0.498898,	-0.204712,	-0.0213908,	0.0853425,	-0.499909,	-0.154675,	-0.0186389,	-0.0179055,	-0.759989,	-0.151686,	-0.0184238,	-0.048954,	-0.605268,	-0.376062,	-0.0186753,	-0.31745,	-0.4732,	0.63862,	-0.04312,	29335,	-258,	0,	-406,	29365,	126,	-53,	-133,	29355,	58,	-30,	-324,	
2,	3,	359125,	1.65255e+015,	1,	-5,	-11,	2,	4,	1,	-2,	3,	1.65255e+009,	-0.795839,	-0.245168,	-0.31202,	-0.115069,	-0.498898,	-0.204712,	-0.0213908,	0.0853425,	-0.499909,	-0.154675,	-0.0186389,	-0.0179055,	-0.759989,	-0.151686,	-0.0184238,	-0.048954,	-0.605268,	-0.376062,	-0.0186753,	-0.31745,	-0.4732,	0.63862,	-0.04312,	29345,	-259,	0,	-406,	29375,	126,	-54,	-133,	29365,	57,	-30,	-324,	
2,	3,	359188,	1.65255e+015,	3,	1,	-18,	2,	-3,	3,	3,	1,	1.65255e+009,	-0.795839,	-0.245168,	-0.31202,	-0.115069,	-0.498898,	-0.204712,	-0.0213908,	0.0853425,	-0.499909,	-0.154675,	-0.0186389,	-0.0179055,	-0.759989,	-0.151686,	-0.0184238,	-0.048954,	-0.605268,	-0.376062,	-0.0186753,	-0.31745,	-0.4732,	0.63862,	-0.04312,	29355,	-258,	0,	-406,	29385,	126,	-53,	-133,	29375,	58,	-30,	-323,	
2,	3,	359250,	1.65255e+015,	-1,	-2,	-8,	8,	-3,	-1,	2,	-3,	1.65255e+009,	-0.795839,	-0.245168,	-0.31202,	-0.115069,	-0.498898,	-0.204712,	-0.0213908,	0.0853425,	-0.499909,	-0.154675,	-0.0186389,	-0.0179055,	-0.759989,	-0.151686,	-0.0184238,	-0.048954,	-0.605268,	-0.376062,	-0.0186753,	-0.31745,	-0.4732,	0.63862,	-0.04312,	29365,	-258,	0,	-406,	29395,	126,	-54,	-133,	29385,	57,	-30,	-323,	
2,	3,	359329,	1.65255e+015,	-3,	-4,	11,	3,	-6,	0,	-4,	1,	1.65255e+009,	-0.795839,	-0.245168,	-0.31202,	-0.115069,	-0.498898,	-0.204712,	-0.0213908,	0.0853425,	-0.499909,	-0.154675,	-0.0186389,	-0.0179055,	-0.759989,	-0.151686,	-0.0184238,	-0.048954,	-0.605268,	-0.376062,	-0.0186753,	-0.31745,	-0.4732,	0.63862,	-0.04312,	29375,	-258,	0,	-405,	29405,	126,	-52,	-133,	29395,	58,	-30,	-323,	
2,	3,	359391,	1.65255e+015,	1,	6,	21,	9,	-3,	-2,	0,	2,	1.65255e+009,	-0.795839,	-0.245168,	-0.31202,	-0.115069,	-0.498898,	-0.204712,	-0.0213908,	0.0853425,	-0.499909,	-0.154675,	-0.0186389,	-0.0179055,	-0.759989,	-0.151686,	-0.0184238,	-0.048954,	-0.605268,	-0.376062,	-0.0186753,	-0.31745,	-0.4732,	0.63862,	-0.04312,	29385,	-260,	0,	-404,	29415,	126,	-53,	-133,	29405,	58,	-31,	-323,	
2,	3,	359469,	1.65255e+015,	1,	1,	-8,	10,	-3,	-2,	-2,	-1,	1.65255e+009,	-0.795839,	-0.245168,	-0.31202,	-0.115069,	-0.498898,	-0.204712,	-0.0213908,	0.0853425,	-0.499909,	-0.154675,	-0.0186389,	-0.0179055,	-0.759989,	-0.151686,	-0.0184238,	-0.048954,	-0.605268,	-0.376062,	-0.0186753,	-0.31745,	-0.4732,	0.63862,	-0.04312,	29395,	-259,	0,	-403,	29425,	125,	-54,	-132,	29415,	57,	-32,	-322,	
2,	3,	359532,	1.65255e+015,	-2,	-1,	-20,	-7,	5,	-1,	-3,	1,	1.65255e+009,	-0.795839,	-0.245168,	-0.31202,	-0.115069,	-0.498898,	-0.204712,	-0.0213908,	0.0853425,	-0.499909,	-0.154675,	-0.0186389,	-0.0179055,	-0.759989,	-0.151686,	-0.0184238,	-0.048954,	-0.605268,	-0.376062,	-0.0186753,	-0.31745,	-0.4732,	0.63862,	-0.04312,	29405,	-260,	0,	-403,	29435,	126,	-54,	-132,	29425,	58,	-31,	-322,	
2,	3,	359610,	1.65255e+015,	-1,	-1,	-5,	-8,	-5,	-6,	-3,	-4,	1.65255e+009,	-0.795839,	-0.245168,	-0.31202,	-0.115069,	-0.498898,	-0.204712,	-0.0213908,	0.0853425,	-0.499909,	-0.154675,	-0.0186389,	-0.0179055,	-0.759989,	-0.151686,	-0.0184238,	-0.048954,	-0.605268,	-0.376062,	-0.0186753,	-0.31745,	-0.4732,	0.63862,	-0.04312,	29415,	-260,	0,	-402,	29445,	126,	-54,	-132,	29435,	57,	-32,	-322,	
2,	3,	359688,	1.65255e+015,	0,	3,	3,	-13,	-6,	-3,	5,	-1,	1.65255e+009,	-0.795839,	-0.245168,	-0.31202,	-0.115069,	-0.498898,	-0.204712,	-0.0213908,	0.0853425,	-0.499909,	-0.154675,	-0.0186389,	-0.0179055,	-0.759989,	-0.151686,	-0.0184238,	-0.048954,	-0.605268,	-0.376062,	-0.0186753,	-0.31745,	-0.4732,	0.63862,	-0.04312,	29425,	-259,	1,	-402,	29455,	126,	-54,	-132,	29445,	57,	-31,	-322,	
2,	3,	359766,	1.65255e+015,	-3,	-7,	-13,	-16,	-11,	-5,	-6,	-3,	1.65255e+009,	-0.795839,	-0.245168,	-0.31202,	-0.115069,	-0.498898,	-0.204712,	-0.0213908,	0.0853425,	-0.499909,	-0.154675,	-0.0186389,	-0.0179055,	-0.759989,	-0.151686,	-0.0184238,	-0.048954,	-0.605268,	-0.376062,	-0.0186753,	-0.31745,	-0.4732,	0.63862,	-0.04312,	29435,	-259,	1,	-403,	29465,	125,	-53,	-132,	29455,	57,	-30,	-322,	
2,	3,	359844,	1.65255e+015,	2,	6,	-13,	-8,	-7,	-8,	-2,	11,	1.65255e+009,	-0.795839,	-0.245168,	-0.31202,	-0.115069,	-0.498898,	-0.204712,	-0.0213908,	0.0853425,	-0.499909,	-0.154675,	-0.0186389,	-0.0179055,	-0.759989,	-0.151686,	-0.0184238,	-0.048954,	-0.605268,	-0.376062,	-0.0186753,	-0.31745,	-0.4732,	0.63862,	-0.04312,	29445,	-258,	1,	-405,	29475,	125,	-53,	-132,	29465,	57,	-31,	-323,	
2,	3,	359922,	1.65255e+015,	2,	4,	-9,	-1,	13,	7,	3,	3,	1.65255e+009,	-0.795839,	-0.245168,	-0.31202,	-0.115069,	-0.498898,	-0.204712,	-0.0213908,	0.0853425,	-0.499909,	-0.154675,	-0.0186389,	-0.0179055,	-0.759989,	-0.151686,	-0.0184238,	-0.048954,	-0.605268,	-0.376062,	-0.0186753,	-0.31745,	-0.4732,	0.63862,	-0.04312,	29455,	-257,	0,	-406,	29485,	125,	-53,	-133,	29475,	57,	-29,	-322,	
2,	3,	360000,	1.65255e+015,	-2,	-4,	48,	11,	9,	10,	6,	2,	1.65255e+009,	-0.795839,	-0.245168,	-0.31202,	-0.115069,	-0.498898,	-0.204712,	-0.0213908,	0.0853425,	-0.499909,	-0.154675,	-0.0186389,	-0.0179055,	-0.759989,	-0.151686,	-0.0184238,	-0.048954,	-0.605268,	-0.376062,	-0.0186753,	-0.31745,	-0.4732,	0.63862,	-0.04312,	29465,	-257,	0,	-406,	29495,	127,	-54,	-133,	29485,	57,	-30,	-323,	
2,	3,	360063,	1.65255e+015,	-7,	-5,	11,	4,	-5,	-6,	3,	-1,	1.65255e+009,	-0.795839,	-0.245168,	-0.31202,	-0.115069,	-0.498898,	-0.204712,	-0.0213908,	0.0853425,	-0.499909,	-0.154675,	-0.0186389,	-0.0179055,	-0.759989,	-0.151686,	-0.0184238,	-0.048954,	-0.605268,	-0.376062,	-0.0186753,	-0.31745,	-0.4732,	0.63862,	-0.04312,	29475,	-256,	0,	-407,	29505,	126,	-53,	-132,	29495,	58,	-29,	-323,	
2,	3,	360141,	1.65255e+015,	0,	0,	9,	-7,	-5,	-2,	1,	0,	1.65255e+009,	-0.735718,	-0.245168,	-0.31202,	-0.115069,	-0.498898,	-0.204712,	-0.0213908,	0.0853425,	-0.499909,	-0.154675,	-0.0186389,	-0.0179055,	-0.759989,	-0.151686,	-0.0184238,	-0.048954,	-0.692988,	-0.376062,	-0.0186753,	-0.31745,	-0.4732,	0.63862,	-0.04312,	29485,	-257,	0,	-407,	29515,	127,	-54,	-133,	29505,	58,	-29,	-323,	
2,	3,	360204,	1.65255e+015,	3,	8,	7,	-7,	-4,	-2,	2,	0,	1.65255e+009,	-0.735718,	-0.245168,	-0.31202,	-0.115069,	-0.498898,	-0.204712,	-0.0213908,	0.0853425,	-0.499909,	-0.154675,	-0.0186389,	-0.0179055,	-0.759989,	-0.151686,	-0.0184238,	-0.048954,	-0.692988,	-0.376062,	-0.0186753,	-0.31745,	-0.4732,	0.63862,	-0.04312,	29495,	-256,	0,	-407,	29525,	127,	-53,	-133,	29515,	58,	-31,	-323,	
2,	3,	360282,	1.65255e+015,	-3,	-2,	17,	8,	10,	6,	1,	-8,	1.65255e+009,	-0.735718,	-0.245168,	-0.31202,	-0.115069,	-0.498898,	-0.204712,	-0.0213908,	0.0853425,	-0.499909,	-0.154675,	-0.0186389,	-0.0179055,	-0.759989,	-0.151686,	-0.0184238,	-0.048954,	-0.692988,	-0.376062,	-0.0186753,	-0.31745,	-0.4732,	0.63862,	-0.04312,	29505,	-256,	0,	-407,	29535,	127,	-54,	-132,	29525,	58,	-29,	-323,	
2,	3,	360360,	1.65255e+015,	-2,	-4,	-2,	5,	-3,	-4,	-1,	4,	1.65255e+009,	-0.735718,	-0.245168,	-0.31202,	-0.115069,	-0.498898,	-0.204712,	-0.0213908,	0.0853425,	-0.499909,	-0.154675,	-0.0186389,	-0.0179055,	-0.759989,	-0.151686,	-0.0184238,	-0.048954,	-0.692988,	-0.376062,	-0.0186753,	-0.31745,	-0.4732,	0.63862,	-0.04312,	29515,	-257,	0,	-407,	29545,	126,	-54,	-133,	29535,	58,	-30,	-323,	
2,	3,	360422,	1.65255e+015,	1,	-2,	-14,	-12,	0,	-1,	0,	1,	1.65255e+009,	-0.735718,	-0.245168,	-0.31202,	-0.115069,	-0.498898,	-0.204712,	-0.0213908,	0.0853425,	-0.499909,	-0.154675,	-0.0186389,	-0.0179055,	-0.759989,	-0.151686,	-0.0184238,	-0.048954,	-0.692988,	-0.376062,	-0.0186753,	-0.31745,	-0.4732,	0.63862,	-0.04312,	29525,	-257,	0,	-407,	29555,	127,	-53,	-132,	29545,	58,	-29,	-323,	
2,	3,	360500,	1.65255e+015,	-2,	5,	9,	1,	-3,	-2,	0,	-1,	1.65255e+009,	-0.735718,	-0.245168,	-0.31202,	-0.115069,	-0.498898,	-0.204712,	-0.0213908,	0.0853425,	-0.499909,	-0.154675,	-0.0186389,	-0.0179055,	-0.759989,	-0.151686,	-0.0184238,	-0.048954,	-0.692988,	-0.376062,	-0.0186753,	-0.31745,	-0.4732,	0.63862,	-0.04312,	29535,	-256,	0,	-408,	29565,	127,	-53,	-132,	29555,	58,	-30,	-323,	
2,	3,	360579,	1.65255e+015,	-2,	-8,	6,	-4,	-6,	-1,	0,	-5,	1.65255e+009,	-0.735718,	-0.245168,	-0.31202,	-0.115069,	-0.498898,	-0.204712,	-0.0213908,	0.0853425,	-0.499909,	-0.154675,	-0.0186389,	-0.0179055,	-0.759989,	-0.151686,	-0.0184238,	-0.048954,	-0.692988,	-0.376062,	-0.0186753,	-0.31745,	-0.4732,	0.63862,	-0.04312,	29545,	-256,	0,	-408,	29575,	128,	-53,	-133,	29565,	58,	-30,	-323,	
2,	3,	360657,	1.65255e+015,	-1,	-3,	-7,	6,	-3,	-3,	-1,	0,	1.65255e+009,	-0.735718,	-0.245168,	-0.31202,	-0.115069,	-0.498898,	-0.204712,	-0.0213908,	0.0853425,	-0.499909,	-0.154675,	-0.0186389,	-0.0179055,	-0.759989,	-0.151686,	-0.0184238,	-0.048954,	-0.692988,	-0.376062,	-0.0186753,	-0.31745,	-0.4732,	0.63862,	-0.04312,	29555,	-257,	0,	-409,	29585,	127,	-54,	-133,	29575,	57,	-30,	-323,	
2,	3,	360719,	1.65255e+015,	1,	6,	2,	15,	7,	7,	3,	0,	1.65255e+009,	-0.735718,	-0.245168,	-0.31202,	-0.115069,	-0.498898,	-0.204712,	-0.0213908,	0.0853425,	-0.499909,	-0.154675,	-0.0186389,	-0.0179055,	-0.759989,	-0.151686,	-0.0184238,	-0.048954,	-0.692988,	-0.376062,	-0.0186753,	-0.31745,	-0.5096,	0.63862,	-0.04312,	29565,	-255,	0,	-410,	29595,	127,	-54,	-133,	29585,	58,	-30,	-324,	
2,	3,	360782,	1.65255e+015,	-1,	3,	-36,	3,	-6,	-9,	-3,	-3,	1.65255e+009,	-0.735718,	-0.245168,	-0.31202,	-0.115069,	-0.498898,	-0.204712,	-0.0213908,	0.0853425,	-0.499909,	-0.154675,	-0.0186389,	-0.0179055,	-0.759989,	-0.151686,	-0.0184238,	-0.048954,	-0.692988,	-0.376062,	-0.0186753,	-0.31745,	-0.5096,	0.63862,	-0.04312,	29575,	-254,	1,	-411,	29605,	127,	-54,	-134,	29595,	58,	-29,	-324,	
2,	3,	360875,	1.65255e+015,	-1,	1,	3,	2,	-2,	-1,	-1,	-1,	1.65255e+009,	-0.735718,	-0.245168,	-0.31202,	-0.115069,	-0.498898,	-0.204712,	-0.0213908,	0.0853425,	-0.499909,	-0.154675,	-0.0186389,	-0.0179055,	-0.759989,	-0.151686,	-0.0184238,	-0.048954,	-0.692988,	-0.376062,	-0.0186753,	-0.31745,	-0.5096,	0.63862,	-0.04312,	29585,	-254,	0,	-411,	29615,	127,	-53,	-134,	29605,	58,	-29,	-324,	
2,	3,	360954,	1.65255e+015,	2,	-5,	8,	-12,	4,	1,	1,	16,	1.65255e+009,	-0.735718,	-0.245168,	-0.31202,	-0.115069,	-0.498898,	-0.204712,	-0.0213908,	0.0853425,	-0.499909,	-0.154675,	-0.0186389,	-0.0179055,	-0.759989,	-0.151686,	-0.0184238,	-0.048954,	-0.692988,	-0.376062,	-0.0186753,	-0.31745,	-0.5096,	0.63862,	-0.04312,	29595,	-255,	0,	-411,	29625,	127,	-53,	-134,	29615,	59,	-29,	-324,	
2,	3,	361032,	1.65255e+015,	1,	4,	9,	1,	1,	0,	-1,	9,	1.65255e+009,	-0.735718,	-0.245168,	-0.31202,	-0.115069,	-0.498898,	-0.204712,	-0.0213908,	0.0853425,	-0.499909,	-0.154675,	-0.0186389,	-0.0179055,	-0.868404,	-0.151686,	-0.0184238,	-0.048954,	-0.692988,	-0.376062,	-0.0186753,	-0.31745,	-0.5278,	0.63862,	-0.04312,	29605,	-255,	0,	-411,	29635,	127,	-53,	-134,	29625,	58,	-30,	-324,	
2,	3,	361110,	1.65255e+015,	-3,	-5,	5,	-3,	3,	2,	-7,	-15,	1.65255e+009,	-0.675599,	-0.245168,	-0.31202,	-0.115069,	-0.498898,	-0.204712,	-0.0213908,	0.0677424,	-0.562989,	-0.154675,	-0.0186389,	-0.0355055,	-1.17197,	-0.151686,	-0.0184238,	0.00441398,	-0.802638,	-0.376062,	-0.0186753,	-0.30548,	-0.7098,	0.63862,	-0.04312,	29615,	-255,	2,	-411,	29645,	127,	-53,	-133,	29635,	59,	-29,	-324,	
2,	3,	361172,	1.65255e+015,	-13,	0,	-2,	-13,	-8,	-19,	-28,	-82,	1.65255e+009,	-0.600448,	-0.245168,	-0.31202,	-0.115069,	-0.498898,	-0.204712,	-0.0213908,	0.060409,	-0.704919,	-0.0548845,	-0.00836643,	-0.0428389,	-1.51889,	-0.151686,	-0.0184238,	0.0266506,	-0.912288,	-0.32481,	-0.0214572,	-0.312813,	-0.8281,	0.63862,	-0.04312,	29625,	-255,	1,	-411,	29655,	128,	-54,	-134,	29645,	58,	-30,	-324,	
2,	3,	361250,	1.65255e+015,	-11,	-41,	18,	-12,	-9,	-1,	2,	25,	1.65255e+009,	-0.600448,	-0.245168,	-0.31202,	-0.115069,	-0.578978,	-0.143604,	-0.0178136,	0.051609,	-0.783769,	-0.0548845,	-0.00836643,	-0.0516389,	-1.69236,	-0.240391,	-0.0223744,	0.0533346,	-1.00001,	-0.32481,	-0.0214572,	-0.309785,	-0.8827,	0.63862,	-0.04312,	29635,	-254,	0,	-412,	29665,	128,	-53,	-134,	29655,	58,	-30,	-324,	
2,	3,	361313,	1.65255e+015,	-7,	3,	-25,	-16,	3,	10,	-14,	-31,	1.65255e+009,	-0.600448,	-0.245168,	-0.31202,	-0.115069,	-0.578978,	-0.143604,	-0.0178136,	0.0390706,	-0.878389,	0.0449055,	0.00827922,	-0.0553053,	-1.80077,	-0.311355,	-0.0219089,	0.0733242,	-1.00001,	-0.32481,	-0.0214572,	-0.289795,	-0.9282,	0.63862,	-0.04312,	29645,	-255,	1,	-411,	29675,	128,	-54,	-134,	29665,	59,	-28,	-324,	
2,	3,	361375,	1.65255e+015,	5,	6,	16,	3,	-6,	-1,	13,	35,	1.65255e+009,	-0.600448,	-0.245168,	-0.31202,	-0.115069,	-0.643042,	-0.143604,	-0.0178136,	0.0390706,	-0.878389,	0.0449055,	0.00827922,	-0.0553053,	-1.88751,	-0.417801,	-0.0151678,	0.0733242,	-1.10966,	-0.32481,	-0.0214572,	-0.289795,	-0.9282,	0.63862,	-0.04312,	29655,	-253,	1,	-411,	29685,	127,	-54,	-134,	29675,	58,	-30,	-324,	
2,	3,	361454,	1.65255e+015,	1,	8,	14,	10,	-5,	-8,	5,	-9,	1.65255e+009,	-0.540329,	-0.245168,	-0.31202,	-0.115069,	-0.643042,	-0.143604,	-0.0178136,	0.0390706,	-0.957239,	0.0449055,	0.00827922,	-0.0553053,	-1.99592,	-0.488765,	-0.00664491,	0.0733242,	-1.10966,	-0.273558,	-0.022558,	-0.289795,	-0.9646,	0.63862,	-0.04312,	29665,	-255,	0,	-412,	29695,	126,	-53,	-134,	29685,	58,	-28,	-324,	
2,	3,	361532,	1.65255e+015,	-7,	-6,	6,	-3,	1,	-3,	-9,	-19,	1.65255e+009,	-0.540329,	-0.245168,	-0.31202,	-0.115069,	-0.643042,	-0.143604,	-0.0178136,	0.0390706,	-1.00455,	0.0449055,	0.00827922,	-0.0553053,	-1.99592,	-0.541988,	-0.00186229,	0.0733242,	-1.10966,	-0.273558,	-0.022558,	-0.289795,	-0.9646,	0.63862,	-0.04312,	29675,	-256,	0,	-412,	29705,	127,	-54,	-134,	29695,	58,	-29,	-324,	
2,	3,	361610,	1.65255e+015,	5,	3,	1,	-19,	-4,	-4,	-3,	3,	1.65255e+009,	-0.540329,	-0.245168,	-0.31202,	-0.115069,	-0.707106,	-0.143604,	-0.0178136,	0.0390706,	-1.00455,	0.0449055,	0.00827922,	-0.0553053,	-2.08265,	-0.541988,	-0.00186229,	0.0733242,	-1.10966,	-0.273558,	-0.022558,	-0.289795,	-0.9646,	0.67314,	-0.04312,	29685,	-254,	1,	-411,	29715,	127,	-53,	-134,	29705,	59,	-30,	-324,	
2,	3,	361672,	1.65255e+015,	1,	0,	14,	-8,	4,	5,	12,	30,	1.65255e+009,	-0.540329,	-0.245168,	-0.31202,	-0.115069,	-0.707106,	-0.143604,	-0.0178136,	0.0323988,	-1.0834,	0.0449055,	0.00827922,	-0.0531051,	-2.08265,	-0.612952,	-0.0160253,	0.0755244,	-1.10966,	-0.273558,	-0.022558,	-0.287595,	-0.9646,	0.67314,	-0.04312,	29695,	-256,	0,	-411,	29725,	126,	-53,	-134,	29715,	59,	-29,	-324,	
2,	3,	361735,	1.65255e+015,	-3,	-5,	8,	2,	2,	-1,	-1,	-12,	1.65255e+009,	-0.540329,	-0.245168,	-0.31202,	-0.115069,	-0.707106,	-0.143604,	-0.0178136,	0.0323988,	-1.0834,	0.0449055,	0.00827922,	-0.0531051,	-2.08265,	-0.612952,	-0.0160253,	0.0755244,	-1.19738,	-0.273558,	-0.022558,	-0.287595,	-0.9646,	0.67314,	-0.04312,	29705,	-256,	0,	-411,	29735,	127,	-53,	-133,	29725,	58,	-31,	-324,	
2,	3,	361813,	1.65255e+015,	-5,	-5,	19,	11,	15,	1,	-12,	-62,	1.65255e+009,	-0.540329,	-0.245168,	-0.31202,	-0.115069,	-0.707106,	-0.143604,	-0.0178136,	0.0323988,	-1.0834,	0.0449055,	0.00827922,	-0.0531051,	-2.08265,	-0.612952,	-0.0160253,	0.0755244,	-1.19738,	-0.273558,	-0.022558,	-0.287595,	-0.9646,	0.67314,	-0.04312,	29715,	-255,	1,	-411,	29745,	127,	-53,	-134,	29735,	58,	-29,	-324,	
2,	3,	361891,	1.65255e+015,	-2,	-10,	-13,	-8,	2,	5,	4,	21,	1.65255e+009,	-0.540329,	-0.245168,	-0.31202,	-0.115069,	-0.707106,	-0.143604,	-0.0178136,	0.0323988,	-1.0834,	0.0449055,	0.00827922,	-0.0531051,	-2.08265,	-0.612952,	-0.0160253,	0.0755244,	-1.19738,	-0.273558,	-0.022558,	-0.287595,	-0.9646,	0.67314,	-0.04312,	29725,	-255,	0,	-412,	29755,	127,	-53,	-134,	29745,	58,	-30,	-324,	
2,	3,	361954,	1.65255e+015,	-3,	4,	14,	2,	-2,	-13,	-3,	4,	1.65255e+009,	-0.540329,	-0.245168,	-0.31202,	-0.115069,	-0.707106,	-0.143604,	-0.0178136,	0.0323988,	-1.0834,	0.0449055,	0.00827922,	-0.0531051,	-2.08265,	-0.612952,	-0.0160253,	0.0755244,	-1.19738,	-0.273558,	-0.022558,	-0.287595,	-0.91,	0.67314,	-0.04312,	29735,	-255,	0,	-412,	29765,	126,	-53,	-134,	29755,	59,	-29,	-324,	
2,	3,	362016,	1.65255e+015,	-4,	-14,	-36,	-28,	0,	-8,	-3,	-2,	1.65255e+009,	-0.540329,	-0.245168,	-0.31202,	-0.115069,	-0.707106,	-0.143604,	-0.0178136,	0.0323988,	-0.941469,	0.0449055,	0.00827922,	-0.0531051,	-1.86582,	-0.382319,	-0.0182206,	0.0755244,	-1.08773,	-0.273558,	-0.022558,	-0.287595,	-0.7553,	0.67314,	-0.04312,	29745,	-256,	0,	-412,	29775,	126,	-54,	-134,	29765,	58,	-29,	-325,	
2,	3,	362094,	1.65255e+015,	4,	7,	46,	21,	13,	7,	0,	8,	1.65255e+009,	-0.615479,	-0.245168,	-0.31202,	-0.115069,	-0.643042,	-0.143604,	-0.0178136,	0.0713373,	-0.862619,	0.0449055,	0.00827922,	-0.0230386,	-1.47553,	-0.187168,	-0.0206083,	-0.0245171,	-0.956148,	-0.273558,	-0.022558,	-0.387637,	-0.5733,	0.67314,	-0.04312,	29755,	-256,	0,	-412,	29785,	127,	-53,	-134,	29775,	58,	-30,	-324,	
2,	3,	362157,	1.65255e+015,	-4,	-2,	45,	-2,	-2,	-3,	-3,	0,	1.65255e+009,	-0.675599,	-0.245168,	-0.31202,	-0.115069,	-0.643042,	-0.143604,	-0.0178136,	0.0943438,	-0.862619,	0.0449055,	0.00827922,	-0.0111222,	-1.15028,	-0.0984626,	-0.0136363,	-0.0717407,	-0.868428,	-0.273558,	-0.022558,	-0.399376,	-0.4914,	0.67314,	-0.04312,	29765,	-256,	0,	-412,	29795,	127,	-53,	-133,	29785,	58,	-30,	-324,	
2,	3,	362235,	1.65255e+015,	-5,	-20,	-59,	-24,	1,	4,	-2,	0,	1.65255e+009,	-0.675599,	-0.245168,	-0.31202,	-0.115069,	-0.643042,	-0.143604,	-0.0178136,	0.0987438,	-0.783769,	0.0449055,	0.00827922,	-0.00672214,	-0.933453,	-0.0984626,	-0.0136363,	-0.0850826,	-0.758778,	-0.273558,	-0.022558,	-0.412718,	-0.4459,	0.67314,	-0.04312,	29775,	-254,	0,	-412,	29805,	127,	-53,	-134,	29795,	58,	-30,	-324,	
2,	3,	362297,	1.65255e+015,	0,	0,	-14,	2,	0,	0,	-1,	-1,	1.65255e+009,	-0.675599,	-0.245168,	-0.31202,	-0.115069,	-0.643042,	-0.143604,	-0.0178136,	0.0987438,	-0.720689,	0.0449055,	0.00827922,	-0.00672214,	-0.933453,	-0.0984626,	-0.0136363,	-0.0850826,	-0.758778,	-0.273558,	-0.022558,	-0.389062,	-0.4459,	0.62999,	-0.04312,	29785,	-256,	0,	-411,	29815,	126,	-53,	-134,	29805,	58,	-29,	-324,	
2,	3,	362375,	1.65255e+015,	-1,	1,	-21,	-3,	0,	-2,	0,	0,	1.65255e+009,	-0.675599,	-0.245168,	-0.31202,	-0.115069,	-0.643042,	-0.143604,	-0.0178136,	0.0987438,	-0.720689,	0.0449055,	0.00827922,	-0.00672214,	-0.846721,	-0.0984626,	-0.0136363,	-0.0850826,	-0.758778,	-0.273558,	-0.022558,	-0.389062,	-0.4459,	0.62999,	-0.04312,	29795,	-256,	0,	-411,	29825,	126,	-52,	-134,	29815,	58,	-29,	-324,	
2,	3,	362454,	1.65255e+015,	4,	-4,	-108,	-25,	7,	4,	-1,	2,	1.65255e+009,	-0.675599,	-0.245168,	-0.31202,	-0.115069,	-0.643042,	-0.143604,	-0.0178136,	0.105416,	-0.720689,	-0.0548845,	-0.00836643,	-0.0089224,	-0.846721,	-0.0984626,	-0.0136363,	-0.0872829,	-0.758778,	-0.273558,	-0.022558,	-0.391263,	-0.4459,	0.62999,	-0.04312,	29805,	-256,	0,	-411,	29835,	127,	-53,	-133,	29825,	58,	-29,	-324,	
2,	3,	362516,	1.65255e+015,	-5,	-3,	-8,	-15,	-5,	-9,	-2,	-2,	1.65255e+009,	-0.675599,	-0.245168,	-0.31202,	-0.115069,	-0.643042,	-0.143604,	-0.0178136,	0.105416,	-0.720689,	-0.0548845,	-0.00836643,	-0.0089224,	-0.846721,	-0.0984626,	-0.0136363,	-0.0872829,	-0.758778,	-0.273558,	-0.022558,	-0.391263,	-0.4459,	0.62999,	-0.04312,	29815,	-255,	0,	-411,	29845,	127,	-53,	-134,	29835,	58,	-28,	-324,	
2,	3,	362594,	1.65255e+015,	0,	3,	28,	4,	-6,	-5,	-2,	0,	1.65255e+009,	-0.675599,	-0.245168,	-0.31202,	-0.115069,	-0.643042,	-0.143604,	-0.0178136,	0.105416,	-0.720689,	-0.0548845,	-0.00836643,	-0.0089224,	-0.846721,	-0.0984626,	-0.0136363,	-0.0872829,	-0.758778,	-0.273558,	-0.022558,	-0.391263,	-0.4459,	0.62999,	-0.04312,	29825,	-255,	0,	-412,	29855,	127,	-53,	-134,	29845,	58,	-29,	-325,	
2,	3,	362657,	1.65255e+015,	1,	-4,	36,	2,	-5,	-4,	0,	1,	1.65255e+009,	-0.675599,	-0.245168,	-0.31202,	-0.115069,	-0.643042,	-0.143604,	-0.0178136,	0.105416,	-0.720689,	-0.0548845,	-0.00836643,	-0.0089224,	-0.846721,	-0.0984626,	-0.0136363,	-0.0872829,	-0.758778,	-0.273558,	-0.022558,	-0.391263,	-0.4459,	0.62999,	-0.04312,	29835,	-255,	0,	-411,	29865,	126,	-54,	-134,	29855,	58,	-29,	-325,	
2,	3,	362735,	1.65255e+015,	3,	1,	-10,	-15,	2,	0,	-2,	0,	1.65255e+009,	-0.675599,	-0.245168,	-0.31202,	-0.115069,	-0.643042,	-0.143604,	-0.0178136,	0.105416,	-0.720689,	-0.0548845,	-0.00836643,	-0.0089224,	-0.846721,	-0.0984626,	-0.0136363,	-0.0872829,	-0.758778,	-0.273558,	-0.022558,	-0.391263,	-0.4459,	0.62999,	-0.04312,	29845,	-255,	0,	-412,	29875,	127,	-53,	-134,	29865,	58,	-29,	-325,	
2,	3,	362813,	1.65255e+015,	-3,	-3,	-44,	4,	-6,	-1,	-1,	-3,	1.65255e+009,	-0.675599,	-0.245168,	-0.31202,	-0.115069,	-0.643042,	-0.143604,	-0.0178136,	0.105416,	-0.720689,	-0.0548845,	-0.00836643,	-0.0089224,	-0.846721,	-0.0984626,	-0.0136363,	-0.0872829,	-0.758778,	-0.273558,	-0.022558,	-0.391263,	-0.4459,	0.62999,	-0.04312,	29855,	-254,	0,	-412,	29885,	128,	-53,	-134,	29875,	58,	-29,	-325,	
2,	3,	362891,	1.65255e+015,	-1,	-1,	27,	2,	-10,	-7,	-1,	-2,	1.65255e+009,	-0.675599,	-0.245168,	-0.31202,	-0.115069,	-0.643042,	-0.143604,	-0.0178136,	0.105416,	-0.720689,	-0.0548845,	-0.00836643,	-0.0089224,	-0.846721,	-0.0984626,	-0.0136363,	-0.0872829,	-0.758778,	-0.273558,	-0.022558,	-0.391263,	-0.4459,	0.62999,	-0.04312,	29865,	-255,	0,	-412,	29895,	127,	-54,	-134,	29885,	58,	-29,	-325,	
2,	3,	362969,	1.65255e+015,	-1,	-4,	-30,	-5,	-9,	-4,	-1,	-2,	1.65255e+009,	-0.675599,	-0.245168,	-0.31202,	-0.115069,	-0.643042,	-0.143604,	-0.0178136,	0.105416,	-0.720689,	-0.0548845,	-0.00836643,	-0.0089224,	-0.846721,	-0.0984626,	-0.0136363,	-0.0872829,	-0.758778,	-0.273558,	-0.022558,	-0.391263,	-0.4459,	0.62999,	-0.04312,	29875,	-254,	0,	-412,	29905,	128,	-53,	-134,	29895,	59,	-29,	-325,	
2,	3,	363047,	1.65255e+015,	-3,	0,	-8,	3,	9,	8,	1,	0,	1.65255e+009,	-0.675599,	-0.245168,	-0.31202,	-0.115069,	-0.643042,	-0.143604,	-0.0178136,	0.105416,	-0.720689,	-0.0548845,	-0.00836643,	-0.0089224,	-0.846721,	-0.0984626,	-0.0136363,	-0.0872829,	-0.758778,	-0.273558,	-0.022558,	-0.391263,	-0.4459,	0.62999,	-0.04312,	29885,	-255,	0,	-412,	29915,	127,	-53,	-134,	29905,	57,	-29,	-324,	
2,	3,	363125,	1.65255e+015,	1,	-3,	21,	0,	6,	7,	3,	4,	1.65255e+009,	-0.675599,	-0.245168,	-0.31202,	-0.115069,	-0.643042,	-0.143604,	-0.0178136,	0.105416,	-0.720689,	-0.0548845,	-0.00836643,	-0.0089224,	-0.846721,	-0.0984626,	-0.0136363,	-0.0872829,	-0.758778,	-0.273558,	-0.022558,	-0.391263,	-0.4459,	0.62999,	-0.04312,	29895,	-255,	1,	-411,	29925,	127,	-53,	-134,	29915,	58,	-30,	-324,	
2,	3,	363188,	1.65255e+015,	0,	8,	6,	-4,	-6,	-3,	-1,	0,	1.65255e+009,	-0.675599,	-0.245168,	-0.31202,	-0.115069,	-0.643042,	-0.143604,	-0.0178136,	0.105416,	-0.720689,	-0.0548845,	-0.00836643,	-0.0089224,	-0.846721,	-0.0984626,	-0.0136363,	-0.0872829,	-0.758778,	-0.273558,	-0.022558,	-0.391263,	-0.4459,	0.62999,	-0.04312,	29905,	-255,	2,	-410,	29935,	127,	-53,	-134,	29925,	58,	-29,	-324,	
2,	3,	363266,	1.65255e+015,	-2,	-2,	5,	6,	-2,	-5,	-3,	-1,	1.65255e+009,	-0.675599,	-0.245168,	-0.31202,	-0.115069,	-0.643042,	-0.143604,	-0.0178136,	0.105416,	-0.720689,	-0.0548845,	-0.00836643,	-0.0089224,	-0.846721,	-0.0984626,	-0.0136363,	-0.0872829,	-0.758778,	-0.273558,	-0.022558,	-0.391263,	-0.4459,	0.62999,	-0.04312,	29915,	-255,	1,	-410,	29945,	128,	-53,	-133,	29935,	57,	-30,	-325,	
2,	3,	363344,	1.65255e+015,	0,	1,	20,	7,	0,	-4,	0,	-1,	1.65255e+009,	-0.675599,	-0.245168,	-0.31202,	-0.115069,	-0.643042,	-0.143604,	-0.0178136,	0.105416,	-0.720689,	-0.0548845,	-0.00836643,	-0.0089224,	-0.846721,	-0.0984626,	-0.0136363,	-0.0872829,	-0.758778,	-0.273558,	-0.022558,	-0.391263,	-0.4459,	0.62999,	-0.04312,	29925,	-255,	1,	-409,	29955,	128,	-52,	-133,	29945,	58,	-30,	-324,	
