1,	1,	322625,	1.65255e+015,	-2,	-3,	42,	11,	1,	2,	-1,	-3,	1.65255e+009,	-0.690629,	-0.540848,	-0.31202,	-0.0855008,	-0.755154,	-0.143604,	-0.0178136,	0.124424,	-0.799539,	-0.0948005,	-0.0132402,	-0.00543948,	-0.673257,	-0.311355,	-0.0219089,	-0.11337,	-0.583338,	-0.363249,	-0.0195284,	-0.405522,	-0.4277,	0.6041,	-0.04312,	51281,	-265,	13,	-410,	51311,	133,	-49,	-132,	51301,	57,	-36,	-329,	
1,	1,	322704,	1.65255e+015,	0,	-1,	-1,	6,	-1,	0,	-2,	-1,	1.65255e+009,	-0.690629,	-0.540848,	-0.31202,	-0.0855008,	-0.755154,	-0.143604,	-0.0178136,	0.124424,	-0.799539,	-0.0948005,	-0.0132402,	-0.00543948,	-0.673257,	-0.311355,	-0.0219089,	-0.11337,	-0.583338,	-0.363249,	-0.0195284,	-0.405522,	-0.4277,	0.6041,	-0.04312,	51291,	-264,	13,	-410,	51321,	132,	-49,	-133,	51311,	57,	-37,	-329,	
1,	1,	322782,	1.65255e+015,	0,	6,	-1,	-13,	1,	5,	2,	-1,	1.65255e+009,	-0.690629,	-0.540848,	-0.31202,	-0.0855008,	-0.755154,	-0.143604,	-0.0178136,	0.124424,	-0.799539,	-0.0948005,	-0.0132402,	-0.00543948,	-0.673257,	-0.311355,	-0.0219089,	-0.11337,	-0.583338,	-0.363249,	-0.0195284,	-0.405522,	-0.4277,	0.6041,	-0.04312,	51301,	-263,	14,	-410,	51331,	133,	-48,	-132,	51321,	57,	-37,	-329,	
1,	1,	322860,	1.65255e+015,	2,	2,	-7,	1,	-6,	-1,	1,	-3,	1.65255e+009,	-0.690629,	-0.540848,	-0.31202,	-0.0855008,	-0.755154,	-0.143604,	-0.0178136,	0.124424,	-0.799539,	-0.0948005,	-0.0132402,	-0.00543948,	-0.673257,	-0.311355,	-0.0219089,	-0.11337,	-0.583338,	-0.363249,	-0.0195284,	-0.405522,	-0.4277,	0.6041,	-0.04312,	51311,	-263,	13,	-411,	51341,	133,	-47,	-133,	51331,	57,	-37,	-329,	
1,	1,	322922,	1.65255e+015,	0,	-1,	5,	19,	9,	3,	0,	-1,	1.65255e+009,	-0.690629,	-0.540848,	-0.31202,	-0.0855008,	-0.755154,	-0.143604,	-0.0178136,	0.124424,	-0.799539,	-0.0948005,	-0.0132402,	-0.00543948,	-0.673257,	-0.311355,	-0.0219089,	-0.11337,	-0.583338,	-0.363249,	-0.0195284,	-0.405522,	-0.4277,	0.6041,	-0.04312,	51321,	-263,	12,	-412,	51351,	133,	-48,	-133,	51341,	57,	-36,	-330,	
1,	1,	323000,	1.65255e+015,	-1,	3,	11,	8,	1,	0,	-1,	-1,	1.65255e+009,	-0.690629,	-0.540848,	-0.31202,	-0.0855008,	-0.755154,	-0.143604,	-0.0178136,	0.124424,	-0.799539,	-0.0948005,	-0.0132402,	-0.00543948,	-0.673257,	-0.311355,	-0.0219089,	-0.11337,	-0.583338,	-0.363249,	-0.0195284,	-0.405522,	-0.4277,	0.6041,	-0.04312,	51331,	-262,	13,	-413,	51361,	132,	-48,	-134,	51351,	57,	-36,	-330,	
1,	1,	323079,	1.65255e+015,	-2,	2,	-7,	-57,	-6,	-1,	0,	-1,	1.65255e+009,	-0.690629,	-0.540848,	-0.31202,	-0.0855008,	-0.755154,	-0.143604,	-0.0178136,	0.124424,	-0.799539,	-0.0948005,	-0.0132402,	-0.00543948,	-0.673257,	-0.311355,	-0.0219089,	-0.11337,	-0.583338,	-0.363249,	-0.0195284,	-0.405522,	-0.4277,	0.6041,	-0.04312,	51341,	-262,	14,	-414,	51371,	133,	-48,	-134,	51361,	57,	-36,	-330,	
1,	1,	323157,	1.65255e+015,	-2,	-2,	-9,	-2,	-1,	-3,	0,	0,	1.65255e+009,	-0.690629,	-0.540848,	-0.31202,	-0.0855008,	-0.755154,	-0.143604,	-0.0178136,	0.124424,	-0.799539,	-0.0948005,	-0.0132402,	-0.00543948,	-0.673257,	-0.311355,	-0.0219089,	-0.11337,	-0.583338,	-0.363249,	-0.0195284,	-0.405522,	-0.4277,	0.6041,	-0.04312,	51351,	-262,	13,	-414,	51381,	133,	-47,	-134,	51371,	58,	-36,	-330,	
1,	1,	323235,	1.65255e+015,	1,	11,	3,	7,	0,	-2,	-1,	2,	1.65255e+009,	-0.690629,	-0.540848,	-0.31202,	-0.0855008,	-0.755154,	-0.143604,	-0.0178136,	0.117091,	-0.799539,	-0.0948005,	-0.0132402,	-0.0127728,	-0.673257,	-0.311355,	-0.0219089,	-0.0911333,	-0.583338,	-0.363249,	-0.0195284,	-0.383285,	-0.4277,	0.6041,	-0.04312,	51361,	-261,	12,	-414,	51391,	132,	-48,	-134,	51381,	58,	-35,	-330,	
1,	1,	323297,	1.65255e+015,	-1,	8,	-21,	4,	-4,	-4,	0,	0,	1.65255e+009,	-0.690629,	-0.540848,	-0.31202,	-0.0855008,	-0.755154,	-0.143604,	-0.0178136,	0.117091,	-0.799539,	-0.0948005,	-0.0132402,	-0.0127728,	-0.673257,	-0.311355,	-0.0219089,	-0.0911333,	-0.583338,	-0.363249,	-0.0195284,	-0.383285,	-0.4277,	0.6041,	-0.04312,	51371,	-261,	13,	-413,	51401,	131,	-48,	-134,	51391,	57,	-36,	-330,	
1,	1,	323375,	1.65255e+015,	0,	4,	29,	-7,	-10,	-5,	-1,	-1,	1.65255e+009,	-0.690629,	-0.540848,	-0.31202,	-0.0855008,	-0.755154,	-0.143604,	-0.0178136,	0.117091,	-0.799539,	-0.0948005,	-0.0132402,	-0.0127728,	-0.673257,	-0.311355,	-0.0219089,	-0.0911333,	-0.583338,	-0.363249,	-0.0195284,	-0.383285,	-0.4277,	0.6041,	-0.04312,	51381,	-262,	13,	-412,	51411,	132,	-48,	-134,	51401,	57,	-35,	-330,	
1,	1,	323438,	1.65255e+015,	2,	-5,	-23,	-5,	6,	2,	-1,	-1,	1.65255e+009,	-0.690629,	-0.540848,	-0.31202,	-0.0855008,	-0.755154,	-0.143604,	-0.0178136,	0.117091,	-0.799539,	-0.0948005,	-0.0132402,	-0.0127728,	-0.673257,	-0.311355,	-0.0219089,	-0.0911333,	-0.583338,	-0.363249,	-0.0195284,	-0.383285,	-0.4277,	0.6041,	-0.04312,	51391,	-263,	13,	-412,	51421,	132,	-48,	-134,	51411,	57,	-36,	-330,	
1,	1,	323516,	1.65255e+015,	4,	5,	-1,	7,	0,	-5,	-3,	-1,	1.65255e+009,	-0.690629,	-0.540848,	-0.31202,	-0.0855008,	-0.755154,	-0.143604,	-0.0178136,	0.117091,	-0.799539,	-0.0948005,	-0.0132402,	-0.0127728,	-0.673257,	-0.311355,	-0.0219089,	-0.0911333,	-0.583338,	-0.363249,	-0.0195284,	-0.383285,	-0.4277,	0.6041,	-0.04312,	51401,	-263,	14,	-412,	51431,	133,	-48,	-133,	51421,	58,	-35,	-329,	
1,	1,	323579,	1.65255e+015,	-4,	-3,	5,	0,	-4,	-4,	-2,	-1,	1.65255e+009,	-0.690629,	-0.540848,	-0.31202,	-0.0855008,	-0.755154,	-0.143604,	-0.0178136,	0.117091,	-0.799539,	-0.0948005,	-0.0132402,	-0.0127728,	-0.673257,	-0.311355,	-0.0219089,	-0.0911333,	-0.583338,	-0.363249,	-0.0195284,	-0.383285,	-0.4277,	0.6041,	-0.04312,	51411,	-264,	13,	-412,	51441,	133,	-49,	-133,	51431,	57,	-37,	-329,	
1,	1,	323641,	1.65255e+015,	0,	2,	-11,	-2,	0,	-1,	2,	0,	1.65255e+009,	-0.690629,	-0.540848,	-0.31202,	-0.0855008,	-0.755154,	-0.143604,	-0.0178136,	0.117091,	-0.799539,	-0.0948005,	-0.0132402,	-0.0127728,	-0.673257,	-0.311355,	-0.0219089,	-0.0911333,	-0.583338,	-0.363249,	-0.0195284,	-0.383285,	-0.4277,	0.6041,	-0.04312,	51421,	-262,	13,	-412,	51451,	132,	-49,	-133,	51441,	57,	-36,	-329,	
1,	1,	323704,	1.65255e+015,	-3,	-4,	-37,	-24,	0,	4,	0,	0,	1.65255e+009,	-0.690629,	-0.540848,	-0.31202,	-0.0855008,	-0.755154,	-0.143604,	-0.0178136,	0.117091,	-0.799539,	-0.0948005,	-0.0132402,	-0.0127728,	-0.673257,	-0.311355,	-0.0219089,	-0.0911333,	-0.583338,	-0.363249,	-0.0195284,	-0.383285,	-0.4277,	0.6041,	-0.04312,	51431,	-262,	12,	-413,	51461,	132,	-48,	-133,	51451,	58,	-36,	-329,	
1,	1,	323782,	1.65255e+015,	1,	-4,	13,	8,	1,	-1,	-1,	0,	1.65255e+009,	-0.690629,	-0.540848,	-0.31202,	-0.0855008,	-0.755154,	-0.143604,	-0.0178136,	0.117091,	-0.799539,	-0.0948005,	-0.0132402,	-0.0127728,	-0.673257,	-0.311355,	-0.0219089,	-0.0911333,	-0.583338,	-0.363249,	-0.0195284,	-0.383285,	-0.4277,	0.6041,	-0.04312,	51441,	-262,	13,	-413,	51471,	132,	-48,	-133,	51461,	58,	-37,	-329,	
1,	1,	323844,	1.65255e+015,	-1,	0,	-48,	-2,	-4,	-3,	-1,	0,	1.65255e+009,	-0.690629,	-0.540848,	-0.31202,	-0.0855008,	-0.755154,	-0.143604,	-0.0178136,	0.117091,	-0.799539,	-0.0948005,	-0.0132402,	-0.0127728,	-0.673257,	-0.311355,	-0.0219089,	-0.0911333,	-0.583338,	-0.363249,	-0.0195284,	-0.383285,	-0.4277,	0.6041,	-0.04312,	51451,	-262,	13,	-413,	51481,	132,	-48,	-133,	51471,	57,	-35,	-329,	
1,	1,	323922,	1.65255e+015,	-1,	2,	4,	4,	0,	-3,	0,	-2,	1.65255e+009,	-0.690629,	-0.540848,	-0.31202,	-0.0855008,	-0.755154,	-0.143604,	-0.0178136,	0.117091,	-0.799539,	-0.0948005,	-0.0132402,	-0.0127728,	-0.673257,	-0.311355,	-0.0219089,	-0.0911333,	-0.583338,	-0.363249,	-0.0195284,	-0.383285,	-0.4277,	0.6041,	-0.04312,	51461,	-262,	12,	-412,	51491,	132,	-48,	-132,	51481,	57,	-37,	-328,	
1,	1,	324000,	1.65255e+015,	0,	-2,	11,	-5,	-1,	-1,	-1,	-1,	1.65255e+009,	-0.690629,	-0.540848,	-0.31202,	-0.0855008,	-0.755154,	-0.143604,	-0.0178136,	0.117091,	-0.799539,	-0.0948005,	-0.0132402,	-0.0127728,	-0.673257,	-0.311355,	-0.0219089,	-0.0911333,	-0.583338,	-0.363249,	-0.0195284,	-0.383285,	-0.4277,	0.6041,	-0.04312,	51471,	-263,	13,	-411,	51501,	132,	-48,	-132,	51491,	57,	-37,	-328,	
1,	1,	324079,	1.65255e+015,	-1,	0,	-13,	10,	1,	1,	-2,	0,	1.65255e+009,	-0.690629,	-0.540848,	-0.31202,	-0.0855008,	-0.755154,	-0.143604,	-0.0178136,	0.117091,	-0.799539,	-0.0948005,	-0.0132402,	-0.0127728,	-0.673257,	-0.311355,	-0.0219089,	-0.0911333,	-0.583338,	-0.363249,	-0.0195284,	-0.383285,	-0.4277,	0.6041,	-0.04312,	51481,	-264,	13,	-410,	51511,	132,	-49,	-132,	51501,	56,	-38,	-328,	
1,	1,	324157,	1.65255e+015,	1,	7,	9,	-6,	-2,	0,	0,	1,	1.65255e+009,	-0.690629,	-0.540848,	-0.31202,	-0.0855008,	-0.755154,	-0.143604,	-0.0178136,	0.117091,	-0.799539,	-0.0948005,	-0.0132402,	-0.0127728,	-0.673257,	-0.311355,	-0.0219089,	-0.0911333,	-0.583338,	-0.363249,	-0.0195284,	-0.383285,	-0.4277,	0.6041,	-0.04312,	51491,	-263,	13,	-410,	51521,	133,	-48,	-132,	51511,	57,	-37,	-328,	
1,	1,	324235,	1.65255e+015,	0,	0,	2,	-15,	-4,	-2,	-2,	-1,	1.65255e+009,	-0.690629,	-0.540848,	-0.31202,	-0.0855008,	-0.755154,	-0.143604,	-0.0178136,	0.117091,	-0.799539,	-0.0948005,	-0.0132402,	-0.0127728,	-0.673257,	-0.311355,	-0.0219089,	-0.0911333,	-0.583338,	-0.363249,	-0.0195284,	-0.383285,	-0.4277,	0.6041,	-0.04312,	51501,	-263,	13,	-411,	51531,	132,	-48,	-132,	51521,	57,	-37,	-328,	
1,	1,	324313,	1.65255e+015,	1,	-6,	-6,	37,	6,	2,	0,	0,	1.65255e+009,	-0.690629,	-0.540848,	-0.31202,	-0.0855008,	-0.755154,	-0.143604,	-0.0178136,	0.117091,	-0.799539,	-0.0948005,	-0.0132402,	-0.0127728,	-0.673257,	-0.311355,	-0.0219089,	-0.0911333,	-0.583338,	-0.363249,	-0.0195284,	-0.383285,	-0.4277,	0.6041,	-0.04312,	51511,	-263,	13,	-411,	51541,	133,	-49,	-132,	51531,	58,	-36,	-328,	
1,	1,	324391,	1.65255e+015,	0,	0,	-3,	-9,	0,	-1,	0,	0,	1.65255e+009,	-0.630509,	-0.540848,	-0.31202,	-0.0855008,	-0.755154,	-0.143604,	-0.0178136,	0.117091,	-0.799539,	-0.0948005,	-0.0132402,	-0.0127728,	-0.673257,	-0.311355,	-0.0219089,	-0.0911333,	-0.583338,	-0.363249,	-0.0195284,	-0.383285,	-0.4277,	0.6041,	-0.04312,	51521,	-263,	14,	-412,	51551,	132,	-48,	-132,	51541,	58,	-37,	-329,	
1,	1,	324469,	1.65255e+015,	-4,	-9,	-38,	-12,	-2,	0,	-2,	-2,	1.65255e+009,	-0.630509,	-0.540848,	-0.31202,	-0.0855008,	-0.755154,	-0.143604,	-0.0178136,	0.117091,	-0.799539,	-0.0948005,	-0.0132402,	-0.0127728,	-0.673257,	-0.311355,	-0.0219089,	-0.0911333,	-0.583338,	-0.363249,	-0.0195284,	-0.383285,	-0.4277,	0.6041,	-0.04312,	51531,	-262,	13,	-412,	51561,	131,	-49,	-132,	51551,	57,	-37,	-329,	
1,	1,	324563,	1.65255e+015,	-4,	-8,	-19,	3,	-1,	1,	1,	-1,	1.65255e+009,	-0.630509,	-0.540848,	-0.31202,	-0.0855008,	-0.755154,	-0.143604,	-0.0178136,	0.117091,	-0.799539,	-0.0948005,	-0.0132402,	-0.0127728,	-0.673257,	-0.311355,	-0.0219089,	-0.0911333,	-0.583338,	-0.363249,	-0.0195284,	-0.383285,	-0.4277,	0.6041,	-0.04312,	51541,	-261,	14,	-414,	51571,	132,	-49,	-132,	51561,	57,	-37,	-329,	
1,	1,	324641,	1.65255e+015,	2,	8,	-8,	11,	2,	-3,	-2,	0,	1.65255e+009,	-0.630509,	-0.540848,	-0.31202,	-0.0855008,	-0.755154,	-0.143604,	-0.0178136,	0.117091,	-0.799539,	-0.0948005,	-0.0132402,	-0.0127728,	-0.673257,	-0.311355,	-0.0219089,	-0.0911333,	-0.583338,	-0.363249,	-0.0195284,	-0.383285,	-0.4277,	0.6041,	-0.04312,	51551,	-262,	13,	-414,	51581,	133,	-49,	-133,	51571,	58,	-36,	-329,	
1,	1,	324719,	1.65255e+015,	2,	-1,	-6,	-3,	-1,	0,	1,	1,	1.65255e+009,	-0.630509,	-0.540848,	-0.31202,	-0.0855008,	-0.755154,	-0.143604,	-0.0178136,	0.117091,	-0.799539,	-0.0948005,	-0.0132402,	-0.0127728,	-0.673257,	-0.311355,	-0.0219089,	-0.0911333,	-0.583338,	-0.363249,	-0.0195284,	-0.383285,	-0.4277,	0.6041,	-0.04312,	51561,	-261,	14,	-414,	51591,	133,	-48,	-133,	51581,	58,	-36,	-329,	
1,	1,	324797,	1.65255e+015,	-3,	-6,	14,	6,	0,	3,	-2,	-1,	1.65255e+009,	-0.630509,	-0.540848,	-0.31202,	-0.0855008,	-0.755154,	-0.143604,	-0.0178136,	0.117091,	-0.799539,	-0.0948005,	-0.0132402,	-0.0127728,	-0.673257,	-0.311355,	-0.0219089,	-0.0911333,	-0.583338,	-0.363249,	-0.0195284,	-0.383285,	-0.4277,	0.6041,	-0.04312,	51571,	-260,	13,	-415,	51601,	133,	-48,	-133,	51591,	59,	-35,	-329,	
1,	1,	324875,	1.65255e+015,	1,	1,	1,	1,	-1,	-3,	-1,	0,	1.65255e+009,	-0.630509,	-0.540848,	-0.31202,	-0.0855008,	-0.755154,	-0.143604,	-0.0178136,	0.117091,	-0.799539,	-0.0948005,	-0.0132402,	-0.0127728,	-0.673257,	-0.311355,	-0.0219089,	-0.0911333,	-0.583338,	-0.363249,	-0.0195284,	-0.383285,	-0.4277,	0.6041,	-0.04312,	51581,	-261,	13,	-414,	51611,	133,	-47,	-132,	51601,	58,	-36,	-328,	
1,	1,	324954,	1.65255e+015,	-3,	0,	21,	5,	-5,	-3,	-2,	-1,	1.65255e+009,	-0.630509,	-0.540848,	-0.31202,	-0.0855008,	-0.755154,	-0.143604,	-0.0178136,	0.117091,	-0.799539,	-0.0948005,	-0.0132402,	-0.0127728,	-0.673257,	-0.311355,	-0.0219089,	-0.0911333,	-0.583338,	-0.363249,	-0.0195284,	-0.383285,	-0.4277,	0.6041,	-0.04312,	51591,	-262,	13,	-412,	51621,	132,	-47,	-131,	51611,	58,	-37,	-327,	
1,	1,	325032,	1.65255e+015,	-1,	0,	-1,	7,	1,	0,	0,	0,	1.65255e+009,	-0.630509,	-0.540848,	-0.31202,	-0.0855008,	-0.755154,	-0.143604,	-0.0178136,	0.117091,	-0.799539,	-0.0948005,	-0.0132402,	-0.0127728,	-0.673257,	-0.311355,	-0.0219089,	-0.0911333,	-0.583338,	-0.363249,	-0.0195284,	-0.383285,	-0.4277,	0.6041,	-0.04312,	51601,	-264,	13,	-410,	51631,	131,	-47,	-129,	51621,	56,	-40,	-326,	
1,	1,	325110,	1.65255e+015,	0,	7,	43,	8,	-3,	-4,	-2,	0,	1.65255e+009,	-0.630509,	-0.540848,	-0.31202,	-0.0855008,	-0.755154,	-0.143604,	-0.0178136,	0.117091,	-0.799539,	-0.0948005,	-0.0132402,	-0.0127728,	-0.673257,	-0.311355,	-0.0219089,	-0.0911333,	-0.583338,	-0.363249,	-0.0195284,	-0.383285,	-0.4277,	0.6041,	-0.04312,	51611,	-266,	14,	-405,	51641,	132,	-46,	-127,	51631,	54,	-42,	-324,	
1,	1,	325188,	1.65255e+015,	0,	-6,	0,	-5,	-5,	-5,	-2,	-1,	1.65255e+009,	-0.630509,	-0.540848,	-0.31202,	-0.0855008,	-0.755154,	-0.143604,	-0.0178136,	0.117091,	-0.799539,	-0.0948005,	-0.0132402,	-0.0127728,	-0.673257,	-0.311355,	-0.0219089,	-0.0911333,	-0.583338,	-0.363249,	-0.0195284,	-0.383285,	-0.4277,	0.6041,	-0.04312,	51621,	-271,	14,	-396,	51651,	133,	-46,	-120,	51641,	50,	-45,	-322,	
1,	1,	325266,	1.65255e+015,	0,	1,	-6,	6,	6,	2,	0,	0,	1.65255e+009,	-0.630509,	-0.540848,	-0.31202,	-0.0855008,	-0.755154,	-0.143604,	-0.0178136,	0.117091,	-0.799539,	-0.0948005,	-0.0132402,	-0.0127728,	-0.673257,	-0.311355,	-0.0219089,	-0.0911333,	-0.583338,	-0.363249,	-0.0195284,	-0.383285,	-0.4277,	0.6041,	-0.04312,	51631,	-278,	14,	-384,	51661,	132,	-47,	-111,	51651,	45,	-51,	-316,	
1,	1,	325344,	1.65255e+015,	-2,	-1,	44,	23,	-7,	-5,	0,	0,	1.65255e+009,	-0.630509,	-0.540848,	-0.31202,	-0.0855008,	-0.755154,	-0.143604,	-0.0178136,	0.117091,	-0.799539,	-0.0948005,	-0.0132402,	-0.0127728,	-0.673257,	-0.311355,	-0.0219089,	-0.0911333,	-0.583338,	-0.363249,	-0.0195284,	-0.383285,	-0.4277,	0.6041,	-0.04312,	51641,	-292,	13,	-367,	51671,	131,	-47,	-97,	51661,	39,	-58,	-304,	
1,	1,	325422,	1.65255e+015,	-2,	-5,	16,	-1,	2,	2,	-1,	-2,	1.65255e+009,	-0.630509,	-0.540848,	-0.31202,	-0.0855008,	-0.755154,	-0.143604,	-0.0178136,	0.117091,	-0.799539,	-0.0948005,	-0.0132402,	-0.0127728,	-0.673257,	-0.311355,	-0.0219089,	-0.0911333,	-0.583338,	-0.363249,	-0.0195284,	-0.383285,	-0.4277,	0.6041,	-0.04312,	51651,	-305,	11,	-350,	51681,	130,	-47,	-81,	51671,	33,	-64,	-291,	
1,	1,	325500,	1.65255e+015,	1,	8,	39,	12,	2,	2,	-1,	-2,	1.65255e+009,	-0.630509,	-0.540848,	-0.31202,	-0.0855008,	-0.755154,	-0.143604,	-0.0178136,	0.110419,	-0.799539,	-0.0948005,	-0.0132402,	-0.0105726,	-0.673257,	-0.311355,	-0.0219089,	-0.0889331,	-0.583338,	-0.363249,	-0.0195284,	-0.381085,	-0.4277,	0.6041,	-0.04312,	51661,	-316,	10,	-331,	51691,	129,	-46,	-67,	51681,	30,	-68,	-279,	
1,	1,	325579,	1.65255e+015,	-5,	-7,	-7,	-4,	-1,	7,	0,	-2,	1.65255e+009,	-0.630509,	-0.540848,	-0.31202,	-0.0855008,	-0.755154,	-0.143604,	-0.0178136,	0.110419,	-0.799539,	-0.0948005,	-0.0132402,	-0.0105726,	-0.673257,	-0.311355,	-0.0219089,	-0.0889331,	-0.583338,	-0.363249,	-0.0195284,	-0.381085,	-0.4277,	0.6041,	-0.04312,	51671,	-327,	8,	-313,	51701,	128,	-44,	-56,	51691,	25,	-73,	-268,	
2,	1,	325688,	1.65255e+015,	0,	1,	13,	4,	-1,	0,	0,	-2,	1.65255e+009,	-0.630509,	-0.540848,	-0.31202,	-0.0855008,	-0.755154,	-0.143604,	-0.0178136,	0.110419,	-0.799539,	-0.0948005,	-0.0132402,	-0.0105726,	-0.673257,	-0.311355,	-0.0219089,	-0.0889331,	-0.583338,	-0.363249,	-0.0195284,	-0.381085,	-0.4277,	0.6041,	-0.04312,	51681,	-334,	7,	-300,	51711,	128,	-43,	-50,	51701,	22,	-77,	-258,	
2,	1,	325766,	1.65255e+015,	0,	-3,	-15,	-4,	-1,	1,	-2,	-2,	1.65255e+009,	-0.630509,	-0.540848,	-0.31202,	-0.0855008,	-0.755154,	-0.143604,	-0.0178136,	0.110419,	-0.799539,	-0.0948005,	-0.0132402,	-0.0105726,	-0.673257,	-0.311355,	-0.0219089,	-0.0889331,	-0.583338,	-0.363249,	-0.0195284,	-0.381085,	-0.4277,	0.6041,	-0.04312,	51691,	-345,	3,	-286,	51721,	127,	-42,	-44,	51711,	18,	-83,	-248,	
2,	1,	325844,	1.65255e+015,	0,	2,	26,	6,	-6,	-3,	-1,	0,	1.65255e+009,	-0.630509,	-0.540848,	-0.31202,	-0.0855008,	-0.755154,	-0.143604,	-0.0178136,	0.110419,	-0.799539,	-0.0948005,	-0.0132402,	-0.0105726,	-0.673257,	-0.311355,	-0.0219089,	-0.0889331,	-0.583338,	-0.363249,	-0.0195284,	-0.381085,	-0.4277,	0.6041,	-0.04312,	51701,	-359,	2,	-268,	51731,	126,	-41,	-37,	51721,	13,	-88,	-236,	
2,	1,	325922,	1.65255e+015,	2,	2,	-5,	5,	0,	-2,	1,	0,	1.65255e+009,	-0.630509,	-0.540848,	-0.31202,	-0.0855008,	-0.755154,	-0.143604,	-0.0178136,	0.110419,	-0.799539,	-0.0948005,	-0.0132402,	-0.0105726,	-0.673257,	-0.311355,	-0.0219089,	-0.0889331,	-0.583338,	-0.363249,	-0.0195284,	-0.381085,	-0.4277,	0.6041,	-0.04312,	51711,	-371,	0,	-249,	51741,	125,	-40,	-32,	51731,	7,	-90,	-224,	
2,	1,	326000,	1.65255e+015,	-3,	-5,	3,	3,	0,	-1,	-2,	-1,	1.65255e+009,	-0.630509,	-0.540848,	-0.31202,	-0.0855008,	-0.755154,	-0.143604,	-0.0178136,	0.110419,	-0.799539,	-0.0948005,	-0.0132402,	-0.0105726,	-0.673257,	-0.311355,	-0.0219089,	-0.0889331,	-0.583338,	-0.363249,	-0.0195284,	-0.381085,	-0.4277,	0.6041,	-0.04312,	51721,	-383,	-1,	-229,	51751,	123,	-40,	-26,	51741,	1,	-95,	-209,	
2,	1,	326079,	1.65255e+015,	1,	3,	10,	5,	3,	4,	1,	0,	1.65255e+009,	-0.630509,	-0.540848,	-0.31202,	-0.0855008,	-0.755154,	-0.143604,	-0.0178136,	0.110419,	-0.799539,	-0.0948005,	-0.0132402,	-0.0105726,	-0.673257,	-0.311355,	-0.0219089,	-0.0889331,	-0.583338,	-0.363249,	-0.0195284,	-0.381085,	-0.4277,	0.6041,	-0.04312,	51731,	-397,	-3,	-205,	51761,	121,	-39,	-18,	51751,	-2,	-96,	-192,	
2,	1,	326157,	1.65255e+015,	-4,	-1,	-5,	8,	-5,	-6,	-1,	-2,	1.65255e+009,	-0.630509,	-0.540848,	-0.31202,	-0.0855008,	-0.755154,	-0.143604,	-0.0178136,	0.110419,	-0.799539,	-0.0948005,	-0.0132402,	-0.0105726,	-0.673257,	-0.311355,	-0.0219089,	-0.0889331,	-0.583338,	-0.363249,	-0.0195284,	-0.381085,	-0.4277,	0.6041,	-0.04312,	51741,	-413,	-7,	-178,	51771,	119,	-39,	-8,	51761,	-11,	-98,	-173,	
2,	1,	326250,	1.65255e+015,	7,	4,	-15,	14,	6,	3,	0,	1,	1.65255e+009,	-0.630509,	-0.540848,	-0.31202,	-0.0855008,	-0.755154,	-0.143604,	-0.0178136,	0.103748,	-0.799539,	-0.0948005,	-0.0132402,	-0.00837233,	-0.673257,	-0.311355,	-0.0219089,	-0.0867328,	-0.583338,	-0.363249,	-0.0195284,	-0.378884,	-0.4277,	0.6041,	-0.04312,	51751,	-428,	-12,	-153,	51781,	116,	-39,	-1,	51771,	-17,	-100,	-153,	
2,	1,	326329,	1.65255e+015,	-4,	1,	0,	-4,	-3,	-2,	-1,	0,	1.65255e+009,	-0.765779,	-0.540848,	-0.31202,	-0.0855008,	-0.883282,	-0.143604,	-0.0178136,	0.080799,	-0.736459,	-0.19459,	-0.0209634,	-0.00470491,	-0.673257,	-0.311355,	-0.0219089,	-0.0712374,	-0.583338,	-0.363249,	-0.0195284,	-0.363389,	-0.4277,	0.6041,	-0.04312,	51761,	-444,	-16,	-129,	51791,	113,	-40,	2,	51781,	-25,	-104,	-131,	
2,	1,	326422,	1.65255e+015,	-1,	-3,	11,	3,	-3,	-3,	0,	-1,	1.65255e+009,	-0.840928,	-0.540848,	-0.31202,	-0.0608608,	-1.2036,	-0.143604,	-0.0178136,	0.0924746,	-0.799539,	-0.19459,	-0.0209634,	-0.00855536,	-0.673257,	-0.311355,	-0.0219089,	-0.0750879,	-0.583338,	-0.363249,	-0.0195284,	-0.343583,	-0.3185,	0.6041,	-0.04312,	51771,	-459,	-19,	-107,	51801,	109,	-42,	6,	51791,	-33,	-106,	-110,	
2,	1,	326500,	1.65255e+015,	3,	11,	33,	0,	-4,	-3,	-1,	2,	1.65255e+009,	-0.916079,	-0.442288,	-0.31202,	-0.0608608,	-1.45986,	-0.143604,	-0.0178136,	0.114158,	-0.988779,	-0.0948005,	-0.0132402,	-0.0157062,	-0.759989,	-0.311355,	-0.0219089,	-0.0822387,	-0.583338,	-0.363249,	-0.0195284,	-0.350734,	-0.2639,	0.6041,	-0.04312,	51781,	-474,	-22,	-83,	51811,	105,	-42,	9,	51801,	-38,	-108,	-90,	
2,	1,	326563,	1.65255e+015,	7,	0,	12,	-5,	-5,	-3,	0,	-3,	1.65255e+009,	-0.991229,	-0.442288,	-0.31202,	-0.0608608,	-1.53994,	-0.143604,	-0.0178136,	0.122497,	-1.05186,	-0.0948005,	-0.0132402,	-0.0184565,	-0.759989,	-0.311355,	-0.0219089,	-0.084989,	-0.583338,	-0.363249,	-0.0195284,	-0.353485,	-0.2184,	0.6041,	-0.04312,	51791,	-486,	-25,	-59,	51821,	103,	-44,	12,	51811,	-43,	-110,	-71,	
2,	1,	326641,	1.65255e+015,	5,	4,	-1,	7,	2,	-1,	-3,	-12,	1.65255e+009,	-0.991229,	-0.442288,	-0.31202,	-0.0411488,	-1.604,	-0.143604,	-0.0178136,	0.13377,	-1.13071,	0.0049895,	0.000856181,	-0.0182735,	-0.759989,	-0.311355,	-0.0219089,	-0.096634,	-0.583338,	-0.363249,	-0.0195284,	-0.36513,	-0.1729,	0.6041,	-0.04312,	51801,	-493,	-29,	-41,	51831,	102,	-46,	14,	51821,	-47,	-108,	-54,	
2,	1,	326719,	1.65255e+015,	1,	0,	30,	10,	-7,	-5,	1,	0,	1.65255e+009,	-1.05135,	-0.442288,	-0.31202,	-0.0411488,	-1.68408,	-0.143604,	-0.0178136,	0.14211,	-1.19379,	0.0049895,	0.000856181,	-0.0210238,	-0.846721,	-0.311355,	-0.0219089,	-0.0993843,	-0.583338,	-0.363249,	-0.0195284,	-0.36788,	-0.1274,	0.63862,	-0.04312,	51811,	-501,	-34,	-27,	51841,	99,	-48,	14,	51831,	-51,	-110,	-39,	
2,	1,	326797,	1.65255e+015,	8,	-14,	-66,	-32,	-7,	-5,	-2,	9,	1.65255e+009,	-1.05135,	-0.343728,	-0.31202,	-0.0411488,	-1.68408,	-0.204712,	-0.0213908,	0.149443,	-1.19379,	0.0049895,	0.000856181,	-0.0136904,	-0.846721,	-0.311355,	-0.0219089,	-0.121621,	-0.583338,	-0.363249,	-0.0195284,	-0.390117,	-0.1274,	0.63862,	-0.04312,	51821,	-510,	-36,	-10,	51851,	98,	-49,	17,	51841,	-53,	-111,	-25,	
2,	1,	326875,	1.65255e+015,	-13,	-21,	16,	5,	-3,	-7,	-2,	0,	1.65255e+009,	-1.05135,	-0.343728,	-0.31202,	-0.0411488,	-1.68408,	-0.204712,	-0.0213908,	0.149443,	-1.25687,	0.0049895,	0.000856181,	-0.0136904,	-0.846721,	-0.311355,	-0.0219089,	-0.121621,	-0.583338,	-0.363249,	-0.0195284,	-0.390117,	-0.1274,	0.63862,	-0.04312,	51831,	-520,	-38,	4,	51861,	97,	-49,	20,	51851,	-56,	-112,	-10,	
2,	1,	326938,	1.65255e+015,	-13,	8,	51,	-13,	2,	1,	0,	-1,	1.65255e+009,	-1.05135,	-0.343728,	-0.31202,	-0.0411488,	-1.68408,	-0.204712,	-0.0213908,	0.149443,	-1.25687,	0.0049895,	0.000856181,	-0.0136904,	-0.846721,	-0.311355,	-0.0219089,	-0.121621,	-0.583338,	-0.363249,	-0.0195284,	-0.390117,	-0.1274,	0.63862,	-0.04312,	51841,	-527,	-39,	18,	51871,	96,	-49,	23,	51861,	-60,	-112,	1,	
2,	1,	327000,	1.65255e+015,	-10,	-16,	-32,	11,	0,	-1,	0,	17,	1.65255e+009,	-1.05135,	-0.343728,	-0.31202,	-0.0411488,	-1.68408,	-0.204712,	-0.0213908,	0.149443,	-1.25687,	0.0049895,	0.000856181,	-0.0136904,	-0.846721,	-0.311355,	-0.0219089,	-0.121621,	-0.583338,	-0.363249,	-0.0195284,	-0.390117,	-0.1274,	0.63862,	-0.04312,	51851,	-534,	-39,	31,	51881,	95,	-50,	25,	51871,	-62,	-112,	12,	
2,	1,	327063,	1.65255e+015,	-3,	-10,	2,	5,	4,	4,	0,	-2,	1.65255e+009,	-1.05135,	-0.343728,	-0.31202,	-0.0411488,	-1.74815,	-0.204712,	-0.0213908,	0.156115,	-1.25687,	0.0049895,	0.000856181,	-0.0158907,	-0.846721,	-0.311355,	-0.0219089,	-0.123821,	-0.583338,	-0.363249,	-0.0195284,	-0.392317,	-0.1274,	0.63862,	-0.04312,	51861,	-540,	-42,	42,	51891,	95,	-51,	26,	51881,	-65,	-114,	20,	
2,	1,	327125,	1.65255e+015,	-12,	-24,	-10,	-22,	-6,	-5,	-2,	3,	1.65255e+009,	-1.05135,	-0.343728,	-0.31202,	-0.0411488,	-1.74815,	-0.204712,	-0.0213908,	0.156115,	-1.25687,	0.0049895,	0.000856181,	-0.0158907,	-0.846721,	-0.311355,	-0.0219089,	-0.123821,	-0.583338,	-0.363249,	-0.0195284,	-0.392317,	-0.1274,	0.63862,	-0.04312,	51871,	-546,	-42,	52,	51901,	94,	-52,	27,	51891,	-66,	-114,	28,	
2,	1,	327204,	1.65255e+015,	-1,	-7,	40,	-3,	-1,	1,	2,	1,	1.65255e+009,	-1.05135,	-0.343728,	-0.31202,	-0.0411488,	-1.74815,	-0.204712,	-0.0213908,	0.156115,	-1.25687,	0.0049895,	0.000856181,	-0.0158907,	-0.846721,	-0.311355,	-0.0219089,	-0.123821,	-0.583338,	-0.363249,	-0.0195284,	-0.392317,	-0.1274,	0.63862,	-0.04312,	51881,	-550,	-43,	61,	51911,	94,	-52,	29,	51901,	-66,	-115,	33,	
2,	1,	327266,	1.65255e+015,	6,	8,	32,	8,	1,	1,	0,	2,	1.65255e+009,	-1.05135,	-0.343728,	-0.31202,	-0.0411488,	-1.74815,	-0.204712,	-0.0213908,	0.156115,	-1.25687,	0.0049895,	0.000856181,	-0.0158907,	-0.846721,	-0.311355,	-0.0219089,	-0.123821,	-0.583338,	-0.363249,	-0.0195284,	-0.392317,	-0.1274,	0.63862,	-0.04312,	51891,	-552,	-43,	68,	51921,	95,	-51,	31,	51911,	-67,	-114,	36,	
2,	1,	327344,	1.65255e+015,	0,	4,	36,	12,	2,	1,	-2,	-2,	1.65255e+009,	-1.05135,	-0.343728,	-0.31202,	-0.0411488,	-1.74815,	-0.204712,	-0.0213908,	0.156115,	-1.25687,	0.0049895,	0.000856181,	-0.0158907,	-0.846721,	-0.311355,	-0.0219089,	-0.123821,	-0.583338,	-0.363249,	-0.0195284,	-0.392317,	-0.1274,	0.63862,	-0.04312,	51901,	-553,	-43,	74,	51931,	96,	-50,	32,	51921,	-66,	-115,	39,	
2,	1,	327422,	1.65255e+015,	-5,	-10,	-2,	-11,	-2,	-2,	-2,	0,	1.65255e+009,	-1.05135,	-0.343728,	-0.31202,	-0.0411488,	-1.604,	-0.204712,	-0.0213908,	0.147776,	-1.25687,	0.0049895,	0.000856181,	-0.0131404,	-0.846721,	-0.311355,	-0.0219089,	-0.121071,	-0.583338,	-0.363249,	-0.0195284,	-0.389566,	-0.2184,	0.63862,	-0.04312,	51911,	-554,	-43,	76,	51941,	96,	-50,	32,	51931,	-67,	-115,	42,	
2,	1,	327485,	1.65255e+015,	4,	4,	18,	2,	0,	-2,	0,	2,	1.65255e+009,	-0.976198,	-0.343728,	-0.31202,	-0.0411488,	-1.31571,	-0.143604,	-0.0178136,	0.139436,	-1.02032,	0.0049895,	0.000856181,	-0.0103901,	-0.846721,	-0.311355,	-0.0219089,	-0.118321,	-0.583338,	-0.363249,	-0.0195284,	-0.386816,	-0.364,	0.63862,	-0.04312,	51921,	-552,	-44,	75,	51951,	97,	-49,	31,	51941,	-66,	-115,	43,	
2,	1,	327547,	1.65255e+015,	-1,	-3,	-21,	-1,	-3,	-2,	0,	-2,	1.65255e+009,	-0.901049,	-0.343728,	-0.31202,	-0.0411488,	-1.07547,	-0.143604,	-0.0178136,	0.121089,	-1.02032,	0.0049895,	0.000856181,	-0.00433936,	-0.846721,	-0.311355,	-0.0219089,	-0.11227,	-0.583338,	-0.363249,	-0.0195284,	-0.380765,	-0.455,	0.63862,	-0.04312,	51931,	-549,	-45,	74,	51961,	99,	-50,	31,	51951,	-66,	-116,	43,	
2,	1,	327625,	1.65255e+015,	0,	-2,	-9,	2,	2,	2,	0,	-1,	1.65255e+009,	-0.825899,	-0.343728,	-0.31202,	-0.0608608,	-0.835234,	-0.143604,	-0.0178136,	0.106882,	-0.894159,	0.0049895,	0.000856181,	-0.00745572,	-0.759989,	-0.311355,	-0.0219089,	-0.0917302,	-0.583338,	-0.363249,	-0.0195284,	-0.360226,	-0.4914,	0.63862,	-0.04312,	51941,	-547,	-46,	74,	51971,	101,	-49,	31,	51961,	-63,	-116,	42,	
2,	1,	327688,	1.65255e+015,	4,	3,	-20,	-16,	4,	4,	1,	0,	1.65255e+009,	-0.750749,	-0.343728,	-0.31202,	-0.0608608,	-0.739138,	-0.143604,	-0.0178136,	0.106882,	-0.894159,	0.0049895,	0.000856181,	-0.00745572,	-0.759989,	-0.311355,	-0.0219089,	-0.0917302,	-0.583338,	-0.363249,	-0.0195284,	-0.360226,	-0.4914,	0.63862,	-0.04312,	51951,	-548,	-45,	73,	51981,	102,	-50,	31,	51971,	-63,	-116,	38,	
2,	1,	327766,	1.65255e+015,	1,	-5,	-14,	-12,	2,	1,	0,	0,	1.65255e+009,	-0.750749,	-0.343728,	-0.31202,	-0.0608608,	-0.739138,	-0.143604,	-0.0178136,	0.106882,	-0.815309,	0.0049895,	0.000856181,	-0.00745572,	-0.759989,	-0.311355,	-0.0219089,	-0.0917302,	-0.583338,	-0.363249,	-0.0195284,	-0.360226,	-0.4914,	0.63862,	-0.04312,	51961,	-546,	-45,	72,	51991,	104,	-50,	30,	51981,	-62,	-118,	35,	
2,	1,	327844,	1.65255e+015,	-1,	0,	-2,	-13,	-7,	-4,	-1,	-2,	1.65255e+009,	-0.750749,	-0.343728,	-0.31202,	-0.0608608,	-0.739138,	-0.143604,	-0.0178136,	0.103949,	-0.815309,	0.0049895,	0.000856181,	-0.0103891,	-0.759989,	-0.311355,	-0.0219089,	-0.0828356,	-0.583338,	-0.363249,	-0.0195284,	-0.351331,	-0.4914,	0.63862,	-0.04312,	51971,	-546,	-46,	73,	52001,	103,	-51,	30,	51991,	-62,	-118,	33,	
2,	1,	327922,	1.65255e+015,	1,	1,	11,	1,	-2,	-3,	0,	-2,	1.65255e+009,	-0.750749,	-0.343728,	-0.31202,	-0.0608608,	-0.739138,	-0.143604,	-0.0178136,	0.103949,	-0.815309,	0.0049895,	0.000856181,	-0.0103891,	-0.759989,	-0.311355,	-0.0219089,	-0.0828356,	-0.583338,	-0.363249,	-0.0195284,	-0.351331,	-0.4914,	0.63862,	-0.04312,	51981,	-546,	-46,	73,	52011,	103,	-52,	30,	52001,	-63,	-120,	32,	
2,	1,	327985,	1.65255e+015,	-2,	-3,	18,	14,	-1,	-2,	-1,	0,	1.65255e+009,	-0.750749,	-0.343728,	-0.31202,	-0.0608608,	-0.739138,	-0.143604,	-0.0178136,	0.103949,	-0.815309,	0.0049895,	0.000856181,	-0.0103891,	-0.759989,	-0.311355,	-0.0219089,	-0.0828356,	-0.583338,	-0.363249,	-0.0195284,	-0.351331,	-0.4914,	0.63862,	-0.04312,	51991,	-547,	-46,	72,	52021,	104,	-52,	29,	52011,	-63,	-119,	32,	
2,	1,	328063,	1.65255e+015,	0,	10,	25,	3,	-7,	-5,	-2,	-2,	1.65255e+009,	-0.750749,	-0.343728,	-0.31202,	-0.0608608,	-0.739138,	-0.143604,	-0.0178136,	0.0956092,	-0.815309,	0.0049895,	0.000856181,	-0.00763875,	-0.759989,	-0.311355,	-0.0219089,	-0.0800852,	-0.583338,	-0.363249,	-0.0195284,	-0.348581,	-0.4914,	0.63862,	-0.04312,	52001,	-548,	-47,	71,	52031,	102,	-52,	26,	52021,	-65,	-120,	33,	
2,	1,	328125,	1.65255e+015,	1,	3,	-26,	-7,	0,	-1,	0,	-2,	1.65255e+009,	-0.750749,	-0.343728,	-0.31202,	-0.0608608,	-0.739138,	-0.143604,	-0.0178136,	0.0956092,	-0.815309,	0.0049895,	0.000856181,	-0.00763875,	-0.759989,	-0.311355,	-0.0219089,	-0.0800852,	-0.583338,	-0.363249,	-0.0195284,	-0.348581,	-0.4914,	0.63862,	-0.04312,	52011,	-548,	-47,	72,	52041,	100,	-52,	25,	52031,	-65,	-119,	35,	
2,	1,	328204,	1.65255e+015,	-2,	-4,	-17,	-11,	-7,	-3,	-3,	-1,	1.65255e+009,	-0.750749,	-0.343728,	-0.31202,	-0.0608608,	-0.739138,	-0.143604,	-0.0178136,	0.0956092,	-0.815309,	0.0049895,	0.000856181,	-0.00763875,	-0.759989,	-0.311355,	-0.0219089,	-0.0800852,	-0.583338,	-0.363249,	-0.0195284,	-0.348581,	-0.4914,	0.63862,	-0.04312,	52021,	-551,	-47,	73,	52051,	97,	-53,	24,	52041,	-65,	-120,	36,	
2,	1,	328282,	1.65255e+015,	-1,	-1,	9,	-3,	3,	2,	-2,	-1,	1.65255e+009,	-0.750749,	-0.343728,	-0.31202,	-0.0608608,	-0.739138,	-0.143604,	-0.0178136,	0.0956092,	-0.815309,	0.0049895,	0.000856181,	-0.00763875,	-0.759989,	-0.311355,	-0.0219089,	-0.0800852,	-0.583338,	-0.363249,	-0.0195284,	-0.348581,	-0.4914,	0.63862,	-0.04312,	52031,	-550,	-46,	74,	52061,	97,	-54,	23,	52051,	-65,	-120,	36,	
2,	1,	328344,	1.65255e+015,	-1,	2,	1,	-6,	0,	-1,	-1,	-1,	1.65255e+009,	-0.750749,	-0.343728,	-0.31202,	-0.0608608,	-0.739138,	-0.143604,	-0.0178136,	0.0956092,	-0.815309,	0.0049895,	0.000856181,	-0.00763875,	-0.759989,	-0.311355,	-0.0219089,	-0.0800852,	-0.583338,	-0.363249,	-0.0195284,	-0.348581,	-0.4914,	0.63862,	-0.04312,	52041,	-550,	-45,	74,	52071,	97,	-52,	23,	52061,	-66,	-119,	37,	
2,	1,	328422,	1.65255e+015,	-1,	0,	7,	7,	6,	-1,	-1,	-1,	1.65255e+009,	-0.750749,	-0.343728,	-0.31202,	-0.0608608,	-0.739138,	-0.143604,	-0.0178136,	0.0956092,	-0.815309,	0.0049895,	0.000856181,	-0.00763875,	-0.759989,	-0.311355,	-0.0219089,	-0.0800852,	-0.583338,	-0.363249,	-0.0195284,	-0.348581,	-0.4914,	0.63862,	-0.04312,	52051,	-552,	-46,	73,	52081,	96,	-53,	22,	52071,	-67,	-121,	37,	
2,	1,	328500,	1.65255e+015,	0,	-2,	-7,	-9,	-1,	-2,	-2,	-1,	1.65255e+009,	-0.750749,	-0.343728,	-0.31202,	-0.0608608,	-0.739138,	-0.143604,	-0.0178136,	0.0956092,	-0.815309,	0.0049895,	0.000856181,	-0.00763875,	-0.759989,	-0.311355,	-0.0219089,	-0.0800852,	-0.583338,	-0.363249,	-0.0195284,	-0.348581,	-0.4914,	0.63862,	-0.04312,	52061,	-550,	-45,	72,	52091,	97,	-52,	21,	52081,	-64,	-120,	37,	
2,	1,	328563,	1.65255e+015,	-2,	-5,	0,	-7,	0,	1,	1,	-2,	1.65255e+009,	-0.750749,	-0.343728,	-0.31202,	-0.0608608,	-0.739138,	-0.143604,	-0.0178136,	0.0956092,	-0.815309,	0.0049895,	0.000856181,	-0.00763875,	-0.759989,	-0.311355,	-0.0219089,	-0.0800852,	-0.583338,	-0.363249,	-0.0195284,	-0.348581,	-0.4914,	0.63862,	-0.04312,	52071,	-549,	-45,	69,	52101,	97,	-52,	21,	52091,	-63,	-120,	34,	
2,	1,	328641,	1.65255e+015,	0,	-4,	6,	4,	-1,	-3,	0,	-1,	1.65255e+009,	-0.750749,	-0.343728,	-0.31202,	-0.0608608,	-0.739138,	-0.143604,	-0.0178136,	0.0956092,	-0.815309,	0.0049895,	0.000856181,	-0.00763875,	-0.759989,	-0.311355,	-0.0219089,	-0.0800852,	-0.583338,	-0.363249,	-0.0195284,	-0.348581,	-0.4914,	0.63862,	-0.04312,	52081,	-545,	-46,	65,	52111,	99,	-52,	19,	52101,	-61,	-119,	30,	
2,	1,	328704,	1.65255e+015,	0,	-3,	2,	-1,	-4,	2,	0,	0,	1.65255e+009,	-0.750749,	-0.343728,	-0.31202,	-0.0608608,	-0.739138,	-0.143604,	-0.0178136,	0.0956092,	-0.815309,	0.0049895,	0.000856181,	-0.00763875,	-0.759989,	-0.311355,	-0.0219089,	-0.0800852,	-0.583338,	-0.363249,	-0.0195284,	-0.348581,	-0.4914,	0.63862,	-0.04312,	52091,	-541,	-45,	60,	52121,	99,	-52,	18,	52111,	-60,	-118,	25,	
2,	1,	328797,	1.65255e+015,	-5,	-15,	-30,	-19,	-3,	-1,	-1,	-1,	1.65255e+009,	-0.750749,	-0.343728,	-0.31202,	-0.0608608,	-0.739138,	-0.143604,	-0.0178136,	0.0956092,	-0.815309,	0.0049895,	0.000856181,	-0.00763875,	-0.759989,	-0.311355,	-0.0219089,	-0.0800852,	-0.583338,	-0.363249,	-0.0195284,	-0.348581,	-0.4914,	0.63862,	-0.04312,	52101,	-537,	-45,	53,	52131,	99,	-53,	15,	52121,	-58,	-118,	22,	
2,	1,	328875,	1.65255e+015,	-1,	3,	24,	-6,	1,	0,	0,	-1,	1.65255e+009,	-0.750749,	-0.343728,	-0.31202,	-0.0608608,	-0.739138,	-0.143604,	-0.0178136,	0.0956092,	-0.815309,	0.0049895,	0.000856181,	-0.00763875,	-0.759989,	-0.311355,	-0.0219089,	-0.0800852,	-0.583338,	-0.363249,	-0.0195284,	-0.348581,	-0.4914,	0.63862,	-0.04312,	52111,	-533,	-44,	46,	52141,	100,	-52,	12,	52131,	-56,	-116,	18,	
2,	1,	328938,	1.65255e+015,	-4,	-5,	25,	2,	-8,	-7,	-2,	-2,	1.65255e+009,	-0.750749,	-0.343728,	-0.31202,	-0.0608608,	-0.739138,	-0.143604,	-0.0178136,	0.0956092,	-0.815309,	0.0049895,	0.000856181,	-0.00763875,	-0.759989,	-0.311355,	-0.0219089,	-0.0800852,	-0.583338,	-0.363249,	-0.0195284,	-0.348581,	-0.4914,	0.63862,	-0.04312,	52121,	-528,	-45,	38,	52151,	102,	-53,	10,	52141,	-55,	-115,	12,	
2,	1,	329016,	1.65255e+015,	3,	5,	19,	5,	0,	0,	0,	0,	1.65255e+009,	-0.750749,	-0.343728,	-0.31202,	-0.0608608,	-0.739138,	-0.143604,	-0.0178136,	0.0956092,	-0.815309,	0.0049895,	0.000856181,	-0.00763875,	-0.759989,	-0.311355,	-0.0219089,	-0.0800852,	-0.583338,	-0.363249,	-0.0195284,	-0.348581,	-0.4914,	0.63862,	-0.04312,	52131,	-523,	-43,	30,	52161,	103,	-51,	8,	52151,	-52,	-114,	6,	
2,	1,	329079,	1.65255e+015,	2,	9,	0,	-4,	-3,	-2,	1,	-1,	1.65255e+009,	-0.750749,	-0.343728,	-0.31202,	-0.0608608,	-0.739138,	-0.143604,	-0.0178136,	0.0956092,	-0.815309,	0.0049895,	0.000856181,	-0.00763875,	-0.759989,	-0.311355,	-0.0219089,	-0.0800852,	-0.583338,	-0.363249,	-0.0195284,	-0.348581,	-0.4914,	0.63862,	-0.04312,	52141,	-517,	-41,	22,	52171,	104,	-52,	5,	52161,	-50,	-112,	0,	
2,	1,	329157,	1.65255e+015,	-2,	2,	8,	11,	-3,	0,	-2,	1,	1.65255e+009,	-0.750749,	-0.343728,	-0.31202,	-0.0608608,	-0.739138,	-0.143604,	-0.0178136,	0.0956092,	-0.815309,	0.0049895,	0.000856181,	-0.00763875,	-0.759989,	-0.311355,	-0.0219089,	-0.0800852,	-0.583338,	-0.363249,	-0.0195284,	-0.348581,	-0.4914,	0.63862,	-0.04312,	52151,	-510,	-40,	13,	52181,	107,	-53,	1,	52171,	-47,	-111,	-5,	
2,	1,	329235,	1.65255e+015,	0,	-4,	-2,	-4,	-4,	-2,	-1,	-2,	1.65255e+009,	-0.750749,	-0.343728,	-0.31202,	-0.0608608,	-0.739138,	-0.143604,	-0.0178136,	0.0956092,	-0.815309,	0.0049895,	0.000856181,	-0.00763875,	-0.759989,	-0.311355,	-0.0219089,	-0.0800852,	-0.583338,	-0.363249,	-0.0195284,	-0.348581,	-0.4914,	0.63862,	-0.04312,	52161,	-505,	-41,	4,	52191,	108,	-54,	-2,	52181,	-46,	-111,	-11,	
2,	1,	329313,	1.65255e+015,	-1,	-7,	-14,	-4,	-5,	-1,	-1,	-3,	1.65255e+009,	-0.750749,	-0.343728,	-0.31202,	-0.0608608,	-0.739138,	-0.143604,	-0.0178136,	0.0956092,	-0.815309,	0.0049895,	0.000856181,	-0.00763875,	-0.759989,	-0.311355,	-0.0219089,	-0.0800852,	-0.583338,	-0.363249,	-0.0195284,	-0.348581,	-0.4914,	0.63862,	-0.04312,	52171,	-502,	-41,	-1,	52201,	110,	-55,	-4,	52191,	-46,	-112,	-17,	
2,	1,	329391,	1.65255e+015,	0,	2,	4,	8,	7,	3,	0,	-1,	1.65255e+009,	-0.750749,	-0.343728,	-0.31202,	-0.0608608,	-0.739138,	-0.143604,	-0.0178136,	0.0956092,	-0.815309,	0.0049895,	0.000856181,	-0.00763875,	-0.759989,	-0.311355,	-0.0219089,	-0.0800852,	-0.583338,	-0.363249,	-0.0195284,	-0.348581,	-0.4914,	0.63862,	-0.04312,	52181,	-495,	-39,	-8,	52211,	112,	-55,	-6,	52201,	-44,	-110,	-23,	
2,	1,	329469,	1.65255e+015,	-1,	-1,	-1,	1,	-4,	-5,	-1,	-1,	1.65255e+009,	-0.750749,	-0.343728,	-0.31202,	-0.0608608,	-0.739138,	-0.143604,	-0.0178136,	0.0956092,	-0.815309,	0.0049895,	0.000856181,	-0.00763875,	-0.759989,	-0.311355,	-0.0219089,	-0.0800852,	-0.583338,	-0.363249,	-0.0195284,	-0.348581,	-0.4914,	0.63862,	-0.04312,	52191,	-490,	-39,	-17,	52221,	114,	-55,	-8,	52211,	-41,	-109,	-30,	
2,	1,	329547,	1.65255e+015,	-3,	1,	6,	-3,	-1,	-2,	-1,	-3,	1.65255e+009,	-0.750749,	-0.343728,	-0.31202,	-0.0608608,	-0.739138,	-0.143604,	-0.0178136,	0.0956092,	-0.815309,	0.0049895,	0.000856181,	-0.00763875,	-0.759989,	-0.311355,	-0.0219089,	-0.0800852,	-0.583338,	-0.363249,	-0.0195284,	-0.348581,	-0.4914,	0.63862,	-0.04312,	52201,	-482,	-38,	-27,	52231,	115,	-55,	-12,	52221,	-39,	-108,	-38,	
2,	1,	329625,	1.65255e+015,	1,	-1,	3,	4,	4,	6,	1,	3,	1.65255e+009,	-0.750749,	-0.343728,	-0.31202,	-0.0608608,	-0.739138,	-0.143604,	-0.0178136,	0.0956092,	-0.815309,	0.0049895,	0.000856181,	-0.00763875,	-0.759989,	-0.311355,	-0.0219089,	-0.0800852,	-0.583338,	-0.363249,	-0.0195284,	-0.348581,	-0.4914,	0.63862,	-0.04312,	52211,	-475,	-38,	-38,	52241,	115,	-56,	-15,	52231,	-37,	-105,	-45,	
2,	1,	329704,	1.65255e+015,	-3,	1,	15,	-1,	-2,	-1,	1,	-1,	1.65255e+009,	-0.750749,	-0.343728,	-0.31202,	-0.0608608,	-0.739138,	-0.143604,	-0.0178136,	0.0956092,	-0.815309,	0.0049895,	0.000856181,	-0.00763875,	-0.759989,	-0.311355,	-0.0219089,	-0.0800852,	-0.583338,	-0.363249,	-0.0195284,	-0.348581,	-0.4914,	0.63862,	-0.04312,	52221,	-468,	-37,	-52,	52251,	116,	-56,	-19,	52241,	-34,	-103,	-53,	
2,	1,	329782,	1.65255e+015,	-5,	-5,	24,	-2,	8,	1,	0,	-4,	1.65255e+009,	-0.750749,	-0.343728,	-0.31202,	-0.0608608,	-0.739138,	-0.143604,	-0.0178136,	0.0956092,	-0.815309,	0.0049895,	0.000856181,	-0.00763875,	-0.759989,	-0.311355,	-0.0219089,	-0.0800852,	-0.583338,	-0.363249,	-0.0195284,	-0.348581,	-0.4914,	0.63862,	-0.04312,	52231,	-459,	-36,	-66,	52261,	118,	-56,	-24,	52251,	-31,	-99,	-63,	
2,	1,	329860,	1.65255e+015,	0,	7,	-1,	4,	-1,	-3,	-1,	0,	1.65255e+009,	-0.750749,	-0.343728,	-0.31202,	-0.0608608,	-0.739138,	-0.143604,	-0.0178136,	0.0956092,	-0.815309,	0.0049895,	0.000856181,	-0.00763875,	-0.759989,	-0.311355,	-0.0219089,	-0.0800852,	-0.583338,	-0.363249,	-0.0195284,	-0.348581,	-0.4914,	0.63862,	-0.04312,	52241,	-448,	-34,	-83,	52271,	119,	-55,	-30,	52261,	-27,	-97,	-76,	
2,	1,	329938,	1.65255e+015,	1,	13,	24,	1,	-6,	-2,	-1,	2,	1.65255e+009,	-0.750749,	-0.343728,	-0.31202,	-0.0608608,	-0.739138,	-0.143604,	-0.0178136,	0.0956092,	-0.815309,	0.0049895,	0.000856181,	-0.00763875,	-0.759989,	-0.311355,	-0.0219089,	-0.0800852,	-0.583338,	-0.363249,	-0.0195284,	-0.348581,	-0.4914,	0.63862,	-0.04312,	52251,	-434,	-31,	-104,	52281,	120,	-55,	-37,	52271,	-20,	-91,	-91,	
2,	1,	330016,	1.65255e+015,	-2,	-1,	-3,	2,	-2,	2,	-1,	-2,	1.65255e+009,	-0.750749,	-0.343728,	-0.31202,	-0.0608608,	-0.739138,	-0.143604,	-0.0178136,	0.0956092,	-0.815309,	0.0049895,	0.000856181,	-0.00763875,	-0.759989,	-0.311355,	-0.0219089,	-0.0800852,	-0.583338,	-0.363249,	-0.0195284,	-0.348581,	-0.4914,	0.63862,	-0.04312,	52261,	-418,	-29,	-131,	52291,	123,	-55,	-46,	52281,	-14,	-87,	-108,	
2,	1,	330094,	1.65255e+015,	0,	-1,	-5,	-12,	5,	1,	-2,	0,	1.65255e+009,	-0.750749,	-0.343728,	-0.31202,	-0.0608608,	-0.739138,	-0.143604,	-0.0178136,	0.102281,	-0.815309,	0.0049895,	0.000856181,	-0.009839,	-0.759989,	-0.311355,	-0.0219089,	-0.0822855,	-0.583338,	-0.363249,	-0.0195284,	-0.350781,	-0.4914,	0.63862,	-0.04312,	52271,	-398,	-28,	-162,	52301,	126,	-54,	-54,	52291,	-5,	-82,	-128,	
2,	1,	330172,	1.65255e+015,	-5,	-13,	-15,	-10,	-6,	-3,	-2,	-3,	1.65255e+009,	-0.750749,	-0.343728,	-0.31202,	-0.0608608,	-0.739138,	-0.143604,	-0.0178136,	0.102281,	-0.815309,	0.0049895,	0.000856181,	-0.009839,	-0.759989,	-0.311355,	-0.0219089,	-0.0822855,	-0.583338,	-0.363249,	-0.0195284,	-0.350781,	-0.4914,	0.63862,	-0.04312,	52281,	-378,	-27,	-196,	52311,	129,	-55,	-63,	52301,	3,	-78,	-149,	
2,	1,	330235,	1.65255e+015,	-3,	-3,	10,	1,	-9,	-5,	-1,	-1,	1.65255e+009,	-0.750749,	-0.343728,	-0.31202,	-0.0608608,	-0.739138,	-0.143604,	-0.0178136,	0.102281,	-0.815309,	0.0049895,	0.000856181,	-0.009839,	-0.759989,	-0.311355,	-0.0219089,	-0.0822855,	-0.583338,	-0.363249,	-0.0195284,	-0.350781,	-0.4914,	0.63862,	-0.04312,	52291,	-357,	-24,	-233,	52321,	135,	-58,	-72,	52311,	12,	-76,	-170,	
2,	1,	330297,	1.65255e+015,	1,	0,	4,	7,	-1,	-1,	-2,	0,	1.65255e+009,	-0.750749,	-0.343728,	-0.31202,	-0.0608608,	-0.739138,	-0.143604,	-0.0178136,	0.102281,	-0.815309,	0.0049895,	0.000856181,	-0.009839,	-0.759989,	-0.311355,	-0.0219089,	-0.0822855,	-0.583338,	-0.363249,	-0.0195284,	-0.350781,	-0.4914,	0.63862,	-0.04312,	52301,	-337,	-22,	-269,	52331,	138,	-59,	-81,	52321,	19,	-75,	-191,	
2,	1,	330360,	1.65255e+015,	1,	6,	13,	5,	5,	2,	1,	0,	1.65255e+009,	-0.750749,	-0.343728,	-0.31202,	-0.0608608,	-0.739138,	-0.143604,	-0.0178136,	0.102281,	-0.815309,	0.0049895,	0.000856181,	-0.009839,	-0.759989,	-0.311355,	-0.0219089,	-0.0822855,	-0.583338,	-0.363249,	-0.0195284,	-0.350781,	-0.4914,	0.63862,	-0.04312,	52311,	-320,	-19,	-298,	52341,	141,	-62,	-89,	52331,	24,	-74,	-211,	
2,	1,	330438,	1.65255e+015,	-1,	1,	13,	-12,	-5,	-3,	0,	0,	1.65255e+009,	-0.750749,	-0.343728,	-0.31202,	-0.0608608,	-0.739138,	-0.143604,	-0.0178136,	0.102281,	-0.815309,	0.0049895,	0.000856181,	-0.009839,	-0.759989,	-0.311355,	-0.0219089,	-0.0822855,	-0.583338,	-0.363249,	-0.0195284,	-0.350781,	-0.4914,	0.63862,	-0.04312,	52321,	-304,	-14,	-323,	52351,	144,	-63,	-95,	52341,	31,	-72,	-230,	
2,	1,	330516,	1.65255e+015,	1,	0,	-11,	2,	-5,	-5,	1,	-1,	1.65255e+009,	-0.750749,	-0.343728,	-0.31202,	-0.0608608,	-0.739138,	-0.143604,	-0.0178136,	0.102281,	-0.815309,	0.0049895,	0.000856181,	-0.009839,	-0.759989,	-0.311355,	-0.0219089,	-0.0822855,	-0.583338,	-0.363249,	-0.0195284,	-0.350781,	-0.4914,	0.63862,	-0.04312,	52331,	-291,	-11,	-344,	52361,	145,	-65,	-102,	52351,	36,	-68,	-249,	
2,	1,	330579,	1.65255e+015,	-3,	-2,	7,	-2,	-8,	-7,	-2,	-1,	1.65255e+009,	-0.750749,	-0.343728,	-0.31202,	-0.0608608,	-0.739138,	-0.143604,	-0.0178136,	0.102281,	-0.815309,	0.0049895,	0.000856181,	-0.009839,	-0.759989,	-0.311355,	-0.0219089,	-0.0822855,	-0.583338,	-0.363249,	-0.0195284,	-0.350781,	-0.4914,	0.63862,	-0.04312,	52341,	-279,	-8,	-360,	52371,	147,	-65,	-106,	52361,	42,	-65,	-265,	
2,	1,	330657,	1.65255e+015,	-2,	-3,	29,	-1,	3,	5,	1,	-2,	1.65255e+009,	-0.750749,	-0.343728,	-0.31202,	-0.0608608,	-0.739138,	-0.143604,	-0.0178136,	0.102281,	-0.815309,	0.0049895,	0.000856181,	-0.009839,	-0.759989,	-0.311355,	-0.0219089,	-0.0822855,	-0.583338,	-0.363249,	-0.0195284,	-0.350781,	-0.4914,	0.63862,	-0.04312,	52351,	-269,	-6,	-375,	52381,	148,	-64,	-110,	52371,	48,	-59,	-279,	
2,	1,	330719,	1.65255e+015,	-5,	1,	1,	-6,	-6,	-3,	-1,	-2,	1.65255e+009,	-0.750749,	-0.343728,	-0.31202,	-0.0608608,	-0.739138,	-0.143604,	-0.0178136,	0.102281,	-0.815309,	0.0049895,	0.000856181,	-0.009839,	-0.759989,	-0.311355,	-0.0219089,	-0.0822855,	-0.583338,	-0.363249,	-0.0195284,	-0.350781,	-0.4914,	0.63862,	-0.04312,	52361,	-260,	-3,	-390,	52391,	149,	-64,	-114,	52381,	51,	-54,	-289,	
2,	1,	330797,	1.65255e+015,	-1,	0,	30,	-1,	1,	1,	-1,	-1,	1.65255e+009,	-0.750749,	-0.343728,	-0.31202,	-0.0608608,	-0.739138,	-0.143604,	-0.0178136,	0.102281,	-0.815309,	0.0049895,	0.000856181,	-0.009839,	-0.759989,	-0.311355,	-0.0219089,	-0.0822855,	-0.583338,	-0.363249,	-0.0195284,	-0.350781,	-0.4914,	0.63862,	-0.04312,	52371,	-251,	0,	-406,	52401,	150,	-64,	-119,	52391,	54,	-49,	-297,	
