1,	15,	314407,	1.65255e+015,	-2,	-2,	16,	-4,	6,	4,	-2,	-1,	1.65255e+009,	-0.510269,	-0.442288,	-0.245984,	-0.129853,	-0.53093,	-0.0672188,	-0.00998132,	0.0799361,	-0.515679,	-0.0149685,	-0.00247295,	-0.0122218,	-0.673257,	-0.187168,	-0.0206083,	-0.0550983,	-0.561408,	-0.32481,	-0.0214572,	-0.31768,	-0.5642,	0.63862,	-0.04312,	50181,	-263,	12,	-412,	50211,	132,	-48,	-131,	50201,	57,	-37,	-328,	
1,	15,	314469,	1.65255e+015,	-5,	-7,	0,	-7,	-6,	-7,	-1,	-2,	1.65255e+009,	-0.510269,	-0.442288,	-0.245984,	-0.129853,	-0.53093,	-0.0672188,	-0.00998132,	0.0799361,	-0.515679,	-0.0149685,	-0.00247295,	-0.0122218,	-0.673257,	-0.187168,	-0.0206083,	-0.0550983,	-0.561408,	-0.32481,	-0.0214572,	-0.31768,	-0.5642,	0.63862,	-0.04312,	50191,	-263,	14,	-413,	50221,	132,	-48,	-131,	50211,	58,	-36,	-328,	
1,	15,	314532,	1.65255e+015,	2,	4,	8,	5,	-4,	-5,	-1,	0,	1.65255e+009,	-0.510269,	-0.442288,	-0.245984,	-0.129853,	-0.53093,	-0.0672188,	-0.00998132,	0.0799361,	-0.515679,	-0.0149685,	-0.00247295,	-0.0122218,	-0.673257,	-0.187168,	-0.0206083,	-0.0550983,	-0.561408,	-0.32481,	-0.0214572,	-0.31768,	-0.5642,	0.63862,	-0.04312,	50201,	-263,	13,	-413,	50231,	132,	-48,	-131,	50221,	57,	-37,	-329,	
1,	15,	314610,	1.65255e+015,	-4,	-27,	-28,	-12,	0,	-1,	-3,	-2,	1.65255e+009,	-0.510269,	-0.442288,	-0.245984,	-0.129853,	-0.53093,	-0.0672188,	-0.00998132,	0.0799361,	-0.515679,	-0.0149685,	-0.00247295,	-0.0122218,	-0.673257,	-0.187168,	-0.0206083,	-0.0550983,	-0.561408,	-0.32481,	-0.0214572,	-0.31768,	-0.5642,	0.63862,	-0.04312,	50211,	-262,	13,	-414,	50241,	132,	-48,	-131,	50231,	57,	-38,	-329,	
1,	15,	314688,	1.65255e+015,	-3,	-4,	6,	-3,	-4,	-3,	-1,	-2,	1.65255e+009,	-0.510269,	-0.442288,	-0.245984,	-0.129853,	-0.53093,	-0.0672188,	-0.00998132,	0.0799361,	-0.515679,	-0.0149685,	-0.00247295,	-0.0122218,	-0.673257,	-0.187168,	-0.0206083,	-0.0550983,	-0.561408,	-0.32481,	-0.0214572,	-0.31768,	-0.5642,	0.63862,	-0.04312,	50221,	-263,	13,	-412,	50251,	131,	-49,	-131,	50241,	57,	-36,	-329,	
1,	15,	314766,	1.65255e+015,	-4,	-7,	-1,	-4,	-9,	-9,	-2,	-3,	1.65255e+009,	-0.510269,	-0.442288,	-0.245984,	-0.129853,	-0.53093,	-0.0672188,	-0.00998132,	0.0799361,	-0.515679,	-0.0149685,	-0.00247295,	-0.0122218,	-0.673257,	-0.187168,	-0.0206083,	-0.0550983,	-0.561408,	-0.32481,	-0.0214572,	-0.31768,	-0.5642,	0.63862,	-0.04312,	50231,	-263,	14,	-412,	50261,	132,	-49,	-131,	50251,	57,	-38,	-329,	
1,	15,	314844,	1.65255e+015,	1,	4,	-8,	-11,	-4,	1,	1,	0,	1.65255e+009,	-0.510269,	-0.442288,	-0.245984,	-0.129853,	-0.53093,	-0.0672188,	-0.00998132,	0.0799361,	-0.515679,	-0.0149685,	-0.00247295,	-0.0122218,	-0.673257,	-0.187168,	-0.0206083,	-0.0550983,	-0.561408,	-0.32481,	-0.0214572,	-0.31768,	-0.5642,	0.63862,	-0.04312,	50241,	-264,	14,	-412,	50271,	132,	-50,	-131,	50261,	57,	-37,	-328,	
1,	15,	314907,	1.65255e+015,	0,	-5,	-25,	-2,	4,	1,	-1,	0,	1.65255e+009,	-0.510269,	-0.442288,	-0.245984,	-0.129853,	-0.53093,	-0.0672188,	-0.00998132,	0.0799361,	-0.515679,	-0.0149685,	-0.00247295,	-0.0122218,	-0.673257,	-0.187168,	-0.0206083,	-0.0550983,	-0.561408,	-0.32481,	-0.0214572,	-0.31768,	-0.5642,	0.63862,	-0.04312,	50251,	-263,	13,	-411,	50281,	131,	-49,	-131,	50271,	56,	-38,	-328,	
1,	15,	314985,	1.65255e+015,	-2,	-8,	-2,	-17,	-6,	-4,	-2,	0,	1.65255e+009,	-0.510269,	-0.442288,	-0.245984,	-0.129853,	-0.53093,	-0.0672188,	-0.00998132,	0.0799361,	-0.515679,	-0.0149685,	-0.00247295,	-0.0122218,	-0.673257,	-0.187168,	-0.0206083,	-0.0550983,	-0.561408,	-0.32481,	-0.0214572,	-0.31768,	-0.5642,	0.63862,	-0.04312,	50261,	-264,	14,	-410,	50291,	131,	-49,	-130,	50281,	57,	-37,	-328,	
1,	15,	315063,	1.65255e+015,	-3,	-4,	-8,	-3,	-2,	1,	0,	0,	1.65255e+009,	-0.510269,	-0.442288,	-0.245984,	-0.129853,	-0.53093,	-0.0672188,	-0.00998132,	0.0799361,	-0.515679,	-0.0149685,	-0.00247295,	-0.0122218,	-0.673257,	-0.187168,	-0.0206083,	-0.0550983,	-0.561408,	-0.32481,	-0.0214572,	-0.31768,	-0.5642,	0.63862,	-0.04312,	50271,	-265,	13,	-410,	50301,	131,	-49,	-130,	50291,	57,	-37,	-328,	
1,	15,	315125,	1.65255e+015,	-1,	3,	8,	-2,	-4,	-4,	-2,	-2,	1.65255e+009,	-0.510269,	-0.442288,	-0.245984,	-0.129853,	-0.53093,	-0.0672188,	-0.00998132,	0.0799361,	-0.515679,	-0.0149685,	-0.00247295,	-0.0122218,	-0.673257,	-0.187168,	-0.0206083,	-0.0550983,	-0.561408,	-0.32481,	-0.0214572,	-0.31768,	-0.5642,	0.63862,	-0.04312,	50281,	-264,	14,	-410,	50311,	131,	-49,	-130,	50301,	56,	-37,	-328,	
1,	15,	315188,	1.65255e+015,	1,	4,	-5,	-2,	11,	3,	3,	0,	1.65255e+009,	-0.510269,	-0.442288,	-0.245984,	-0.129853,	-0.53093,	-0.0672188,	-0.00998132,	0.0799361,	-0.515679,	-0.0149685,	-0.00247295,	-0.0122218,	-0.673257,	-0.187168,	-0.0206083,	-0.0550983,	-0.561408,	-0.32481,	-0.0214572,	-0.31768,	-0.5642,	0.63862,	-0.04312,	50291,	-264,	13,	-410,	50321,	132,	-48,	-130,	50311,	58,	-37,	-328,	
1,	15,	315250,	1.65255e+015,	2,	-3,	-4,	-5,	-1,	1,	0,	-1,	1.65255e+009,	-0.510269,	-0.442288,	-0.245984,	-0.129853,	-0.53093,	-0.0672188,	-0.00998132,	0.0799361,	-0.515679,	-0.0149685,	-0.00247295,	-0.0122218,	-0.673257,	-0.187168,	-0.0206083,	-0.0550983,	-0.561408,	-0.32481,	-0.0214572,	-0.31768,	-0.5642,	0.63862,	-0.04312,	50301,	-265,	14,	-411,	50331,	132,	-49,	-131,	50321,	57,	-37,	-328,	
1,	15,	315329,	1.65255e+015,	0,	0,	5,	-8,	-5,	-4,	-1,	1,	1.65255e+009,	-0.510269,	-0.442288,	-0.245984,	-0.129853,	-0.53093,	-0.0672188,	-0.00998132,	0.0799361,	-0.515679,	-0.0149685,	-0.00247295,	-0.0122218,	-0.673257,	-0.187168,	-0.0206083,	-0.0550983,	-0.561408,	-0.32481,	-0.0214572,	-0.31768,	-0.5642,	0.63862,	-0.04312,	50311,	-265,	14,	-411,	50341,	133,	-49,	-130,	50331,	57,	-37,	-328,	
1,	15,	315391,	1.65255e+015,	-2,	-15,	-28,	-2,	-4,	-1,	-1,	-1,	1.65255e+009,	-0.510269,	-0.442288,	-0.245984,	-0.129853,	-0.53093,	-0.0672188,	-0.00998132,	0.0799361,	-0.515679,	-0.0149685,	-0.00247295,	-0.0122218,	-0.673257,	-0.187168,	-0.0206083,	-0.0550983,	-0.561408,	-0.32481,	-0.0214572,	-0.31768,	-0.5642,	0.63862,	-0.04312,	50321,	-263,	13,	-411,	50351,	131,	-48,	-130,	50341,	57,	-37,	-328,	
1,	15,	315454,	1.65255e+015,	0,	5,	10,	-1,	1,	4,	-1,	-1,	1.65255e+009,	-0.510269,	-0.442288,	-0.245984,	-0.129853,	-0.53093,	-0.0672188,	-0.00998132,	0.0799361,	-0.515679,	-0.0149685,	-0.00247295,	-0.0122218,	-0.673257,	-0.187168,	-0.0206083,	-0.0550983,	-0.561408,	-0.32481,	-0.0214572,	-0.31768,	-0.5642,	0.63862,	-0.04312,	50331,	-262,	13,	-411,	50361,	132,	-49,	-130,	50351,	57,	-38,	-328,	
1,	15,	315532,	1.65255e+015,	0,	3,	5,	-2,	-1,	-1,	-1,	-2,	1.65255e+009,	-0.510269,	-0.442288,	-0.245984,	-0.129853,	-0.53093,	-0.0672188,	-0.00998132,	0.0799361,	-0.515679,	-0.0149685,	-0.00247295,	-0.0122218,	-0.673257,	-0.187168,	-0.0206083,	-0.0550983,	-0.561408,	-0.32481,	-0.0214572,	-0.31768,	-0.5642,	0.63862,	-0.04312,	50341,	-263,	13,	-411,	50371,	132,	-48,	-130,	50361,	57,	-37,	-328,	
1,	15,	315610,	1.65255e+015,	3,	1,	-16,	-17,	3,	3,	0,	0,	1.65255e+009,	-0.510269,	-0.442288,	-0.245984,	-0.129853,	-0.53093,	-0.0672188,	-0.00998132,	0.0799361,	-0.515679,	-0.0149685,	-0.00247295,	-0.0122218,	-0.673257,	-0.187168,	-0.0206083,	-0.0550983,	-0.561408,	-0.32481,	-0.0214572,	-0.31768,	-0.5642,	0.63862,	-0.04312,	50351,	-263,	13,	-411,	50381,	132,	-48,	-131,	50371,	57,	-38,	-328,	
1,	15,	315688,	1.65255e+015,	-1,	12,	24,	7,	-2,	0,	-1,	-1,	1.65255e+009,	-0.510269,	-0.442288,	-0.245984,	-0.129853,	-0.53093,	-0.0672188,	-0.00998132,	0.0799361,	-0.515679,	-0.0149685,	-0.00247295,	-0.0122218,	-0.673257,	-0.187168,	-0.0206083,	-0.0550983,	-0.561408,	-0.32481,	-0.0214572,	-0.31768,	-0.5642,	0.63862,	-0.04312,	50361,	-263,	13,	-411,	50391,	132,	-49,	-131,	50381,	57,	-36,	-328,	
1,	15,	315766,	1.65255e+015,	0,	0,	-26,	-12,	-3,	-3,	-2,	-1,	1.65255e+009,	-0.510269,	-0.442288,	-0.245984,	-0.129853,	-0.53093,	-0.0672188,	-0.00998132,	0.0799361,	-0.515679,	-0.0149685,	-0.00247295,	-0.0122218,	-0.673257,	-0.187168,	-0.0206083,	-0.0550983,	-0.561408,	-0.32481,	-0.0214572,	-0.31768,	-0.5642,	0.63862,	-0.04312,	50371,	-262,	14,	-411,	50401,	132,	-50,	-131,	50391,	57,	-38,	-329,	
1,	15,	315844,	1.65255e+015,	-1,	-6,	-9,	-11,	-6,	-3,	-1,	1,	1.65255e+009,	-0.510269,	-0.442288,	-0.245984,	-0.129853,	-0.53093,	-0.0672188,	-0.00998132,	0.0799361,	-0.515679,	-0.0149685,	-0.00247295,	-0.0122218,	-0.673257,	-0.187168,	-0.0206083,	-0.0550983,	-0.561408,	-0.32481,	-0.0214572,	-0.31768,	-0.5642,	0.63862,	-0.04312,	50381,	-262,	15,	-410,	50411,	133,	-49,	-131,	50401,	57,	-37,	-328,	
1,	15,	315922,	1.65255e+015,	-1,	-8,	-4,	0,	-2,	-2,	-2,	-2,	1.65255e+009,	-0.510269,	-0.442288,	-0.245984,	-0.129853,	-0.53093,	-0.0672188,	-0.00998132,	0.0799361,	-0.515679,	-0.0149685,	-0.00247295,	-0.0122218,	-0.673257,	-0.187168,	-0.0206083,	-0.0550983,	-0.561408,	-0.32481,	-0.0214572,	-0.31768,	-0.5642,	0.63862,	-0.04312,	50391,	-263,	15,	-410,	50421,	132,	-50,	-131,	50411,	57,	-37,	-328,	
1,	15,	316000,	1.65255e+015,	-1,	-3,	5,	3,	-3,	-2,	0,	-3,	1.65255e+009,	-0.510269,	-0.442288,	-0.245984,	-0.129853,	-0.53093,	-0.0672188,	-0.00998132,	0.0799361,	-0.515679,	-0.0149685,	-0.00247295,	-0.0122218,	-0.673257,	-0.187168,	-0.0206083,	-0.0550983,	-0.561408,	-0.32481,	-0.0214572,	-0.31768,	-0.5642,	0.63862,	-0.04312,	50401,	-263,	14,	-410,	50431,	133,	-49,	-131,	50421,	57,	-37,	-329,	
1,	15,	316079,	1.65255e+015,	-2,	-5,	-18,	-3,	-6,	-4,	-1,	-2,	1.65255e+009,	-0.510269,	-0.442288,	-0.245984,	-0.129853,	-0.53093,	-0.0672188,	-0.00998132,	0.0799361,	-0.515679,	-0.0149685,	-0.00247295,	-0.0122218,	-0.673257,	-0.187168,	-0.0206083,	-0.0550983,	-0.561408,	-0.32481,	-0.0214572,	-0.31768,	-0.5642,	0.63862,	-0.04312,	50411,	-264,	13,	-411,	50441,	132,	-49,	-131,	50431,	56,	-37,	-329,	
1,	15,	316157,	1.65255e+015,	-1,	-4,	12,	-3,	-2,	4,	-1,	-1,	1.65255e+009,	-0.510269,	-0.442288,	-0.245984,	-0.129853,	-0.53093,	-0.0672188,	-0.00998132,	0.0799361,	-0.515679,	-0.0149685,	-0.00247295,	-0.0122218,	-0.673257,	-0.187168,	-0.0206083,	-0.0550983,	-0.561408,	-0.32481,	-0.0214572,	-0.31768,	-0.5642,	0.63862,	-0.04312,	50421,	-262,	14,	-411,	50451,	132,	-50,	-132,	50441,	57,	-37,	-329,	
1,	15,	316235,	1.65255e+015,	-1,	-3,	4,	2,	-3,	-3,	-1,	0,	1.65255e+009,	-0.510269,	-0.442288,	-0.245984,	-0.129853,	-0.53093,	-0.0672188,	-0.00998132,	0.0799361,	-0.515679,	-0.0149685,	-0.00247295,	-0.0122218,	-0.673257,	-0.187168,	-0.0206083,	-0.0550983,	-0.561408,	-0.32481,	-0.0214572,	-0.31768,	-0.5642,	0.63862,	-0.04312,	50431,	-263,	14,	-412,	50461,	133,	-49,	-131,	50451,	56,	-37,	-329,	
1,	15,	316313,	1.65255e+015,	-1,	-3,	6,	7,	-2,	-3,	0,	-1,	1.65255e+009,	-0.510269,	-0.442288,	-0.245984,	-0.129853,	-0.53093,	-0.0672188,	-0.00998132,	0.0799361,	-0.515679,	-0.0149685,	-0.00247295,	-0.0122218,	-0.673257,	-0.187168,	-0.0206083,	-0.0550983,	-0.561408,	-0.32481,	-0.0214572,	-0.31768,	-0.5642,	0.63862,	-0.04312,	50441,	-262,	13,	-412,	50471,	133,	-48,	-132,	50461,	57,	-38,	-329,	
1,	15,	316391,	1.65255e+015,	-1,	0,	-3,	-1,	-4,	-4,	-1,	-1,	1.65255e+009,	-0.510269,	-0.442288,	-0.245984,	-0.129853,	-0.53093,	-0.0672188,	-0.00998132,	0.0799361,	-0.515679,	-0.0149685,	-0.00247295,	-0.0122218,	-0.673257,	-0.187168,	-0.0206083,	-0.0550983,	-0.561408,	-0.32481,	-0.0214572,	-0.31768,	-0.5642,	0.63862,	-0.04312,	50451,	-262,	14,	-412,	50481,	132,	-49,	-132,	50471,	58,	-37,	-329,	
1,	15,	316469,	1.65255e+015,	1,	2,	-4,	-6,	4,	1,	0,	0,	1.65255e+009,	-0.510269,	-0.442288,	-0.245984,	-0.129853,	-0.53093,	-0.0672188,	-0.00998132,	0.0799361,	-0.515679,	-0.0149685,	-0.00247295,	-0.0122218,	-0.673257,	-0.187168,	-0.0206083,	-0.0550983,	-0.561408,	-0.32481,	-0.0214572,	-0.31768,	-0.5642,	0.63862,	-0.04312,	50461,	-263,	13,	-412,	50491,	131,	-49,	-131,	50481,	57,	-37,	-329,	
1,	15,	316547,	1.65255e+015,	0,	-1,	-8,	-15,	-1,	4,	0,	0,	1.65255e+009,	-0.510269,	-0.442288,	-0.245984,	-0.129853,	-0.53093,	-0.0672188,	-0.00998132,	0.0799361,	-0.515679,	-0.0149685,	-0.00247295,	-0.0122218,	-0.673257,	-0.187168,	-0.0206083,	-0.0550983,	-0.561408,	-0.32481,	-0.0214572,	-0.31768,	-0.5642,	0.63862,	-0.04312,	50471,	-262,	15,	-411,	50501,	132,	-49,	-131,	50491,	57,	-37,	-329,	
1,	15,	316641,	1.65255e+015,	-3,	-2,	1,	-9,	-1,	-1,	-2,	-2,	1.65255e+009,	-0.510269,	-0.442288,	-0.245984,	-0.129853,	-0.53093,	-0.0672188,	-0.00998132,	0.0799361,	-0.515679,	-0.0149685,	-0.00247295,	-0.0122218,	-0.673257,	-0.187168,	-0.0206083,	-0.0550983,	-0.561408,	-0.32481,	-0.0214572,	-0.31768,	-0.5642,	0.63862,	-0.04312,	50481,	-263,	15,	-410,	50511,	132,	-49,	-131,	50501,	56,	-37,	-328,	
1,	15,	316704,	1.65255e+015,	-1,	-6,	-34,	-13,	-5,	-2,	-2,	-1,	1.65255e+009,	-0.510269,	-0.442288,	-0.245984,	-0.129853,	-0.53093,	-0.0672188,	-0.00998132,	0.0799361,	-0.515679,	-0.0149685,	-0.00247295,	-0.0122218,	-0.673257,	-0.187168,	-0.0206083,	-0.0550983,	-0.561408,	-0.32481,	-0.0214572,	-0.31768,	-0.5642,	0.63862,	-0.04312,	50491,	-263,	15,	-410,	50521,	132,	-49,	-131,	50511,	57,	-38,	-328,	
1,	15,	316766,	1.65255e+015,	-3,	-4,	-14,	15,	-1,	-1,	-1,	-1,	1.65255e+009,	-0.510269,	-0.442288,	-0.245984,	-0.129853,	-0.53093,	-0.0672188,	-0.00998132,	0.0799361,	-0.515679,	-0.0149685,	-0.00247295,	-0.0122218,	-0.673257,	-0.187168,	-0.0206083,	-0.0550983,	-0.561408,	-0.32481,	-0.0214572,	-0.31768,	-0.5642,	0.63862,	-0.04312,	50501,	-264,	13,	-410,	50531,	132,	-49,	-131,	50521,	57,	-38,	-328,	
1,	15,	316844,	1.65255e+015,	3,	1,	-4,	-2,	-1,	0,	-1,	1,	1.65255e+009,	-0.510269,	-0.442288,	-0.245984,	-0.129853,	-0.53093,	-0.0672188,	-0.00998132,	0.0799361,	-0.515679,	-0.0149685,	-0.00247295,	-0.0122218,	-0.673257,	-0.187168,	-0.0206083,	-0.0550983,	-0.561408,	-0.32481,	-0.0214572,	-0.31768,	-0.5642,	0.63862,	-0.04312,	50511,	-264,	13,	-411,	50541,	131,	-49,	-131,	50531,	56,	-37,	-329,	
1,	15,	316907,	1.65255e+015,	-1,	4,	18,	4,	-4,	-2,	0,	-1,	1.65255e+009,	-0.510269,	-0.442288,	-0.245984,	-0.129853,	-0.53093,	-0.0672188,	-0.00998132,	0.0799361,	-0.515679,	-0.0149685,	-0.00247295,	-0.0122218,	-0.673257,	-0.187168,	-0.0206083,	-0.0550983,	-0.561408,	-0.32481,	-0.0214572,	-0.31768,	-0.5642,	0.63862,	-0.04312,	50521,	-263,	14,	-411,	50551,	133,	-50,	-131,	50541,	57,	-37,	-329,	
1,	15,	316969,	1.65255e+015,	-3,	-3,	4,	2,	-5,	-1,	-3,	-1,	1.65255e+009,	-0.510269,	-0.442288,	-0.245984,	-0.129853,	-0.53093,	-0.0672188,	-0.00998132,	0.0799361,	-0.515679,	-0.0149685,	-0.00247295,	-0.0122218,	-0.673257,	-0.187168,	-0.0206083,	-0.0550983,	-0.561408,	-0.32481,	-0.0214572,	-0.31768,	-0.5642,	0.63862,	-0.04312,	50531,	-262,	13,	-412,	50561,	133,	-50,	-132,	50551,	57,	-37,	-329,	
1,	15,	317032,	1.65255e+015,	-1,	-3,	5,	-2,	-2,	-3,	-1,	0,	1.65255e+009,	-0.510269,	-0.442288,	-0.245984,	-0.129853,	-0.53093,	-0.0672188,	-0.00998132,	0.0799361,	-0.515679,	-0.0149685,	-0.00247295,	-0.0122218,	-0.673257,	-0.187168,	-0.0206083,	-0.0550983,	-0.561408,	-0.32481,	-0.0214572,	-0.31768,	-0.5642,	0.63862,	-0.04312,	50541,	-262,	13,	-412,	50571,	132,	-49,	-132,	50561,	58,	-38,	-329,	
1,	15,	317110,	1.65255e+015,	-1,	3,	12,	3,	1,	-1,	1,	0,	1.65255e+009,	-0.510269,	-0.442288,	-0.245984,	-0.129853,	-0.53093,	-0.0672188,	-0.00998132,	0.0799361,	-0.515679,	-0.0149685,	-0.00247295,	-0.0122218,	-0.673257,	-0.187168,	-0.0206083,	-0.0550983,	-0.561408,	-0.32481,	-0.0214572,	-0.31768,	-0.5642,	0.63862,	-0.04312,	50551,	-262,	13,	-413,	50581,	132,	-49,	-132,	50571,	58,	-37,	-330,	
1,	15,	317172,	1.65255e+015,	-4,	-9,	-11,	-2,	1,	0,	-3,	-3,	1.65255e+009,	-0.510269,	-0.442288,	-0.245984,	-0.129853,	-0.53093,	-0.0672188,	-0.00998132,	0.0799361,	-0.515679,	-0.0149685,	-0.00247295,	-0.0122218,	-0.673257,	-0.187168,	-0.0206083,	-0.0550983,	-0.561408,	-0.32481,	-0.0214572,	-0.31768,	-0.5642,	0.63862,	-0.04312,	50561,	-263,	12,	-414,	50591,	133,	-49,	-132,	50581,	57,	-37,	-330,	
1,	15,	317250,	1.65255e+015,	2,	0,	2,	13,	-3,	-2,	0,	-1,	1.65255e+009,	-0.510269,	-0.442288,	-0.245984,	-0.129853,	-0.53093,	-0.0672188,	-0.00998132,	0.0799361,	-0.515679,	-0.0149685,	-0.00247295,	-0.0122218,	-0.673257,	-0.187168,	-0.0206083,	-0.0550983,	-0.561408,	-0.32481,	-0.0214572,	-0.31768,	-0.5642,	0.63862,	-0.04312,	50571,	-263,	12,	-414,	50601,	132,	-49,	-132,	50591,	57,	-37,	-329,	
2,	15,	317344,	1.65255e+015,	2,	0,	-9,	-1,	-1,	-2,	-1,	0,	1.65255e+009,	-0.510269,	-0.442288,	-0.245984,	-0.129853,	-0.53093,	-0.0672188,	-0.00998132,	0.0799361,	-0.515679,	-0.0149685,	-0.00247295,	-0.0122218,	-0.673257,	-0.187168,	-0.0206083,	-0.0550983,	-0.561408,	-0.32481,	-0.0214572,	-0.31768,	-0.5642,	0.63862,	-0.04312,	50581,	-263,	12,	-413,	50611,	132,	-49,	-132,	50601,	56,	-38,	-329,	
2,	15,	317422,	1.65255e+015,	3,	3,	-5,	5,	8,	2,	-1,	2,	1.65255e+009,	-0.510269,	-0.442288,	-0.245984,	-0.129853,	-0.53093,	-0.0672188,	-0.00998132,	0.0799361,	-0.515679,	-0.0149685,	-0.00247295,	-0.0122218,	-0.673257,	-0.187168,	-0.0206083,	-0.0550983,	-0.561408,	-0.32481,	-0.0214572,	-0.31768,	-0.5642,	0.63862,	-0.04312,	50591,	-263,	14,	-412,	50621,	132,	-49,	-132,	50611,	57,	-37,	-329,	
2,	15,	317500,	1.65255e+015,	1,	3,	20,	-5,	-7,	-6,	-2,	2,	1.65255e+009,	-0.510269,	-0.442288,	-0.245984,	-0.129853,	-0.53093,	-0.0672188,	-0.00998132,	0.0799361,	-0.515679,	-0.0149685,	-0.00247295,	-0.0122218,	-0.673257,	-0.187168,	-0.0206083,	-0.0550983,	-0.561408,	-0.32481,	-0.0214572,	-0.31768,	-0.5642,	0.63862,	-0.04312,	50601,	-263,	13,	-412,	50631,	132,	-49,	-132,	50621,	57,	-37,	-329,	
2,	15,	317579,	1.65255e+015,	-1,	-1,	-1,	-6,	5,	0,	1,	0,	1.65255e+009,	-0.510269,	-0.442288,	-0.245984,	-0.129853,	-0.53093,	-0.0672188,	-0.00998132,	0.0799361,	-0.515679,	-0.0149685,	-0.00247295,	-0.0122218,	-0.673257,	-0.187168,	-0.0206083,	-0.0550983,	-0.561408,	-0.32481,	-0.0214572,	-0.31768,	-0.5642,	0.63862,	-0.04312,	50611,	-262,	13,	-412,	50641,	132,	-49,	-132,	50631,	57,	-37,	-329,	
2,	15,	317657,	1.65255e+015,	0,	-1,	-7,	1,	2,	4,	0,	1,	1.65255e+009,	-0.510269,	-0.442288,	-0.245984,	-0.129853,	-0.53093,	-0.0672188,	-0.00998132,	0.0799361,	-0.515679,	-0.0149685,	-0.00247295,	-0.0122218,	-0.673257,	-0.187168,	-0.0206083,	-0.0550983,	-0.561408,	-0.32481,	-0.0214572,	-0.31768,	-0.5642,	0.63862,	-0.04312,	50621,	-263,	13,	-412,	50651,	132,	-48,	-132,	50641,	58,	-36,	-329,	
2,	15,	317735,	1.65255e+015,	-1,	2,	6,	5,	2,	1,	-17,	2,	1.65255e+009,	-0.510269,	-0.442288,	-0.245984,	-0.129853,	-0.53093,	-0.0672188,	-0.00998132,	0.0799361,	-0.515679,	-0.0149685,	-0.00247295,	-0.0122218,	-0.673257,	-0.187168,	-0.0206083,	-0.0550983,	-0.561408,	-0.32481,	-0.0214572,	-0.31768,	-0.5642,	0.63862,	-0.04312,	50631,	-263,	14,	-412,	50661,	133,	-48,	-132,	50651,	58,	-37,	-329,	
2,	15,	317813,	1.65255e+015,	-5,	-19,	-42,	-5,	-1,	-5,	-17,	-1,	1.65255e+009,	-0.510269,	-0.442288,	-0.245984,	-0.149565,	-0.53093,	-0.0672188,	-0.00998132,	0.0982834,	-0.515679,	-0.0149685,	-0.00247295,	-0.0182725,	-0.673257,	-0.187168,	-0.0206083,	-0.061149,	-0.561408,	-0.32481,	-0.0214572,	-0.335559,	-0.3549,	0.63862,	-0.04312,	50641,	-263,	13,	-412,	50671,	133,	-48,	-132,	50661,	58,	-36,	-329,	
2,	15,	317875,	1.65255e+015,	1,	11,	33,	9,	2,	30,	15,	2,	1.65255e+009,	-0.359969,	-0.565488,	-0.245984,	-0.198845,	-0.53093,	-0.0672188,	-0.00998132,	0.118558,	-0.515679,	-0.0149685,	-0.00247295,	-0.0113062,	-0.564842,	-0.187168,	-0.0206083,	-0.0955807,	-0.561408,	-0.273558,	-0.022558,	-0.36999,	-0.2093,	0.6041,	-0.04312,	50651,	-263,	13,	-413,	50681,	132,	-49,	-132,	50671,	57,	-36,	-329,	
2,	15,	317938,	1.65255e+015,	1,	11,	7,	-13,	3,	20,	-37,	-7,	1.65255e+009,	-0.254759,	-0.565488,	-0.245984,	-0.233341,	-0.53093,	-0.00611083,	-0.00102689,	0.126897,	-0.515679,	0.0648635,	0.0123731,	-0.0140565,	-0.564842,	-0.0984626,	-0.0136363,	-0.098331,	-0.561408,	-0.209493,	-0.0215699,	-0.372741,	-0.1729,	0.6041,	-0.04312,	50661,	-262,	13,	-413,	50691,	133,	-49,	-132,	50681,	58,	-36,	-329,	
2,	15,	318016,	1.65255e+015,	-3,	-19,	-44,	-11,	0,	25,	-62,	0,	1.65255e+009,	-0.164579,	-0.664048,	-0.245984,	-0.282621,	-0.53093,	-0.00611083,	-0.00102689,	0.139436,	-0.421059,	0.0648635,	0.0123731,	-0.0103901,	-0.456427,	-0.0097576,	-0.00162833,	-0.118321,	-0.473688,	-0.0557365,	-0.00848111,	-0.416386,	-0.1274,	0.56095,	-0.04312,	50671,	-263,	13,	-412,	50701,	133,	-49,	-132,	50691,	57,	-36,	-329,	
2,	15,	318079,	1.65255e+015,	-1,	8,	3,	-11,	-3,	-18,	-2,	5,	1.65255e+009,	-0.164579,	-0.540848,	-0.245984,	-0.282621,	-0.45085,	-0.00611083,	-0.00102689,	0.146769,	-0.326439,	0.0648635,	0.0123731,	-0.0030567,	-0.348012,	-0.0097576,	-0.00162833,	-0.140557,	-0.473688,	-0.0557365,	-0.00848111,	-0.438623,	-0.1274,	0.56095,	-0.04312,	50681,	-263,	13,	-412,	50711,	131,	-50,	-132,	50701,	58,	-37,	-329,	
2,	15,	318157,	1.65255e+015,	2,	25,	59,	2,	4,	-11,	-15,	-7,	1.65255e+009,	-0.164579,	-0.540848,	-0.245984,	-0.282621,	-0.386786,	-0.00611083,	-0.00102689,	0.152636,	-0.247589,	0.0648635,	0.0123731,	0.00280999,	-0.348012,	0.0612064,	0.0116039,	-0.158347,	-0.364038,	-0.0557365,	-0.00848111,	-0.456412,	-0.1274,	0.56095,	-0.04312,	50691,	-264,	14,	-411,	50721,	134,	-50,	-132,	50711,	58,	-37,	-328,	
2,	15,	318235,	1.65255e+015,	2,	4,	-2,	10,	5,	0,	-8,	-11,	1.65255e+009,	-0.164579,	-0.540848,	-0.245984,	-0.282621,	-0.386786,	-0.00611083,	-0.00102689,	0.152636,	-0.247589,	0.164653,	0.0366665,	0.00280999,	-0.348012,	0.0612064,	0.0116039,	-0.158347,	-0.364038,	-0.0557365,	-0.00848111,	-0.456412,	-0.1274,	0.56095,	-0.04312,	50701,	-264,	13,	-410,	50731,	133,	-49,	-132,	50721,	56,	-37,	-329,	
2,	15,	318297,	1.65255e+015,	-9,	-21,	58,	-5,	-3,	-10,	-2,	1,	1.65255e+009,	-0.164579,	-0.540848,	-0.31202,	-0.282621,	-0.386786,	0.0549972,	0.0103174,	0.152636,	-0.184509,	0.164653,	0.0366665,	0.00280999,	-0.348012,	0.0612064,	0.0116039,	-0.158347,	-0.364038,	-0.0557365,	-0.00848111,	-0.456412,	-0.1274,	0.56095,	-0.04312,	50711,	-265,	13,	-410,	50741,	133,	-49,	-131,	50731,	57,	-37,	-328,	
2,	15,	318375,	1.65255e+015,	3,	13,	17,	16,	-1,	13,	4,	-1,	1.65255e+009,	-0.164579,	-0.540848,	-0.31202,	-0.282621,	-0.386786,	0.0549972,	0.0103174,	0.152636,	-0.184509,	0.164653,	0.0366665,	0.00280999,	-0.348012,	0.0612064,	0.0116039,	-0.158347,	-0.364038,	-0.0557365,	-0.00848111,	-0.456412,	-0.1274,	0.56095,	-0.04312,	50721,	-265,	13,	-410,	50751,	132,	-49,	-131,	50741,	56,	-38,	-328,	
2,	15,	318438,	1.65255e+015,	-5,	-23,	9,	-13,	-3,	4,	4,	0,	1.65255e+009,	-0.164579,	-0.540848,	-0.31202,	-0.282621,	-0.386786,	0.0549972,	0.0103174,	0.152636,	-0.184509,	0.164653,	0.0366665,	0.00280999,	-0.348012,	0.0612064,	0.0116039,	-0.158347,	-0.364038,	0.00832848,	0.00143804,	-0.456412,	-0.1274,	0.56095,	-0.04312,	50731,	-264,	14,	-410,	50761,	131,	-49,	-131,	50751,	55,	-38,	-328,	
2,	15,	318516,	1.65255e+015,	-11,	-3,	36,	26,	-2,	-6,	27,	-9,	1.65255e+009,	-0.164579,	-0.540848,	-0.31202,	-0.282621,	-0.386786,	0.0549972,	0.0103174,	0.152636,	-0.184509,	0.164653,	0.0366665,	0.00280999,	-0.348012,	0.0612064,	0.0116039,	-0.158347,	-0.364038,	0.00832848,	0.00143804,	-0.456412,	-0.1274,	0.56095,	-0.04312,	50741,	-264,	14,	-410,	50771,	132,	-48,	-131,	50761,	56,	-38,	-328,	
2,	15,	318594,	1.65255e+015,	0,	-2,	-22,	-9,	2,	-1,	-32,	-1,	1.65255e+009,	-0.164579,	-0.540848,	-0.31202,	-0.282621,	-0.386786,	0.0549972,	0.0103174,	0.152636,	-0.184509,	0.164653,	0.0366665,	0.00280999,	-0.348012,	0.0612064,	0.0116039,	-0.158347,	-0.364038,	0.00832848,	0.00143804,	-0.456412,	-0.1274,	0.56095,	-0.04312,	50751,	-264,	13,	-410,	50781,	132,	-49,	-131,	50771,	57,	-38,	-328,	
2,	15,	318672,	1.65255e+015,	5,	0,	10,	15,	7,	26,	-11,	2,	1.65255e+009,	-0.164579,	-0.540848,	-0.31202,	-0.282621,	-0.386786,	0.0549972,	0.0103174,	0.152636,	-0.184509,	0.164653,	0.0366665,	0.00280999,	-0.348012,	0.0612064,	0.0116039,	-0.158347,	-0.364038,	0.00832848,	0.00143804,	-0.456412,	-0.1274,	0.56095,	-0.04312,	50761,	-264,	14,	-410,	50791,	134,	-48,	-131,	50781,	57,	-38,	-328,	
2,	15,	318750,	1.65255e+015,	-1,	-7,	-7,	3,	-3,	-60,	-48,	-14,	1.65255e+009,	-0.164579,	-0.540848,	-0.31202,	-0.282621,	-0.386786,	0.0549972,	0.0103174,	0.152636,	-0.184509,	0.164653,	0.0366665,	0.00280999,	-0.348012,	0.0612064,	0.0116039,	-0.158347,	-0.364038,	0.00832848,	0.00143804,	-0.456412,	-0.1274,	0.56095,	-0.04312,	50771,	-265,	13,	-410,	50801,	132,	-49,	-131,	50791,	56,	-37,	-328,	
2,	15,	318829,	1.65255e+015,	-4,	-46,	-26,	7,	3,	9,	-21,	-2,	1.65255e+009,	-0.164579,	-0.540848,	-0.31202,	-0.282621,	-0.386786,	0.0549972,	0.0103174,	0.159969,	-0.184509,	0.164653,	0.0366665,	0.0101433,	-0.348012,	0.0612064,	0.0116039,	-0.180583,	-0.364038,	0.00832848,	0.00143804,	-0.502305,	-0.1274,	0.56095,	-0.04312,	50781,	-264,	13,	-409,	50811,	132,	-48,	-130,	50801,	56,	-37,	-328,	
2,	15,	318907,	1.65255e+015,	1,	-10,	16,	3,	0,	6,	-7,	3,	1.65255e+009,	-0.104459,	-0.540848,	-0.31202,	-0.282621,	-0.386786,	0.0549972,	0.0103174,	0.159969,	-0.184509,	0.164653,	0.0366665,	0.0101433,	-0.348012,	0.0612064,	0.0116039,	-0.180583,	-0.364038,	0.00832848,	0.00143804,	-0.502305,	-0.1274,	0.56095,	-0.04312,	50791,	-265,	13,	-409,	50821,	130,	-49,	-131,	50811,	56,	-37,	-328,	
2,	15,	318985,	1.65255e+015,	7,	14,	12,	-6,	5,	24,	-23,	1,	1.65255e+009,	-0.104459,	-0.540848,	-0.31202,	-0.282621,	-0.386786,	0.0549972,	0.0103174,	0.159969,	-0.184509,	0.164653,	0.0366665,	0.0101433,	-0.348012,	0.0612064,	0.0116039,	-0.180583,	-0.364038,	0.00832848,	0.00143804,	-0.502305,	-0.1274,	0.56095,	-0.04312,	50801,	-264,	14,	-408,	50831,	132,	-49,	-130,	50821,	57,	-38,	-327,	
2,	15,	319063,	1.65255e+015,	0,	6,	-3,	-11,	1,	-27,	51,	12,	1.65255e+009,	-0.104459,	-0.540848,	-0.31202,	-0.282621,	-0.322722,	0.0549972,	0.0103174,	0.159969,	-0.184509,	0.164653,	0.0366665,	0.0101433,	-0.348012,	0.0612064,	0.0116039,	-0.180583,	-0.364038,	0.00832848,	0.00143804,	-0.502305,	-0.1274,	0.56095,	-0.04312,	50811,	-264,	15,	-408,	50841,	133,	-49,	-130,	50831,	57,	-37,	-328,	
2,	15,	319141,	1.65255e+015,	-4,	9,	19,	53,	-4,	-14,	6,	-10,	1.65255e+009,	-0.104459,	-0.540848,	-0.31202,	-0.282621,	-0.322722,	0.0549972,	0.0103174,	0.159969,	-0.184509,	0.164653,	0.0366665,	0.0101433,	-0.348012,	0.0612064,	0.0116039,	-0.180583,	-0.364038,	0.00832848,	0.00143804,	-0.502305,	-0.1274,	0.56095,	-0.04312,	50821,	-263,	14,	-408,	50851,	132,	-49,	-130,	50841,	56,	-38,	-328,	
2,	15,	319219,	1.65255e+015,	0,	2,	14,	0,	1,	-10,	14,	0,	1.65255e+009,	-0.104459,	-0.540848,	-0.31202,	-0.282621,	-0.322722,	0.0549972,	0.0103174,	0.159969,	-0.184509,	0.164653,	0.0366665,	0.0101433,	-0.348012,	0.0612064,	0.0116039,	-0.180583,	-0.364038,	0.00832848,	0.00143804,	-0.502305,	-0.1274,	0.56095,	-0.04312,	50831,	-264,	14,	-408,	50861,	132,	-49,	-131,	50851,	57,	-37,	-328,	
2,	15,	319297,	1.65255e+015,	-4,	1,	-6,	-13,	-1,	-1,	26,	-4,	1.65255e+009,	-0.104459,	-0.540848,	-0.31202,	-0.282621,	-0.322722,	0.0549972,	0.0103174,	0.159969,	-0.184509,	0.164653,	0.0366665,	0.0101433,	-0.348012,	0.0612064,	0.0116039,	-0.180583,	-0.364038,	0.00832848,	0.00143804,	-0.502305,	-0.1274,	0.56095,	-0.04312,	50841,	-264,	14,	-408,	50871,	132,	-49,	-131,	50861,	57,	-37,	-328,	
2,	15,	319375,	1.65255e+015,	-8,	-37,	-32,	-6,	-8,	1,	-7,	-4,	1.65255e+009,	-0.104459,	-0.540848,	-0.31202,	-0.282621,	-0.322722,	0.0549972,	0.0103174,	0.159969,	-0.184509,	0.164653,	0.0366665,	0.0101433,	-0.348012,	0.0612064,	0.0116039,	-0.180583,	-0.364038,	0.00832848,	0.00143804,	-0.502305,	-0.1274,	0.56095,	-0.04312,	50851,	-263,	14,	-409,	50881,	132,	-49,	-131,	50871,	58,	-37,	-328,	
2,	15,	319454,	1.65255e+015,	1,	-4,	-23,	-6,	0,	-2,	-5,	-2,	1.65255e+009,	-0.104459,	-0.540848,	-0.31202,	-0.282621,	-0.322722,	0.0549972,	0.0103174,	0.159969,	-0.184509,	0.164653,	0.0366665,	0.0101433,	-0.348012,	0.0612064,	0.0116039,	-0.180583,	-0.364038,	0.00832848,	0.00143804,	-0.502305,	-0.1274,	0.56095,	-0.04312,	50861,	-264,	13,	-409,	50891,	131,	-49,	-131,	50881,	56,	-38,	-328,	
2,	15,	319532,	1.65255e+015,	3,	-3,	-3,	-9,	-1,	3,	0,	0,	1.65255e+009,	-0.104459,	-0.540848,	-0.31202,	-0.282621,	-0.322722,	0.0549972,	0.0103174,	0.159969,	-0.184509,	0.164653,	0.0366665,	0.0101433,	-0.348012,	0.0612064,	0.0116039,	-0.180583,	-0.364038,	0.00832848,	0.00143804,	-0.502305,	-0.1274,	0.56095,	-0.04312,	50871,	-264,	14,	-409,	50901,	131,	-49,	-132,	50891,	57,	-37,	-328,	
2,	15,	319610,	1.65255e+015,	-6,	-15,	-31,	-18,	-2,	-3,	-15,	1,	1.65255e+009,	-0.104459,	-0.540848,	-0.31202,	-0.282621,	-0.322722,	0.0549972,	0.0103174,	0.159969,	-0.184509,	0.164653,	0.0366665,	0.0101433,	-0.348012,	0.0612064,	0.0116039,	-0.180583,	-0.364038,	0.00832848,	0.00143804,	-0.502305,	-0.1274,	0.56095,	-0.04312,	50881,	-263,	14,	-410,	50911,	132,	-48,	-131,	50901,	57,	-37,	-328,	
2,	15,	319688,	1.65255e+015,	-4,	-2,	13,	-16,	2,	4,	-4,	0,	1.65255e+009,	-0.104459,	-0.540848,	-0.31202,	-0.282621,	-0.322722,	0.0549972,	0.0103174,	0.159969,	-0.184509,	0.164653,	0.0366665,	0.0101433,	-0.348012,	0.0612064,	0.0116039,	-0.180583,	-0.364038,	0.00832848,	0.00143804,	-0.502305,	-0.1274,	0.56095,	-0.04312,	50891,	-264,	12,	-409,	50921,	132,	-49,	-131,	50911,	56,	-38,	-328,	
2,	15,	319766,	1.65255e+015,	1,	-8,	1,	-1,	1,	-13,	-13,	6,	1.65255e+009,	-0.104459,	-0.540848,	-0.31202,	-0.282621,	-0.322722,	0.0549972,	0.0103174,	0.159969,	-0.184509,	0.164653,	0.0366665,	0.0101433,	-0.348012,	0.0612064,	0.0116039,	-0.180583,	-0.364038,	0.00832848,	0.00143804,	-0.502305,	-0.1274,	0.56095,	-0.04312,	50901,	-264,	14,	-409,	50931,	132,	-48,	-131,	50921,	57,	-36,	-328,	
2,	15,	319844,	1.65255e+015,	5,	0,	-8,	0,	3,	-12,	0,	8,	1.65255e+009,	-0.104459,	-0.540848,	-0.31202,	-0.282621,	-0.322722,	0.0549972,	0.0103174,	0.159969,	-0.184509,	0.164653,	0.0366665,	0.0101433,	-0.348012,	0.0612064,	0.0116039,	-0.180583,	-0.364038,	0.00832848,	0.00143804,	-0.502305,	-0.1274,	0.56095,	-0.04312,	50911,	-264,	14,	-409,	50941,	132,	-49,	-131,	50931,	57,	-38,	-328,	
2,	15,	319922,	1.65255e+015,	-4,	-30,	-46,	-1,	-1,	14,	0,	4,	1.65255e+009,	-0.104459,	-0.540848,	-0.31202,	-0.282621,	-0.322722,	0.0549972,	0.0103174,	0.159969,	-0.184509,	0.164653,	0.0366665,	0.0101433,	-0.348012,	0.0612064,	0.0116039,	-0.180583,	-0.364038,	0.00832848,	0.00143804,	-0.502305,	-0.1274,	0.56095,	-0.04312,	50921,	-263,	14,	-410,	50951,	133,	-48,	-132,	50941,	57,	-37,	-328,	
2,	15,	320016,	1.65255e+015,	0,	3,	17,	13,	4,	15,	2,	2,	1.65255e+009,	-0.104459,	-0.540848,	-0.31202,	-0.282621,	-0.322722,	0.0549972,	0.0103174,	0.159969,	-0.184509,	0.164653,	0.0366665,	0.0101433,	-0.348012,	0.0612064,	0.0116039,	-0.180583,	-0.364038,	0.00832848,	0.00143804,	-0.502305,	-0.1274,	0.56095,	-0.04312,	50931,	-264,	13,	-410,	50961,	133,	-48,	-132,	50951,	58,	-37,	-328,	
2,	15,	320094,	1.65255e+015,	-6,	-29,	-16,	14,	-7,	-11,	-7,	-9,	1.65255e+009,	-0.104459,	-0.540848,	-0.31202,	-0.282621,	-0.322722,	0.0549972,	0.0103174,	0.159969,	-0.184509,	0.164653,	0.0366665,	0.0101433,	-0.348012,	0.0612064,	0.0116039,	-0.180583,	-0.364038,	0.00832848,	0.00143804,	-0.502305,	-0.1274,	0.56095,	-0.04312,	50941,	-263,	13,	-410,	50971,	132,	-48,	-132,	50961,	58,	-38,	-328,	
2,	15,	320172,	1.65255e+015,	1,	0,	10,	0,	-4,	-2,	13,	0,	1.65255e+009,	-0.104459,	-0.540848,	-0.31202,	-0.282621,	-0.322722,	0.0549972,	0.0103174,	0.159969,	-0.184509,	0.164653,	0.0366665,	0.0101433,	-0.348012,	0.0612064,	0.0116039,	-0.180583,	-0.364038,	0.00832848,	0.00143804,	-0.502305,	-0.1274,	0.56095,	-0.04312,	50951,	-263,	13,	-410,	50981,	132,	-49,	-132,	50971,	57,	-37,	-328,	
2,	15,	320250,	1.65255e+015,	1,	0,	-15,	-2,	-2,	1,	-22,	4,	1.65255e+009,	-0.104459,	-0.540848,	-0.31202,	-0.282621,	-0.322722,	0.0549972,	0.0103174,	0.159969,	-0.184509,	0.164653,	0.0366665,	0.0101433,	-0.348012,	0.0612064,	0.0116039,	-0.180583,	-0.364038,	0.00832848,	0.00143804,	-0.502305,	-0.1274,	0.56095,	-0.04312,	50961,	-263,	13,	-410,	50991,	132,	-49,	-132,	50981,	56,	-38,	-328,	
2,	15,	320329,	1.65255e+015,	10,	-21,	-10,	-18,	0,	5,	-5,	3,	1.65255e+009,	-0.104459,	-0.540848,	-0.31202,	-0.282621,	-0.322722,	0.0549972,	0.0103174,	0.159969,	-0.184509,	0.164653,	0.0366665,	0.0101433,	-0.348012,	0.0612064,	0.0116039,	-0.180583,	-0.364038,	0.00832848,	0.00143804,	-0.502305,	-0.1274,	0.56095,	-0.04312,	50971,	-264,	13,	-410,	51001,	133,	-47,	-131,	50991,	57,	-37,	-328,	
2,	15,	320407,	1.65255e+015,	-12,	-4,	-9,	-15,	-9,	-11,	24,	8,	1.65255e+009,	-0.104459,	-0.540848,	-0.31202,	-0.282621,	-0.322722,	0.0549972,	0.0103174,	0.159969,	-0.184509,	0.164653,	0.0366665,	0.0101433,	-0.348012,	0.0612064,	0.0116039,	-0.180583,	-0.364038,	0.00832848,	0.00143804,	-0.502305,	-0.091,	0.56095,	-0.04312,	50981,	-264,	13,	-410,	51011,	132,	-49,	-132,	51001,	56,	-38,	-328,	
2,	15,	320485,	1.65255e+015,	-3,	-6,	-18,	-4,	1,	6,	-3,	5,	1.65255e+009,	-0.104459,	-0.540848,	-0.31202,	-0.282621,	-0.322722,	0.0549972,	0.0103174,	0.159969,	-0.184509,	0.164653,	0.0366665,	0.0101433,	-0.348012,	0.0612064,	0.0116039,	-0.180583,	-0.364038,	0.00832848,	0.00143804,	-0.502305,	-0.091,	0.56095,	-0.04312,	50991,	-264,	13,	-410,	51021,	132,	-49,	-131,	51011,	56,	-37,	-328,	
2,	15,	320563,	1.65255e+015,	-4,	-3,	13,	6,	2,	19,	0,	-1,	1.65255e+009,	-0.104459,	-0.540848,	-0.31202,	-0.282621,	-0.322722,	0.0549972,	0.0103174,	0.154103,	-0.184509,	0.164653,	0.0366665,	0.00427666,	-0.348012,	0.0612064,	0.0116039,	-0.162794,	-0.364038,	0.00832848,	0.00143804,	-0.484515,	-0.1365,	0.56095,	-0.04312,	51001,	-263,	12,	-410,	51031,	132,	-49,	-132,	51021,	57,	-37,	-328,	
2,	15,	320641,	1.65255e+015,	1,	1,	1,	-22,	0,	-4,	-2,	-1,	1.65255e+009,	-0.164579,	-0.540848,	-0.31202,	-0.262909,	-0.322722,	0.0549972,	0.0103174,	0.140097,	-0.263359,	0.164653,	0.0366665,	-0.000856445,	-0.348012,	0.0612064,	0.0116039,	-0.138357,	-0.364038,	-0.0557365,	-0.00848111,	-0.430509,	-0.2093,	0.56095,	-0.04312,	51011,	-263,	12,	-410,	51041,	131,	-49,	-132,	51031,	57,	-38,	-328,	
2,	15,	320719,	1.65255e+015,	-1,	-5,	-13,	-93,	-4,	-2,	0,	-1,	1.65255e+009,	-0.480209,	-0.540848,	-0.31202,	-0.144637,	-0.53093,	-0.00611083,	-0.00102689,	0.131758,	-0.452599,	0.0648635,	0.0123731,	0.00189388,	-0.564842,	-0.0807216,	-0.0116376,	-0.135607,	-0.473688,	-0.260745,	-0.0225705,	-0.427758,	-0.3276,	0.6041,	-0.04312,	51021,	-264,	13,	-410,	51051,	132,	-48,	-132,	51041,	58,	-37,	-328,	
2,	15,	320797,	1.65255e+015,	1,	-1,	10,	2,	2,	1,	0,	0,	1.65255e+009,	-0.615479,	-0.540848,	-0.31202,	-0.0953568,	-0.69109,	-0.0672188,	-0.00998132,	0.124424,	-0.736459,	-0.0149685,	-0.00247295,	-0.00543948,	-0.673257,	-0.169427,	-0.0196168,	-0.11337,	-0.473688,	-0.260745,	-0.0225705,	-0.405522,	-0.3822,	0.6041,	-0.04312,	51031,	-264,	13,	-411,	51061,	132,	-48,	-132,	51051,	57,	-38,	-328,	
2,	15,	320875,	1.65255e+015,	-1,	-7,	-8,	3,	0,	-1,	-1,	1,	1.65255e+009,	-0.615479,	-0.540848,	-0.31202,	-0.0855008,	-0.69109,	-0.0672188,	-0.00998132,	0.124424,	-0.736459,	-0.0149685,	-0.00247295,	-0.00543948,	-0.673257,	-0.169427,	-0.0196168,	-0.11337,	-0.583338,	-0.311997,	-0.02189,	-0.405522,	-0.4277,	0.6041,	-0.04312,	51041,	-262,	13,	-410,	51071,	132,	-48,	-132,	51061,	58,	-37,	-328,	
2,	15,	320954,	1.65255e+015,	-1,	2,	35,	23,	-1,	-1,	0,	-1,	1.65255e+009,	-0.615479,	-0.540848,	-0.31202,	-0.0855008,	-0.755154,	-0.143604,	-0.0178136,	0.124424,	-0.799539,	-0.0948005,	-0.0132402,	-0.00543948,	-0.673257,	-0.240391,	-0.0223744,	-0.11337,	-0.583338,	-0.363249,	-0.0195284,	-0.405522,	-0.4277,	0.6041,	-0.04312,	51051,	-263,	12,	-410,	51081,	132,	-48,	-131,	51071,	57,	-37,	-328,	
2,	15,	321032,	1.65255e+015,	-1,	3,	11,	-6,	0,	-3,	-1,	-2,	1.65255e+009,	-0.690629,	-0.540848,	-0.31202,	-0.0855008,	-0.755154,	-0.143604,	-0.0178136,	0.124424,	-0.799539,	-0.0948005,	-0.0132402,	-0.00543948,	-0.673257,	-0.240391,	-0.0223744,	-0.11337,	-0.583338,	-0.363249,	-0.0195284,	-0.405522,	-0.4277,	0.6041,	-0.04312,	51061,	-264,	13,	-410,	51091,	131,	-48,	-132,	51081,	57,	-37,	-328,	
2,	15,	321110,	1.65255e+015,	1,	0,	-24,	-8,	0,	-1,	0,	-1,	1.65255e+009,	-0.690629,	-0.540848,	-0.31202,	-0.0855008,	-0.755154,	-0.143604,	-0.0178136,	0.124424,	-0.799539,	-0.0948005,	-0.0132402,	-0.00543948,	-0.673257,	-0.240391,	-0.0223744,	-0.11337,	-0.583338,	-0.363249,	-0.0195284,	-0.405522,	-0.4277,	0.6041,	-0.04312,	51071,	-264,	13,	-410,	51101,	132,	-48,	-131,	51091,	57,	-37,	-328,	
2,	15,	321188,	1.65255e+015,	-1,	-5,	-5,	14,	-1,	-2,	-1,	-2,	1.65255e+009,	-0.690629,	-0.540848,	-0.31202,	-0.0855008,	-0.755154,	-0.143604,	-0.0178136,	0.124424,	-0.799539,	-0.0948005,	-0.0132402,	-0.00543948,	-0.673257,	-0.240391,	-0.0223744,	-0.11337,	-0.583338,	-0.363249,	-0.0195284,	-0.405522,	-0.4277,	0.6041,	-0.04312,	51081,	-264,	13,	-410,	51111,	131,	-48,	-131,	51101,	57,	-37,	-328,	
2,	15,	321266,	1.65255e+015,	0,	-3,	-6,	7,	-3,	-3,	-1,	1,	1.65255e+009,	-0.690629,	-0.540848,	-0.31202,	-0.0855008,	-0.755154,	-0.143604,	-0.0178136,	0.124424,	-0.799539,	-0.0948005,	-0.0132402,	-0.00543948,	-0.673257,	-0.240391,	-0.0223744,	-0.11337,	-0.583338,	-0.363249,	-0.0195284,	-0.405522,	-0.4277,	0.6041,	-0.04312,	51091,	-263,	13,	-409,	51121,	132,	-48,	-131,	51111,	57,	-36,	-328,	
2,	15,	321344,	1.65255e+015,	-1,	3,	-7,	-8,	-1,	-3,	-1,	-1,	1.65255e+009,	-0.690629,	-0.540848,	-0.31202,	-0.0855008,	-0.755154,	-0.143604,	-0.0178136,	0.124424,	-0.799539,	-0.0948005,	-0.0132402,	-0.00543948,	-0.673257,	-0.240391,	-0.0223744,	-0.11337,	-0.583338,	-0.363249,	-0.0195284,	-0.405522,	-0.4277,	0.6041,	-0.04312,	51101,	-264,	13,	-408,	51131,	133,	-48,	-131,	51121,	57,	-36,	-328,	
2,	15,	321422,	1.65255e+015,	-1,	-1,	-3,	-1,	2,	1,	-2,	-2,	1.65255e+009,	-0.690629,	-0.540848,	-0.31202,	-0.0855008,	-0.755154,	-0.143604,	-0.0178136,	0.124424,	-0.799539,	-0.0948005,	-0.0132402,	-0.00543948,	-0.673257,	-0.240391,	-0.0223744,	-0.11337,	-0.583338,	-0.363249,	-0.0195284,	-0.405522,	-0.4277,	0.6041,	-0.04312,	51111,	-264,	14,	-408,	51141,	132,	-49,	-131,	51131,	57,	-37,	-328,	
2,	15,	321485,	1.65255e+015,	-1,	-3,	-7,	8,	0,	-2,	0,	0,	1.65255e+009,	-0.690629,	-0.540848,	-0.31202,	-0.0855008,	-0.755154,	-0.143604,	-0.0178136,	0.124424,	-0.799539,	-0.0948005,	-0.0132402,	-0.00543948,	-0.673257,	-0.240391,	-0.0223744,	-0.11337,	-0.583338,	-0.363249,	-0.0195284,	-0.405522,	-0.4277,	0.6041,	-0.04312,	51121,	-265,	14,	-409,	51151,	131,	-48,	-132,	51141,	57,	-37,	-328,	
2,	15,	321547,	1.65255e+015,	-5,	-9,	-2,	-7,	2,	2,	-1,	-1,	1.65255e+009,	-0.690629,	-0.540848,	-0.31202,	-0.0855008,	-0.755154,	-0.143604,	-0.0178136,	0.124424,	-0.799539,	-0.0948005,	-0.0132402,	-0.00543948,	-0.673257,	-0.240391,	-0.0223744,	-0.11337,	-0.583338,	-0.363249,	-0.0195284,	-0.405522,	-0.4277,	0.6041,	-0.04312,	51131,	-263,	14,	-409,	51161,	132,	-49,	-132,	51151,	56,	-38,	-328,	
2,	15,	321610,	1.65255e+015,	-2,	-11,	-2,	3,	-1,	-1,	-1,	1,	1.65255e+009,	-0.690629,	-0.540848,	-0.31202,	-0.0855008,	-0.755154,	-0.143604,	-0.0178136,	0.124424,	-0.799539,	-0.0948005,	-0.0132402,	-0.00543948,	-0.673257,	-0.240391,	-0.0223744,	-0.11337,	-0.583338,	-0.363249,	-0.0195284,	-0.405522,	-0.4277,	0.6041,	-0.04312,	51141,	-264,	14,	-408,	51171,	132,	-48,	-132,	51161,	57,	-36,	-328,	
2,	15,	321672,	1.65255e+015,	0,	6,	4,	11,	-2,	-1,	0,	-1,	1.65255e+009,	-0.690629,	-0.540848,	-0.31202,	-0.0855008,	-0.755154,	-0.143604,	-0.0178136,	0.124424,	-0.799539,	-0.0948005,	-0.0132402,	-0.00543948,	-0.673257,	-0.240391,	-0.0223744,	-0.11337,	-0.583338,	-0.363249,	-0.0195284,	-0.405522,	-0.4277,	0.6041,	-0.04312,	51151,	-264,	13,	-409,	51181,	131,	-48,	-132,	51171,	57,	-38,	-328,	
2,	15,	321735,	1.65255e+015,	0,	-4,	9,	9,	0,	1,	0,	1,	1.65255e+009,	-0.690629,	-0.540848,	-0.31202,	-0.0855008,	-0.755154,	-0.143604,	-0.0178136,	0.124424,	-0.799539,	-0.0948005,	-0.0132402,	-0.00543948,	-0.673257,	-0.240391,	-0.0223744,	-0.11337,	-0.583338,	-0.363249,	-0.0195284,	-0.405522,	-0.4277,	0.6041,	-0.04312,	51161,	-264,	14,	-409,	51191,	132,	-48,	-132,	51181,	58,	-37,	-328,	
2,	15,	321813,	1.65255e+015,	-4,	-1,	11,	10,	-3,	-2,	-1,	-2,	1.65255e+009,	-0.690629,	-0.540848,	-0.31202,	-0.0855008,	-0.755154,	-0.143604,	-0.0178136,	0.124424,	-0.799539,	-0.0948005,	-0.0132402,	-0.00543948,	-0.673257,	-0.240391,	-0.0223744,	-0.11337,	-0.583338,	-0.363249,	-0.0195284,	-0.405522,	-0.4277,	0.6041,	-0.04312,	51171,	-264,	12,	-409,	51201,	132,	-48,	-132,	51191,	56,	-37,	-329,	
2,	15,	321875,	1.65255e+015,	1,	-1,	0,	3,	8,	6,	-1,	-1,	1.65255e+009,	-0.690629,	-0.540848,	-0.31202,	-0.0855008,	-0.755154,	-0.143604,	-0.0178136,	0.124424,	-0.799539,	-0.0948005,	-0.0132402,	-0.00543948,	-0.673257,	-0.311355,	-0.0219089,	-0.11337,	-0.583338,	-0.363249,	-0.0195284,	-0.405522,	-0.4277,	0.6041,	-0.04312,	51181,	-264,	13,	-410,	51211,	132,	-49,	-132,	51201,	57,	-36,	-329,	
2,	15,	321954,	1.65255e+015,	-3,	1,	13,	28,	1,	-2,	-2,	-2,	1.65255e+009,	-0.690629,	-0.540848,	-0.31202,	-0.0855008,	-0.755154,	-0.143604,	-0.0178136,	0.124424,	-0.799539,	-0.0948005,	-0.0132402,	-0.00543948,	-0.673257,	-0.311355,	-0.0219089,	-0.11337,	-0.583338,	-0.363249,	-0.0195284,	-0.405522,	-0.4277,	0.6041,	-0.04312,	51191,	-265,	13,	-410,	51221,	133,	-49,	-132,	51211,	57,	-37,	-329,	
2,	15,	322016,	1.65255e+015,	-3,	-10,	-3,	-24,	-5,	0,	-2,	-2,	1.65255e+009,	-0.690629,	-0.540848,	-0.31202,	-0.0855008,	-0.755154,	-0.143604,	-0.0178136,	0.124424,	-0.799539,	-0.0948005,	-0.0132402,	-0.00543948,	-0.673257,	-0.311355,	-0.0219089,	-0.11337,	-0.583338,	-0.363249,	-0.0195284,	-0.405522,	-0.4277,	0.6041,	-0.04312,	51201,	-264,	14,	-410,	51231,	131,	-50,	-133,	51221,	57,	-37,	-329,	
2,	15,	322094,	1.65255e+015,	-1,	-6,	-14,	-4,	-2,	-2,	-2,	-2,	1.65255e+009,	-0.690629,	-0.540848,	-0.31202,	-0.0855008,	-0.755154,	-0.143604,	-0.0178136,	0.124424,	-0.799539,	-0.0948005,	-0.0132402,	-0.00543948,	-0.673257,	-0.311355,	-0.0219089,	-0.11337,	-0.583338,	-0.363249,	-0.0195284,	-0.405522,	-0.4277,	0.6041,	-0.04312,	51211,	-264,	14,	-411,	51241,	131,	-49,	-133,	51231,	57,	-36,	-329,	
2,	15,	322172,	1.65255e+015,	1,	2,	20,	16,	-3,	-4,	0,	1,	1.65255e+009,	-0.690629,	-0.540848,	-0.31202,	-0.0855008,	-0.755154,	-0.143604,	-0.0178136,	0.124424,	-0.799539,	-0.0948005,	-0.0132402,	-0.00543948,	-0.673257,	-0.311355,	-0.0219089,	-0.11337,	-0.583338,	-0.363249,	-0.0195284,	-0.405522,	-0.4277,	0.6041,	-0.04312,	51221,	-264,	12,	-411,	51251,	131,	-49,	-133,	51241,	57,	-36,	-329,	
2,	15,	322235,	1.65255e+015,	-1,	12,	7,	13,	1,	-2,	-2,	-1,	1.65255e+009,	-0.690629,	-0.540848,	-0.31202,	-0.0855008,	-0.755154,	-0.143604,	-0.0178136,	0.124424,	-0.799539,	-0.0948005,	-0.0132402,	-0.00543948,	-0.673257,	-0.311355,	-0.0219089,	-0.11337,	-0.583338,	-0.363249,	-0.0195284,	-0.405522,	-0.4277,	0.6041,	-0.04312,	51231,	-262,	14,	-411,	51261,	131,	-48,	-132,	51251,	58,	-36,	-329,	
2,	15,	322313,	1.65255e+015,	-1,	4,	14,	21,	7,	3,	0,	-2,	1.65255e+009,	-0.690629,	-0.540848,	-0.31202,	-0.0855008,	-0.755154,	-0.143604,	-0.0178136,	0.124424,	-0.799539,	-0.0948005,	-0.0132402,	-0.00543948,	-0.673257,	-0.311355,	-0.0219089,	-0.11337,	-0.583338,	-0.363249,	-0.0195284,	-0.405522,	-0.4277,	0.6041,	-0.04312,	51241,	-264,	13,	-411,	51271,	132,	-48,	-133,	51261,	57,	-36,	-329,	
2,	15,	322375,	1.65255e+015,	1,	-5,	-6,	2,	-5,	-4,	-1,	-1,	1.65255e+009,	-0.690629,	-0.540848,	-0.31202,	-0.0855008,	-0.755154,	-0.143604,	-0.0178136,	0.124424,	-0.799539,	-0.0948005,	-0.0132402,	-0.00543948,	-0.673257,	-0.311355,	-0.0219089,	-0.11337,	-0.583338,	-0.363249,	-0.0195284,	-0.405522,	-0.4277,	0.6041,	-0.04312,	51251,	-264,	13,	-410,	51281,	132,	-49,	-133,	51271,	58,	-38,	-329,	
2,	15,	322454,	1.65255e+015,	1,	2,	-12,	-40,	2,	8,	4,	1,	1.65255e+009,	-0.690629,	-0.540848,	-0.31202,	-0.0855008,	-0.755154,	-0.143604,	-0.0178136,	0.124424,	-0.799539,	-0.0948005,	-0.0132402,	-0.00543948,	-0.673257,	-0.311355,	-0.0219089,	-0.11337,	-0.583338,	-0.363249,	-0.0195284,	-0.405522,	-0.4277,	0.6041,	-0.04312,	51261,	-263,	13,	-410,	51291,	132,	-48,	-132,	51281,	58,	-36,	-329,	
2,	15,	322532,	1.65255e+015,	-2,	-7,	-13,	3,	-2,	-2,	-1,	0,	1.65255e+009,	-0.690629,	-0.540848,	-0.31202,	-0.0855008,	-0.755154,	-0.143604,	-0.0178136,	0.124424,	-0.799539,	-0.0948005,	-0.0132402,	-0.00543948,	-0.673257,	-0.311355,	-0.0219089,	-0.11337,	-0.583338,	-0.363249,	-0.0195284,	-0.405522,	-0.4277,	0.6041,	-0.04312,	51271,	-264,	13,	-409,	51301,	132,	-49,	-133,	51291,	57,	-37,	-329,	
