1,	4,	339047,	1.65255e+015,	0,	1,	6,	4,	1,	0,	0,	1,	1.65255e+009,	-0.855959,	-0.491568,	-0.31202,	-0.0756448,	-0.739138,	-0.143604,	-0.0178136,	0.106882,	-0.799539,	-0.0948005,	-0.0132402,	-0.00745572,	-0.759989,	-0.240391,	-0.0223744,	-0.0917302,	-0.583338,	-0.363249,	-0.0195284,	-0.372054,	-0.5187,	0.63862,	-0.0588,	7495,	-419,	-5,	-139,	7525,	107,	-53,	-57,	7505,	-1,	-97,	-164,	
1,	4,	339125,	1.65255e+015,	0,	1,	14,	1,	-5,	-7,	-2,	-1,	1.65255e+009,	-0.855959,	-0.491568,	-0.31202,	-0.0756448,	-0.739138,	-0.143604,	-0.0178136,	0.106882,	-0.799539,	-0.0948005,	-0.0132402,	-0.00745572,	-0.759989,	-0.240391,	-0.0223744,	-0.0917302,	-0.583338,	-0.363249,	-0.0195284,	-0.372054,	-0.5187,	0.63862,	-0.0588,	7505,	-416,	-5,	-145,	7535,	107,	-51,	-58,	7515,	0,	-95,	-165,	
1,	4,	339204,	1.65255e+015,	-2,	0,	6,	-8,	0,	0,	-2,	-1,	1.65255e+009,	-0.855959,	-0.491568,	-0.31202,	-0.0756448,	-0.739138,	-0.143604,	-0.0178136,	0.106882,	-0.799539,	-0.0948005,	-0.0132402,	-0.00745572,	-0.759989,	-0.240391,	-0.0223744,	-0.0917302,	-0.583338,	-0.363249,	-0.0195284,	-0.372054,	-0.5187,	0.63862,	-0.0588,	7515,	-410,	-5,	-152,	7545,	107,	-50,	-61,	7525,	0,	-93,	-168,	
1,	4,	339282,	1.65255e+015,	3,	3,	-7,	0,	-5,	0,	-1,	1,	1.65255e+009,	-0.855959,	-0.491568,	-0.31202,	-0.0756448,	-0.739138,	-0.143604,	-0.0178136,	0.106882,	-0.799539,	-0.0948005,	-0.0132402,	-0.00745572,	-0.759989,	-0.240391,	-0.0223744,	-0.0917302,	-0.583338,	-0.363249,	-0.0195284,	-0.372054,	-0.5187,	0.63862,	-0.0588,	7525,	-402,	-6,	-165,	7555,	107,	-49,	-64,	7535,	0,	-91,	-172,	
1,	4,	339360,	1.65255e+015,	-3,	-10,	-17,	0,	-1,	-1,	0,	-1,	1.65255e+009,	-0.855959,	-0.491568,	-0.31202,	-0.0756448,	-0.739138,	-0.143604,	-0.0178136,	0.106882,	-0.799539,	-0.0948005,	-0.0132402,	-0.00745572,	-0.759989,	-0.240391,	-0.0223744,	-0.0917302,	-0.583338,	-0.363249,	-0.0195284,	-0.372054,	-0.5187,	0.63862,	-0.0588,	7535,	-395,	-7,	-178,	7565,	107,	-48,	-69,	7545,	1,	-87,	-177,	
1,	4,	339438,	1.65255e+015,	-1,	-6,	3,	-1,	4,	-2,	0,	-2,	1.65255e+009,	-0.855959,	-0.491568,	-0.31202,	-0.0756448,	-0.739138,	-0.143604,	-0.0178136,	0.106882,	-0.799539,	-0.0948005,	-0.0132402,	-0.00745572,	-0.759989,	-0.240391,	-0.0223744,	-0.0917302,	-0.583338,	-0.363249,	-0.0195284,	-0.372054,	-0.5187,	0.63862,	-0.0588,	7545,	-385,	-10,	-193,	7575,	108,	-48,	-74,	7555,	4,	-84,	-184,	
1,	4,	339516,	1.65255e+015,	-2,	-6,	-7,	-2,	-7,	-5,	-2,	-1,	1.65255e+009,	-0.855959,	-0.491568,	-0.31202,	-0.0756448,	-0.739138,	-0.143604,	-0.0178136,	0.106882,	-0.799539,	-0.0948005,	-0.0132402,	-0.00745572,	-0.759989,	-0.240391,	-0.0223744,	-0.0917302,	-0.583338,	-0.363249,	-0.0195284,	-0.372054,	-0.5187,	0.63862,	-0.0588,	7555,	-375,	-11,	-209,	7585,	108,	-48,	-79,	7565,	7,	-79,	-192,	
1,	4,	339594,	1.65255e+015,	0,	-5,	9,	-3,	-3,	-1,	0,	0,	1.65255e+009,	-0.855959,	-0.491568,	-0.31202,	-0.0756448,	-0.739138,	-0.143604,	-0.0178136,	0.106882,	-0.799539,	-0.0948005,	-0.0132402,	-0.00745572,	-0.759989,	-0.240391,	-0.0223744,	-0.0917302,	-0.583338,	-0.363249,	-0.0195284,	-0.372054,	-0.5187,	0.63862,	-0.0588,	7565,	-367,	-12,	-224,	7595,	110,	-48,	-84,	7575,	10,	-78,	-201,	
1,	4,	339672,	1.65255e+015,	3,	3,	-7,	-3,	4,	3,	0,	-2,	1.65255e+009,	-0.855959,	-0.491568,	-0.31202,	-0.0756448,	-0.739138,	-0.143604,	-0.0178136,	0.106882,	-0.799539,	-0.0948005,	-0.0132402,	-0.00745572,	-0.759989,	-0.240391,	-0.0223744,	-0.0917302,	-0.583338,	-0.363249,	-0.0195284,	-0.372054,	-0.5187,	0.63862,	-0.0588,	7575,	-360,	-11,	-235,	7605,	111,	-48,	-87,	7585,	14,	-75,	-208,	
1,	4,	339750,	1.65255e+015,	-3,	-1,	25,	6,	-6,	-1,	-1,	-3,	1.65255e+009,	-0.855959,	-0.491568,	-0.31202,	-0.0756448,	-0.739138,	-0.143604,	-0.0178136,	0.106882,	-0.799539,	-0.0948005,	-0.0132402,	-0.00745572,	-0.759989,	-0.240391,	-0.0223744,	-0.0917302,	-0.583338,	-0.363249,	-0.0195284,	-0.372054,	-0.5187,	0.63862,	-0.0588,	7585,	-353,	-13,	-244,	7615,	110,	-49,	-89,	7595,	17,	-72,	-215,	
1,	4,	339829,	1.65255e+015,	1,	0,	-18,	1,	-6,	-1,	-1,	0,	1.65255e+009,	-0.855959,	-0.491568,	-0.31202,	-0.0756448,	-0.739138,	-0.143604,	-0.0178136,	0.106882,	-0.799539,	-0.0948005,	-0.0132402,	-0.00745572,	-0.759989,	-0.240391,	-0.0223744,	-0.0917302,	-0.583338,	-0.363249,	-0.0195284,	-0.372054,	-0.5187,	0.63862,	-0.0588,	7595,	-350,	-14,	-247,	7625,	111,	-49,	-88,	7605,	17,	-71,	-218,	
1,	4,	339907,	1.65255e+015,	-4,	-8,	-3,	-15,	-3,	-2,	-1,	-2,	1.65255e+009,	-0.855959,	-0.491568,	-0.31202,	-0.0756448,	-0.739138,	-0.143604,	-0.0178136,	0.106882,	-0.799539,	-0.0948005,	-0.0132402,	-0.00745572,	-0.759989,	-0.240391,	-0.0223744,	-0.0917302,	-0.583338,	-0.363249,	-0.0195284,	-0.372054,	-0.5187,	0.63862,	-0.0588,	7605,	-351,	-14,	-244,	7635,	113,	-48,	-85,	7615,	17,	-73,	-218,	
1,	4,	339985,	1.65255e+015,	2,	12,	10,	8,	4,	5,	1,	2,	1.65255e+009,	-0.855959,	-0.491568,	-0.31202,	-0.0756448,	-0.739138,	-0.143604,	-0.0178136,	0.106882,	-0.799539,	-0.0948005,	-0.0132402,	-0.00745572,	-0.759989,	-0.240391,	-0.0223744,	-0.0917302,	-0.583338,	-0.363249,	-0.0195284,	-0.372054,	-0.5187,	0.63862,	-0.0588,	7615,	-352,	-14,	-240,	7645,	115,	-49,	-83,	7625,	16,	-73,	-218,	
1,	4,	340063,	1.65255e+015,	-3,	-5,	-18,	1,	7,	1,	-1,	0,	1.65255e+009,	-0.855959,	-0.491568,	-0.31202,	-0.0756448,	-0.739138,	-0.143604,	-0.0178136,	0.106882,	-0.799539,	-0.0948005,	-0.0132402,	-0.00745572,	-0.759989,	-0.240391,	-0.0223744,	-0.0917302,	-0.583338,	-0.363249,	-0.0195284,	-0.372054,	-0.5187,	0.63862,	-0.0588,	7625,	-353,	-12,	-238,	7655,	114,	-48,	-81,	7635,	14,	-74,	-217,	
1,	4,	340125,	1.65255e+015,	-3,	-4,	17,	-3,	-12,	-8,	-2,	-2,	1.65255e+009,	-0.855959,	-0.491568,	-0.31202,	-0.0756448,	-0.739138,	-0.143604,	-0.0178136,	0.106882,	-0.799539,	-0.0948005,	-0.0132402,	-0.00745572,	-0.759989,	-0.240391,	-0.0223744,	-0.0917302,	-0.583338,	-0.363249,	-0.0195284,	-0.372054,	-0.5187,	0.63862,	-0.0588,	7635,	-356,	-11,	-235,	7665,	115,	-48,	-79,	7645,	13,	-74,	-217,	
1,	4,	340188,	1.65255e+015,	-2,	0,	17,	-1,	-1,	0,	1,	-1,	1.65255e+009,	-0.855959,	-0.491568,	-0.31202,	-0.0756448,	-0.739138,	-0.143604,	-0.0178136,	0.106882,	-0.799539,	-0.0948005,	-0.0132402,	-0.00745572,	-0.759989,	-0.240391,	-0.0223744,	-0.0917302,	-0.583338,	-0.363249,	-0.0195284,	-0.372054,	-0.5187,	0.63862,	-0.0588,	7645,	-358,	-12,	-233,	7675,	116,	-47,	-78,	7655,	14,	-76,	-218,	
1,	4,	340266,	1.65255e+015,	-2,	0,	-9,	-6,	-5,	-2,	-1,	-2,	1.65255e+009,	-0.855959,	-0.491568,	-0.31202,	-0.0756448,	-0.739138,	-0.143604,	-0.0178136,	0.106882,	-0.799539,	-0.0948005,	-0.0132402,	-0.00745572,	-0.759989,	-0.240391,	-0.0223744,	-0.0917302,	-0.583338,	-0.363249,	-0.0195284,	-0.372054,	-0.5187,	0.63862,	-0.0588,	7655,	-359,	-11,	-234,	7685,	116,	-46,	-78,	7665,	14,	-76,	-220,	
1,	4,	340344,	1.65255e+015,	-1,	1,	5,	3,	0,	-2,	-2,	-1,	1.65255e+009,	-0.855959,	-0.491568,	-0.31202,	-0.0756448,	-0.739138,	-0.143604,	-0.0178136,	0.106882,	-0.799539,	-0.0948005,	-0.0132402,	-0.00745572,	-0.759989,	-0.240391,	-0.0223744,	-0.0917302,	-0.583338,	-0.363249,	-0.0195284,	-0.372054,	-0.5187,	0.63862,	-0.0588,	7665,	-357,	-11,	-239,	7695,	116,	-47,	-79,	7675,	15,	-75,	-221,	
1,	4,	340422,	1.65255e+015,	-4,	-5,	27,	8,	-4,	-4,	-1,	-3,	1.65255e+009,	-0.855959,	-0.491568,	-0.31202,	-0.0756448,	-0.739138,	-0.143604,	-0.0178136,	0.106882,	-0.799539,	-0.0948005,	-0.0132402,	-0.00745572,	-0.759989,	-0.240391,	-0.0223744,	-0.0917302,	-0.583338,	-0.363249,	-0.0195284,	-0.372054,	-0.5187,	0.63862,	-0.0588,	7675,	-353,	-11,	-248,	7705,	115,	-48,	-82,	7685,	15,	-74,	-225,	
1,	4,	340500,	1.65255e+015,	0,	12,	9,	-4,	-8,	-5,	0,	-2,	1.65255e+009,	-0.855959,	-0.491568,	-0.31202,	-0.0756448,	-0.739138,	-0.143604,	-0.0178136,	0.106882,	-0.799539,	-0.0948005,	-0.0132402,	-0.00745572,	-0.759989,	-0.240391,	-0.0223744,	-0.0917302,	-0.583338,	-0.363249,	-0.0195284,	-0.372054,	-0.5187,	0.63862,	-0.0588,	7685,	-350,	-15,	-260,	7715,	115,	-51,	-86,	7695,	14,	-73,	-228,	
1,	4,	340579,	1.65255e+015,	-5,	-3,	1,	1,	0,	-3,	0,	-2,	1.65255e+009,	-0.855959,	-0.491568,	-0.31202,	-0.0756448,	-0.739138,	-0.143604,	-0.0178136,	0.106882,	-0.799539,	-0.0948005,	-0.0132402,	-0.00745572,	-0.759989,	-0.240391,	-0.0223744,	-0.0917302,	-0.583338,	-0.363249,	-0.0195284,	-0.372054,	-0.5187,	0.63862,	-0.0588,	7695,	-345,	-15,	-272,	7725,	115,	-51,	-90,	7705,	16,	-72,	-232,	
1,	4,	340641,	1.65255e+015,	-1,	4,	15,	3,	1,	-3,	-1,	-1,	1.65255e+009,	-0.855959,	-0.491568,	-0.31202,	-0.0756448,	-0.739138,	-0.143604,	-0.0178136,	0.106882,	-0.799539,	-0.0948005,	-0.0132402,	-0.00745572,	-0.759989,	-0.240391,	-0.0223744,	-0.0917302,	-0.583338,	-0.363249,	-0.0195284,	-0.372054,	-0.5187,	0.63862,	-0.0588,	7705,	-342,	-16,	-284,	7735,	114,	-51,	-94,	7715,	16,	-70,	-237,	
1,	4,	340719,	1.65255e+015,	-1,	-3,	16,	14,	-6,	-2,	-1,	-1,	1.65255e+009,	-0.855959,	-0.491568,	-0.31202,	-0.0756448,	-0.739138,	-0.143604,	-0.0178136,	0.106882,	-0.799539,	-0.0948005,	-0.0132402,	-0.00745572,	-0.759989,	-0.240391,	-0.0223744,	-0.0917302,	-0.583338,	-0.363249,	-0.0195284,	-0.372054,	-0.5187,	0.63862,	-0.0588,	7715,	-336,	-15,	-297,	7745,	114,	-51,	-98,	7725,	19,	-68,	-242,	
1,	4,	340782,	1.65255e+015,	1,	-1,	0,	-2,	-4,	0,	0,	0,	1.65255e+009,	-0.855959,	-0.491568,	-0.31202,	-0.0756448,	-0.739138,	-0.143604,	-0.0178136,	0.106882,	-0.799539,	-0.0948005,	-0.0132402,	-0.00745572,	-0.759989,	-0.240391,	-0.0223744,	-0.0917302,	-0.583338,	-0.363249,	-0.0195284,	-0.372054,	-0.5187,	0.63862,	-0.0588,	7725,	-330,	-14,	-311,	7755,	113,	-50,	-102,	7735,	20,	-66,	-246,	
1,	4,	340844,	1.65255e+015,	2,	0,	1,	-6,	-2,	-2,	0,	1,	1.65255e+009,	-0.855959,	-0.491568,	-0.31202,	-0.0756448,	-0.739138,	-0.143604,	-0.0178136,	0.106882,	-0.799539,	-0.0948005,	-0.0132402,	-0.00745572,	-0.759989,	-0.240391,	-0.0223744,	-0.0917302,	-0.583338,	-0.363249,	-0.0195284,	-0.372054,	-0.5187,	0.63862,	-0.0588,	7735,	-326,	-15,	-318,	7765,	113,	-52,	-104,	7745,	22,	-63,	-250,	
1,	4,	340922,	1.65255e+015,	0,	2,	-19,	7,	3,	2,	1,	1,	1.65255e+009,	-0.855959,	-0.491568,	-0.31202,	-0.0756448,	-0.739138,	-0.143604,	-0.0178136,	0.106882,	-0.799539,	-0.0948005,	-0.0132402,	-0.00745572,	-0.759989,	-0.240391,	-0.0223744,	-0.0917302,	-0.583338,	-0.363249,	-0.0195284,	-0.372054,	-0.5187,	0.63862,	-0.0588,	7745,	-326,	-13,	-321,	7775,	112,	-52,	-105,	7755,	22,	-61,	-252,	
1,	4,	341000,	1.65255e+015,	-1,	-4,	8,	-8,	-9,	-2,	0,	0,	1.65255e+009,	-0.855959,	-0.491568,	-0.31202,	-0.0756448,	-0.739138,	-0.143604,	-0.0178136,	0.106882,	-0.799539,	-0.0948005,	-0.0132402,	-0.00745572,	-0.759989,	-0.240391,	-0.0223744,	-0.0917302,	-0.583338,	-0.363249,	-0.0195284,	-0.372054,	-0.5187,	0.63862,	-0.0588,	7755,	-327,	-13,	-320,	7785,	111,	-53,	-105,	7765,	21,	-61,	-252,	
1,	4,	341079,	1.65255e+015,	-1,	0,	9,	5,	-3,	-4,	-3,	-1,	1.65255e+009,	-0.855959,	-0.491568,	-0.31202,	-0.0756448,	-0.739138,	-0.143604,	-0.0178136,	0.106882,	-0.799539,	-0.0948005,	-0.0132402,	-0.00745572,	-0.759989,	-0.240391,	-0.0223744,	-0.0917302,	-0.583338,	-0.363249,	-0.0195284,	-0.372054,	-0.5187,	0.63862,	-0.0588,	7765,	-329,	-12,	-314,	7795,	111,	-53,	-102,	7775,	24,	-60,	-251,	
1,	4,	341141,	1.65255e+015,	-1,	-4,	-25,	-7,	-3,	-2,	-1,	0,	1.65255e+009,	-0.855959,	-0.491568,	-0.31202,	-0.0756448,	-0.739138,	-0.143604,	-0.0178136,	0.106882,	-0.799539,	-0.0948005,	-0.0132402,	-0.00745572,	-0.759989,	-0.240391,	-0.0223744,	-0.0917302,	-0.583338,	-0.363249,	-0.0195284,	-0.372054,	-0.5187,	0.63862,	-0.0588,	7775,	-334,	-12,	-301,	7805,	113,	-53,	-96,	7785,	23,	-64,	-248,	
1,	4,	341219,	1.65255e+015,	2,	-1,	6,	5,	4,	-3,	1,	0,	1.65255e+009,	-0.855959,	-0.491568,	-0.31202,	-0.0756448,	-0.739138,	-0.143604,	-0.0178136,	0.106882,	-0.799539,	-0.0948005,	-0.0132402,	-0.00745572,	-0.759989,	-0.240391,	-0.0223744,	-0.0917302,	-0.583338,	-0.363249,	-0.0195284,	-0.372054,	-0.5187,	0.63862,	-0.0588,	7785,	-340,	-13,	-284,	7815,	117,	-54,	-91,	7795,	25,	-68,	-244,	
1,	4,	341282,	1.65255e+015,	-3,	-6,	-34,	-8,	-1,	1,	0,	0,	1.65255e+009,	-0.855959,	-0.491568,	-0.31202,	-0.0756448,	-0.739138,	-0.143604,	-0.0178136,	0.106882,	-0.799539,	-0.0948005,	-0.0132402,	-0.00745572,	-0.759989,	-0.240391,	-0.0223744,	-0.0917302,	-0.583338,	-0.363249,	-0.0195284,	-0.372054,	-0.5187,	0.63862,	-0.0588,	7795,	-345,	-11,	-266,	7825,	120,	-54,	-86,	7805,	27,	-72,	-239,	
1,	4,	341344,	1.65255e+015,	0,	-7,	5,	-8,	-7,	-4,	-1,	-1,	1.65255e+009,	-0.855959,	-0.491568,	-0.31202,	-0.0756448,	-0.739138,	-0.143604,	-0.0178136,	0.106882,	-0.799539,	-0.0948005,	-0.0132402,	-0.00745572,	-0.759989,	-0.240391,	-0.0223744,	-0.0917302,	-0.583338,	-0.363249,	-0.0195284,	-0.372054,	-0.5187,	0.63862,	-0.0588,	7805,	-352,	-11,	-253,	7835,	120,	-54,	-82,	7815,	26,	-77,	-232,	
1,	4,	341422,	1.65255e+015,	-2,	1,	14,	-1,	-1,	2,	-1,	1,	1.65255e+009,	-0.855959,	-0.491568,	-0.31202,	-0.0756448,	-0.739138,	-0.143604,	-0.0178136,	0.106882,	-0.799539,	-0.0948005,	-0.0132402,	-0.00745572,	-0.759989,	-0.240391,	-0.0223744,	-0.0917302,	-0.583338,	-0.363249,	-0.0195284,	-0.372054,	-0.5187,	0.63862,	-0.0588,	7815,	-357,	-12,	-243,	7845,	118,	-54,	-78,	7825,	23,	-78,	-225,	
1,	4,	341500,	1.65255e+015,	-2,	4,	-2,	6,	-5,	-5,	-1,	-1,	1.65255e+009,	-0.855959,	-0.491568,	-0.31202,	-0.0756448,	-0.739138,	-0.143604,	-0.0178136,	0.106882,	-0.799539,	-0.0948005,	-0.0132402,	-0.00745572,	-0.759989,	-0.240391,	-0.0223744,	-0.0917302,	-0.583338,	-0.363249,	-0.0195284,	-0.372054,	-0.5187,	0.63862,	-0.0588,	7825,	-366,	-12,	-231,	7855,	116,	-52,	-73,	7835,	23,	-81,	-218,	
1,	4,	341563,	1.65255e+015,	-1,	-2,	-1,	-1,	8,	5,	0,	0,	1.65255e+009,	-0.855959,	-0.491568,	-0.31202,	-0.0756448,	-0.739138,	-0.143604,	-0.0178136,	0.106882,	-0.799539,	-0.0948005,	-0.0132402,	-0.00745572,	-0.759989,	-0.240391,	-0.0223744,	-0.0917302,	-0.583338,	-0.363249,	-0.0195284,	-0.372054,	-0.5187,	0.63862,	-0.0588,	7835,	-374,	-11,	-220,	7865,	117,	-52,	-68,	7845,	24,	-84,	-212,	
1,	4,	341641,	1.65255e+015,	-1,	-1,	16,	12,	-8,	-6,	-2,	-3,	1.65255e+009,	-0.855959,	-0.491568,	-0.31202,	-0.0756448,	-0.739138,	-0.143604,	-0.0178136,	0.106882,	-0.799539,	-0.0948005,	-0.0132402,	-0.00745572,	-0.759989,	-0.240391,	-0.0223744,	-0.0917302,	-0.583338,	-0.363249,	-0.0195284,	-0.372054,	-0.5187,	0.63862,	-0.0588,	7845,	-381,	-11,	-212,	7875,	115,	-53,	-64,	7855,	22,	-87,	-206,	
1,	4,	341704,	1.65255e+015,	0,	3,	-27,	-3,	-3,	-4,	-1,	0,	1.65255e+009,	-0.855959,	-0.491568,	-0.31202,	-0.0756448,	-0.739138,	-0.143604,	-0.0178136,	0.106882,	-0.799539,	-0.0948005,	-0.0132402,	-0.00745572,	-0.759989,	-0.240391,	-0.0223744,	-0.0917302,	-0.583338,	-0.363249,	-0.0195284,	-0.372054,	-0.5187,	0.63862,	-0.0588,	7855,	-389,	-12,	-202,	7885,	115,	-55,	-60,	7865,	18,	-90,	-199,	
1,	4,	341766,	1.65255e+015,	-2,	-12,	-22,	-15,	2,	-1,	-2,	-2,	1.65255e+009,	-0.855959,	-0.491568,	-0.31202,	-0.0756448,	-0.739138,	-0.143604,	-0.0178136,	0.106882,	-0.799539,	-0.0948005,	-0.0132402,	-0.00745572,	-0.759989,	-0.240391,	-0.0223744,	-0.0917302,	-0.583338,	-0.363249,	-0.0195284,	-0.372054,	-0.5187,	0.63862,	-0.0588,	7865,	-396,	-13,	-193,	7895,	112,	-56,	-55,	7875,	15,	-91,	-192,	
1,	4,	341844,	1.65255e+015,	-2,	2,	15,	-3,	-4,	-3,	-1,	0,	1.65255e+009,	-0.855959,	-0.491568,	-0.31202,	-0.0756448,	-0.739138,	-0.143604,	-0.0178136,	0.106882,	-0.799539,	-0.0948005,	-0.0132402,	-0.00745572,	-0.759989,	-0.240391,	-0.0223744,	-0.0917302,	-0.583338,	-0.363249,	-0.0195284,	-0.372054,	-0.5187,	0.63862,	-0.0588,	7875,	-402,	-14,	-185,	7905,	109,	-55,	-53,	7885,	12,	-94,	-185,	
1,	4,	341922,	1.65255e+015,	-1,	0,	-12,	-7,	0,	-3,	0,	1,	1.65255e+009,	-0.855959,	-0.491568,	-0.31202,	-0.0756448,	-0.739138,	-0.143604,	-0.0178136,	0.106882,	-0.799539,	-0.0948005,	-0.0132402,	-0.00745572,	-0.759989,	-0.240391,	-0.0223744,	-0.0917302,	-0.583338,	-0.363249,	-0.0195284,	-0.372054,	-0.5187,	0.63862,	-0.0588,	7885,	-409,	-12,	-178,	7915,	109,	-54,	-50,	7895,	11,	-95,	-180,	
2,	4,	342016,	1.65255e+015,	-2,	1,	13,	6,	0,	-1,	-1,	-2,	1.65255e+009,	-0.855959,	-0.491568,	-0.31202,	-0.0756448,	-0.739138,	-0.143604,	-0.0178136,	0.106882,	-0.799539,	-0.0948005,	-0.0132402,	-0.00745572,	-0.759989,	-0.240391,	-0.0223744,	-0.0917302,	-0.583338,	-0.363249,	-0.0195284,	-0.372054,	-0.5187,	0.63862,	-0.0588,	7895,	-414,	-12,	-173,	7925,	106,	-53,	-48,	7905,	11,	-96,	-178,	
2,	4,	342079,	1.65255e+015,	-1,	-1,	-11,	0,	-1,	0,	-2,	0,	1.65255e+009,	-0.855959,	-0.491568,	-0.31202,	-0.0756448,	-0.739138,	-0.143604,	-0.0178136,	0.106882,	-0.799539,	-0.0948005,	-0.0132402,	-0.00745572,	-0.759989,	-0.240391,	-0.0223744,	-0.0917302,	-0.583338,	-0.363249,	-0.0195284,	-0.372054,	-0.5187,	0.63862,	-0.0588,	7905,	-417,	-13,	-172,	7935,	106,	-53,	-48,	7915,	11,	-96,	-176,	
2,	4,	342141,	1.65255e+015,	2,	-2,	-11,	5,	2,	0,	-1,	-1,	1.65255e+009,	-0.855959,	-0.491568,	-0.31202,	-0.0756448,	-0.739138,	-0.143604,	-0.0178136,	0.106882,	-0.799539,	-0.0948005,	-0.0132402,	-0.00745572,	-0.759989,	-0.240391,	-0.0223744,	-0.0917302,	-0.583338,	-0.363249,	-0.0195284,	-0.372054,	-0.5187,	0.63862,	-0.0588,	7915,	-417,	-15,	-174,	7945,	105,	-54,	-48,	7925,	9,	-97,	-174,	
2,	4,	342204,	1.65255e+015,	-1,	-1,	-28,	-7,	-2,	1,	0,	-1,	1.65255e+009,	-0.855959,	-0.491568,	-0.31202,	-0.0756448,	-0.739138,	-0.143604,	-0.0178136,	0.106882,	-0.799539,	-0.0948005,	-0.0132402,	-0.00745572,	-0.759989,	-0.240391,	-0.0223744,	-0.0917302,	-0.583338,	-0.363249,	-0.0195284,	-0.372054,	-0.5187,	0.63862,	-0.0588,	7925,	-416,	-15,	-180,	7955,	104,	-53,	-49,	7935,	6,	-96,	-173,	
2,	4,	342266,	1.65255e+015,	2,	-4,	-23,	-2,	0,	-2,	0,	0,	1.65255e+009,	-0.855959,	-0.491568,	-0.31202,	-0.0756448,	-0.739138,	-0.143604,	-0.0178136,	0.106882,	-0.799539,	-0.0948005,	-0.0132402,	-0.00745572,	-0.759989,	-0.240391,	-0.0223744,	-0.0917302,	-0.583338,	-0.363249,	-0.0195284,	-0.372054,	-0.5187,	0.63862,	-0.0588,	7935,	-418,	-16,	-183,	7965,	104,	-51,	-50,	7945,	5,	-94,	-173,	
2,	4,	342329,	1.65255e+015,	1,	3,	-23,	-2,	-6,	-2,	0,	-1,	1.65255e+009,	-0.855959,	-0.491568,	-0.31202,	-0.0756448,	-0.739138,	-0.143604,	-0.0178136,	0.106882,	-0.799539,	-0.0948005,	-0.0132402,	-0.00745572,	-0.759989,	-0.240391,	-0.0223744,	-0.0917302,	-0.583338,	-0.363249,	-0.0195284,	-0.372054,	-0.5187,	0.63862,	-0.0588,	7945,	-422,	-17,	-181,	7975,	105,	-50,	-47,	7955,	6,	-96,	-173,	
2,	4,	342407,	1.65255e+015,	-2,	-3,	-3,	2,	-1,	2,	-1,	-2,	1.65255e+009,	-0.855959,	-0.491568,	-0.31202,	-0.0756448,	-0.739138,	-0.143604,	-0.0178136,	0.106882,	-0.799539,	-0.0948005,	-0.0132402,	-0.00745572,	-0.759989,	-0.240391,	-0.0223744,	-0.0917302,	-0.583338,	-0.363249,	-0.0195284,	-0.372054,	-0.5005,	0.63862,	-0.0588,	7955,	-425,	-16,	-172,	7985,	105,	-49,	-39,	7965,	8,	-99,	-170,	
2,	4,	342485,	1.65255e+015,	1,	3,	-11,	1,	1,	1,	-1,	0,	1.65255e+009,	-0.855959,	-0.491568,	-0.31202,	-0.0756448,	-0.739138,	-0.143604,	-0.0178136,	0.106882,	-0.799539,	-0.0948005,	-0.0132402,	-0.00745572,	-0.759989,	-0.240391,	-0.0223744,	-0.0917302,	-0.583338,	-0.363249,	-0.0195284,	-0.372054,	-0.5005,	0.63862,	-0.0588,	7965,	-426,	-17,	-166,	7995,	105,	-47,	-33,	7975,	6,	-100,	-167,	
2,	4,	342547,	1.65255e+015,	1,	1,	6,	-6,	-3,	-1,	0,	-1,	1.65255e+009,	-0.855959,	-0.491568,	-0.31202,	-0.0756448,	-0.739138,	-0.143604,	-0.0178136,	0.106882,	-0.799539,	-0.0948005,	-0.0132402,	-0.00745572,	-0.759989,	-0.240391,	-0.0223744,	-0.0917302,	-0.583338,	-0.363249,	-0.0195284,	-0.372054,	-0.5005,	0.63862,	-0.0588,	7975,	-425,	-17,	-169,	8005,	104,	-44,	-32,	7985,	2,	-98,	-166,	
2,	4,	342625,	1.65255e+015,	0,	-1,	-25,	9,	1,	-3,	-1,	-1,	1.65255e+009,	-0.855959,	-0.491568,	-0.31202,	-0.0756448,	-0.739138,	-0.143604,	-0.0178136,	0.106882,	-0.799539,	-0.0948005,	-0.0132402,	-0.00745572,	-0.759989,	-0.240391,	-0.0223744,	-0.0917302,	-0.583338,	-0.363249,	-0.0195284,	-0.372054,	-0.5005,	0.63862,	-0.0588,	7985,	-418,	-17,	-179,	8015,	104,	-42,	-36,	7995,	1,	-95,	-170,	
2,	4,	342688,	1.65255e+015,	0,	0,	-8,	-2,	-1,	-4,	-2,	-1,	1.65255e+009,	-0.855959,	-0.491568,	-0.31202,	-0.0756448,	-0.739138,	-0.143604,	-0.0178136,	0.106882,	-0.799539,	-0.0948005,	-0.0132402,	-0.00745572,	-0.759989,	-0.240391,	-0.0223744,	-0.0917302,	-0.583338,	-0.363249,	-0.0195284,	-0.372054,	-0.5005,	0.63862,	-0.0588,	7995,	-411,	-16,	-191,	8025,	104,	-40,	-42,	8005,	1,	-93,	-176,	
2,	4,	342766,	1.65255e+015,	-1,	-2,	-13,	-6,	6,	2,	0,	-1,	1.65255e+009,	-0.855959,	-0.491568,	-0.31202,	-0.0756448,	-0.739138,	-0.143604,	-0.0178136,	0.106882,	-0.799539,	-0.0948005,	-0.0132402,	-0.00745572,	-0.759989,	-0.240391,	-0.0223744,	-0.0917302,	-0.583338,	-0.427314,	-0.0142123,	-0.372054,	-0.4641,	0.63862,	-0.0588,	8005,	-401,	-13,	-204,	8035,	105,	-39,	-47,	8015,	3,	-91,	-183,	
2,	4,	342844,	1.65255e+015,	-4,	1,	95,	27,	0,	1,	-3,	-2,	1.65255e+009,	-0.855959,	-0.491568,	-0.31202,	-0.0756448,	-0.739138,	-0.143604,	-0.0178136,	0.106882,	-0.799539,	-0.0948005,	-0.0132402,	-0.00745572,	-0.759989,	-0.240391,	-0.0223744,	-0.0917302,	-0.692988,	-0.427314,	-0.0142123,	-0.372054,	-0.364,	0.63862,	-0.0588,	8015,	-397,	-13,	-215,	8045,	104,	-38,	-52,	8025,	5,	-88,	-189,	
2,	4,	342922,	1.65255e+015,	1,	3,	80,	9,	3,	1,	-1,	1,	1.65255e+009,	-0.855959,	-0.491568,	-0.31202,	-0.0756448,	-0.739138,	-0.143604,	-0.0178136,	0.102482,	-0.799539,	-0.0948005,	-0.0132402,	-0.0118557,	-0.759989,	-0.240391,	-0.0223744,	-0.0783882,	-1.00001,	-0.427314,	-0.0142123,	-0.358712,	-0.1547,	0.63862,	-0.0588,	8025,	-397,	-13,	-212,	8055,	105,	-37,	-53,	8035,	7,	-85,	-191,	
2,	4,	342985,	1.65255e+015,	0,	-5,	56,	-16,	-6,	-2,	1,	-4,	1.65255e+009,	-0.795839,	-0.491568,	-0.31202,	-0.0756448,	-0.739138,	-0.143604,	-0.0178136,	0.0966155,	-0.799539,	-0.0948005,	-0.0132402,	-0.0177224,	-0.846721,	-0.151686,	-0.0184238,	-0.0605989,	-1.39475,	-0.478566,	-0.00806815,	-0.287697,	-0.1547,	0.63862,	-0.0588,	8035,	-399,	-13,	-204,	8065,	104,	-38,	-52,	8045,	5,	-84,	-190,	
2,	4,	343063,	1.65255e+015,	0,	-5,	-5,	-3,	-3,	0,	2,	-1,	1.65255e+009,	-0.720689,	-0.491568,	-0.31202,	-0.0756448,	-0.739138,	-0.143604,	-0.0178136,	0.0966155,	-0.862619,	-0.0149685,	-0.00247295,	-0.0177224,	-0.976819,	-0.151686,	-0.0184238,	-0.0605989,	-1.63598,	-0.670761,	-0.029945,	-0.258127,	-0.1547,	0.63862,	-0.0588,	8045,	-401,	-12,	-194,	8075,	102,	-39,	-51,	8055,	0,	-85,	-188,	
2,	4,	343141,	1.65255e+015,	-1,	-6,	-11,	-4,	-5,	-2,	-1,	1,	1.65255e+009,	-0.720689,	-0.491568,	-0.31202,	-0.0756448,	-0.739138,	-0.143604,	-0.0178136,	0.0907488,	-0.862619,	-0.0149685,	-0.00247295,	-0.0235891,	-1.06355,	-0.0807216,	-0.0116376,	-0.0428096,	-1.74563,	-0.811704,	-0.0728464,	-0.240337,	-0.2002,	0.63862,	-0.0588,	8055,	-408,	-12,	-180,	8085,	102,	-41,	-47,	8065,	-1,	-87,	-187,	
2,	4,	343204,	1.65255e+015,	-2,	-5,	-25,	-15,	0,	0,	-5,	-6,	1.65255e+009,	-0.660569,	-0.491568,	-0.31202,	-0.0756448,	-0.803202,	-0.143604,	-0.0178136,	0.0907488,	-0.862619,	-0.0149685,	-0.00247295,	-0.0235891,	-1.06355,	-0.0807216,	-0.0116376,	-0.0428096,	-1.83335,	-0.901395,	-0.106767,	-0.240337,	-0.2002,	0.63862,	-0.0588,	8065,	-418,	-11,	-161,	8095,	103,	-42,	-42,	8075,	0,	-91,	-187,	
2,	4,	343282,	1.65255e+015,	-2,	1,	-48,	-21,	-6,	-2,	-1,	-3,	1.65255e+009,	-0.660569,	-0.491568,	-0.31202,	-0.0756448,	-0.803202,	-0.143604,	-0.0178136,	0.0907488,	-0.862619,	-0.0149685,	-0.00247295,	-0.0235891,	-1.06355,	-0.0807216,	-0.0116376,	-0.0428096,	-1.83335,	-0.952647,	-0.128461,	-0.216681,	-0.2366,	0.63862,	-0.0588,	8075,	-426,	-8,	-139,	8105,	103,	-41,	-37,	8085,	-1,	-94,	-187,	
2,	4,	343344,	1.65255e+015,	4,	7,	22,	17,	8,	5,	0,	1,	1.65255e+009,	-0.660569,	-0.491568,	-0.31202,	-0.0756448,	-0.803202,	-0.143604,	-0.0178136,	0.0907488,	-0.862619,	-0.0149685,	-0.00247295,	-0.0235891,	-1.06355,	-0.0807216,	-0.0116376,	-0.0428096,	-1.92107,	-0.952647,	-0.128461,	-0.216681,	-0.2366,	0.63862,	-0.0588,	8085,	-433,	-5,	-123,	8115,	102,	-39,	-34,	8095,	-1,	-94,	-189,	
2,	4,	343422,	1.65255e+015,	-1,	-6,	-6,	-11,	2,	-2,	-3,	3,	1.65255e+009,	-0.660569,	-0.491568,	-0.31202,	-0.0756448,	-0.803202,	-0.143604,	-0.0178136,	0.0907488,	-0.862619,	-0.0149685,	-0.00247295,	-0.0235891,	-1.06355,	-0.0807216,	-0.0116376,	-0.0428096,	-1.92107,	-0.952647,	-0.128461,	-0.216681,	-0.2366,	0.63862,	-0.0588,	8095,	-436,	-4,	-114,	8125,	99,	-39,	-33,	8105,	-1,	-94,	-190,	
2,	4,	343500,	1.65255e+015,	0,	4,	26,	13,	4,	1,	1,	7,	1.65255e+009,	-0.660569,	-0.491568,	-0.31202,	-0.0756448,	-0.803202,	-0.143604,	-0.0178136,	0.0907488,	-0.862619,	-0.0149685,	-0.00247295,	-0.0235891,	-1.15028,	-0.0807216,	-0.0116376,	-0.0428096,	-1.92107,	-0.952647,	-0.128461,	-0.216681,	-0.2366,	0.63862,	-0.0588,	8105,	-440,	-5,	-111,	8135,	94,	-39,	-35,	8115,	-4,	-93,	-191,	
2,	4,	343579,	1.65255e+015,	-1,	-3,	-36,	0,	5,	4,	2,	-1,	1.65255e+009,	-0.660569,	-0.491568,	-0.31202,	-0.0756448,	-0.803202,	-0.143604,	-0.0178136,	0.0907488,	-0.862619,	-0.0149685,	-0.00247295,	-0.0235891,	-1.15028,	-0.0807216,	-0.0116376,	-0.0428096,	-1.92107,	-1.0039,	-0.151837,	-0.216681,	-0.2366,	0.63862,	-0.0588,	8115,	-440,	-6,	-110,	8145,	92,	-39,	-37,	8125,	-7,	-91,	-191,	
2,	4,	343657,	1.65255e+015,	0,	2,	-14,	2,	3,	1,	-5,	-25,	1.65255e+009,	-0.660569,	-0.491568,	-0.31202,	-0.0756448,	-0.803202,	-0.143604,	-0.0178136,	0.0907488,	-0.862619,	-0.0149685,	-0.00247295,	-0.0235891,	-1.15028,	-0.0807216,	-0.0116376,	-0.0428096,	-1.92107,	-1.0039,	-0.151837,	-0.216681,	-0.2366,	0.63862,	-0.0588,	8125,	-439,	-7,	-111,	8155,	89,	-39,	-39,	8135,	-11,	-90,	-190,	
2,	4,	343735,	1.65255e+015,	1,	0,	27,	-4,	2,	0,	-4,	1,	1.65255e+009,	-0.660569,	-0.491568,	-0.31202,	-0.0756448,	-0.803202,	-0.143604,	-0.0178136,	0.0907488,	-0.862619,	-0.0149685,	-0.00247295,	-0.0235891,	-1.15028,	-0.0807216,	-0.0116376,	-0.0428096,	-1.92107,	-1.0039,	-0.151837,	-0.216681,	-0.2366,	0.63862,	-0.0588,	8135,	-440,	-9,	-110,	8165,	87,	-41,	-41,	8145,	-11,	-88,	-189,	
2,	4,	343813,	1.65255e+015,	4,	5,	21,	10,	3,	1,	7,	9,	1.65255e+009,	-0.660569,	-0.491568,	-0.31202,	-0.0756448,	-0.803202,	-0.143604,	-0.0178136,	0.0907488,	-0.862619,	-0.0149685,	-0.00247295,	-0.0235891,	-1.15028,	-0.0807216,	-0.0116376,	-0.0428096,	-1.92107,	-1.0039,	-0.151837,	-0.216681,	-0.2366,	0.63862,	-0.0588,	8145,	-439,	-6,	-110,	8175,	85,	-41,	-43,	8155,	-11,	-86,	-190,	
2,	4,	343891,	1.65255e+015,	0,	6,	19,	6,	1,	2,	-2,	5,	1.65255e+009,	-0.660569,	-0.491568,	-0.31202,	-0.0756448,	-0.803202,	-0.143604,	-0.0178136,	0.0907488,	-0.862619,	-0.0149685,	-0.00247295,	-0.0235891,	-1.15028,	-0.0807216,	-0.0116376,	-0.0428096,	-1.92107,	-1.0039,	-0.151837,	-0.216681,	-0.2366,	0.63862,	-0.0588,	8155,	-440,	-4,	-111,	8185,	85,	-44,	-45,	8165,	-11,	-86,	-190,	
2,	4,	343969,	1.65255e+015,	-2,	2,	-4,	2,	2,	-1,	0,	-5,	1.65255e+009,	-0.660569,	-0.491568,	-0.31202,	-0.0756448,	-0.803202,	-0.143604,	-0.0178136,	0.0907488,	-0.925699,	-0.0149685,	-0.00247295,	-0.0235891,	-1.15028,	-0.0807216,	-0.0116376,	-0.0428096,	-1.92107,	-1.0039,	-0.151837,	-0.216681,	-0.273,	0.63862,	-0.0588,	8165,	-437,	-5,	-113,	8195,	85,	-46,	-48,	8175,	-10,	-85,	-191,	
2,	4,	344047,	1.65255e+015,	-2,	-5,	-41,	-4,	2,	1,	2,	0,	1.65255e+009,	-0.600448,	-0.491568,	-0.31202,	-0.0756448,	-0.803202,	-0.143604,	-0.0178136,	0.0907488,	-0.925699,	-0.0149685,	-0.00247295,	-0.0235891,	-1.15028,	-0.0807216,	-0.0116376,	-0.0428096,	-1.92107,	-1.0039,	-0.151837,	-0.216681,	-0.273,	0.63862,	-0.0588,	8175,	-436,	-6,	-113,	8205,	86,	-47,	-50,	8185,	-10,	-86,	-194,	
2,	4,	344125,	1.65255e+015,	3,	-1,	28,	5,	5,	3,	-1,	0,	1.65255e+009,	-0.600448,	-0.491568,	-0.31202,	-0.0756448,	-0.803202,	-0.143604,	-0.0178136,	0.0907488,	-0.925699,	-0.0149685,	-0.00247295,	-0.0235891,	-1.15028,	-0.0807216,	-0.0116376,	-0.0428096,	-1.92107,	-1.0039,	-0.151837,	-0.216681,	-0.273,	0.63862,	-0.0588,	8185,	-435,	-7,	-111,	8215,	88,	-47,	-52,	8195,	-8,	-87,	-196,	
2,	4,	344204,	1.65255e+015,	2,	5,	-7,	-3,	2,	-3,	1,	1,	1.65255e+009,	-0.600448,	-0.491568,	-0.31202,	-0.0756448,	-0.803202,	-0.143604,	-0.0178136,	0.0907488,	-0.925699,	-0.0149685,	-0.00247295,	-0.0235891,	-1.15028,	-0.0807216,	-0.0116376,	-0.0428096,	-1.92107,	-1.0039,	-0.151837,	-0.216681,	-0.273,	0.63862,	-0.0588,	8195,	-435,	-6,	-106,	8225,	90,	-48,	-53,	8205,	-6,	-86,	-198,	
2,	4,	344297,	1.65255e+015,	-4,	-3,	-21,	-4,	-2,	-6,	-4,	-3,	1.65255e+009,	-0.600448,	-0.491568,	-0.31202,	-0.0756448,	-0.803202,	-0.143604,	-0.0178136,	0.0907488,	-0.925699,	-0.0149685,	-0.00247295,	-0.0235891,	-1.15028,	-0.0807216,	-0.0116376,	-0.0428096,	-1.92107,	-1.0039,	-0.151837,	-0.216681,	-0.273,	0.63862,	-0.0588,	8205,	-436,	-5,	-101,	8235,	89,	-48,	-53,	8215,	-7,	-85,	-199,	
2,	4,	344391,	1.65255e+015,	1,	2,	-11,	-1,	-2,	0,	0,	1,	1.65255e+009,	-0.600448,	-0.491568,	-0.31202,	-0.0756448,	-0.803202,	-0.143604,	-0.0178136,	0.0907488,	-0.925699,	-0.0149685,	-0.00247295,	-0.0235891,	-1.15028,	-0.0807216,	-0.0116376,	-0.0428096,	-1.81142,	-0.696387,	-0.0367996,	-0.216681,	-0.2366,	0.63862,	-0.0588,	8215,	-437,	-4,	-95,	8245,	88,	-48,	-51,	8225,	-7,	-84,	-199,	
2,	4,	344469,	1.65255e+015,	2,	2,	-6,	-7,	5,	-1,	-2,	0,	1.65255e+009,	-0.660569,	-0.491568,	-0.31202,	-0.0756448,	-0.803202,	-0.143604,	-0.0178136,	0.0980821,	-0.862619,	-0.0149685,	-0.00247295,	-0.0162558,	-1.06355,	-0.0807216,	-0.0116376,	-0.0650463,	-1.43861,	-0.491379,	-0.00626944,	-0.303972,	-0.2366,	0.63862,	-0.0588,	8225,	-439,	-5,	-90,	8255,	87,	-47,	-50,	8235,	-7,	-84,	-199,	
2,	4,	344532,	1.65255e+015,	-1,	-5,	-4,	1,	5,	0,	-1,	-2,	1.65255e+009,	-0.660569,	-0.491568,	-0.31202,	-0.0756448,	-0.803202,	-0.143604,	-0.0178136,	0.103949,	-0.862619,	-0.0149685,	-0.00247295,	-0.0103891,	-1.06355,	-0.0807216,	-0.0116376,	-0.0828356,	-1.21931,	-0.427314,	-0.0142123,	-0.351331,	-0.2821,	0.63862,	-0.0588,	8235,	-437,	-2,	-89,	8265,	87,	-45,	-51,	8245,	-8,	-83,	-200,	
2,	4,	344594,	1.65255e+015,	-2,	-1,	-8,	-6,	-5,	-5,	-3,	-2,	1.65255e+009,	-0.660569,	-0.491568,	-0.31202,	-0.0756448,	-0.803202,	-0.143604,	-0.0178136,	0.103949,	-0.862619,	-0.0149685,	-0.00247295,	-0.0103891,	-0.976819,	-0.0807216,	-0.0116376,	-0.0828356,	-1.10966,	-0.376062,	-0.0186753,	-0.351331,	-0.3185,	0.63862,	-0.0588,	8245,	-435,	-3,	-92,	8275,	86,	-45,	-52,	8255,	-9,	-81,	-201,	
2,	4,	344672,	1.65255e+015,	1,	0,	-10,	0,	1,	0,	-1,	-1,	1.65255e+009,	-0.660569,	-0.491568,	-0.31202,	-0.0756448,	-0.803202,	-0.143604,	-0.0178136,	0.103949,	-0.862619,	-0.0149685,	-0.00247295,	-0.0103891,	-0.976819,	-0.0807216,	-0.0116376,	-0.0828356,	-1.00001,	-0.376062,	-0.0186753,	-0.363159,	-0.3185,	0.63862,	-0.0588,	8255,	-434,	-4,	-96,	8285,	86,	-45,	-54,	8265,	-9,	-81,	-203,	
2,	4,	344750,	1.65255e+015,	-3,	1,	-20,	-7,	-3,	-3,	0,	0,	1.65255e+009,	-0.660569,	-0.491568,	-0.31202,	-0.0756448,	-0.803202,	-0.143604,	-0.0178136,	0.103949,	-0.862619,	-0.0149685,	-0.00247295,	-0.0103891,	-0.976819,	-0.0807216,	-0.0116376,	-0.0828356,	-1.00001,	-0.376062,	-0.0186753,	-0.363159,	-0.3185,	0.63862,	-0.0588,	8265,	-432,	-4,	-99,	8295,	86,	-45,	-55,	8275,	-9,	-80,	-205,	
2,	4,	344829,	1.65255e+015,	-2,	-9,	-8,	-3,	14,	9,	0,	-1,	1.65255e+009,	-0.660569,	-0.491568,	-0.31202,	-0.0756448,	-0.803202,	-0.143604,	-0.0178136,	0.103949,	-0.862619,	-0.0149685,	-0.00247295,	-0.0103891,	-0.976819,	-0.0807216,	-0.0116376,	-0.0828356,	-1.00001,	-0.376062,	-0.0186753,	-0.363159,	-0.3185,	0.63862,	-0.0588,	8275,	-427,	-4,	-104,	8305,	85,	-48,	-57,	8285,	-9,	-80,	-207,	
2,	4,	344907,	1.65255e+015,	0,	-1,	-10,	-1,	1,	-1,	-2,	-1,	1.65255e+009,	-0.660569,	-0.491568,	-0.31202,	-0.0756448,	-0.803202,	-0.143604,	-0.0178136,	0.103949,	-0.862619,	-0.0149685,	-0.00247295,	-0.0103891,	-0.976819,	-0.0807216,	-0.0116376,	-0.0828356,	-1.00001,	-0.376062,	-0.0186753,	-0.363159,	-0.364,	0.63862,	-0.0588,	8285,	-421,	-5,	-111,	8315,	86,	-50,	-59,	8295,	-7,	-79,	-210,	
2,	4,	344985,	1.65255e+015,	1,	3,	5,	-2,	0,	-1,	-1,	1,	1.65255e+009,	-0.660569,	-0.491568,	-0.31202,	-0.0756448,	-0.803202,	-0.143604,	-0.0178136,	0.103949,	-0.862619,	-0.0149685,	-0.00247295,	-0.0103891,	-0.976819,	-0.0807216,	-0.0116376,	-0.0828356,	-1.00001,	-0.376062,	-0.0186753,	-0.363159,	-0.364,	0.63862,	-0.0588,	8295,	-415,	-2,	-121,	8325,	87,	-51,	-62,	8305,	-5,	-78,	-214,	
2,	4,	345063,	1.65255e+015,	-1,	4,	-6,	-5,	-7,	-3,	1,	-1,	1.65255e+009,	-0.660569,	-0.491568,	-0.31202,	-0.0756448,	-0.803202,	-0.143604,	-0.0178136,	0.103949,	-0.862619,	-0.0149685,	-0.00247295,	-0.0103891,	-0.976819,	-0.0807216,	-0.0116376,	-0.0828356,	-1.00001,	-0.376062,	-0.0186753,	-0.363159,	-0.364,	0.63862,	-0.0588,	8305,	-407,	-4,	-132,	8335,	88,	-53,	-65,	8315,	-2,	-76,	-217,	
2,	4,	345141,	1.65255e+015,	1,	5,	-21,	-5,	-1,	2,	-2,	-2,	1.65255e+009,	-0.660569,	-0.491568,	-0.31202,	-0.0756448,	-0.803202,	-0.143604,	-0.0178136,	0.103949,	-0.862619,	-0.0149685,	-0.00247295,	-0.0103891,	-0.976819,	-0.0807216,	-0.0116376,	-0.0828356,	-1.00001,	-0.376062,	-0.0186753,	-0.363159,	-0.364,	0.63862,	-0.0588,	8315,	-401,	-4,	-143,	8345,	89,	-54,	-68,	8325,	0,	-73,	-221,	
2,	4,	345219,	1.65255e+015,	-1,	-3,	-22,	-4,	0,	-2,	0,	0,	1.65255e+009,	-0.660569,	-0.491568,	-0.31202,	-0.0756448,	-0.803202,	-0.143604,	-0.0178136,	0.103949,	-0.862619,	-0.0149685,	-0.00247295,	-0.0103891,	-0.976819,	-0.0807216,	-0.0116376,	-0.0828356,	-1.00001,	-0.376062,	-0.0186753,	-0.363159,	-0.364,	0.63862,	-0.0588,	8325,	-393,	-5,	-153,	8355,	91,	-54,	-70,	8335,	1,	-71,	-225,	
2,	4,	345297,	1.65255e+015,	0,	-2,	-39,	-18,	-4,	-3,	-1,	-1,	1.65255e+009,	-0.660569,	-0.491568,	-0.31202,	-0.0756448,	-0.803202,	-0.143604,	-0.0178136,	0.103949,	-0.862619,	-0.0149685,	-0.00247295,	-0.0103891,	-0.976819,	-0.0807216,	-0.0116376,	-0.0828356,	-1.00001,	-0.376062,	-0.0186753,	-0.363159,	-0.364,	0.63862,	-0.0588,	8335,	-385,	-6,	-164,	8365,	92,	-55,	-73,	8345,	2,	-69,	-228,	
2,	4,	345375,	1.65255e+015,	-5,	-6,	21,	-6,	-3,	-2,	-2,	-1,	1.65255e+009,	-0.660569,	-0.491568,	-0.31202,	-0.0756448,	-0.803202,	-0.143604,	-0.0178136,	0.103949,	-0.862619,	-0.0149685,	-0.00247295,	-0.0103891,	-0.976819,	-0.0807216,	-0.0116376,	-0.0828356,	-1.00001,	-0.376062,	-0.0186753,	-0.363159,	-0.364,	0.63862,	-0.0588,	8345,	-380,	-6,	-175,	8375,	91,	-56,	-76,	8355,	3,	-66,	-232,	
2,	4,	345454,	1.65255e+015,	-3,	-1,	-6,	0,	-2,	-1,	0,	-1,	1.65255e+009,	-0.660569,	-0.491568,	-0.31202,	-0.0756448,	-0.803202,	-0.143604,	-0.0178136,	0.103949,	-0.862619,	-0.0149685,	-0.00247295,	-0.0103891,	-0.976819,	-0.0807216,	-0.0116376,	-0.0828356,	-1.00001,	-0.376062,	-0.0186753,	-0.363159,	-0.364,	0.63862,	-0.0588,	8355,	-374,	-6,	-184,	8385,	93,	-56,	-77,	8365,	5,	-63,	-234,	
2,	4,	345532,	1.65255e+015,	-3,	-7,	-12,	-1,	4,	-3,	-1,	-3,	1.65255e+009,	-0.660569,	-0.491568,	-0.31202,	-0.0756448,	-0.803202,	-0.143604,	-0.0178136,	0.103949,	-0.862619,	-0.0149685,	-0.00247295,	-0.0103891,	-0.976819,	-0.0807216,	-0.0116376,	-0.0828356,	-1.00001,	-0.376062,	-0.0186753,	-0.363159,	-0.364,	0.63862,	-0.0588,	8365,	-370,	-6,	-191,	8395,	94,	-57,	-79,	8375,	8,	-62,	-236,	
2,	4,	345610,	1.65255e+015,	-2,	6,	22,	5,	-3,	-3,	0,	-2,	1.65255e+009,	-0.660569,	-0.491568,	-0.31202,	-0.0756448,	-0.803202,	-0.143604,	-0.0178136,	0.103949,	-0.862619,	-0.0149685,	-0.00247295,	-0.0103891,	-0.976819,	-0.0807216,	-0.0116376,	-0.0828356,	-1.00001,	-0.376062,	-0.0186753,	-0.363159,	-0.364,	0.63862,	-0.0588,	8375,	-368,	-8,	-196,	8405,	96,	-59,	-81,	8385,	11,	-63,	-238,	
2,	4,	345688,	1.65255e+015,	3,	4,	-11,	6,	5,	5,	-1,	0,	1.65255e+009,	-0.660569,	-0.491568,	-0.31202,	-0.0756448,	-0.803202,	-0.143604,	-0.0178136,	0.103949,	-0.862619,	-0.0149685,	-0.00247295,	-0.0103891,	-0.976819,	-0.0807216,	-0.0116376,	-0.0828356,	-1.00001,	-0.376062,	-0.0186753,	-0.363159,	-0.364,	0.63862,	-0.0588,	8385,	-365,	-6,	-198,	8415,	98,	-59,	-81,	8395,	13,	-63,	-238,	
2,	4,	345766,	1.65255e+015,	-1,	-3,	-2,	-10,	2,	2,	0,	0,	1.65255e+009,	-0.660569,	-0.491568,	-0.31202,	-0.0756448,	-0.803202,	-0.143604,	-0.0178136,	0.103949,	-0.862619,	-0.0149685,	-0.00247295,	-0.0103891,	-0.976819,	-0.0807216,	-0.0116376,	-0.0828356,	-1.00001,	-0.376062,	-0.0186753,	-0.363159,	-0.364,	0.63862,	-0.0588,	8395,	-363,	-7,	-198,	8425,	98,	-60,	-80,	8405,	14,	-63,	-237,	
2,	4,	345829,	1.65255e+015,	1,	5,	3,	11,	-3,	-5,	0,	1,	1.65255e+009,	-0.660569,	-0.491568,	-0.31202,	-0.0756448,	-0.803202,	-0.143604,	-0.0178136,	0.103949,	-0.862619,	-0.0149685,	-0.00247295,	-0.0103891,	-0.976819,	-0.0807216,	-0.0116376,	-0.0828356,	-1.00001,	-0.376062,	-0.0186753,	-0.363159,	-0.364,	0.63862,	-0.0588,	8405,	-362,	-8,	-195,	8435,	99,	-60,	-78,	8415,	16,	-63,	-236,	
2,	4,	345891,	1.65255e+015,	-3,	-7,	-10,	5,	6,	3,	-1,	0,	1.65255e+009,	-0.660569,	-0.491568,	-0.31202,	-0.0756448,	-0.803202,	-0.143604,	-0.0178136,	0.103949,	-0.862619,	-0.0149685,	-0.00247295,	-0.0103891,	-0.976819,	-0.0807216,	-0.0116376,	-0.0828356,	-1.00001,	-0.376062,	-0.0186753,	-0.363159,	-0.364,	0.63862,	-0.0588,	8415,	-362,	-10,	-190,	8445,	98,	-62,	-76,	8425,	15,	-64,	-234,	
2,	4,	345969,	1.65255e+015,	-1,	-2,	-10,	4,	3,	3,	-1,	-1,	1.65255e+009,	-0.660569,	-0.491568,	-0.31202,	-0.0756448,	-0.803202,	-0.143604,	-0.0178136,	0.112289,	-0.862619,	-0.0149685,	-0.00247295,	-0.0131394,	-0.976819,	-0.0807216,	-0.0116376,	-0.0855859,	-1.00001,	-0.376062,	-0.0186753,	-0.365909,	-0.364,	0.63862,	-0.0588,	8425,	-363,	-9,	-185,	8455,	99,	-61,	-74,	8435,	14,	-63,	-230,	
2,	4,	346032,	1.65255e+015,	0,	-3,	-38,	-4,	1,	2,	-2,	-1,	1.65255e+009,	-0.660569,	-0.491568,	-0.31202,	-0.0756448,	-0.803202,	-0.143604,	-0.0178136,	0.112289,	-0.862619,	-0.0149685,	-0.00247295,	-0.0131394,	-0.976819,	-0.0807216,	-0.0116376,	-0.0855859,	-1.00001,	-0.376062,	-0.0186753,	-0.365909,	-0.364,	0.63862,	-0.0588,	8435,	-365,	-7,	-178,	8465,	98,	-61,	-73,	8445,	11,	-63,	-227,	
2,	4,	346094,	1.65255e+015,	0,	1,	11,	-7,	-2,	-3,	-1,	0,	1.65255e+009,	-0.660569,	-0.491568,	-0.31202,	-0.0756448,	-0.803202,	-0.143604,	-0.0178136,	0.112289,	-0.862619,	-0.0149685,	-0.00247295,	-0.0131394,	-0.976819,	-0.0807216,	-0.0116376,	-0.0855859,	-1.00001,	-0.376062,	-0.0186753,	-0.365909,	-0.364,	0.63862,	-0.0588,	8445,	-367,	-6,	-172,	8475,	97,	-61,	-70,	8455,	9,	-65,	-224,	
2,	4,	346157,	1.65255e+015,	0,	2,	4,	-3,	-11,	-5,	-3,	-1,	1.65255e+009,	-0.660569,	-0.491568,	-0.31202,	-0.0756448,	-0.803202,	-0.143604,	-0.0178136,	0.112289,	-0.862619,	-0.0149685,	-0.00247295,	-0.0131394,	-0.976819,	-0.0807216,	-0.0116376,	-0.0855859,	-1.00001,	-0.376062,	-0.0186753,	-0.365909,	-0.364,	0.63862,	-0.0588,	8455,	-368,	-7,	-166,	8485,	96,	-62,	-68,	8465,	8,	-65,	-220,	
2,	4,	346235,	1.65255e+015,	0,	2,	10,	2,	-8,	-4,	-2,	-3,	1.65255e+009,	-0.660569,	-0.491568,	-0.31202,	-0.0756448,	-0.803202,	-0.143604,	-0.0178136,	0.112289,	-0.862619,	-0.0149685,	-0.00247295,	-0.0131394,	-0.976819,	-0.0807216,	-0.0116376,	-0.0855859,	-1.00001,	-0.376062,	-0.0186753,	-0.365909,	-0.364,	0.63862,	-0.0588,	8465,	-371,	-9,	-158,	8495,	96,	-63,	-66,	8475,	9,	-67,	-218,	
2,	4,	346313,	1.65255e+015,	-2,	-1,	-11,	-2,	-3,	-2,	0,	0,	1.65255e+009,	-0.660569,	-0.491568,	-0.31202,	-0.0756448,	-0.803202,	-0.143604,	-0.0178136,	0.112289,	-0.862619,	-0.0149685,	-0.00247295,	-0.0131394,	-0.976819,	-0.0807216,	-0.0116376,	-0.0855859,	-1.00001,	-0.376062,	-0.0186753,	-0.365909,	-0.364,	0.63862,	-0.0588,	8475,	-372,	-8,	-154,	8505,	95,	-62,	-63,	8485,	9,	-68,	-216,	
2,	4,	346375,	1.65255e+015,	2,	-1,	10,	-9,	-5,	-5,	-2,	0,	1.65255e+009,	-0.660569,	-0.491568,	-0.31202,	-0.0756448,	-0.803202,	-0.143604,	-0.0178136,	0.112289,	-0.862619,	-0.0149685,	-0.00247295,	-0.0131394,	-0.976819,	-0.0807216,	-0.0116376,	-0.0855859,	-1.00001,	-0.376062,	-0.0186753,	-0.365909,	-0.364,	0.63862,	-0.0588,	8485,	-372,	-8,	-155,	8515,	92,	-62,	-62,	8495,	8,	-67,	-214,	
2,	4,	346438,	1.65255e+015,	-2,	-1,	-9,	-1,	3,	3,	2,	0,	1.65255e+009,	-0.660569,	-0.491568,	-0.31202,	-0.0756448,	-0.803202,	-0.143604,	-0.0178136,	0.112289,	-0.862619,	-0.0149685,	-0.00247295,	-0.0131394,	-0.976819,	-0.0807216,	-0.0116376,	-0.0855859,	-1.00001,	-0.376062,	-0.0186753,	-0.365909,	-0.364,	0.63862,	-0.0588,	8495,	-371,	-10,	-158,	8525,	90,	-63,	-62,	8505,	7,	-67,	-212,	
2,	4,	346500,	1.65255e+015,	-2,	-6,	0,	-4,	-1,	2,	0,	0,	1.65255e+009,	-0.660569,	-0.491568,	-0.31202,	-0.0756448,	-0.803202,	-0.143604,	-0.0178136,	0.112289,	-0.862619,	-0.0149685,	-0.00247295,	-0.0131394,	-0.976819,	-0.0807216,	-0.0116376,	-0.0855859,	-1.00001,	-0.376062,	-0.0186753,	-0.365909,	-0.364,	0.63862,	-0.0588,	8505,	-369,	-13,	-164,	8535,	89,	-64,	-63,	8515,	5,	-66,	-211,	
2,	4,	346579,	1.65255e+015,	1,	2,	12,	1,	3,	-3,	-1,	0,	1.65255e+009,	-0.660569,	-0.491568,	-0.31202,	-0.0756448,	-0.803202,	-0.143604,	-0.0178136,	0.112289,	-0.862619,	-0.0149685,	-0.00247295,	-0.0131394,	-0.976819,	-0.0807216,	-0.0116376,	-0.0855859,	-1.00001,	-0.376062,	-0.0186753,	-0.365909,	-0.364,	0.63862,	-0.0588,	8515,	-366,	-14,	-171,	8545,	88,	-66,	-65,	8525,	5,	-66,	-212,	
2,	4,	346641,	1.65255e+015,	0,	4,	0,	-8,	-4,	-1,	-1,	-2,	1.65255e+009,	-0.660569,	-0.491568,	-0.31202,	-0.0756448,	-0.803202,	-0.143604,	-0.0178136,	0.112289,	-0.862619,	-0.0149685,	-0.00247295,	-0.0131394,	-0.976819,	-0.0807216,	-0.0116376,	-0.0855859,	-1.00001,	-0.376062,	-0.0186753,	-0.365909,	-0.364,	0.63862,	-0.0588,	8525,	-363,	-13,	-175,	8555,	89,	-66,	-67,	8535,	6,	-65,	-214,	
2,	4,	346719,	1.65255e+015,	-1,	-3,	14,	6,	-2,	-2,	-1,	-2,	1.65255e+009,	-0.660569,	-0.491568,	-0.31202,	-0.0756448,	-0.803202,	-0.143604,	-0.0178136,	0.112289,	-0.862619,	-0.0149685,	-0.00247295,	-0.0131394,	-0.976819,	-0.0807216,	-0.0116376,	-0.0855859,	-1.00001,	-0.376062,	-0.0186753,	-0.365909,	-0.364,	0.63862,	-0.0588,	8535,	-363,	-12,	-176,	8565,	89,	-65,	-68,	8545,	8,	-64,	-216,	
2,	4,	346782,	1.65255e+015,	-2,	2,	14,	7,	3,	-1,	-1,	-1,	1.65255e+009,	-0.660569,	-0.491568,	-0.31202,	-0.0756448,	-0.803202,	-0.143604,	-0.0178136,	0.112289,	-0.862619,	-0.0149685,	-0.00247295,	-0.0131394,	-0.976819,	-0.0807216,	-0.0116376,	-0.0855859,	-1.00001,	-0.376062,	-0.0186753,	-0.365909,	-0.364,	0.63862,	-0.0588,	8545,	-361,	-10,	-179,	8575,	88,	-63,	-69,	8555,	9,	-63,	-217,	
2,	4,	346844,	1.65255e+015,	-1,	-9,	-10,	-2,	-2,	-2,	0,	-2,	1.65255e+009,	-0.660569,	-0.491568,	-0.31202,	-0.0756448,	-0.803202,	-0.143604,	-0.0178136,	0.112289,	-0.862619,	-0.0149685,	-0.00247295,	-0.0131394,	-0.976819,	-0.0807216,	-0.0116376,	-0.0855859,	-1.00001,	-0.376062,	-0.0186753,	-0.365909,	-0.364,	0.63862,	-0.0588,	8555,	-359,	-10,	-184,	8585,	87,	-64,	-69,	8565,	8,	-63,	-218,	
2,	4,	346907,	1.65255e+015,	-1,	6,	10,	9,	3,	0,	0,	0,	1.65255e+009,	-0.660569,	-0.491568,	-0.31202,	-0.0756448,	-0.803202,	-0.143604,	-0.0178136,	0.112289,	-0.862619,	-0.0149685,	-0.00247295,	-0.0131394,	-0.976819,	-0.0807216,	-0.0116376,	-0.0855859,	-1.00001,	-0.376062,	-0.0186753,	-0.365909,	-0.364,	0.63862,	-0.0588,	8565,	-355,	-10,	-191,	8595,	88,	-65,	-72,	8575,	8,	-61,	-219,	
2,	4,	346985,	1.65255e+015,	0,	-4,	-43,	-11,	2,	1,	-1,	-1,	1.65255e+009,	-0.660569,	-0.491568,	-0.31202,	-0.0756448,	-0.803202,	-0.143604,	-0.0178136,	0.112289,	-0.862619,	-0.0149685,	-0.00247295,	-0.0131394,	-0.976819,	-0.0807216,	-0.0116376,	-0.0855859,	-1.00001,	-0.376062,	-0.0186753,	-0.365909,	-0.364,	0.63862,	-0.0588,	8575,	-352,	-9,	-195,	8605,	90,	-64,	-73,	8585,	11,	-61,	-222,	
2,	4,	347047,	1.65255e+015,	-2,	-3,	-9,	-2,	-7,	-4,	0,	0,	1.65255e+009,	-0.660569,	-0.491568,	-0.31202,	-0.0756448,	-0.803202,	-0.143604,	-0.0178136,	0.112289,	-0.862619,	-0.0149685,	-0.00247295,	-0.0131394,	-0.976819,	-0.0807216,	-0.0116376,	-0.0855859,	-1.00001,	-0.376062,	-0.0186753,	-0.365909,	-0.364,	0.63862,	-0.0588,	8585,	-349,	-7,	-197,	8615,	93,	-63,	-74,	8595,	13,	-61,	-225,	
