1,	13,	397000,	1.65255e+015,	2,	1,	4,	3,	1,	-1,	1,	-1,	1.65255e+009,	-0.901049,	-0.442288,	-0.361547,	-0.0559328,	-0.947346,	-0.143604,	-0.0178136,	0.0958104,	-0.973009,	-0.19459,	-0.0209634,	-0.00965548,	-0.91177,	-0.275873,	-0.0225445,	-0.076188,	-0.649128,	-0.440127,	-0.0128339,	-0.350598,	-0.4004,	0.59547,	-0.04312,	53555,	-226,	7,	-491,	53585,	141,	-55,	-151,	53565,	66,	-31,	-345,	
1,	13,	397079,	1.65255e+015,	-2,	-5,	-6,	2,	-2,	-4,	-2,	-1,	1.65255e+009,	-0.901049,	-0.442288,	-0.361547,	-0.0559328,	-0.947346,	-0.143604,	-0.0178136,	0.0958104,	-0.973009,	-0.19459,	-0.0209634,	-0.00965548,	-0.91177,	-0.275873,	-0.0225445,	-0.076188,	-0.649128,	-0.440127,	-0.0128339,	-0.350598,	-0.4004,	0.59547,	-0.04312,	53565,	-226,	7,	-491,	53595,	139,	-56,	-151,	53575,	66,	-31,	-346,	
1,	13,	397157,	1.65255e+015,	1,	1,	-2,	5,	0,	0,	0,	0,	1.65255e+009,	-0.901049,	-0.442288,	-0.361547,	-0.0559328,	-0.947346,	-0.143604,	-0.0178136,	0.0958104,	-0.973009,	-0.19459,	-0.0209634,	-0.00965548,	-0.91177,	-0.275873,	-0.0225445,	-0.076188,	-0.649128,	-0.440127,	-0.0128339,	-0.350598,	-0.4004,	0.59547,	-0.04312,	53575,	-225,	8,	-491,	53605,	140,	-56,	-151,	53585,	66,	-30,	-345,	
1,	13,	397235,	1.65255e+015,	1,	2,	10,	13,	-1,	-1,	1,	-1,	1.65255e+009,	-0.840928,	-0.442288,	-0.361547,	-0.0559328,	-0.947346,	-0.143604,	-0.0178136,	0.0958104,	-0.973009,	-0.19459,	-0.0209634,	-0.00965548,	-0.91177,	-0.275873,	-0.0225445,	-0.076188,	-0.649128,	-0.440127,	-0.0128339,	-0.350598,	-0.4004,	0.59547,	-0.04312,	53585,	-224,	7,	-491,	53615,	139,	-56,	-151,	53595,	66,	-29,	-345,	
1,	13,	397313,	1.65255e+015,	-2,	-3,	2,	8,	0,	2,	-1,	-1,	1.65255e+009,	-0.840928,	-0.442288,	-0.361547,	-0.0559328,	-0.947346,	-0.143604,	-0.0178136,	0.0958104,	-0.973009,	-0.19459,	-0.0209634,	-0.00965548,	-0.91177,	-0.275873,	-0.0225445,	-0.076188,	-0.649128,	-0.440127,	-0.0128339,	-0.350598,	-0.4004,	0.59547,	-0.04312,	53595,	-225,	7,	-490,	53625,	139,	-56,	-151,	53605,	65,	-30,	-345,	
1,	13,	397391,	1.65255e+015,	-1,	-12,	0,	2,	5,	1,	0,	-2,	1.65255e+009,	-0.840928,	-0.442288,	-0.361547,	-0.0559328,	-0.947346,	-0.143604,	-0.0178136,	0.0958104,	-0.973009,	-0.19459,	-0.0209634,	-0.00965548,	-0.91177,	-0.275873,	-0.0225445,	-0.076188,	-0.649128,	-0.440127,	-0.0128339,	-0.350598,	-0.4004,	0.59547,	-0.04312,	53605,	-226,	9,	-490,	53635,	139,	-55,	-150,	53615,	66,	-30,	-345,	
1,	13,	397469,	1.65255e+015,	-1,	0,	-1,	-3,	2,	-1,	-1,	-1,	1.65255e+009,	-0.840928,	-0.442288,	-0.361547,	-0.0559328,	-0.947346,	-0.143604,	-0.0178136,	0.0958104,	-0.973009,	-0.19459,	-0.0209634,	-0.00965548,	-0.91177,	-0.275873,	-0.0225445,	-0.076188,	-0.649128,	-0.440127,	-0.0128339,	-0.350598,	-0.4004,	0.59547,	-0.04312,	53615,	-227,	8,	-490,	53645,	140,	-56,	-151,	53625,	66,	-30,	-345,	
1,	13,	397547,	1.65255e+015,	-1,	-6,	-4,	-1,	-1,	1,	0,	-2,	1.65255e+009,	-0.840928,	-0.442288,	-0.361547,	-0.0559328,	-0.947346,	-0.143604,	-0.0178136,	0.0958104,	-0.973009,	-0.19459,	-0.0209634,	-0.00965548,	-0.91177,	-0.275873,	-0.0225445,	-0.076188,	-0.649128,	-0.440127,	-0.0128339,	-0.350598,	-0.4004,	0.59547,	-0.04312,	53625,	-226,	8,	-490,	53655,	140,	-55,	-150,	53635,	67,	-30,	-345,	
1,	13,	397625,	1.65255e+015,	-4,	-5,	-3,	4,	0,	-3,	-2,	-3,	1.65255e+009,	-0.840928,	-0.442288,	-0.361547,	-0.0559328,	-0.947346,	-0.143604,	-0.0178136,	0.0958104,	-0.973009,	-0.19459,	-0.0209634,	-0.00965548,	-0.91177,	-0.275873,	-0.0225445,	-0.076188,	-0.649128,	-0.440127,	-0.0128339,	-0.350598,	-0.4004,	0.59547,	-0.04312,	53635,	-225,	7,	-490,	53665,	140,	-55,	-151,	53645,	66,	-30,	-345,	
1,	13,	397704,	1.65255e+015,	0,	-15,	-17,	-12,	-6,	2,	-1,	0,	1.65255e+009,	-0.840928,	-0.442288,	-0.361547,	-0.0559328,	-0.947346,	-0.143604,	-0.0178136,	0.0958104,	-0.973009,	-0.19459,	-0.0209634,	-0.00965548,	-0.91177,	-0.275873,	-0.0225445,	-0.076188,	-0.649128,	-0.440127,	-0.0128339,	-0.350598,	-0.4004,	0.59547,	-0.04312,	53645,	-225,	6,	-490,	53675,	140,	-55,	-151,	53655,	65,	-31,	-345,	
1,	13,	397782,	1.65255e+015,	-2,	2,	4,	5,	2,	0,	0,	-1,	1.65255e+009,	-0.840928,	-0.442288,	-0.361547,	-0.0559328,	-0.947346,	-0.143604,	-0.0178136,	0.0958104,	-0.973009,	-0.19459,	-0.0209634,	-0.00965548,	-0.91177,	-0.275873,	-0.0225445,	-0.076188,	-0.649128,	-0.440127,	-0.0128339,	-0.350598,	-0.4004,	0.59547,	-0.04312,	53655,	-226,	7,	-491,	53685,	139,	-56,	-151,	53665,	66,	-29,	-345,	
1,	13,	397860,	1.65255e+015,	-3,	-4,	2,	8,	1,	-1,	-1,	0,	1.65255e+009,	-0.840928,	-0.442288,	-0.361547,	-0.0559328,	-0.947346,	-0.143604,	-0.0178136,	0.0958104,	-0.973009,	-0.19459,	-0.0209634,	-0.00965548,	-0.91177,	-0.275873,	-0.0225445,	-0.076188,	-0.649128,	-0.440127,	-0.0128339,	-0.350598,	-0.4004,	0.59547,	-0.04312,	53665,	-226,	8,	-491,	53695,	139,	-57,	-151,	53675,	66,	-31,	-345,	
1,	13,	397938,	1.65255e+015,	0,	-9,	-4,	3,	1,	-1,	0,	0,	1.65255e+009,	-0.840928,	-0.442288,	-0.361547,	-0.0559328,	-0.947346,	-0.143604,	-0.0178136,	0.0958104,	-0.973009,	-0.19459,	-0.0209634,	-0.00965548,	-0.91177,	-0.275873,	-0.0225445,	-0.076188,	-0.649128,	-0.440127,	-0.0128339,	-0.350598,	-0.4004,	0.59547,	-0.04312,	53675,	-225,	8,	-491,	53705,	140,	-56,	-151,	53685,	66,	-30,	-345,	
1,	13,	398016,	1.65255e+015,	1,	4,	7,	-3,	-4,	-3,	0,	2,	1.65255e+009,	-0.840928,	-0.442288,	-0.361547,	-0.0559328,	-0.947346,	-0.143604,	-0.0178136,	0.0958104,	-0.973009,	-0.19459,	-0.0209634,	-0.00965548,	-0.91177,	-0.275873,	-0.0225445,	-0.076188,	-0.649128,	-0.440127,	-0.0128339,	-0.350598,	-0.4004,	0.59547,	-0.04312,	53685,	-225,	7,	-491,	53715,	140,	-57,	-152,	53695,	66,	-30,	-345,	
1,	13,	398079,	1.65255e+015,	-1,	-2,	-1,	22,	6,	0,	-2,	0,	1.65255e+009,	-0.840928,	-0.442288,	-0.361547,	-0.0559328,	-0.947346,	-0.143604,	-0.0178136,	0.0958104,	-0.973009,	-0.19459,	-0.0209634,	-0.00965548,	-0.91177,	-0.275873,	-0.0225445,	-0.076188,	-0.649128,	-0.440127,	-0.0128339,	-0.350598,	-0.4004,	0.59547,	-0.04312,	53695,	-226,	7,	-491,	53725,	140,	-56,	-151,	53705,	66,	-31,	-345,	
1,	13,	398157,	1.65255e+015,	0,	6,	3,	9,	-1,	-3,	-1,	-1,	1.65255e+009,	-0.840928,	-0.442288,	-0.361547,	-0.0559328,	-0.947346,	-0.143604,	-0.0178136,	0.0958104,	-0.973009,	-0.19459,	-0.0209634,	-0.00965548,	-0.91177,	-0.275873,	-0.0225445,	-0.076188,	-0.649128,	-0.440127,	-0.0128339,	-0.350598,	-0.4004,	0.59547,	-0.04312,	53705,	-226,	9,	-491,	53735,	139,	-56,	-152,	53715,	66,	-30,	-345,	
1,	13,	398219,	1.65255e+015,	2,	8,	-3,	-36,	-5,	0,	0,	2,	1.65255e+009,	-0.840928,	-0.442288,	-0.361547,	-0.0559328,	-0.947346,	-0.143604,	-0.0178136,	0.0958104,	-0.973009,	-0.19459,	-0.0209634,	-0.00965548,	-0.91177,	-0.275873,	-0.0225445,	-0.076188,	-0.649128,	-0.440127,	-0.0128339,	-0.350598,	-0.4004,	0.59547,	-0.04312,	53715,	-225,	9,	-490,	53745,	139,	-57,	-151,	53725,	65,	-30,	-345,	
1,	13,	398313,	1.65255e+015,	-5,	-10,	-8,	-4,	-2,	1,	-1,	-1,	1.65255e+009,	-0.840928,	-0.442288,	-0.361547,	-0.0559328,	-0.947346,	-0.143604,	-0.0178136,	0.0958104,	-0.973009,	-0.19459,	-0.0209634,	-0.00965548,	-0.91177,	-0.275873,	-0.0225445,	-0.076188,	-0.649128,	-0.440127,	-0.0128339,	-0.350598,	-0.4004,	0.59547,	-0.04312,	53725,	-225,	9,	-490,	53755,	139,	-56,	-151,	53735,	65,	-30,	-345,	
1,	13,	398391,	1.65255e+015,	-2,	-4,	2,	1,	-2,	-2,	0,	-1,	1.65255e+009,	-0.840928,	-0.442288,	-0.361547,	-0.0559328,	-0.947346,	-0.143604,	-0.0178136,	0.0958104,	-0.973009,	-0.19459,	-0.0209634,	-0.00965548,	-0.91177,	-0.275873,	-0.0225445,	-0.076188,	-0.649128,	-0.440127,	-0.0128339,	-0.350598,	-0.4004,	0.59547,	-0.04312,	53735,	-226,	9,	-490,	53765,	139,	-57,	-150,	53745,	65,	-30,	-345,	
1,	13,	398454,	1.65255e+015,	1,	1,	5,	-2,	-1,	-1,	-1,	-1,	1.65255e+009,	-0.840928,	-0.442288,	-0.361547,	-0.0559328,	-0.947346,	-0.143604,	-0.0178136,	0.0958104,	-0.973009,	-0.19459,	-0.0209634,	-0.00965548,	-0.91177,	-0.275873,	-0.0225445,	-0.076188,	-0.649128,	-0.440127,	-0.0128339,	-0.350598,	-0.4004,	0.59547,	-0.04312,	53745,	-226,	8,	-489,	53775,	139,	-56,	-150,	53755,	65,	-31,	-344,	
1,	13,	398532,	1.65255e+015,	-2,	-1,	4,	-35,	-7,	-2,	-1,	-1,	1.65255e+009,	-0.840928,	-0.442288,	-0.361547,	-0.0559328,	-0.947346,	-0.143604,	-0.0178136,	0.0958104,	-0.973009,	-0.19459,	-0.0209634,	-0.00965548,	-0.91177,	-0.275873,	-0.0225445,	-0.076188,	-0.649128,	-0.440127,	-0.0128339,	-0.350598,	-0.4004,	0.59547,	-0.04312,	53755,	-227,	7,	-489,	53785,	139,	-57,	-150,	53765,	65,	-31,	-344,	
1,	13,	398594,	1.65255e+015,	0,	10,	6,	2,	-1,	0,	0,	1,	1.65255e+009,	-0.840928,	-0.442288,	-0.361547,	-0.0559328,	-0.947346,	-0.143604,	-0.0178136,	0.0958104,	-0.973009,	-0.19459,	-0.0209634,	-0.00965548,	-0.91177,	-0.275873,	-0.0225445,	-0.076188,	-0.649128,	-0.440127,	-0.0128339,	-0.350598,	-0.4004,	0.59547,	-0.04312,	53765,	-227,	7,	-489,	53795,	139,	-57,	-150,	53775,	64,	-31,	-344,	
1,	13,	398672,	1.65255e+015,	-2,	-4,	-8,	-14,	-4,	-2,	0,	-1,	1.65255e+009,	-0.840928,	-0.442288,	-0.361547,	-0.0559328,	-0.947346,	-0.143604,	-0.0178136,	0.0958104,	-0.973009,	-0.19459,	-0.0209634,	-0.00965548,	-0.91177,	-0.275873,	-0.0225445,	-0.076188,	-0.649128,	-0.440127,	-0.0128339,	-0.350598,	-0.4004,	0.59547,	-0.04312,	53775,	-227,	7,	-489,	53805,	140,	-57,	-150,	53785,	65,	-31,	-343,	
1,	13,	398750,	1.65255e+015,	1,	0,	1,	6,	0,	0,	-2,	-1,	1.65255e+009,	-0.840928,	-0.442288,	-0.361547,	-0.0559328,	-0.947346,	-0.143604,	-0.0178136,	0.0958104,	-0.973009,	-0.19459,	-0.0209634,	-0.00965548,	-0.91177,	-0.275873,	-0.0225445,	-0.076188,	-0.649128,	-0.440127,	-0.0128339,	-0.350598,	-0.4004,	0.59547,	-0.04312,	53785,	-227,	7,	-489,	53815,	140,	-57,	-150,	53795,	66,	-31,	-343,	
1,	13,	398829,	1.65255e+015,	-2,	1,	-13,	-49,	-6,	-2,	-1,	-1,	1.65255e+009,	-0.840928,	-0.442288,	-0.361547,	-0.0559328,	-0.947346,	-0.143604,	-0.0178136,	0.0958104,	-0.973009,	-0.19459,	-0.0209634,	-0.00965548,	-0.91177,	-0.275873,	-0.0225445,	-0.076188,	-0.649128,	-0.440127,	-0.0128339,	-0.350598,	-0.4004,	0.59547,	-0.04312,	53795,	-227,	8,	-489,	53825,	140,	-56,	-150,	53805,	66,	-30,	-343,	
1,	13,	398907,	1.65255e+015,	2,	4,	-2,	-13,	-4,	-4,	-1,	2,	1.65255e+009,	-0.840928,	-0.442288,	-0.361547,	-0.0559328,	-0.947346,	-0.143604,	-0.0178136,	0.0958104,	-0.973009,	-0.19459,	-0.0209634,	-0.00965548,	-0.91177,	-0.275873,	-0.0225445,	-0.076188,	-0.649128,	-0.440127,	-0.0128339,	-0.350598,	-0.4004,	0.59547,	-0.04312,	53805,	-227,	7,	-488,	53835,	140,	-55,	-150,	53815,	64,	-31,	-343,	
1,	13,	398985,	1.65255e+015,	-3,	-5,	-10,	-43,	-4,	-1,	1,	-1,	1.65255e+009,	-0.840928,	-0.442288,	-0.361547,	-0.0559328,	-0.947346,	-0.143604,	-0.0178136,	0.0958104,	-0.973009,	-0.19459,	-0.0209634,	-0.00965548,	-0.91177,	-0.275873,	-0.0225445,	-0.076188,	-0.649128,	-0.440127,	-0.0128339,	-0.350598,	-0.4004,	0.59547,	-0.04312,	53815,	-226,	7,	-488,	53845,	140,	-56,	-149,	53825,	64,	-31,	-344,	
1,	13,	399063,	1.65255e+015,	-1,	-1,	-2,	-1,	-1,	0,	0,	0,	1.65255e+009,	-0.840928,	-0.442288,	-0.361547,	-0.0559328,	-0.947346,	-0.143604,	-0.0178136,	0.0958104,	-0.973009,	-0.19459,	-0.0209634,	-0.00965548,	-0.91177,	-0.275873,	-0.0225445,	-0.076188,	-0.649128,	-0.440127,	-0.0128339,	-0.350598,	-0.4004,	0.59547,	-0.04312,	53825,	-226,	8,	-488,	53855,	140,	-56,	-149,	53835,	64,	-30,	-343,	
1,	13,	399141,	1.65255e+015,	0,	-1,	1,	-3,	-2,	0,	0,	-3,	1.65255e+009,	-0.840928,	-0.442288,	-0.361547,	-0.0559328,	-0.947346,	-0.143604,	-0.0178136,	0.0958104,	-0.973009,	-0.19459,	-0.0209634,	-0.00965548,	-0.91177,	-0.275873,	-0.0225445,	-0.076188,	-0.649128,	-0.440127,	-0.0128339,	-0.350598,	-0.4004,	0.59547,	-0.04312,	53835,	-227,	7,	-489,	53865,	139,	-55,	-149,	53845,	65,	-31,	-343,	
1,	13,	399219,	1.65255e+015,	-1,	-11,	-1,	1,	0,	-2,	-3,	0,	1.65255e+009,	-0.840928,	-0.442288,	-0.361547,	-0.0559328,	-0.947346,	-0.143604,	-0.0178136,	0.0958104,	-0.973009,	-0.19459,	-0.0209634,	-0.00965548,	-0.91177,	-0.275873,	-0.0225445,	-0.076188,	-0.649128,	-0.440127,	-0.0128339,	-0.350598,	-0.4004,	0.59547,	-0.04312,	53845,	-227,	7,	-488,	7239,	137,	-56,	-123,	7229,	51,	-48,	-309,	
1,	13,	399297,	1.65255e+015,	0,	2,	-1,	-7,	2,	-1,	-2,	0,	1.65255e+009,	-0.840928,	-0.442288,	-0.361547,	-0.0559328,	-0.947346,	-0.143604,	-0.0178136,	0.0958104,	-0.973009,	-0.19459,	-0.0209634,	-0.00965548,	-0.91177,	-0.275873,	-0.0225445,	-0.076188,	-0.649128,	-0.440127,	-0.0128339,	-0.350598,	-0.4004,	0.59547,	-0.04312,	7279,	-260,	5,	-380,	7249,	137,	-56,	-123,	7239,	52,	-48,	-309,	
1,	13,	399375,	1.65255e+015,	0,	2,	-2,	2,	0,	1,	0,	2,	1.65255e+009,	-0.840928,	-0.442288,	-0.361547,	-0.0559328,	-0.947346,	-0.143604,	-0.0178136,	0.0958104,	-0.973009,	-0.19459,	-0.0209634,	-0.00965548,	-0.91177,	-0.275873,	-0.0225445,	-0.076188,	-0.649128,	-0.440127,	-0.0128339,	-0.350598,	-0.4004,	0.59547,	-0.04312,	7289,	-261,	5,	-380,	7259,	138,	-56,	-123,	7249,	51,	-48,	-309,	
1,	13,	399454,	1.65255e+015,	3,	18,	11,	9,	3,	1,	2,	1,	1.65255e+009,	-0.840928,	-0.442288,	-0.361547,	-0.0559328,	-0.947346,	-0.143604,	-0.0178136,	0.0958104,	-0.973009,	-0.19459,	-0.0209634,	-0.00965548,	-0.91177,	-0.275873,	-0.0225445,	-0.076188,	-0.649128,	-0.440127,	-0.0128339,	-0.350598,	-0.4004,	0.59547,	-0.04312,	7299,	-259,	5,	-381,	7269,	138,	-56,	-124,	7259,	51,	-48,	-309,	
1,	13,	399532,	1.65255e+015,	2,	2,	0,	8,	2,	1,	1,	1,	1.65255e+009,	-0.840928,	-0.442288,	-0.361547,	-0.0559328,	-0.947346,	-0.143604,	-0.0178136,	0.0958104,	-0.973009,	-0.19459,	-0.0209634,	-0.00965548,	-0.91177,	-0.275873,	-0.0225445,	-0.076188,	-0.649128,	-0.440127,	-0.0128339,	-0.350598,	-0.4004,	0.59547,	-0.04312,	7309,	-260,	5,	-381,	7279,	137,	-56,	-124,	7269,	51,	-47,	-309,	
1,	13,	399610,	1.65255e+015,	-3,	-7,	2,	-6,	-1,	-1,	-2,	-2,	1.65255e+009,	-0.840928,	-0.442288,	-0.361547,	-0.0559328,	-0.947346,	-0.143604,	-0.0178136,	0.0958104,	-0.973009,	-0.19459,	-0.0209634,	-0.00965548,	-0.91177,	-0.275873,	-0.0225445,	-0.076188,	-0.649128,	-0.440127,	-0.0128339,	-0.350598,	-0.4004,	0.59547,	-0.04312,	7319,	-259,	5,	-381,	7289,	138,	-55,	-123,	7279,	51,	-47,	-308,	
1,	13,	399688,	1.65255e+015,	-2,	-2,	1,	22,	5,	0,	-2,	-1,	1.65255e+009,	-0.840928,	-0.442288,	-0.361547,	-0.0559328,	-0.947346,	-0.143604,	-0.0178136,	0.0958104,	-0.973009,	-0.19459,	-0.0209634,	-0.00965548,	-0.91177,	-0.275873,	-0.0225445,	-0.076188,	-0.649128,	-0.440127,	-0.0128339,	-0.350598,	-0.4004,	0.59547,	-0.04312,	7329,	-259,	5,	-381,	7299,	138,	-56,	-124,	7289,	52,	-46,	-309,	
1,	13,	399766,	1.65255e+015,	-1,	-5,	-1,	1,	-2,	-1,	2,	-1,	1.65255e+009,	-0.840928,	-0.442288,	-0.361547,	-0.0559328,	-0.947346,	-0.143604,	-0.0178136,	0.0958104,	-0.973009,	-0.19459,	-0.0209634,	-0.00965548,	-0.91177,	-0.275873,	-0.0225445,	-0.076188,	-0.649128,	-0.440127,	-0.0128339,	-0.350598,	-0.4004,	0.59547,	-0.04312,	7339,	-260,	4,	-381,	7309,	138,	-56,	-124,	7299,	51,	-46,	-309,	
1,	13,	399844,	1.65255e+015,	0,	3,	-10,	-10,	-2,	1,	-1,	-2,	1.65255e+009,	-0.840928,	-0.442288,	-0.361547,	-0.0559328,	-0.947346,	-0.143604,	-0.0178136,	0.0958104,	-0.973009,	-0.19459,	-0.0209634,	-0.00965548,	-0.91177,	-0.275873,	-0.0225445,	-0.076188,	-0.649128,	-0.440127,	-0.0128339,	-0.350598,	-0.4004,	0.59547,	-0.04312,	7349,	-262,	4,	-380,	7319,	138,	-56,	-124,	7309,	52,	-46,	-309,	
1,	13,	399922,	1.65255e+015,	-1,	-3,	-3,	-1,	-1,	1,	0,	-1,	1.65255e+009,	-0.840928,	-0.442288,	-0.361547,	-0.0559328,	-0.947346,	-0.143604,	-0.0178136,	0.0958104,	-0.973009,	-0.19459,	-0.0209634,	-0.00965548,	-0.91177,	-0.275873,	-0.0225445,	-0.076188,	-0.649128,	-0.440127,	-0.0128339,	-0.350598,	-0.4004,	0.59547,	-0.04312,	7359,	-262,	4,	-380,	7329,	137,	-56,	-124,	7319,	52,	-47,	-309,	
1,	13,	400000,	1.65255e+015,	-2,	-3,	-2,	4,	-1,	-1,	-1,	0,	1.65255e+009,	-0.840928,	-0.442288,	-0.361547,	-0.0559328,	-0.947346,	-0.143604,	-0.0178136,	0.0958104,	-0.973009,	-0.19459,	-0.0209634,	-0.00965548,	-0.91177,	-0.275873,	-0.0225445,	-0.076188,	-0.649128,	-0.440127,	-0.0128339,	-0.350598,	-0.4004,	0.59547,	-0.04312,	7369,	-260,	5,	-381,	7339,	136,	-55,	-124,	7329,	52,	-47,	-309,	
2,	13,	400110,	1.65255e+015,	-4,	-9,	-2,	-4,	-2,	-1,	-1,	-1,	1.65255e+009,	-0.840928,	-0.442288,	-0.361547,	-0.0559328,	-0.947346,	-0.143604,	-0.0178136,	0.0958104,	-0.973009,	-0.19459,	-0.0209634,	-0.00965548,	-0.91177,	-0.275873,	-0.0225445,	-0.076188,	-0.649128,	-0.440127,	-0.0128339,	-0.350598,	-0.4004,	0.59547,	-0.04312,	7379,	-260,	5,	-382,	7349,	136,	-55,	-124,	7339,	51,	-47,	-309,	
2,	13,	400188,	1.65255e+015,	1,	1,	-2,	3,	-1,	0,	1,	0,	1.65255e+009,	-0.840928,	-0.442288,	-0.361547,	-0.0559328,	-0.947346,	-0.143604,	-0.0178136,	0.0958104,	-0.973009,	-0.19459,	-0.0209634,	-0.00965548,	-0.91177,	-0.275873,	-0.0225445,	-0.076188,	-0.649128,	-0.440127,	-0.0128339,	-0.350598,	-0.4004,	0.59547,	-0.04312,	7389,	-259,	4,	-383,	7359,	137,	-55,	-124,	7349,	52,	-48,	-309,	
2,	13,	400282,	1.65255e+015,	3,	7,	3,	-5,	2,	3,	1,	1,	1.65255e+009,	-0.840928,	-0.442288,	-0.361547,	-0.0559328,	-0.947346,	-0.143604,	-0.0178136,	0.0958104,	-0.973009,	-0.19459,	-0.0209634,	-0.00965548,	-0.91177,	-0.275873,	-0.0225445,	-0.076188,	-0.649128,	-0.440127,	-0.0128339,	-0.350598,	-0.4004,	0.59547,	-0.04312,	7399,	-260,	4,	-384,	7369,	137,	-56,	-124,	7359,	52,	-47,	-309,	
2,	13,	400360,	1.65255e+015,	-2,	-2,	0,	-3,	-4,	1,	0,	-2,	1.65255e+009,	-0.840928,	-0.442288,	-0.361547,	-0.0559328,	-0.947346,	-0.143604,	-0.0178136,	0.0958104,	-0.973009,	-0.19459,	-0.0209634,	-0.00965548,	-0.91177,	-0.275873,	-0.0225445,	-0.076188,	-0.649128,	-0.440127,	-0.0128339,	-0.350598,	-0.4004,	0.59547,	-0.04312,	7409,	-260,	4,	-384,	7379,	137,	-56,	-124,	7369,	52,	-47,	-309,	
2,	13,	400438,	1.65255e+015,	-3,	-5,	-1,	-4,	-1,	1,	0,	0,	1.65255e+009,	-0.840928,	-0.442288,	-0.361547,	-0.0559328,	-0.947346,	-0.143604,	-0.0178136,	0.0958104,	-0.973009,	-0.19459,	-0.0209634,	-0.00965548,	-0.91177,	-0.275873,	-0.0225445,	-0.076188,	-0.649128,	-0.440127,	-0.0128339,	-0.350598,	-0.4004,	0.59547,	-0.04312,	7419,	-259,	3,	-384,	7389,	138,	-56,	-124,	7379,	52,	-46,	-309,	
2,	13,	400516,	1.65255e+015,	-2,	-6,	0,	3,	0,	0,	-1,	-1,	1.65255e+009,	-0.840928,	-0.442288,	-0.361547,	-0.0559328,	-0.947346,	-0.143604,	-0.0178136,	0.0958104,	-0.973009,	-0.19459,	-0.0209634,	-0.00965548,	-0.91177,	-0.275873,	-0.0225445,	-0.076188,	-0.649128,	-0.440127,	-0.0128339,	-0.350598,	-0.4004,	0.59547,	-0.04312,	7429,	-260,	3,	-384,	7399,	137,	-56,	-124,	7389,	52,	-46,	-309,	
2,	13,	400594,	1.65255e+015,	-2,	1,	0,	-3,	1,	-1,	0,	-1,	1.65255e+009,	-0.840928,	-0.442288,	-0.361547,	-0.0559328,	-0.947346,	-0.143604,	-0.0178136,	0.0958104,	-0.973009,	-0.19459,	-0.0209634,	-0.00965548,	-0.91177,	-0.275873,	-0.0225445,	-0.076188,	-0.649128,	-0.440127,	-0.0128339,	-0.350598,	-0.4004,	0.59547,	-0.04312,	7439,	-261,	4,	-383,	7409,	137,	-55,	-124,	7399,	52,	-46,	-309,	
2,	13,	400672,	1.65255e+015,	-2,	3,	-22,	-12,	0,	0,	0,	-1,	1.65255e+009,	-0.840928,	-0.442288,	-0.361547,	-0.0559328,	-0.947346,	-0.219989,	-0.0219117,	0.102482,	-0.973009,	-0.19459,	-0.0209634,	-0.0118557,	-0.91177,	-0.275873,	-0.0225445,	-0.0783882,	-0.649128,	-0.440127,	-0.0128339,	-0.352798,	-0.4004,	0.59547,	-0.04312,	7449,	-259,	4,	-384,	7419,	137,	-56,	-125,	7409,	52,	-47,	-309,	
2,	13,	400735,	1.65255e+015,	10,	0,	-3,	4,	3,	0,	-5,	-25,	1.65255e+009,	-0.916079,	-0.442288,	-0.328529,	-0.00665279,	-0.947346,	-0.449144,	-0.0118008,	0.102482,	-0.973009,	-0.414129,	-0.0155211,	-0.0118557,	-0.91177,	-0.453283,	-0.0113092,	-0.0783882,	-0.649128,	-0.517005,	-0.00235679,	-0.352798,	-0.3549,	0.59547,	-0.04312,	7459,	-259,	4,	-383,	7429,	138,	-56,	-124,	7419,	51,	-48,	-309,	
2,	13,	400797,	1.65255e+015,	3,	-1,	9,	5,	-1,	0,	-4,	6,	1.65255e+009,	-1.09644,	-0.442288,	-0.328529,	0.0327712,	-0.947346,	-0.922731,	-0.115594,	0.0951488,	-1.03609,	-0.952995,	-0.128614,	-0.0191891,	-0.91177,	-0.914549,	-0.112174,	-0.0561516,	-0.736848,	-0.734826,	-0.0478696,	-0.330561,	-0.182,	0.59547,	-0.04312,	7469,	-260,	4,	-383,	7439,	138,	-56,	-124,	7429,	52,	-47,	-309,	
2,	13,	400860,	1.65255e+015,	-49,	-14,	-31,	-24,	-12,	-9,	-7,	-15,	1.65255e+009,	-1.18662,	-0.565488,	-0.328529,	0.0820512,	-0.947346,	-1.19772,	-0.255436,	0.0794758,	-1.03609,	-1.23241,	-0.276515,	-0.0237721,	-0.91177,	-1.26937,	-0.299822,	-0.0311646,	-0.846498,	-0.888582,	-0.101606,	-0.287832,	-0.0091,	0.59547,	-0.04312,	7479,	-261,	4,	-383,	7449,	138,	-56,	-125,	7439,	51,	-47,	-309,	
2,	13,	400938,	1.65255e+015,	9,	22,	-2,	18,	4,	2,	-2,	-1,	1.65255e+009,	-1.24674,	-0.565488,	-0.328529,	0.106691,	-1.12352,	-1.45743,	-0.431946,	0.0794758,	-1.19379,	-1.53178,	-0.490427,	-0.0237721,	-1.02019,	-1.55322,	-0.507954,	-0.0311646,	-0.934218,	-1.13203,	-0.217631,	-0.287832,	0.2457,	0.59547,	-0.0588,	7489,	-260,	4,	-383,	7459,	138,	-55,	-124,	7449,	52,	-47,	-309,	
2,	13,	401000,	1.65255e+015,	-48,	-41,	-13,	-4,	-7,	-6,	-10,	-12,	1.65255e+009,	-1.24674,	-0.565488,	-0.378056,	0.106691,	-1.33173,	-1.45743,	-0.431946,	0.0794758,	-1.46188,	-1.53178,	-0.490427,	-0.0237721,	-1.36711,	-1.62419,	-0.568044,	-0.0311646,	-1.32896,	-1.26016,	-0.293933,	-0.287832,	0.4732,	0.59547,	-0.0588,	7499,	-260,	4,	-383,	7469,	137,	-56,	-124,	7459,	52,	-47,	-309,	
2,	13,	401063,	1.65255e+015,	-16,	-3,	-21,	0,	2,	1,	0,	2,	1.65255e+009,	-1.1265,	-0.664048,	-0.609182,	0.106691,	-1.42783,	-1.45743,	-0.431946,	0.0861475,	-1.63535,	-1.53178,	-0.490427,	-0.0259724,	-1.49721,	-1.62419,	-0.568044,	-0.0333649,	-1.43861,	-1.26016,	-0.293933,	-0.290033,	0.6097,	0.59547,	-0.0588,	7509,	-259,	4,	-383,	7479,	138,	-55,	-124,	7469,	52,	-47,	-309,	
2,	13,	401141,	1.65255e+015,	-1,	-23,	-11,	-75,	-12,	-3,	2,	1,	1.65255e+009,	-0.916079,	-0.664048,	-0.906344,	0.106691,	-1.57197,	-1.51853,	-0.479752,	0.0934809,	-1.72997,	-1.53178,	-0.490427,	-0.018639,	-1.71404,	-1.62419,	-0.568044,	-0.0556015,	-1.65791,	-1.31141,	-0.327395,	-0.312269,	0.6097,	0.59547,	-0.0588,	7519,	-260,	4,	-383,	7489,	139,	-55,	-125,	7479,	52,	-46,	-309,	
2,	13,	401204,	1.65255e+015,	-42,	-41,	-9,	30,	-2,	-8,	-7,	-12,	1.65255e+009,	-0.825899,	-0.762608,	-1.0054,	0.106691,	-1.57197,	-1.51853,	-0.479752,	0.0934809,	-1.80882,	-1.53178,	-0.490427,	-0.018639,	-1.71404,	-1.62419,	-0.568044,	-0.0556015,	-1.78949,	-1.31141,	-0.327395,	-0.312269,	0.6097,	0.59547,	-0.0588,	7529,	-260,	4,	-384,	7499,	138,	-55,	-124,	7489,	52,	-46,	-309,	
2,	13,	401282,	1.65255e+015,	-4,	-15,	1,	8,	-7,	-11,	-5,	3,	1.65255e+009,	-0.825899,	-0.762608,	-1.08794,	0.106691,	-1.65205,	-1.51853,	-0.479752,	0.0934809,	-1.90344,	-1.53178,	-0.490427,	-0.018639,	-1.80077,	-1.62419,	-0.568044,	-0.0556015,	-1.78949,	-1.31141,	-0.327395,	-0.312269,	0.6097,	0.59547,	-0.0588,	7539,	-259,	4,	-384,	7509,	138,	-55,	-124,	7499,	52,	-47,	-309,	
2,	13,	401360,	1.65255e+015,	-3,	2,	-18,	-87,	-14,	-6,	-2,	-12,	1.65255e+009,	-0.825899,	-0.861168,	-1.25303,	0.106691,	-1.65205,	-1.51853,	-0.479752,	0.0934809,	-1.96652,	-1.53178,	-0.490427,	-0.018639,	-1.88751,	-1.62419,	-0.568044,	-0.0556015,	-1.87721,	-1.31141,	-0.327395,	-0.312269,	0.6097,	0.59547,	-0.0588,	7549,	-259,	4,	-383,	7519,	139,	-54,	-125,	7509,	51,	-47,	-309,	
2,	13,	401422,	1.65255e+015,	9,	-6,	5,	39,	5,	1,	1,	6,	1.65255e+009,	-0.825899,	-0.861168,	-1.25303,	0.106691,	-1.73213,	-1.51853,	-0.479752,	0.100153,	-1.96652,	-1.53178,	-0.490427,	-0.0208393,	-1.88751,	-1.62419,	-0.568044,	-0.0578018,	-1.87721,	-1.31141,	-0.327395,	-0.314469,	0.6097,	0.59547,	-0.0588,	7559,	-260,	5,	-383,	7529,	138,	-54,	-124,	7519,	53,	-46,	-309,	
2,	13,	401500,	1.65255e+015,	21,	5,	-1,	-1,	-3,	-4,	-2,	11,	1.65255e+009,	-0.825899,	-0.861168,	-1.33558,	0.106691,	-1.73213,	-1.51853,	-0.479752,	0.106019,	-1.96652,	-1.53178,	-0.490427,	-0.0149726,	-1.88751,	-1.62419,	-0.568044,	-0.0755911,	-1.87721,	-1.31141,	-0.327395,	-0.332259,	0.6097,	0.59547,	-0.0588,	7569,	-259,	5,	-382,	7539,	138,	-54,	-124,	7529,	52,	-46,	-309,	
2,	13,	401579,	1.65255e+015,	17,	-21,	-6,	16,	-6,	-3,	1,	12,	1.65255e+009,	-0.825899,	-0.861168,	-1.33558,	0.106691,	-1.73213,	-1.51853,	-0.479752,	0.106019,	-2.04537,	-1.53178,	-0.490427,	-0.0149726,	-1.88751,	-1.62419,	-0.568044,	-0.0755911,	-1.87721,	-1.31141,	-0.327395,	-0.355915,	0.6097,	0.59547,	-0.0588,	7579,	-260,	5,	-382,	7549,	138,	-55,	-124,	7539,	53,	-46,	-309,	
2,	13,	401657,	1.65255e+015,	-4,	-7,	-4,	41,	0,	2,	0,	-2,	1.65255e+009,	-0.825899,	-0.861168,	-1.33558,	0.106691,	-1.73213,	-1.51853,	-0.479752,	0.112691,	-2.04537,	-1.53178,	-0.490427,	-0.0171729,	-1.88751,	-1.62419,	-0.568044,	-0.0777914,	-1.87721,	-1.31141,	-0.327395,	-0.358115,	0.6097,	0.59547,	-0.0588,	7589,	-260,	4,	-382,	7559,	138,	-55,	-125,	7549,	52,	-46,	-309,	
2,	13,	401719,	1.65255e+015,	7,	-2,	2,	18,	-6,	-7,	-1,	6,	1.65255e+009,	-0.825899,	-0.861168,	-1.33558,	0.106691,	-1.73213,	-1.51853,	-0.479752,	0.112691,	-2.04537,	-1.53178,	-0.490427,	-0.0171729,	-1.88751,	-1.62419,	-0.568044,	-0.0777914,	-1.87721,	-1.31141,	-0.327395,	-0.358115,	0.6097,	0.59547,	-0.0588,	7599,	-261,	4,	-382,	7569,	139,	-55,	-124,	7559,	52,	-47,	-309,	
2,	13,	401797,	1.65255e+015,	-1,	-17,	-12,	-3,	-1,	-4,	-3,	-7,	1.65255e+009,	-0.825899,	-0.861168,	-1.33558,	0.106691,	-1.73213,	-1.51853,	-0.479752,	0.112691,	-2.04537,	-1.53178,	-0.490427,	-0.0171729,	-1.88751,	-1.62419,	-0.568044,	-0.0777914,	-1.87721,	-1.31141,	-0.327395,	-0.358115,	0.6097,	0.59547,	-0.0588,	7609,	-261,	5,	-383,	7579,	137,	-55,	-124,	7569,	52,	-47,	-309,	
2,	13,	401875,	1.65255e+015,	26,	-13,	-1,	-3,	-4,	1,	1,	-6,	1.65255e+009,	-0.825899,	-0.861168,	-1.33558,	0.106691,	-1.73213,	-1.51853,	-0.479752,	0.112691,	-2.04537,	-1.53178,	-0.490427,	-0.0171729,	-1.88751,	-1.62419,	-0.568044,	-0.0777914,	-1.87721,	-1.31141,	-0.327395,	-0.358115,	0.6097,	0.59547,	-0.0588,	7619,	-259,	3,	-383,	7589,	138,	-55,	-124,	7579,	52,	-47,	-309,	
2,	13,	401954,	1.65255e+015,	-9,	12,	6,	36,	-3,	-6,	-7,	4,	1.65255e+009,	-0.825899,	-0.861168,	-1.33558,	0.106691,	-1.73213,	-1.51853,	-0.479752,	0.112691,	-2.04537,	-1.53178,	-0.490427,	-0.0171729,	-1.88751,	-1.62419,	-0.568044,	-0.0777914,	-1.87721,	-1.31141,	-0.327395,	-0.358115,	0.6097,	0.59547,	-0.0588,	7629,	-259,	3,	-383,	7599,	138,	-56,	-124,	7589,	52,	-47,	-308,	
2,	13,	402016,	1.65255e+015,	-1,	5,	-6,	-65,	-7,	1,	1,	14,	1.65255e+009,	-0.825899,	-0.861168,	-1.33558,	0.106691,	-1.73213,	-1.51853,	-0.479752,	0.112691,	-2.04537,	-1.53178,	-0.490427,	-0.0171729,	-1.88751,	-1.62419,	-0.568044,	-0.0777914,	-1.87721,	-1.31141,	-0.327395,	-0.358115,	0.6097,	0.59547,	-0.0588,	7639,	-260,	4,	-383,	7609,	138,	-55,	-124,	7599,	51,	-46,	-308,	
2,	13,	402094,	1.65255e+015,	-1,	2,	3,	-12,	-2,	-1,	-2,	-7,	1.65255e+009,	-0.825899,	-0.861168,	-1.33558,	0.106691,	-1.73213,	-1.51853,	-0.479752,	0.112691,	-2.04537,	-1.53178,	-0.490427,	-0.0171729,	-1.88751,	-1.62419,	-0.568044,	-0.0777914,	-1.87721,	-1.31141,	-0.327395,	-0.358115,	0.6097,	0.59547,	-0.0588,	7649,	-260,	5,	-384,	7619,	137,	-55,	-124,	7609,	51,	-48,	-308,	
2,	13,	402172,	1.65255e+015,	-33,	-26,	0,	14,	-3,	1,	-1,	0,	1.65255e+009,	-0.825899,	-0.861168,	-1.33558,	0.106691,	-1.73213,	-1.51853,	-0.479752,	0.112691,	-2.04537,	-1.53178,	-0.490427,	-0.0171729,	-1.88751,	-1.62419,	-0.568044,	-0.0777914,	-1.87721,	-1.31141,	-0.327395,	-0.358115,	0.6097,	0.59547,	-0.0588,	7659,	-258,	5,	-384,	7629,	137,	-55,	-123,	7619,	52,	-47,	-308,	
2,	13,	402250,	1.65255e+015,	-32,	-12,	-5,	-6,	-4,	-2,	-4,	12,	1.65255e+009,	-0.825899,	-0.861168,	-1.33558,	0.106691,	-1.73213,	-1.51853,	-0.479752,	0.112691,	-2.04537,	-1.53178,	-0.490427,	-0.0171729,	-1.88751,	-1.62419,	-0.568044,	-0.0777914,	-1.87721,	-1.31141,	-0.327395,	-0.358115,	0.6097,	0.59547,	-0.0588,	7669,	-259,	3,	-384,	7639,	138,	-55,	-123,	7629,	52,	-47,	-308,	
2,	13,	402329,	1.65255e+015,	11,	4,	10,	35,	11,	1,	1,	-4,	1.65255e+009,	-0.825899,	-0.861168,	-1.33558,	0.106691,	-1.73213,	-1.51853,	-0.479752,	0.112691,	-2.04537,	-1.53178,	-0.490427,	-0.0171729,	-1.88751,	-1.62419,	-0.568044,	-0.0777914,	-1.87721,	-1.31141,	-0.327395,	-0.358115,	0.6097,	0.59547,	-0.0588,	7679,	-259,	4,	-384,	7649,	137,	-55,	-123,	7639,	51,	-46,	-308,	
2,	13,	402407,	1.65255e+015,	-7,	11,	-3,	12,	-3,	-2,	2,	1,	1.65255e+009,	-0.825899,	-0.861168,	-1.33558,	0.106691,	-1.73213,	-1.51853,	-0.479752,	0.112691,	-2.04537,	-1.53178,	-0.490427,	-0.0171729,	-1.88751,	-1.62419,	-0.568044,	-0.0777914,	-1.87721,	-1.31141,	-0.327395,	-0.358115,	0.6097,	0.59547,	-0.0588,	7689,	-260,	4,	-384,	7659,	138,	-55,	-124,	7649,	52,	-45,	-308,	
2,	13,	402485,	1.65255e+015,	5,	-2,	8,	-33,	3,	-2,	-2,	6,	1.65255e+009,	-0.825899,	-0.861168,	-1.33558,	0.106691,	-1.73213,	-1.51853,	-0.479752,	0.112691,	-2.04537,	-1.53178,	-0.490427,	-0.0171729,	-1.88751,	-1.62419,	-0.568044,	-0.0777914,	-1.87721,	-1.31141,	-0.327395,	-0.358115,	0.6097,	0.59547,	-0.0588,	7699,	-259,	5,	-385,	7669,	139,	-55,	-123,	7659,	52,	-46,	-308,	
2,	13,	402563,	1.65255e+015,	-2,	3,	-6,	3,	-3,	-2,	0,	1,	1.65255e+009,	-0.825899,	-0.861168,	-1.33558,	0.106691,	-1.73213,	-1.51853,	-0.479752,	0.112691,	-2.04537,	-1.53178,	-0.490427,	-0.0171729,	-1.88751,	-1.62419,	-0.568044,	-0.0777914,	-1.87721,	-1.31141,	-0.327395,	-0.358115,	0.6097,	0.59547,	-0.0588,	7709,	-258,	4,	-385,	7679,	139,	-55,	-124,	7669,	53,	-46,	-308,	
2,	13,	402641,	1.65255e+015,	-5,	9,	2,	-3,	-1,	0,	2,	4,	1.65255e+009,	-0.825899,	-0.861168,	-1.33558,	0.106691,	-1.73213,	-1.51853,	-0.479752,	0.112691,	-2.04537,	-1.53178,	-0.490427,	-0.0171729,	-1.88751,	-1.62419,	-0.568044,	-0.0777914,	-1.87721,	-1.31141,	-0.327395,	-0.358115,	0.6097,	0.59547,	-0.0588,	7719,	-259,	4,	-386,	7689,	138,	-55,	-124,	7679,	52,	-47,	-308,	
2,	13,	402719,	1.65255e+015,	4,	13,	-6,	-39,	-2,	-1,	1,	-1,	1.65255e+009,	-0.825899,	-0.861168,	-1.33558,	0.106691,	-1.73213,	-1.51853,	-0.479752,	0.112691,	-2.04537,	-1.53178,	-0.490427,	-0.0171729,	-1.88751,	-1.62419,	-0.568044,	-0.0777914,	-1.87721,	-1.31141,	-0.327395,	-0.358115,	0.6097,	0.59547,	-0.0588,	7729,	-259,	4,	-385,	7699,	138,	-56,	-124,	7689,	53,	-47,	-309,	
2,	13,	402797,	1.65255e+015,	1,	-10,	-7,	-10,	-1,	0,	-1,	1,	1.65255e+009,	-0.825899,	-0.861168,	-1.33558,	0.106691,	-1.73213,	-1.51853,	-0.479752,	0.112691,	-2.04537,	-1.53178,	-0.490427,	-0.0171729,	-1.88751,	-1.62419,	-0.568044,	-0.0777914,	-1.87721,	-1.31141,	-0.327395,	-0.358115,	0.6097,	0.59547,	-0.0588,	7739,	-258,	3,	-385,	7709,	139,	-56,	-124,	7699,	52,	-47,	-309,	
2,	13,	402875,	1.65255e+015,	-4,	0,	13,	2,	-4,	0,	-1,	-1,	1.65255e+009,	-0.916079,	-0.861168,	-1.07143,	0.106691,	-1.66807,	-1.51853,	-0.479752,	0.106019,	-1.8719,	-1.53178,	-0.490427,	-0.0149726,	-1.77909,	-1.62419,	-0.568044,	-0.0755911,	-1.78949,	-1.31141,	-0.327395,	-0.355915,	0.6097,	0.59547,	-0.0588,	7749,	-259,	4,	-385,	7719,	138,	-56,	-125,	7709,	51,	-46,	-309,	
2,	13,	402954,	1.65255e+015,	0,	4,	22,	10,	2,	-1,	-2,	0,	1.65255e+009,	-0.916079,	-0.762608,	-0.658709,	0.0820512,	-1.2997,	-1.2741,	-0.30287,	0.106019,	-1.58804,	-1.3322,	-0.341446,	-0.0149726,	-1.41048,	-1.42904,	-0.410551,	-0.0755911,	-1.37282,	-1.09359,	-0.19679,	-0.344087,	0.2821,	0.59547,	-0.0588,	7759,	-258,	5,	-386,	7729,	137,	-57,	-125,	7719,	52,	-46,	-309,	
2,	13,	403047,	1.65255e+015,	-2,	-4,	2,	2,	-2,	-3,	-1,	-2,	1.65255e+009,	-0.750749,	-0.762608,	-0.576164,	0.0278432,	-1.10751,	-0.907454,	-0.109244,	0.090145,	-1.22533,	-1.01287,	-0.156101,	-0.0175389,	-1.1286,	-1.05648,	-0.177565,	-0.0545014,	-0.956148,	-0.850143,	-0.0867533,	-0.322997,	-0.1365,	0.59547,	-0.0588,	7769,	-258,	4,	-386,	7739,	138,	-56,	-125,	7729,	52,	-47,	-310,	
2,	13,	403125,	1.65255e+015,	-3,	-1,	-6,	-5,	-1,	-2,	0,	-1,	1.65255e+009,	-0.675599,	-0.639408,	-0.493619,	-0.00172479,	-1.04344,	-0.693576,	-0.0360273,	0.090145,	-1.06763,	-0.753415,	-0.0535622,	-0.0175389,	-0.998502,	-0.879067,	-0.0978413,	-0.0545014,	-0.868428,	-0.722013,	-0.0440745,	-0.322997,	-0.2821,	0.59547,	-0.0588,	7779,	-259,	3,	-387,	7749,	137,	-55,	-125,	7739,	52,	-47,	-309,	
2,	13,	403204,	1.65255e+015,	0,	7,	-5,	12,	0,	-1,	-1,	0,	1.65255e+009,	-0.675599,	-0.639408,	-0.493619,	-0.0263648,	-1.04344,	-0.617191,	-0.0169734,	0.090145,	-1.06763,	-0.573793,	-0.00781138,	-0.0175389,	-0.998502,	-0.719398,	-0.0433129,	-0.0545014,	-0.868428,	-0.606696,	-0.0146472,	-0.322997,	-0.2821,	0.59547,	-0.0588,	7789,	-258,	3,	-387,	7759,	138,	-55,	-125,	7749,	52,	-47,	-309,	
2,	13,	403282,	1.65255e+015,	1,	4,	7,	17,	4,	2,	0,	0,	1.65255e+009,	-0.675599,	-0.639408,	-0.493619,	-0.0263648,	-1.04344,	-0.617191,	-0.0169734,	0.0960117,	-1.06763,	-0.573793,	-0.00781138,	-0.0116722,	-0.998502,	-0.719398,	-0.0433129,	-0.0722907,	-0.868428,	-0.606696,	-0.0146472,	-0.340786,	-0.2821,	0.59547,	-0.0588,	7799,	-257,	3,	-387,	7769,	138,	-56,	-125,	7759,	52,	-47,	-309,	
2,	13,	403360,	1.65255e+015,	-1,	3,	5,	-9,	-1,	-2,	0,	0,	1.65255e+009,	-0.675599,	-0.639408,	-0.493619,	-0.0263648,	-1.04344,	-0.617191,	-0.0169734,	0.0960117,	-1.06763,	-0.573793,	-0.00781138,	-0.0116722,	-0.998502,	-0.719398,	-0.0433129,	-0.0722907,	-0.868428,	-0.606696,	-0.0146472,	-0.340786,	-0.2821,	0.59547,	-0.0588,	7809,	-258,	3,	-388,	7779,	137,	-56,	-125,	7769,	51,	-46,	-310,	
2,	13,	403438,	1.65255e+015,	0,	0,	-1,	0,	-1,	-1,	1,	-1,	1.65255e+009,	-0.675599,	-0.639408,	-0.493619,	-0.0263648,	-1.04344,	-0.617191,	-0.0169734,	0.0960117,	-1.06763,	-0.573793,	-0.00781138,	-0.0116722,	-0.998502,	-0.719398,	-0.0433129,	-0.0722907,	-0.868428,	-0.606696,	-0.0146472,	-0.340786,	-0.2821,	0.59547,	-0.0588,	7819,	-257,	4,	-388,	7789,	138,	-56,	-125,	7779,	52,	-46,	-310,	
2,	13,	403516,	1.65255e+015,	-2,	-6,	-5,	-6,	0,	0,	0,	-1,	1.65255e+009,	-0.675599,	-0.639408,	-0.493619,	-0.0263648,	-1.04344,	-0.617191,	-0.0169734,	0.0960117,	-1.06763,	-0.573793,	-0.00781138,	-0.0116722,	-0.998502,	-0.719398,	-0.0433129,	-0.0722907,	-0.868428,	-0.606696,	-0.0146472,	-0.340786,	-0.2821,	0.59547,	-0.0588,	7829,	-258,	4,	-388,	7799,	138,	-55,	-125,	7789,	53,	-45,	-310,	
2,	13,	403610,	1.65255e+015,	2,	8,	5,	9,	-1,	0,	0,	1,	1.65255e+009,	-0.675599,	-0.639408,	-0.493619,	-0.0263648,	-1.04344,	-0.617191,	-0.0169734,	0.0960117,	-1.06763,	-0.573793,	-0.00781138,	-0.0116722,	-0.998502,	-0.719398,	-0.0433129,	-0.0722907,	-0.868428,	-0.606696,	-0.0146472,	-0.340786,	-0.2821,	0.59547,	-0.0588,	7839,	-259,	4,	-388,	7809,	138,	-55,	-125,	7799,	52,	-46,	-310,	
2,	13,	403688,	1.65255e+015,	-1,	-6,	-1,	-6,	-3,	0,	-2,	0,	1.65255e+009,	-0.675599,	-0.639408,	-0.493619,	-0.0263648,	-1.04344,	-0.617191,	-0.0169734,	0.0960117,	-1.06763,	-0.573793,	-0.00781138,	-0.0116722,	-0.998502,	-0.719398,	-0.0433129,	-0.0722907,	-0.868428,	-0.606696,	-0.0146472,	-0.340786,	-0.2821,	0.59547,	-0.0588,	7849,	-259,	4,	-388,	7819,	137,	-54,	-126,	7809,	53,	-45,	-311,	
2,	13,	403766,	1.65255e+015,	-1,	5,	3,	-3,	-2,	1,	-2,	-1,	1.65255e+009,	-0.675599,	-0.639408,	-0.493619,	-0.0263648,	-1.04344,	-0.617191,	-0.0169734,	0.0960117,	-1.06763,	-0.573793,	-0.00781138,	-0.0116722,	-0.998502,	-0.719398,	-0.0433129,	-0.0722907,	-0.868428,	-0.606696,	-0.0146472,	-0.340786,	-0.2821,	0.59547,	-0.0588,	7859,	-258,	3,	-387,	7829,	138,	-55,	-126,	7819,	53,	-46,	-310,	
2,	13,	403829,	1.65255e+015,	0,	-1,	-17,	0,	2,	1,	-2,	1,	1.65255e+009,	-0.675599,	-0.639408,	-0.493619,	-0.0263648,	-1.04344,	-0.617191,	-0.0169734,	0.0960117,	-1.06763,	-0.573793,	-0.00781138,	-0.0116722,	-0.998502,	-0.719398,	-0.0433129,	-0.0722907,	-0.868428,	-0.606696,	-0.0146472,	-0.340786,	-0.2821,	0.59547,	-0.0588,	7869,	-258,	4,	-386,	7839,	138,	-55,	-126,	7829,	55,	-45,	-311,	
2,	13,	403907,	1.65255e+015,	-1,	-5,	-3,	-2,	1,	-1,	0,	0,	1.65255e+009,	-0.675599,	-0.639408,	-0.493619,	-0.0263648,	-1.04344,	-0.617191,	-0.0169734,	0.0960117,	-1.06763,	-0.573793,	-0.00781138,	-0.0116722,	-0.998502,	-0.719398,	-0.0433129,	-0.0722907,	-0.868428,	-0.606696,	-0.0146472,	-0.340786,	-0.2821,	0.59547,	-0.0588,	7879,	-259,	3,	-384,	7849,	139,	-56,	-126,	7839,	52,	-46,	-311,	
2,	13,	403969,	1.65255e+015,	0,	5,	3,	-3,	-1,	-1,	-1,	2,	1.65255e+009,	-0.675599,	-0.639408,	-0.493619,	-0.0263648,	-1.04344,	-0.617191,	-0.0169734,	0.0960117,	-1.06763,	-0.573793,	-0.00781138,	-0.0116722,	-0.998502,	-0.719398,	-0.0433129,	-0.0722907,	-0.868428,	-0.606696,	-0.0146472,	-0.340786,	-0.2821,	0.59547,	-0.0588,	7889,	-259,	4,	-383,	7859,	138,	-55,	-126,	7849,	53,	-46,	-311,	
2,	13,	404047,	1.65255e+015,	-1,	-3,	-11,	-6,	-4,	0,	-2,	-2,	1.65255e+009,	-0.675599,	-0.639408,	-0.493619,	-0.0263648,	-1.04344,	-0.617191,	-0.0169734,	0.0960117,	-1.06763,	-0.573793,	-0.00781138,	-0.0116722,	-0.998502,	-0.719398,	-0.0433129,	-0.0722907,	-0.868428,	-0.606696,	-0.0146472,	-0.340786,	-0.2821,	0.59547,	-0.0588,	7899,	-259,	4,	-383,	7869,	138,	-56,	-126,	7859,	53,	-45,	-311,	
2,	13,	404125,	1.65255e+015,	-1,	-2,	4,	-3,	-1,	-1,	-2,	-1,	1.65255e+009,	-0.675599,	-0.639408,	-0.493619,	-0.0263648,	-1.04344,	-0.617191,	-0.0169734,	0.0960117,	-1.06763,	-0.573793,	-0.00781138,	-0.0116722,	-0.998502,	-0.719398,	-0.0433129,	-0.0722907,	-0.868428,	-0.606696,	-0.0146472,	-0.340786,	-0.2821,	0.59547,	-0.0588,	7909,	-260,	3,	-383,	7879,	138,	-56,	-126,	7869,	52,	-47,	-311,	
2,	13,	404188,	1.65255e+015,	1,	1,	-2,	4,	1,	1,	1,	0,	1.65255e+009,	-0.675599,	-0.639408,	-0.493619,	-0.0263648,	-1.04344,	-0.617191,	-0.0169734,	0.0960117,	-1.06763,	-0.573793,	-0.00781138,	-0.0116722,	-0.998502,	-0.719398,	-0.0433129,	-0.0722907,	-0.868428,	-0.606696,	-0.0146472,	-0.340786,	-0.2821,	0.59547,	-0.0588,	7919,	-260,	3,	-382,	7889,	138,	-56,	-126,	7879,	53,	-46,	-310,	
2,	13,	404250,	1.65255e+015,	1,	4,	-2,	-2,	1,	-1,	0,	-2,	1.65255e+009,	-0.675599,	-0.639408,	-0.493619,	-0.0263648,	-1.04344,	-0.540806,	-0.00165371,	0.0960117,	-1.06763,	-0.573793,	-0.00781138,	-0.0116722,	-0.998502,	-0.719398,	-0.0433129,	-0.0722907,	-0.868428,	-0.606696,	-0.0146472,	-0.340786,	-0.2821,	0.59547,	-0.0588,	7929,	-261,	4,	-380,	7899,	138,	-56,	-125,	7889,	52,	-46,	-309,	
2,	13,	404329,	1.65255e+015,	1,	-5,	-1,	-2,	-1,	1,	1,	0,	1.65255e+009,	-0.675599,	-0.639408,	-0.493619,	-0.0263648,	-1.04344,	-0.540806,	-0.00165371,	0.0960117,	-1.06763,	-0.573793,	-0.00781138,	-0.0116722,	-0.998502,	-0.719398,	-0.0433129,	-0.0722907,	-0.868428,	-0.606696,	-0.0146472,	-0.340786,	-0.2821,	0.59547,	-0.0588,	7939,	-262,	4,	-380,	7909,	139,	-55,	-125,	7899,	52,	-46,	-308,	
2,	13,	404391,	1.65255e+015,	-2,	0,	-3,	1,	0,	-1,	0,	-1,	1.65255e+009,	-0.675599,	-0.639408,	-0.493619,	-0.0263648,	-1.04344,	-0.540806,	-0.00165371,	0.0960117,	-1.06763,	-0.573793,	-0.00781138,	-0.0116722,	-0.998502,	-0.719398,	-0.0433129,	-0.0722907,	-0.868428,	-0.606696,	-0.0146472,	-0.340786,	-0.2821,	0.59547,	-0.0588,	7949,	-262,	4,	-379,	7919,	138,	-55,	-124,	7909,	51,	-46,	-307,	
2,	13,	404454,	1.65255e+015,	-2,	0,	1,	1,	-2,	1,	0,	-1,	1.65255e+009,	-0.675599,	-0.639408,	-0.493619,	-0.0263648,	-0.979378,	-0.540806,	-0.00165371,	0.0960117,	-1.06763,	-0.49396,	-0.00589425,	-0.0116722,	-0.998502,	-0.719398,	-0.0433129,	-0.0722907,	-0.868428,	-0.606696,	-0.0146472,	-0.340786,	-0.2821,	0.59547,	-0.0588,	7959,	-262,	3,	-380,	7929,	139,	-54,	-124,	7919,	51,	-47,	-307,	
2,	13,	404516,	1.65255e+015,	0,	6,	-2,	1,	2,	0,	-2,	0,	1.65255e+009,	-0.675599,	-0.639408,	-0.493619,	-0.0263648,	-0.979378,	-0.540806,	-0.00165371,	0.0960117,	-1.06763,	-0.49396,	-0.00589425,	-0.0116722,	-0.998502,	-0.630693,	-0.0200697,	-0.0722907,	-0.868428,	-0.606696,	-0.0146472,	-0.340786,	-0.2821,	0.59547,	-0.0588,	7969,	-261,	4,	-380,	7939,	138,	-55,	-123,	7929,	51,	-47,	-306,	
2,	13,	404594,	1.65255e+015,	-2,	-8,	-9,	-5,	-1,	0,	-1,	-1,	1.65255e+009,	-0.675599,	-0.639408,	-0.493619,	-0.0263648,	-0.979378,	-0.540806,	-0.00165371,	0.0960117,	-1.06763,	-0.49396,	-0.00589425,	-0.0116722,	-0.998502,	-0.630693,	-0.0200697,	-0.0722907,	-0.868428,	-0.606696,	-0.0146472,	-0.340786,	-0.3185,	0.59547,	-0.0588,	7979,	-262,	4,	-380,	7949,	138,	-56,	-123,	7939,	51,	-48,	-305,	
2,	13,	404657,	1.65255e+015,	-4,	-8,	-6,	-8,	-4,	1,	-3,	-1,	1.65255e+009,	-0.675599,	-0.639408,	-0.493619,	-0.0263648,	-0.979378,	-0.540806,	-0.00165371,	0.0960117,	-1.06763,	-0.49396,	-0.00589425,	-0.0116722,	-0.998502,	-0.630693,	-0.0200697,	-0.0722907,	-0.868428,	-0.606696,	-0.0146472,	-0.340786,	-0.3185,	0.59547,	-0.0588,	7989,	-263,	4,	-379,	7959,	140,	-54,	-122,	7949,	51,	-48,	-305,	
2,	13,	404735,	1.65255e+015,	-1,	-2,	-46,	2,	0,	0,	0,	-2,	1.65255e+009,	-0.675599,	-0.639408,	-0.493619,	-0.0263648,	-0.979378,	-0.540806,	-0.00165371,	0.0960117,	-1.06763,	-0.49396,	-0.00589425,	-0.0116722,	-0.998502,	-0.630693,	-0.0200697,	-0.0722907,	-0.868428,	-0.606696,	-0.0146472,	-0.340786,	-0.3185,	0.59547,	-0.0588,	7999,	-263,	4,	-377,	7969,	139,	-55,	-122,	7959,	50,	-48,	-305,	
2,	13,	404813,	1.65255e+015,	1,	8,	-3,	2,	1,	1,	-1,	-1,	1.65255e+009,	-0.675599,	-0.639408,	-0.493619,	-0.0263648,	-0.979378,	-0.540806,	-0.00165371,	0.0960117,	-1.06763,	-0.49396,	-0.00589425,	-0.0116722,	-0.998502,	-0.630693,	-0.0200697,	-0.0722907,	-0.868428,	-0.606696,	-0.0146472,	-0.340786,	-0.3185,	0.59547,	-0.0588,	8009,	-263,	3,	-375,	7979,	138,	-56,	-122,	7969,	51,	-48,	-305,	
2,	13,	404891,	1.65255e+015,	-3,	-9,	-16,	-7,	-4,	0,	1,	0,	1.65255e+009,	-0.675599,	-0.639408,	-0.493619,	-0.0263648,	-0.979378,	-0.540806,	-0.00165371,	0.0960117,	-1.06763,	-0.49396,	-0.00589425,	-0.0116722,	-0.998502,	-0.630693,	-0.0200697,	-0.0722907,	-0.868428,	-0.606696,	-0.0146472,	-0.340786,	-0.3185,	0.59547,	-0.0588,	8019,	-265,	3,	-373,	7989,	139,	-56,	-122,	7979,	51,	-47,	-305,	
2,	13,	404969,	1.65255e+015,	1,	0,	0,	-1,	0,	-3,	0,	-1,	1.65255e+009,	-0.675599,	-0.639408,	-0.493619,	-0.0263648,	-0.979378,	-0.540806,	-0.00165371,	0.0960117,	-1.06763,	-0.49396,	-0.00589425,	-0.0116722,	-0.998502,	-0.630693,	-0.0200697,	-0.0722907,	-0.868428,	-0.606696,	-0.0146472,	-0.340786,	-0.3185,	0.59547,	-0.0588,	8029,	-265,	3,	-373,	7999,	139,	-55,	-122,	7989,	51,	-47,	-306,	
2,	13,	405032,	1.65255e+015,	0,	-2,	-12,	-6,	-2,	0,	-1,	0,	1.65255e+009,	-0.675599,	-0.639408,	-0.493619,	-0.0263648,	-0.979378,	-0.540806,	-0.00165371,	0.0960117,	-1.06763,	-0.49396,	-0.00589425,	-0.0116722,	-0.998502,	-0.630693,	-0.0200697,	-0.0722907,	-0.868428,	-0.606696,	-0.0146472,	-0.340786,	-0.3185,	0.59547,	-0.0588,	8039,	-266,	4,	-372,	8009,	138,	-55,	-122,	7999,	51,	-48,	-305,	
2,	13,	405110,	1.65255e+015,	-2,	-1,	0,	3,	2,	0,	-1,	-2,	1.65255e+009,	-0.675599,	-0.639408,	-0.493619,	-0.0263648,	-0.979378,	-0.540806,	-0.00165371,	0.0960117,	-1.06763,	-0.49396,	-0.00589425,	-0.0116722,	-0.998502,	-0.630693,	-0.0200697,	-0.0722907,	-0.868428,	-0.606696,	-0.0146472,	-0.340786,	-0.3185,	0.59547,	-0.0588,	8049,	-267,	3,	-370,	8019,	138,	-55,	-121,	8009,	50,	-50,	-303,	
2,	13,	405172,	1.65255e+015,	0,	3,	9,	4,	1,	0,	-1,	1,	1.65255e+009,	-0.675599,	-0.639408,	-0.493619,	-0.0263648,	-0.979378,	-0.540806,	-0.00165371,	0.0960117,	-1.06763,	-0.49396,	-0.00589425,	-0.0116722,	-0.998502,	-0.630693,	-0.0200697,	-0.0722907,	-0.868428,	-0.606696,	-0.0146472,	-0.340786,	-0.3185,	0.59547,	-0.0588,	8059,	-267,	4,	-369,	8029,	138,	-55,	-120,	8019,	51,	-50,	-302,	
2,	13,	405235,	1.65255e+015,	-3,	1,	1,	3,	-1,	-4,	0,	-2,	1.65255e+009,	-0.675599,	-0.639408,	-0.493619,	-0.0263648,	-0.979378,	-0.540806,	-0.00165371,	0.0960117,	-1.06763,	-0.49396,	-0.00589425,	-0.0116722,	-0.998502,	-0.630693,	-0.0200697,	-0.0722907,	-0.868428,	-0.606696,	-0.0146472,	-0.340786,	-0.3185,	0.59547,	-0.0588,	8069,	-267,	3,	-367,	8039,	137,	-55,	-119,	8029,	50,	-51,	-300,	
