1,	12,	363454,	1.65255e+015,	4,	7,	15,	8,	4,	6,	0,	2,	1.65255e+009,	-0.675599,	-0.245168,	-0.31202,	-0.115069,	-0.643042,	-0.143604,	-0.0178136,	0.105416,	-0.720689,	-0.0548845,	-0.00836643,	-0.0089224,	-0.846721,	-0.0984626,	-0.0136363,	-0.0872829,	-0.758778,	-0.273558,	-0.022558,	-0.391263,	-0.4459,	0.62999,	-0.04312,	29935,	-257,	0,	-409,	29965,	128,	-54,	-134,	29955,	58,	-30,	-325,	
1,	12,	363532,	1.65255e+015,	-1,	2,	11,	8,	4,	0,	0,	0,	1.65255e+009,	-0.675599,	-0.245168,	-0.31202,	-0.115069,	-0.643042,	-0.143604,	-0.0178136,	0.105416,	-0.720689,	-0.0548845,	-0.00836643,	-0.0089224,	-0.846721,	-0.0984626,	-0.0136363,	-0.0872829,	-0.758778,	-0.273558,	-0.022558,	-0.391263,	-0.4459,	0.62999,	-0.04312,	29945,	-255,	2,	-410,	29975,	128,	-54,	-134,	29965,	59,	-29,	-325,	
1,	12,	363610,	1.65255e+015,	-5,	2,	35,	35,	-4,	-1,	1,	-1,	1.65255e+009,	-0.675599,	-0.245168,	-0.31202,	-0.115069,	-0.643042,	-0.143604,	-0.0178136,	0.105416,	-0.720689,	-0.0548845,	-0.00836643,	-0.0089224,	-0.846721,	-0.0984626,	-0.0136363,	-0.0872829,	-0.758778,	-0.273558,	-0.022558,	-0.391263,	-0.4459,	0.62999,	-0.04312,	29955,	-255,	1,	-410,	29985,	127,	-55,	-134,	29975,	58,	-29,	-325,	
1,	12,	363688,	1.65255e+015,	0,	-3,	-28,	14,	-5,	-6,	0,	4,	1.65255e+009,	-0.675599,	-0.245168,	-0.31202,	-0.115069,	-0.643042,	-0.143604,	-0.0178136,	0.102482,	-0.720689,	-0.0548845,	-0.00836643,	-0.0118557,	-0.846721,	-0.0984626,	-0.0136363,	-0.0783882,	-0.758778,	-0.273558,	-0.022558,	-0.382368,	-0.4459,	0.62999,	-0.04312,	29965,	-255,	0,	-410,	29995,	127,	-54,	-134,	29985,	58,	-30,	-325,	
1,	12,	363766,	1.65255e+015,	-1,	3,	4,	-4,	-1,	-3,	-2,	-3,	1.65255e+009,	-0.675599,	-0.245168,	-0.31202,	-0.115069,	-0.643042,	-0.143604,	-0.0178136,	0.102482,	-0.720689,	-0.0548845,	-0.00836643,	-0.0118557,	-0.846721,	-0.0984626,	-0.0136363,	-0.0783882,	-0.758778,	-0.273558,	-0.022558,	-0.382368,	-0.4459,	0.62999,	-0.04312,	29975,	-258,	0,	-410,	30005,	126,	-54,	-134,	29995,	58,	-29,	-324,	
1,	12,	363844,	1.65255e+015,	1,	2,	-12,	-4,	1,	0,	1,	0,	1.65255e+009,	-0.675599,	-0.245168,	-0.31202,	-0.115069,	-0.643042,	-0.143604,	-0.0178136,	0.102482,	-0.720689,	-0.0548845,	-0.00836643,	-0.0118557,	-0.846721,	-0.0984626,	-0.0136363,	-0.0783882,	-0.758778,	-0.273558,	-0.022558,	-0.382368,	-0.4459,	0.62999,	-0.04312,	29985,	-257,	0,	-409,	30015,	127,	-54,	-134,	30005,	57,	-30,	-324,	
1,	12,	363922,	1.65255e+015,	-2,	-1,	20,	2,	-5,	5,	0,	-2,	1.65255e+009,	-0.675599,	-0.245168,	-0.31202,	-0.115069,	-0.643042,	-0.143604,	-0.0178136,	0.102482,	-0.720689,	-0.0548845,	-0.00836643,	-0.0118557,	-0.846721,	-0.0984626,	-0.0136363,	-0.0783882,	-0.758778,	-0.273558,	-0.022558,	-0.382368,	-0.4459,	0.62999,	-0.04312,	29995,	-257,	1,	-409,	30025,	128,	-52,	-133,	30015,	58,	-29,	-323,	
1,	12,	364000,	1.65255e+015,	-2,	0,	0,	1,	2,	-4,	1,	1,	1.65255e+009,	-0.675599,	-0.245168,	-0.31202,	-0.115069,	-0.643042,	-0.143604,	-0.0178136,	0.102482,	-0.720689,	-0.0548845,	-0.00836643,	-0.0118557,	-0.846721,	-0.0984626,	-0.0136363,	-0.0783882,	-0.758778,	-0.273558,	-0.022558,	-0.382368,	-0.4459,	0.62999,	-0.04312,	30005,	-257,	0,	-408,	30035,	127,	-53,	-133,	30025,	57,	-30,	-323,	
1,	12,	364079,	1.65255e+015,	-1,	-1,	21,	-3,	-2,	-1,	-1,	-1,	1.65255e+009,	-0.735718,	-0.245168,	-0.31202,	-0.115069,	-0.643042,	-0.143604,	-0.0178136,	0.102482,	-0.720689,	-0.0548845,	-0.00836643,	-0.0118557,	-0.846721,	-0.0984626,	-0.0136363,	-0.0783882,	-0.758778,	-0.273558,	-0.022558,	-0.382368,	-0.4459,	0.62999,	-0.04312,	30015,	-257,	1,	-407,	30045,	127,	-53,	-133,	30035,	58,	-31,	-323,	
1,	12,	364141,	1.65255e+015,	-3,	-5,	-3,	-5,	-1,	2,	1,	0,	1.65255e+009,	-0.735718,	-0.245168,	-0.31202,	-0.115069,	-0.643042,	-0.143604,	-0.0178136,	0.102482,	-0.720689,	-0.0548845,	-0.00836643,	-0.0118557,	-0.846721,	-0.0984626,	-0.0136363,	-0.0783882,	-0.758778,	-0.273558,	-0.022558,	-0.382368,	-0.4459,	0.62999,	-0.04312,	30025,	-258,	1,	-407,	30055,	126,	-53,	-132,	30045,	57,	-31,	-323,	
1,	12,	364219,	1.65255e+015,	-2,	-3,	-14,	8,	-7,	-7,	-3,	0,	1.65255e+009,	-0.735718,	-0.245168,	-0.31202,	-0.115069,	-0.643042,	-0.143604,	-0.0178136,	0.102482,	-0.720689,	-0.0548845,	-0.00836643,	-0.0118557,	-0.846721,	-0.0984626,	-0.0136363,	-0.0783882,	-0.758778,	-0.273558,	-0.022558,	-0.382368,	-0.4459,	0.62999,	-0.04312,	30035,	-257,	1,	-406,	30065,	127,	-54,	-132,	30055,	57,	-31,	-322,	
1,	12,	364297,	1.65255e+015,	0,	-1,	-17,	1,	-1,	-3,	-1,	-1,	1.65255e+009,	-0.735718,	-0.245168,	-0.31202,	-0.115069,	-0.643042,	-0.143604,	-0.0178136,	0.102482,	-0.720689,	-0.0548845,	-0.00836643,	-0.0118557,	-0.846721,	-0.0984626,	-0.0136363,	-0.0783882,	-0.758778,	-0.273558,	-0.022558,	-0.382368,	-0.4459,	0.62999,	-0.04312,	30045,	-257,	1,	-407,	30075,	127,	-53,	-132,	30065,	56,	-31,	-323,	
1,	12,	364375,	1.65255e+015,	-1,	-6,	-9,	-18,	-11,	-9,	-4,	-1,	1.65255e+009,	-0.735718,	-0.245168,	-0.31202,	-0.115069,	-0.643042,	-0.143604,	-0.0178136,	0.102482,	-0.720689,	-0.0548845,	-0.00836643,	-0.0118557,	-0.846721,	-0.0984626,	-0.0136363,	-0.0783882,	-0.758778,	-0.32481,	-0.0214572,	-0.382368,	-0.4459,	0.62999,	-0.04312,	30055,	-257,	0,	-407,	30085,	127,	-54,	-132,	30075,	56,	-31,	-323,	
1,	12,	364454,	1.65255e+015,	-5,	-10,	26,	0,	-10,	-7,	-1,	-2,	1.65255e+009,	-0.735718,	-0.245168,	-0.31202,	-0.115069,	-0.643042,	-0.143604,	-0.0178136,	0.102482,	-0.720689,	-0.0548845,	-0.00836643,	-0.0118557,	-0.846721,	-0.0984626,	-0.0136363,	-0.0783882,	-0.758778,	-0.32481,	-0.0214572,	-0.382368,	-0.4459,	0.62999,	-0.04312,	30065,	-257,	0,	-407,	30095,	127,	-53,	-133,	30085,	57,	-30,	-323,	
1,	12,	364532,	1.65255e+015,	3,	1,	17,	8,	1,	-2,	0,	1,	1.65255e+009,	-0.735718,	-0.245168,	-0.31202,	-0.115069,	-0.643042,	-0.143604,	-0.0178136,	0.102482,	-0.720689,	-0.0548845,	-0.00836643,	-0.0118557,	-0.846721,	-0.0984626,	-0.0136363,	-0.0783882,	-0.758778,	-0.32481,	-0.0214572,	-0.382368,	-0.4459,	0.62999,	-0.04312,	30075,	-259,	0,	-407,	30105,	127,	-54,	-132,	30095,	58,	-30,	-323,	
1,	12,	364610,	1.65255e+015,	-1,	-2,	12,	10,	-3,	1,	-2,	0,	1.65255e+009,	-0.735718,	-0.245168,	-0.31202,	-0.115069,	-0.643042,	-0.143604,	-0.0178136,	0.102482,	-0.720689,	-0.0548845,	-0.00836643,	-0.0118557,	-0.846721,	-0.0984626,	-0.0136363,	-0.0783882,	-0.758778,	-0.32481,	-0.0214572,	-0.382368,	-0.4459,	0.62999,	-0.04312,	30085,	-258,	1,	-407,	30115,	127,	-54,	-132,	30105,	58,	-30,	-323,	
1,	12,	364688,	1.65255e+015,	3,	1,	-23,	8,	7,	10,	1,	2,	1.65255e+009,	-0.735718,	-0.245168,	-0.31202,	-0.115069,	-0.643042,	-0.143604,	-0.0178136,	0.102482,	-0.720689,	-0.0548845,	-0.00836643,	-0.0118557,	-0.846721,	-0.0984626,	-0.0136363,	-0.0783882,	-0.758778,	-0.32481,	-0.0214572,	-0.382368,	-0.4459,	0.62999,	-0.04312,	30095,	-257,	0,	-406,	30125,	127,	-54,	-132,	30115,	58,	-30,	-322,	
1,	12,	364766,	1.65255e+015,	-2,	-4,	3,	-12,	-9,	-7,	-2,	-3,	1.65255e+009,	-0.735718,	-0.245168,	-0.31202,	-0.115069,	-0.643042,	-0.143604,	-0.0178136,	0.102482,	-0.720689,	-0.0548845,	-0.00836643,	-0.0118557,	-0.846721,	-0.0984626,	-0.0136363,	-0.0783882,	-0.758778,	-0.32481,	-0.0214572,	-0.382368,	-0.4459,	0.62999,	-0.04312,	30105,	-258,	0,	-406,	30135,	127,	-54,	-132,	30125,	57,	-31,	-322,	
1,	12,	364844,	1.65255e+015,	-5,	2,	3,	5,	-4,	-5,	0,	-2,	1.65255e+009,	-0.735718,	-0.245168,	-0.31202,	-0.115069,	-0.643042,	-0.143604,	-0.0178136,	0.102482,	-0.720689,	-0.0548845,	-0.00836643,	-0.0118557,	-0.846721,	-0.0984626,	-0.0136363,	-0.0783882,	-0.758778,	-0.32481,	-0.0214572,	-0.382368,	-0.4459,	0.62999,	-0.04312,	30115,	-258,	0,	-406,	30145,	127,	-54,	-132,	30135,	58,	-31,	-322,	
1,	12,	364907,	1.65255e+015,	-5,	-9,	-4,	0,	-7,	-5,	-3,	-2,	1.65255e+009,	-0.735718,	-0.245168,	-0.31202,	-0.115069,	-0.643042,	-0.143604,	-0.0178136,	0.102482,	-0.720689,	-0.0548845,	-0.00836643,	-0.0118557,	-0.846721,	-0.0984626,	-0.0136363,	-0.0783882,	-0.758778,	-0.32481,	-0.0214572,	-0.382368,	-0.4459,	0.62999,	-0.04312,	30125,	-258,	0,	-406,	30155,	126,	-54,	-132,	30145,	58,	-30,	-322,	
1,	12,	364969,	1.65255e+015,	0,	2,	-17,	4,	-7,	-2,	-1,	-1,	1.65255e+009,	-0.735718,	-0.245168,	-0.31202,	-0.115069,	-0.643042,	-0.143604,	-0.0178136,	0.102482,	-0.720689,	-0.0548845,	-0.00836643,	-0.0118557,	-0.846721,	-0.0984626,	-0.0136363,	-0.0783882,	-0.758778,	-0.32481,	-0.0214572,	-0.382368,	-0.4459,	0.62999,	-0.04312,	30135,	-256,	0,	-406,	30165,	127,	-53,	-132,	30155,	57,	-29,	-322,	
1,	12,	365047,	1.65255e+015,	0,	-4,	17,	6,	1,	-5,	0,	-1,	1.65255e+009,	-0.735718,	-0.245168,	-0.31202,	-0.115069,	-0.643042,	-0.143604,	-0.0178136,	0.102482,	-0.720689,	-0.0548845,	-0.00836643,	-0.0118557,	-0.846721,	-0.0984626,	-0.0136363,	-0.0783882,	-0.758778,	-0.32481,	-0.0214572,	-0.382368,	-0.4459,	0.62999,	-0.04312,	30145,	-257,	0,	-406,	30175,	127,	-54,	-132,	30165,	58,	-29,	-323,	
1,	12,	365125,	1.65255e+015,	-1,	-3,	7,	-4,	6,	2,	-3,	1,	1.65255e+009,	-0.735718,	-0.245168,	-0.31202,	-0.115069,	-0.643042,	-0.143604,	-0.0178136,	0.102482,	-0.720689,	-0.0548845,	-0.00836643,	-0.0118557,	-0.846721,	-0.0984626,	-0.0136363,	-0.0783882,	-0.758778,	-0.32481,	-0.0214572,	-0.382368,	-0.4459,	0.62999,	-0.04312,	30155,	-256,	1,	-407,	30185,	127,	-53,	-133,	30175,	58,	-31,	-323,	
1,	12,	365188,	1.65255e+015,	-1,	-2,	-2,	14,	13,	8,	2,	1,	1.65255e+009,	-0.735718,	-0.245168,	-0.31202,	-0.115069,	-0.643042,	-0.143604,	-0.0178136,	0.102482,	-0.720689,	-0.0548845,	-0.00836643,	-0.0118557,	-0.846721,	-0.0984626,	-0.0136363,	-0.0783882,	-0.758778,	-0.32481,	-0.0214572,	-0.382368,	-0.4459,	0.62999,	-0.04312,	30165,	-255,	1,	-408,	30195,	127,	-53,	-132,	30185,	58,	-29,	-323,	
1,	12,	365250,	1.65255e+015,	0,	-2,	-28,	-29,	-5,	0,	-1,	0,	1.65255e+009,	-0.735718,	-0.245168,	-0.31202,	-0.115069,	-0.643042,	-0.143604,	-0.0178136,	0.102482,	-0.720689,	-0.0548845,	-0.00836643,	-0.0118557,	-0.846721,	-0.0984626,	-0.0136363,	-0.0783882,	-0.758778,	-0.32481,	-0.0214572,	-0.382368,	-0.4459,	0.62999,	-0.04312,	30175,	-255,	1,	-409,	30205,	126,	-53,	-132,	30195,	58,	-29,	-324,	
1,	12,	365329,	1.65255e+015,	-1,	-5,	-2,	-4,	-7,	0,	-3,	-1,	1.65255e+009,	-0.735718,	-0.245168,	-0.31202,	-0.115069,	-0.643042,	-0.143604,	-0.0178136,	0.102482,	-0.720689,	-0.0548845,	-0.00836643,	-0.0118557,	-0.846721,	-0.0984626,	-0.0136363,	-0.0783882,	-0.758778,	-0.32481,	-0.0214572,	-0.382368,	-0.4459,	0.62999,	-0.04312,	30185,	-255,	0,	-410,	30215,	127,	-53,	-133,	30205,	58,	-29,	-324,	
1,	12,	365407,	1.65255e+015,	0,	9,	40,	6,	-3,	-5,	-1,	0,	1.65255e+009,	-0.735718,	-0.245168,	-0.31202,	-0.115069,	-0.643042,	-0.143604,	-0.0178136,	0.102482,	-0.720689,	-0.0548845,	-0.00836643,	-0.0118557,	-0.846721,	-0.0984626,	-0.0136363,	-0.0783882,	-0.758778,	-0.32481,	-0.0214572,	-0.382368,	-0.4459,	0.62999,	-0.04312,	30195,	-255,	0,	-410,	30225,	126,	-54,	-134,	30215,	58,	-28,	-324,	
1,	12,	365485,	1.65255e+015,	0,	1,	-9,	-15,	-3,	-4,	-2,	-1,	1.65255e+009,	-0.735718,	-0.245168,	-0.31202,	-0.115069,	-0.643042,	-0.143604,	-0.0178136,	0.102482,	-0.720689,	-0.0548845,	-0.00836643,	-0.0118557,	-0.846721,	-0.0984626,	-0.0136363,	-0.0783882,	-0.758778,	-0.32481,	-0.0214572,	-0.382368,	-0.4459,	0.62999,	-0.04312,	30205,	-254,	1,	-411,	30235,	128,	-54,	-134,	30225,	59,	-30,	-324,	
1,	12,	365547,	1.65255e+015,	-2,	-6,	-15,	-14,	9,	6,	0,	-1,	1.65255e+009,	-0.735718,	-0.245168,	-0.31202,	-0.115069,	-0.643042,	-0.143604,	-0.0178136,	0.102482,	-0.720689,	-0.0548845,	-0.00836643,	-0.0118557,	-0.846721,	-0.0984626,	-0.0136363,	-0.0783882,	-0.758778,	-0.32481,	-0.0214572,	-0.382368,	-0.4459,	0.62999,	-0.04312,	30215,	-255,	1,	-411,	30245,	127,	-55,	-134,	30235,	59,	-29,	-324,	
1,	12,	365625,	1.65255e+015,	-3,	-9,	-25,	-9,	-14,	-9,	-2,	-4,	1.65255e+009,	-0.735718,	-0.245168,	-0.31202,	-0.115069,	-0.643042,	-0.143604,	-0.0178136,	0.102482,	-0.720689,	-0.0548845,	-0.00836643,	-0.0118557,	-0.846721,	-0.0984626,	-0.0136363,	-0.0783882,	-0.758778,	-0.32481,	-0.0214572,	-0.382368,	-0.4459,	0.62999,	-0.04312,	30225,	-254,	0,	-411,	30255,	128,	-54,	-134,	30245,	60,	-29,	-324,	
1,	12,	365704,	1.65255e+015,	2,	0,	-22,	28,	-2,	0,	-1,	0,	1.65255e+009,	-0.735718,	-0.245168,	-0.31202,	-0.115069,	-0.643042,	-0.143604,	-0.0178136,	0.102482,	-0.720689,	-0.0548845,	-0.00836643,	-0.0118557,	-0.846721,	-0.0984626,	-0.0136363,	-0.0783882,	-0.758778,	-0.32481,	-0.0214572,	-0.382368,	-0.4459,	0.62999,	-0.04312,	30235,	-256,	1,	-410,	30265,	127,	-54,	-133,	30255,	59,	-29,	-324,	
1,	12,	365782,	1.65255e+015,	-3,	-6,	1,	-17,	-5,	-3,	-2,	-2,	1.65255e+009,	-0.735718,	-0.245168,	-0.31202,	-0.115069,	-0.643042,	-0.143604,	-0.0178136,	0.102482,	-0.720689,	-0.0548845,	-0.00836643,	-0.0118557,	-0.846721,	-0.0984626,	-0.0136363,	-0.0783882,	-0.758778,	-0.32481,	-0.0214572,	-0.382368,	-0.4459,	0.62999,	-0.04312,	30245,	-254,	0,	-410,	30275,	127,	-54,	-133,	30265,	59,	-29,	-324,	
1,	12,	365844,	1.65255e+015,	0,	0,	6,	6,	15,	4,	0,	1,	1.65255e+009,	-0.735718,	-0.245168,	-0.31202,	-0.115069,	-0.643042,	-0.143604,	-0.0178136,	0.102482,	-0.720689,	-0.0548845,	-0.00836643,	-0.0118557,	-0.846721,	-0.0984626,	-0.0136363,	-0.0783882,	-0.758778,	-0.32481,	-0.0214572,	-0.382368,	-0.4459,	0.62999,	-0.04312,	30255,	-254,	1,	-411,	30285,	128,	-54,	-134,	30275,	60,	-29,	-324,	
1,	12,	365922,	1.65255e+015,	0,	-2,	-4,	-11,	-5,	-2,	0,	0,	1.65255e+009,	-0.735718,	-0.245168,	-0.31202,	-0.115069,	-0.643042,	-0.143604,	-0.0178136,	0.102482,	-0.720689,	-0.0548845,	-0.00836643,	-0.0118557,	-0.846721,	-0.0984626,	-0.0136363,	-0.0783882,	-0.758778,	-0.32481,	-0.0214572,	-0.382368,	-0.4459,	0.62999,	-0.04312,	30265,	-254,	0,	-412,	30295,	128,	-54,	-134,	30285,	59,	-29,	-325,	
1,	12,	366000,	1.65255e+015,	-2,	-3,	-7,	-6,	-1,	-2,	-3,	-1,	1.65255e+009,	-0.735718,	-0.245168,	-0.31202,	-0.115069,	-0.643042,	-0.143604,	-0.0178136,	0.102482,	-0.720689,	-0.0548845,	-0.00836643,	-0.0118557,	-0.846721,	-0.0984626,	-0.0136363,	-0.0783882,	-0.758778,	-0.32481,	-0.0214572,	-0.382368,	-0.4459,	0.62999,	-0.04312,	30275,	-252,	0,	-413,	30305,	129,	-54,	-135,	30295,	60,	-29,	-325,	
1,	12,	366079,	1.65255e+015,	0,	-3,	1,	-3,	-10,	-1,	-1,	1,	1.65255e+009,	-0.735718,	-0.245168,	-0.31202,	-0.115069,	-0.643042,	-0.143604,	-0.0178136,	0.102482,	-0.641839,	-0.0548845,	-0.00836643,	-0.0118557,	-0.846721,	-0.0984626,	-0.0136363,	-0.0783882,	-0.758778,	-0.32481,	-0.0214572,	-0.382368,	-0.4459,	0.62999,	-0.04312,	30285,	-253,	0,	-413,	30315,	129,	-54,	-135,	30305,	60,	-29,	-325,	
1,	12,	366157,	1.65255e+015,	0,	6,	22,	5,	7,	6,	2,	1,	1.65255e+009,	-0.735718,	-0.245168,	-0.31202,	-0.115069,	-0.643042,	-0.143604,	-0.0178136,	0.102482,	-0.641839,	-0.0548845,	-0.00836643,	-0.0118557,	-0.846721,	-0.0984626,	-0.0136363,	-0.0783882,	-0.758778,	-0.32481,	-0.0214572,	-0.382368,	-0.4459,	0.62999,	-0.04312,	30295,	-252,	0,	-413,	30325,	128,	-54,	-135,	30315,	58,	-30,	-325,	
1,	12,	366235,	1.65255e+015,	-4,	-1,	-10,	-2,	-16,	-11,	-4,	-1,	1.65255e+009,	-0.735718,	-0.245168,	-0.31202,	-0.115069,	-0.643042,	-0.143604,	-0.0178136,	0.102482,	-0.641839,	-0.0548845,	-0.00836643,	-0.0118557,	-0.846721,	-0.0984626,	-0.0136363,	-0.0783882,	-0.758778,	-0.32481,	-0.0214572,	-0.382368,	-0.4459,	0.62999,	-0.04312,	30305,	-253,	1,	-412,	30335,	128,	-53,	-134,	30325,	58,	-29,	-324,	
1,	12,	366313,	1.65255e+015,	0,	-4,	5,	8,	5,	2,	0,	-1,	1.65255e+009,	-0.735718,	-0.245168,	-0.31202,	-0.115069,	-0.643042,	-0.143604,	-0.0178136,	0.102482,	-0.641839,	-0.0548845,	-0.00836643,	-0.0118557,	-0.846721,	-0.0984626,	-0.0136363,	-0.0783882,	-0.758778,	-0.32481,	-0.0214572,	-0.382368,	-0.4459,	0.62999,	-0.04312,	30315,	-254,	0,	-411,	30345,	129,	-53,	-134,	30335,	58,	-31,	-324,	
1,	12,	366391,	1.65255e+015,	0,	0,	-18,	-9,	-10,	-4,	1,	0,	1.65255e+009,	-0.735718,	-0.245168,	-0.31202,	-0.115069,	-0.643042,	-0.143604,	-0.0178136,	0.102482,	-0.641839,	-0.0548845,	-0.00836643,	-0.0118557,	-0.846721,	-0.0984626,	-0.0136363,	-0.0783882,	-0.758778,	-0.32481,	-0.0214572,	-0.382368,	-0.4459,	0.62999,	-0.04312,	30325,	-254,	0,	-409,	30355,	130,	-52,	-134,	30345,	59,	-32,	-323,	
2,	12,	366500,	1.65255e+015,	0,	-3,	-8,	-10,	-6,	-3,	-3,	0,	1.65255e+009,	-0.735718,	-0.245168,	-0.31202,	-0.115069,	-0.643042,	-0.143604,	-0.0178136,	0.102482,	-0.641839,	-0.0548845,	-0.00836643,	-0.0118557,	-0.846721,	-0.0984626,	-0.0136363,	-0.0783882,	-0.758778,	-0.32481,	-0.0214572,	-0.382368,	-0.4459,	0.62999,	-0.04312,	30335,	-256,	0,	-408,	30365,	129,	-51,	-133,	30355,	57,	-32,	-323,	
2,	12,	366579,	1.65255e+015,	-1,	4,	43,	20,	4,	2,	1,	-2,	1.65255e+009,	-0.735718,	-0.245168,	-0.31202,	-0.115069,	-0.643042,	-0.143604,	-0.0178136,	0.102482,	-0.641839,	-0.0548845,	-0.00836643,	-0.0118557,	-0.846721,	-0.0984626,	-0.0136363,	-0.0783882,	-0.758778,	-0.32481,	-0.0214572,	-0.382368,	-0.4459,	0.62999,	-0.04312,	30345,	-256,	0,	-408,	30375,	129,	-51,	-133,	30365,	57,	-34,	-322,	
2,	12,	366657,	1.65255e+015,	-2,	-3,	23,	15,	5,	3,	-1,	-1,	1.65255e+009,	-0.735718,	-0.245168,	-0.31202,	-0.115069,	-0.643042,	-0.143604,	-0.0178136,	0.102482,	-0.641839,	-0.0548845,	-0.00836643,	-0.0118557,	-0.846721,	-0.0984626,	-0.0136363,	-0.0783882,	-0.758778,	-0.32481,	-0.0214572,	-0.382368,	-0.4459,	0.62999,	-0.04312,	30355,	-256,	0,	-408,	30385,	130,	-50,	-133,	30375,	56,	-33,	-322,	
2,	12,	366735,	1.65255e+015,	-1,	-7,	-29,	-3,	2,	-2,	0,	7,	1.65255e+009,	-0.735718,	-0.245168,	-0.31202,	-0.115069,	-0.643042,	-0.143604,	-0.0178136,	0.102482,	-0.641839,	-0.0548845,	-0.00836643,	-0.0118557,	-0.846721,	-0.0984626,	-0.0136363,	-0.0783882,	-0.758778,	-0.32481,	-0.0214572,	-0.382368,	-0.4459,	0.62999,	-0.04312,	30365,	-256,	0,	-408,	30395,	129,	-51,	-132,	30385,	54,	-34,	-321,	
2,	12,	366813,	1.65255e+015,	-1,	-4,	8,	4,	-3,	-3,	1,	-2,	1.65255e+009,	-0.735718,	-0.245168,	-0.31202,	-0.115069,	-0.643042,	-0.143604,	-0.0178136,	0.102482,	-0.641839,	-0.0548845,	-0.00836643,	-0.0118557,	-0.846721,	-0.0984626,	-0.0136363,	-0.0783882,	-0.758778,	-0.32481,	-0.0214572,	-0.382368,	-0.4459,	0.62999,	-0.04312,	30375,	-257,	0,	-407,	30405,	129,	-51,	-131,	30395,	54,	-35,	-319,	
2,	12,	366891,	1.65255e+015,	0,	3,	1,	-21,	-5,	-1,	-1,	-4,	1.65255e+009,	-0.735718,	-0.245168,	-0.31202,	-0.115069,	-0.643042,	-0.143604,	-0.0178136,	0.102482,	-0.641839,	-0.0548845,	-0.00836643,	-0.0118557,	-0.846721,	-0.0984626,	-0.0136363,	-0.0783882,	-0.758778,	-0.32481,	-0.0214572,	-0.382368,	-0.4459,	0.62999,	-0.04312,	30385,	-260,	-2,	-403,	30415,	129,	-50,	-129,	30405,	52,	-36,	-316,	
2,	12,	366969,	1.65255e+015,	-4,	-11,	29,	2,	-2,	-4,	0,	1,	1.65255e+009,	-0.735718,	-0.245168,	-0.31202,	-0.115069,	-0.643042,	-0.143604,	-0.0178136,	0.102482,	-0.641839,	-0.0548845,	-0.00836643,	-0.0118557,	-0.846721,	-0.0984626,	-0.0136363,	-0.0783882,	-0.758778,	-0.32481,	-0.0214572,	-0.382368,	-0.4459,	0.62999,	-0.04312,	30395,	-262,	-1,	-398,	30425,	128,	-49,	-127,	30415,	51,	-36,	-313,	
2,	12,	367047,	1.65255e+015,	-3,	-7,	-37,	-14,	1,	4,	0,	-1,	1.65255e+009,	-0.735718,	-0.245168,	-0.31202,	-0.115069,	-0.643042,	-0.143604,	-0.0178136,	0.102482,	-0.641839,	-0.0548845,	-0.00836643,	-0.0118557,	-0.846721,	-0.0984626,	-0.0136363,	-0.0783882,	-0.758778,	-0.32481,	-0.0214572,	-0.382368,	-0.4459,	0.62999,	-0.04312,	30405,	-267,	0,	-393,	30435,	127,	-50,	-124,	30425,	50,	-37,	-310,	
2,	12,	367125,	1.65255e+015,	-1,	2,	14,	-11,	-3,	-4,	0,	-2,	1.65255e+009,	-0.735718,	-0.245168,	-0.31202,	-0.115069,	-0.643042,	-0.143604,	-0.0178136,	0.102482,	-0.641839,	-0.0548845,	-0.00836643,	-0.0118557,	-0.846721,	-0.0984626,	-0.0136363,	-0.0783882,	-0.758778,	-0.32481,	-0.0214572,	-0.382368,	-0.4459,	0.62999,	-0.04312,	30415,	-270,	0,	-388,	30445,	127,	-49,	-120,	30435,	47,	-39,	-307,	
2,	12,	367219,	1.65255e+015,	3,	2,	0,	10,	4,	3,	1,	0,	1.65255e+009,	-0.735718,	-0.245168,	-0.31202,	-0.115069,	-0.643042,	-0.143604,	-0.0178136,	0.102482,	-0.641839,	-0.0548845,	-0.00836643,	-0.0118557,	-0.846721,	-0.0984626,	-0.0136363,	-0.0783882,	-0.758778,	-0.32481,	-0.0214572,	-0.382368,	-0.4459,	0.62999,	-0.04312,	30425,	-273,	1,	-382,	30455,	126,	-50,	-116,	30445,	45,	-41,	-303,	
2,	12,	367297,	1.65255e+015,	-4,	0,	-6,	6,	0,	0,	-1,	0,	1.65255e+009,	-0.735718,	-0.245168,	-0.31202,	-0.115069,	-0.643042,	-0.143604,	-0.0178136,	0.102482,	-0.641839,	-0.0548845,	-0.00836643,	-0.0118557,	-0.846721,	-0.0984626,	-0.0136363,	-0.0783882,	-0.758778,	-0.32481,	-0.0214572,	-0.382368,	-0.4459,	0.62999,	-0.04312,	30435,	-279,	1,	-375,	30465,	126,	-50,	-113,	30455,	42,	-43,	-299,	
2,	12,	367375,	1.65255e+015,	1,	-4,	10,	-5,	6,	2,	-2,	0,	1.65255e+009,	-0.735718,	-0.245168,	-0.31202,	-0.115069,	-0.643042,	-0.143604,	-0.0178136,	0.102482,	-0.641839,	-0.0548845,	-0.00836643,	-0.0118557,	-0.846721,	-0.0984626,	-0.0136363,	-0.0783882,	-0.758778,	-0.32481,	-0.0214572,	-0.382368,	-0.4459,	0.62999,	-0.04312,	30445,	-284,	0,	-364,	30475,	124,	-50,	-108,	30465,	40,	-45,	-293,	
2,	12,	367454,	1.65255e+015,	-2,	-5,	-42,	-7,	-2,	-2,	-1,	0,	1.65255e+009,	-0.735718,	-0.245168,	-0.31202,	-0.115069,	-0.643042,	-0.143604,	-0.0178136,	0.102482,	-0.641839,	-0.0548845,	-0.00836643,	-0.0118557,	-0.846721,	-0.0984626,	-0.0136363,	-0.0783882,	-0.758778,	-0.32481,	-0.0214572,	-0.382368,	-0.4459,	0.62999,	-0.04312,	30455,	-292,	-2,	-353,	30485,	124,	-50,	-102,	30475,	36,	-48,	-286,	
2,	12,	367532,	1.65255e+015,	-4,	-3,	-13,	-15,	-2,	-1,	0,	-3,	1.65255e+009,	-0.735718,	-0.245168,	-0.31202,	-0.115069,	-0.643042,	-0.143604,	-0.0178136,	0.102482,	-0.641839,	-0.0548845,	-0.00836643,	-0.0118557,	-0.846721,	-0.0984626,	-0.0136363,	-0.0783882,	-0.758778,	-0.32481,	-0.0214572,	-0.382368,	-0.4459,	0.62999,	-0.04312,	30465,	-299,	-1,	-339,	30495,	124,	-49,	-95,	30485,	34,	-52,	-278,	
2,	12,	367610,	1.65255e+015,	-1,	-2,	-12,	-6,	-6,	-4,	-2,	-1,	1.65255e+009,	-0.735718,	-0.245168,	-0.31202,	-0.115069,	-0.643042,	-0.143604,	-0.0178136,	0.102482,	-0.641839,	-0.0548845,	-0.00836643,	-0.0118557,	-0.846721,	-0.0984626,	-0.0136363,	-0.0783882,	-0.758778,	-0.32481,	-0.0214572,	-0.382368,	-0.4459,	0.62999,	-0.04312,	30475,	-308,	-2,	-326,	30505,	124,	-48,	-89,	30495,	30,	-57,	-270,	
2,	12,	367688,	1.65255e+015,	-3,	-12,	-9,	-16,	-19,	-7,	-1,	-1,	1.65255e+009,	-0.735718,	-0.245168,	-0.31202,	-0.115069,	-0.643042,	-0.143604,	-0.0178136,	0.102482,	-0.641839,	-0.0548845,	-0.00836643,	-0.0118557,	-0.846721,	-0.0984626,	-0.0136363,	-0.0783882,	-0.758778,	-0.32481,	-0.0214572,	-0.382368,	-0.4459,	0.62999,	-0.04312,	30485,	-316,	-4,	-313,	30515,	124,	-49,	-81,	30505,	26,	-62,	-261,	
2,	12,	367766,	1.65255e+015,	-3,	2,	-33,	-11,	-3,	-7,	-1,	-3,	1.65255e+009,	-0.735718,	-0.245168,	-0.31202,	-0.115069,	-0.643042,	-0.143604,	-0.0178136,	0.102482,	-0.641839,	-0.0548845,	-0.00836643,	-0.0118557,	-0.846721,	-0.0984626,	-0.0136363,	-0.0783882,	-0.758778,	-0.32481,	-0.0214572,	-0.382368,	-0.4459,	0.62999,	-0.04312,	30495,	-325,	-5,	-300,	30525,	122,	-48,	-73,	30515,	21,	-65,	-251,	
2,	12,	367844,	1.65255e+015,	-1,	7,	16,	4,	-2,	-1,	0,	1,	1.65255e+009,	-0.735718,	-0.245168,	-0.31202,	-0.115069,	-0.643042,	-0.143604,	-0.0178136,	0.102482,	-0.641839,	-0.0548845,	-0.00836643,	-0.0118557,	-0.846721,	-0.0984626,	-0.0136363,	-0.0783882,	-0.758778,	-0.32481,	-0.0214572,	-0.382368,	-0.4459,	0.62999,	-0.04312,	30505,	-337,	-8,	-287,	30535,	121,	-48,	-66,	30525,	16,	-70,	-240,	
2,	12,	367922,	1.65255e+015,	1,	-2,	20,	-3,	5,	1,	1,	-1,	1.65255e+009,	-0.735718,	-0.245168,	-0.31202,	-0.115069,	-0.643042,	-0.143604,	-0.0178136,	0.102482,	-0.641839,	-0.0548845,	-0.00836643,	-0.0118557,	-0.846721,	-0.0984626,	-0.0136363,	-0.0783882,	-0.758778,	-0.32481,	-0.0214572,	-0.382368,	-0.4459,	0.62999,	-0.04312,	30515,	-349,	-10,	-272,	30545,	121,	-48,	-60,	30535,	13,	-74,	-229,	
2,	12,	368016,	1.65255e+015,	0,	-2,	-5,	-2,	7,	4,	0,	-1,	1.65255e+009,	-0.735718,	-0.245168,	-0.31202,	-0.115069,	-0.643042,	-0.143604,	-0.0178136,	0.102482,	-0.641839,	-0.0548845,	-0.00836643,	-0.0118557,	-0.846721,	-0.0984626,	-0.0136363,	-0.0783882,	-0.758778,	-0.32481,	-0.0214572,	-0.382368,	-0.4459,	0.62999,	-0.04312,	30525,	-361,	-13,	-256,	30555,	120,	-49,	-54,	30545,	8,	-77,	-217,	
2,	12,	368094,	1.65255e+015,	-1,	-2,	-15,	4,	-4,	-3,	-1,	-1,	1.65255e+009,	-0.735718,	-0.245168,	-0.31202,	-0.115069,	-0.643042,	-0.143604,	-0.0178136,	0.102482,	-0.641839,	-0.0548845,	-0.00836643,	-0.0118557,	-0.846721,	-0.0984626,	-0.0136363,	-0.0783882,	-0.758778,	-0.32481,	-0.0214572,	-0.382368,	-0.4459,	0.62999,	-0.04312,	30535,	-372,	-17,	-236,	30565,	119,	-46,	-48,	30555,	3,	-81,	-205,	
2,	12,	368172,	1.65255e+015,	1,	-3,	-18,	-9,	4,	4,	-1,	0,	1.65255e+009,	-0.735718,	-0.245168,	-0.31202,	-0.115069,	-0.643042,	-0.143604,	-0.0178136,	0.102482,	-0.641839,	-0.0548845,	-0.00836643,	-0.0118557,	-0.846721,	-0.0984626,	-0.0136363,	-0.0783882,	-0.758778,	-0.32481,	-0.0214572,	-0.382368,	-0.4459,	0.62999,	-0.04312,	30545,	-384,	-20,	-216,	30575,	117,	-46,	-42,	30565,	0,	-84,	-193,	
2,	12,	368250,	1.65255e+015,	1,	4,	-4,	3,	-3,	-2,	0,	1,	1.65255e+009,	-0.735718,	-0.245168,	-0.31202,	-0.115069,	-0.643042,	-0.143604,	-0.0178136,	0.102482,	-0.641839,	-0.0548845,	-0.00836643,	-0.0118557,	-0.846721,	-0.0984626,	-0.0136363,	-0.0783882,	-0.758778,	-0.32481,	-0.0214572,	-0.382368,	-0.4459,	0.62999,	-0.04312,	30555,	-396,	-22,	-195,	30585,	116,	-46,	-37,	30575,	-6,	-87,	-178,	
2,	12,	368329,	1.65255e+015,	-3,	-7,	-6,	-3,	-10,	-7,	-2,	-3,	1.65255e+009,	-0.735718,	-0.245168,	-0.31202,	-0.115069,	-0.643042,	-0.143604,	-0.0178136,	0.102482,	-0.641839,	-0.0548845,	-0.00836643,	-0.0118557,	-0.846721,	-0.0984626,	-0.0136363,	-0.0783882,	-0.758778,	-0.32481,	-0.0214572,	-0.382368,	-0.4459,	0.62999,	-0.04312,	30565,	-408,	-25,	-173,	30595,	114,	-47,	-32,	30585,	-12,	-89,	-161,	
2,	12,	368407,	1.65255e+015,	0,	2,	13,	3,	-8,	-9,	0,	-1,	1.65255e+009,	-0.735718,	-0.245168,	-0.31202,	-0.115069,	-0.643042,	-0.143604,	-0.0178136,	0.102482,	-0.641839,	-0.0548845,	-0.00836643,	-0.0118557,	-0.846721,	-0.0984626,	-0.0136363,	-0.0783882,	-0.758778,	-0.32481,	-0.0214572,	-0.382368,	-0.4459,	0.62999,	-0.04312,	30575,	-422,	-28,	-152,	30605,	111,	-47,	-27,	30595,	-19,	-92,	-144,	
2,	12,	368500,	1.65255e+015,	1,	13,	27,	21,	4,	0,	-1,	1,	1.65255e+009,	-0.735718,	-0.245168,	-0.31202,	-0.115069,	-0.643042,	-0.143604,	-0.0178136,	0.102482,	-0.641839,	-0.0548845,	-0.00836643,	-0.0118557,	-0.846721,	-0.0984626,	-0.0136363,	-0.0783882,	-0.758778,	-0.32481,	-0.0214572,	-0.382368,	-0.4459,	0.62999,	-0.04312,	30585,	-436,	-30,	-131,	30615,	110,	-46,	-23,	30605,	-23,	-95,	-128,	
2,	12,	368579,	1.65255e+015,	1,	5,	16,	3,	-2,	0,	1,	1,	1.65255e+009,	-0.735718,	-0.245168,	-0.31202,	-0.115069,	-0.643042,	-0.143604,	-0.0178136,	0.102482,	-0.641839,	-0.0548845,	-0.00836643,	-0.0118557,	-0.846721,	-0.0984626,	-0.0136363,	-0.0783882,	-0.758778,	-0.32481,	-0.0214572,	-0.382368,	-0.4459,	0.62999,	-0.04312,	30595,	-448,	-32,	-112,	30625,	109,	-47,	-19,	30615,	-28,	-97,	-114,	
2,	12,	368657,	1.65255e+015,	0,	-2,	34,	-2,	2,	3,	1,	0,	1.65255e+009,	-0.735718,	-0.245168,	-0.31202,	-0.115069,	-0.643042,	-0.143604,	-0.0178136,	0.102482,	-0.641839,	-0.0548845,	-0.00836643,	-0.0118557,	-0.846721,	-0.0984626,	-0.0136363,	-0.0783882,	-0.758778,	-0.32481,	-0.0214572,	-0.382368,	-0.4459,	0.62999,	-0.04312,	30605,	-456,	-32,	-97,	30635,	108,	-47,	-15,	30625,	-29,	-98,	-102,	
2,	12,	368735,	1.65255e+015,	-2,	0,	24,	-11,	0,	1,	1,	1,	1.65255e+009,	-0.735718,	-0.245168,	-0.31202,	-0.115069,	-0.643042,	-0.143604,	-0.0178136,	0.102482,	-0.641839,	-0.0548845,	-0.00836643,	-0.0118557,	-0.846721,	-0.0984626,	-0.0136363,	-0.0783882,	-0.758778,	-0.32481,	-0.0214572,	-0.382368,	-0.4459,	0.62999,	-0.04312,	30615,	-463,	-33,	-87,	30645,	108,	-48,	-14,	30635,	-32,	-99,	-94,	
2,	12,	368813,	1.65255e+015,	1,	1,	-15,	13,	1,	-2,	0,	-1,	1.65255e+009,	-0.735718,	-0.245168,	-0.31202,	-0.115069,	-0.643042,	-0.143604,	-0.0178136,	0.102482,	-0.641839,	-0.0548845,	-0.00836643,	-0.0118557,	-0.846721,	-0.0984626,	-0.0136363,	-0.0783882,	-0.758778,	-0.32481,	-0.0214572,	-0.382368,	-0.4459,	0.62999,	-0.04312,	30625,	-468,	-36,	-79,	30655,	108,	-49,	-14,	30645,	-34,	-99,	-87,	
2,	12,	368891,	1.65255e+015,	-1,	-11,	-27,	-4,	2,	-3,	-3,	-2,	1.65255e+009,	-0.735718,	-0.245168,	-0.31202,	-0.115069,	-0.643042,	-0.143604,	-0.0178136,	0.102482,	-0.641839,	-0.0548845,	-0.00836643,	-0.0118557,	-0.846721,	-0.0984626,	-0.0136363,	-0.0783882,	-0.758778,	-0.32481,	-0.0214572,	-0.382368,	-0.4459,	0.62999,	-0.04312,	30635,	-473,	-39,	-71,	30665,	108,	-49,	-14,	30655,	-34,	-100,	-79,	
2,	12,	368954,	1.65255e+015,	-4,	-1,	-4,	-5,	-12,	-7,	-2,	-1,	1.65255e+009,	-0.735718,	-0.245168,	-0.31202,	-0.115069,	-0.643042,	-0.143604,	-0.0178136,	0.102482,	-0.641839,	-0.0548845,	-0.00836643,	-0.0118557,	-0.846721,	-0.0984626,	-0.0136363,	-0.0783882,	-0.758778,	-0.32481,	-0.0214572,	-0.382368,	-0.4459,	0.62999,	-0.04312,	30645,	-479,	-42,	-61,	30675,	107,	-51,	-13,	30665,	-37,	-102,	-70,	
2,	12,	369032,	1.65255e+015,	-5,	-9,	-16,	-7,	2,	-3,	-2,	-2,	1.65255e+009,	-0.735718,	-0.245168,	-0.31202,	-0.115069,	-0.643042,	-0.143604,	-0.0178136,	0.102482,	-0.641839,	-0.0548845,	-0.00836643,	-0.0118557,	-0.846721,	-0.0984626,	-0.0136363,	-0.0783882,	-0.758778,	-0.32481,	-0.0214572,	-0.382368,	-0.4459,	0.62999,	-0.04312,	30655,	-483,	-43,	-52,	30685,	108,	-50,	-12,	30675,	-41,	-102,	-61,	
2,	12,	369110,	1.65255e+015,	1,	0,	-23,	4,	8,	2,	0,	2,	1.65255e+009,	-0.735718,	-0.245168,	-0.31202,	-0.115069,	-0.643042,	-0.143604,	-0.0178136,	0.102482,	-0.641839,	-0.0548845,	-0.00836643,	-0.0118557,	-0.846721,	-0.0984626,	-0.0136363,	-0.0783882,	-0.758778,	-0.32481,	-0.0214572,	-0.382368,	-0.4459,	0.62999,	-0.04312,	30665,	-490,	-43,	-42,	30695,	107,	-50,	-9,	30685,	-44,	-103,	-52,	
2,	12,	369204,	1.65255e+015,	-2,	2,	-33,	-6,	0,	-4,	-1,	-2,	1.65255e+009,	-0.735718,	-0.245168,	-0.245984,	-0.115069,	-0.643042,	-0.143604,	-0.0178136,	0.102482,	-0.641839,	-0.0548845,	-0.00836643,	-0.0118557,	-0.846721,	-0.0984626,	-0.0136363,	-0.0783882,	-0.758778,	-0.32481,	-0.0214572,	-0.382368,	-0.4459,	0.62999,	-0.04312,	30675,	-493,	-45,	-33,	30705,	106,	-51,	-8,	30695,	-46,	-105,	-45,	
2,	12,	369297,	1.65255e+015,	0,	-6,	-36,	-14,	-1,	-3,	-3,	0,	1.65255e+009,	-0.735718,	-0.245168,	-0.245984,	-0.115069,	-0.643042,	-0.143604,	-0.0178136,	0.102482,	-0.641839,	-0.0548845,	-0.00836643,	-0.0118557,	-0.846721,	-0.0984626,	-0.0136363,	-0.0783882,	-0.758778,	-0.32481,	-0.0214572,	-0.382368,	-0.4459,	0.62999,	-0.04312,	30685,	-500,	-45,	-24,	30715,	106,	-51,	-6,	30705,	-48,	-106,	-38,	
2,	12,	369375,	1.65255e+015,	-6,	-15,	0,	7,	-4,	-1,	0,	-1,	1.65255e+009,	-0.735718,	-0.245168,	-0.245984,	-0.115069,	-0.643042,	-0.143604,	-0.0178136,	0.102482,	-0.641839,	-0.0548845,	-0.00836643,	-0.0118557,	-0.846721,	-0.0984626,	-0.0136363,	-0.0783882,	-0.758778,	-0.32481,	-0.0214572,	-0.382368,	-0.4459,	0.62999,	-0.04312,	30695,	-504,	-46,	-15,	30725,	107,	-51,	-4,	30715,	-50,	-108,	-32,	
2,	12,	369438,	1.65255e+015,	-3,	7,	34,	9,	-1,	-2,	-2,	-2,	1.65255e+009,	-0.735718,	-0.245168,	-0.245984,	-0.115069,	-0.643042,	-0.143604,	-0.0178136,	0.102482,	-0.641839,	-0.0548845,	-0.00836643,	-0.0118557,	-0.846721,	-0.0984626,	-0.0136363,	-0.0783882,	-0.758778,	-0.32481,	-0.0214572,	-0.382368,	-0.4459,	0.62999,	-0.04312,	30705,	-508,	-46,	-8,	30735,	106,	-50,	-1,	30725,	-50,	-107,	-27,	
2,	12,	369516,	1.65255e+015,	-3,	4,	0,	-14,	-4,	-3,	-1,	-1,	1.65255e+009,	-0.735718,	-0.245168,	-0.245984,	-0.134781,	-0.643042,	-0.143604,	-0.0178136,	0.102482,	-0.641839,	-0.0548845,	-0.00836643,	-0.0118557,	-0.846721,	-0.0984626,	-0.0136363,	-0.0783882,	-0.758778,	-0.32481,	-0.0214572,	-0.382368,	-0.4459,	0.62999,	-0.04312,	30715,	-510,	-47,	-3,	30745,	107,	-50,	0,	30735,	-51,	-107,	-24,	
2,	12,	369579,	1.65255e+015,	3,	4,	-2,	0,	21,	12,	2,	2,	1.65255e+009,	-0.675599,	-0.146608,	-0.245984,	-0.159421,	-0.643042,	-0.143604,	-0.0178136,	0.102482,	-0.641839,	-0.0548845,	-0.00836643,	-0.0118557,	-0.846721,	-0.0984626,	-0.0136363,	-0.0783882,	-0.758778,	-0.32481,	-0.0214572,	-0.382368,	-0.4459,	0.62999,	-0.04312,	30725,	-511,	-48,	0,	30755,	107,	-50,	0,	30745,	-52,	-107,	-19,	
2,	12,	369657,	1.65255e+015,	-2,	9,	26,	10,	-1,	3,	3,	0,	1.65255e+009,	-0.600448,	-0.146608,	-0.245984,	-0.203773,	-0.562962,	-0.143604,	-0.0178136,	0.102482,	-0.641839,	-0.0548845,	-0.00836643,	-0.0118557,	-0.846721,	-0.0984626,	-0.0136363,	-0.0783882,	-0.758778,	-0.32481,	-0.0214572,	-0.382368,	-0.4459,	0.62999,	-0.04312,	30735,	-513,	-51,	0,	30765,	107,	-51,	0,	30755,	-53,	-107,	-16,	
2,	12,	369719,	1.65255e+015,	-7,	-5,	-20,	-9,	-5,	-7,	0,	-12,	1.65255e+009,	-0.480209,	-0.0480479,	-0.179948,	-0.267837,	-0.562962,	-0.143604,	-0.0178136,	0.102482,	-0.641839,	-0.0548845,	-0.00836643,	-0.0118557,	-0.846721,	-0.0984626,	-0.0136363,	-0.0783882,	-0.758778,	-0.32481,	-0.0214572,	-0.382368,	-0.4459,	0.62999,	-0.04312,	30745,	-515,	-51,	3,	30775,	106,	-52,	-1,	30765,	-54,	-108,	-13,	
2,	12,	369797,	1.65255e+015,	-3,	-6,	-17,	1,	-5,	-3,	9,	7,	1.65255e+009,	-0.299849,	0.0505121,	-0.179948,	-0.326973,	-0.562962,	-0.143604,	-0.0178136,	0.102482,	-0.641839,	-0.0548845,	-0.00836643,	-0.0118557,	-0.846721,	-0.0984626,	-0.0136363,	-0.0783882,	-0.758778,	-0.32481,	-0.0214572,	-0.382368,	-0.4459,	0.62999,	-0.04312,	30755,	-517,	-51,	7,	30785,	106,	-51,	0,	30775,	-54,	-107,	-10,	
2,	12,	369860,	1.65255e+015,	14,	-3,	18,	13,	-1,	3,	-1,	0,	1.65255e+009,	-0.224699,	0.0997921,	-0.179948,	-0.356541,	-0.562962,	-0.143604,	-0.0178136,	0.102482,	-0.641839,	-0.0548845,	-0.00836643,	-0.0118557,	-0.846721,	-0.0984626,	-0.0136363,	-0.0783882,	-0.758778,	-0.32481,	-0.0214572,	-0.382368,	-0.4459,	0.62999,	-0.04312,	30765,	-518,	-51,	10,	30795,	106,	-51,	0,	30785,	-56,	-109,	-8,	
2,	12,	369922,	1.65255e+015,	3,	-2,	-17,	-9,	-4,	-2,	3,	-2,	1.65255e+009,	-0.224699,	0.0997921,	-0.179948,	-0.381181,	-0.562962,	-0.143604,	-0.0178136,	0.0941425,	-0.641839,	-0.0548845,	-0.00836643,	-0.00910542,	-0.846721,	-0.0984626,	-0.0136363,	-0.0756379,	-0.758778,	-0.32481,	-0.0214572,	-0.379618,	-0.4459,	0.62999,	-0.04312,	30775,	-520,	-52,	13,	30805,	104,	-51,	0,	30795,	-55,	-108,	-6,	
2,	12,	370000,	1.65255e+015,	-1,	2,	11,	21,	-7,	-4,	-2,	8,	1.65255e+009,	-0.164579,	0.0997921,	-0.179948,	-0.405821,	-0.562962,	-0.143604,	-0.0178136,	0.0941425,	-0.641839,	-0.0548845,	-0.00836643,	-0.00910542,	-0.846721,	-0.0984626,	-0.0136363,	-0.0756379,	-0.758778,	-0.32481,	-0.0214572,	-0.379618,	-0.4459,	0.62999,	-0.04312,	30785,	-520,	-52,	15,	30815,	105,	-50,	0,	30805,	-55,	-108,	-5,	
2,	12,	370079,	1.65255e+015,	6,	8,	-16,	8,	-2,	-12,	-6,	4,	1.65255e+009,	-0.164579,	0.0997921,	-0.179948,	-0.405821,	-0.562962,	-0.143604,	-0.0178136,	0.0941425,	-0.641839,	-0.0548845,	-0.00836643,	-0.00910542,	-0.846721,	-0.0984626,	-0.0136363,	-0.0756379,	-0.758778,	-0.32481,	-0.0214572,	-0.379618,	-0.4459,	0.62999,	-0.04312,	30795,	-521,	-51,	17,	30825,	105,	-51,	1,	30815,	-55,	-110,	-5,	
2,	12,	370157,	1.65255e+015,	-9,	1,	-16,	-2,	5,	2,	1,	4,	1.65255e+009,	-0.164579,	0.0997921,	-0.179948,	-0.425533,	-0.562962,	-0.143604,	-0.0178136,	0.0941425,	-0.641839,	-0.0548845,	-0.00836643,	-0.00910542,	-0.846721,	-0.0984626,	-0.0136363,	-0.0756379,	-0.758778,	-0.32481,	-0.0214572,	-0.379618,	-0.4459,	0.62999,	-0.04312,	30805,	-521,	-52,	19,	30835,	105,	-51,	0,	30825,	-56,	-110,	-4,	
2,	12,	370219,	1.65255e+015,	0,	3,	-21,	-12,	0,	-4,	1,	0,	1.65255e+009,	-0.164579,	0.0997921,	-0.179948,	-0.425533,	-0.562962,	-0.143604,	-0.0178136,	0.0941425,	-0.641839,	-0.0548845,	-0.00836643,	-0.00910542,	-0.846721,	-0.0984626,	-0.0136363,	-0.0756379,	-0.758778,	-0.32481,	-0.0214572,	-0.379618,	-0.4459,	0.62999,	-0.04312,	30815,	-521,	-53,	21,	30845,	106,	-52,	0,	30835,	-56,	-111,	-4,	
2,	12,	370297,	1.65255e+015,	0,	3,	-9,	-6,	-3,	-2,	-4,	0,	1.65255e+009,	-0.104459,	0.0997921,	-0.179948,	-0.425533,	-0.498898,	-0.143604,	-0.0178136,	0.0941425,	-0.641839,	-0.0548845,	-0.00836643,	-0.00910542,	-0.846721,	-0.0984626,	-0.0136363,	-0.0756379,	-0.758778,	-0.32481,	-0.0214572,	-0.379618,	-0.4459,	0.62999,	-0.04312,	30825,	-522,	-53,	23,	30855,	105,	-52,	0,	30845,	-55,	-110,	-6,	
2,	12,	370375,	1.65255e+015,	-2,	0,	-16,	-9,	-8,	-6,	-1,	7,	1.65255e+009,	-0.104459,	0.0997921,	-0.179948,	-0.425533,	-0.498898,	-0.143604,	-0.0178136,	0.0941425,	-0.641839,	-0.0548845,	-0.00836643,	-0.00910542,	-0.846721,	-0.0984626,	-0.0136363,	-0.0756379,	-0.758778,	-0.32481,	-0.0214572,	-0.379618,	-0.4823,	0.62999,	-0.04312,	30835,	-522,	-53,	24,	30865,	106,	-52,	0,	30855,	-54,	-111,	-8,	
2,	12,	370454,	1.65255e+015,	5,	3,	-8,	3,	2,	0,	-4,	-1,	1.65255e+009,	-0.104459,	0.0997921,	-0.179948,	-0.425533,	-0.498898,	-0.143604,	-0.0178136,	0.0941425,	-0.641839,	-0.0548845,	-0.00836643,	-0.00910542,	-0.846721,	-0.0984626,	-0.0136363,	-0.0756379,	-0.758778,	-0.32481,	-0.0214572,	-0.379618,	-0.4823,	0.62999,	-0.04312,	30845,	-521,	-52,	26,	30875,	106,	-52,	0,	30865,	-54,	-110,	-9,	
2,	12,	370516,	1.65255e+015,	2,	-7,	-12,	-4,	-9,	-5,	-3,	0,	1.65255e+009,	-0.104459,	0.0997921,	-0.179948,	-0.425533,	-0.498898,	-0.143604,	-0.0178136,	0.0941425,	-0.641839,	-0.0548845,	-0.00836643,	-0.00910542,	-0.846721,	-0.0984626,	-0.0136363,	-0.0756379,	-0.758778,	-0.32481,	-0.0214572,	-0.379618,	-0.4823,	0.62999,	-0.04312,	30855,	-523,	-52,	25,	30885,	106,	-53,	0,	30875,	-54,	-110,	-10,	
2,	12,	370594,	1.65255e+015,	4,	-5,	-17,	6,	-3,	-3,	-3,	-1,	1.65255e+009,	-0.104459,	0.0997921,	-0.179948,	-0.425533,	-0.498898,	-0.143604,	-0.0178136,	0.0941425,	-0.641839,	-0.0548845,	-0.00836643,	-0.00910542,	-0.846721,	-0.0984626,	-0.0136363,	-0.0756379,	-0.758778,	-0.32481,	-0.0214572,	-0.379618,	-0.4823,	0.62999,	-0.04312,	30865,	-521,	-52,	24,	30895,	104,	-52,	-1,	30885,	-54,	-110,	-12,	
2,	12,	370672,	1.65255e+015,	-3,	-6,	-13,	-3,	-3,	-3,	-5,	-1,	1.65255e+009,	-0.104459,	0.198352,	-0.113912,	-0.425533,	-0.498898,	-0.143604,	-0.0178136,	0.0941425,	-0.641839,	-0.0548845,	-0.00836643,	-0.00910542,	-0.846721,	-0.0984626,	-0.0136363,	-0.0756379,	-0.758778,	-0.32481,	-0.0214572,	-0.379618,	-0.4823,	0.62999,	-0.04312,	30875,	-520,	-52,	23,	30905,	104,	-52,	-2,	30895,	-53,	-110,	-14,	
2,	12,	370735,	1.65255e+015,	4,	-5,	-5,	-14,	-5,	-3,	2,	2,	1.65255e+009,	-0.104459,	0.198352,	-0.113912,	-0.450173,	-0.498898,	-0.143604,	-0.0178136,	0.0941425,	-0.641839,	-0.0548845,	-0.00836643,	-0.00910542,	-0.846721,	-0.0984626,	-0.0136363,	-0.0756379,	-0.758778,	-0.32481,	-0.0214572,	-0.379618,	-0.4823,	0.62999,	-0.04312,	30885,	-519,	-51,	21,	30915,	105,	-52,	-3,	30905,	-53,	-110,	-15,	
2,	12,	370797,	1.65255e+015,	-12,	-3,	28,	6,	0,	2,	-1,	-9,	1.65255e+009,	-0.104459,	0.198352,	-0.113912,	-0.450173,	-0.498898,	-0.143604,	-0.0178136,	0.0941425,	-0.641839,	-0.0548845,	-0.00836643,	-0.00910542,	-0.846721,	-0.0984626,	-0.0136363,	-0.0756379,	-0.758778,	-0.32481,	-0.0214572,	-0.379618,	-0.4823,	0.62999,	-0.04312,	30895,	-518,	-51,	19,	30925,	104,	-51,	-3,	30915,	-53,	-110,	-16,	
2,	12,	370875,	1.65255e+015,	-3,	-2,	-11,	-19,	-5,	1,	-2,	-14,	1.65255e+009,	-0.104459,	0.198352,	-0.113912,	-0.450173,	-0.498898,	-0.143604,	-0.0178136,	0.0941425,	-0.641839,	-0.0548845,	-0.00836643,	-0.00910542,	-0.846721,	-0.0984626,	-0.0136363,	-0.0756379,	-0.758778,	-0.32481,	-0.0214572,	-0.379618,	-0.4823,	0.62999,	-0.04312,	30905,	-519,	-51,	18,	30935,	104,	-52,	-3,	30925,	-54,	-110,	-15,	
2,	12,	370938,	1.65255e+015,	0,	2,	2,	0,	-6,	-4,	-4,	-2,	1.65255e+009,	-0.104459,	0.198352,	-0.113912,	-0.450173,	-0.498898,	-0.143604,	-0.0178136,	0.0941425,	-0.641839,	-0.0548845,	-0.00836643,	-0.00910542,	-0.846721,	-0.0984626,	-0.0136363,	-0.0756379,	-0.758778,	-0.32481,	-0.0214572,	-0.379618,	-0.4823,	0.62999,	-0.04312,	30915,	-518,	-51,	18,	30945,	104,	-52,	-3,	30935,	-53,	-111,	-16,	
2,	12,	371016,	1.65255e+015,	1,	2,	-8,	2,	-1,	1,	-1,	0,	1.65255e+009,	-0.104459,	0.198352,	-0.113912,	-0.450173,	-0.498898,	-0.143604,	-0.0178136,	0.0941425,	-0.641839,	-0.0548845,	-0.00836643,	-0.00910542,	-0.846721,	-0.0984626,	-0.0136363,	-0.0756379,	-0.758778,	-0.32481,	-0.0214572,	-0.379618,	-0.4823,	0.62999,	-0.04312,	30925,	-519,	-51,	18,	30955,	105,	-52,	-3,	30945,	-54,	-111,	-16,	
2,	12,	371094,	1.65255e+015,	1,	3,	-2,	28,	-2,	-2,	-2,	-1,	1.65255e+009,	-0.525299,	0.198352,	-0.113912,	-0.248125,	-0.498898,	-0.143604,	-0.0178136,	0.0941425,	-0.641839,	-0.0548845,	-0.00836643,	-0.00910542,	-0.846721,	-0.0984626,	-0.0136363,	-0.0756379,	-0.758778,	-0.32481,	-0.0214572,	-0.379618,	-0.4823,	0.62999,	-0.04312,	30935,	-519,	-51,	19,	30965,	106,	-52,	-2,	30955,	-53,	-111,	-16,	
2,	12,	371172,	1.65255e+015,	-1,	-7,	0,	5,	8,	3,	1,	1,	1.65255e+009,	-0.675599,	-0.171248,	-0.279002,	-0.105213,	-0.562962,	-0.143604,	-0.0178136,	0.0941425,	-0.641839,	-0.0548845,	-0.00836643,	-0.00910542,	-0.846721,	-0.0984626,	-0.0136363,	-0.0756379,	-0.758778,	-0.32481,	-0.0214572,	-0.379618,	-0.4823,	0.62999,	-0.04312,	30945,	-518,	-49,	17,	30975,	106,	-52,	-3,	30965,	-52,	-111,	-18,	
2,	12,	371250,	1.65255e+015,	-1,	-5,	-16,	-22,	0,	4,	1,	1,	1.65255e+009,	-0.765779,	-0.294448,	-0.279002,	-0.0805728,	-0.562962,	-0.143604,	-0.0178136,	0.0941425,	-0.641839,	-0.0548845,	-0.00836643,	-0.00910542,	-0.846721,	-0.0984626,	-0.0136363,	-0.0756379,	-0.758778,	-0.32481,	-0.0214572,	-0.379618,	-0.4368,	0.62999,	-0.04312,	30955,	-516,	-50,	14,	30985,	106,	-52,	-4,	30975,	-52,	-111,	-20,	
2,	12,	371313,	1.65255e+015,	-1,	-10,	-21,	-7,	9,	2,	-1,	-1,	1.65255e+009,	-0.840928,	-0.442288,	-0.361547,	-0.0559328,	-0.562962,	-0.143604,	-0.0178136,	0.0941425,	-0.641839,	-0.0548845,	-0.00836643,	-0.00910542,	-0.846721,	-0.0984626,	-0.0136363,	-0.0756379,	-0.758778,	-0.32481,	-0.0214572,	-0.379618,	-0.4368,	0.62999,	-0.04312,	30965,	-513,	-51,	12,	30995,	106,	-52,	-5,	30985,	-51,	-111,	-22,	
2,	12,	371391,	1.65255e+015,	1,	4,	0,	14,	3,	-1,	0,	2,	1.65255e+009,	-0.901049,	-0.442288,	-0.361547,	-0.0312928,	-0.562962,	-0.143604,	-0.0178136,	0.0941425,	-0.641839,	-0.0548845,	-0.00836643,	-0.00910542,	-0.846721,	-0.0984626,	-0.0136363,	-0.0756379,	-0.758778,	-0.32481,	-0.0214572,	-0.379618,	-0.4368,	0.62999,	-0.04312,	30975,	-514,	-52,	9,	31005,	105,	-53,	-7,	30995,	-50,	-110,	-23,	
2,	12,	371469,	1.65255e+015,	-3,	-1,	-4,	-4,	-5,	-4,	-1,	1,	1.65255e+009,	-0.901049,	-0.442288,	-0.361547,	-0.0312928,	-0.562962,	-0.143604,	-0.0178136,	0.0941425,	-0.641839,	-0.0548845,	-0.00836643,	-0.00910542,	-0.846721,	-0.0984626,	-0.0136363,	-0.0756379,	-0.758778,	-0.32481,	-0.0214572,	-0.379618,	-0.4368,	0.62999,	-0.04312,	30985,	-512,	-50,	6,	31015,	105,	-52,	-8,	31005,	-50,	-110,	-24,	
2,	12,	371532,	1.65255e+015,	-5,	2,	23,	4,	-7,	-5,	-2,	-2,	1.65255e+009,	-0.901049,	-0.442288,	-0.361547,	-0.0312928,	-0.562962,	-0.143604,	-0.0178136,	0.0941425,	-0.641839,	-0.0548845,	-0.00836643,	-0.00910542,	-0.846721,	-0.0984626,	-0.0136363,	-0.0756379,	-0.758778,	-0.32481,	-0.0214572,	-0.379618,	-0.4368,	0.62999,	-0.04312,	30995,	-511,	-50,	2,	31025,	105,	-53,	-9,	31015,	-50,	-109,	-26,	
2,	12,	371610,	1.65255e+015,	0,	0,	6,	-8,	3,	5,	0,	0,	1.65255e+009,	-0.901049,	-0.442288,	-0.361547,	-0.0312928,	-0.562962,	-0.143604,	-0.0178136,	0.0941425,	-0.641839,	-0.0548845,	-0.00836643,	-0.00910542,	-0.846721,	-0.0984626,	-0.0136363,	-0.0756379,	-0.758778,	-0.32481,	-0.0214572,	-0.379618,	-0.4368,	0.62999,	-0.04312,	31005,	-509,	-49,	-1,	31035,	105,	-53,	-10,	31025,	-50,	-109,	-27,	
2,	12,	371672,	1.65255e+015,	-3,	-2,	-1,	-2,	-3,	-4,	-1,	-2,	1.65255e+009,	-0.901049,	-0.442288,	-0.361547,	-0.0312928,	-0.562962,	-0.143604,	-0.0178136,	0.0941425,	-0.641839,	-0.0548845,	-0.00836643,	-0.00910542,	-0.846721,	-0.0984626,	-0.0136363,	-0.0756379,	-0.758778,	-0.32481,	-0.0214572,	-0.379618,	-0.4368,	0.62999,	-0.04312,	31015,	-507,	-49,	-3,	31045,	105,	-52,	-11,	31035,	-49,	-108,	-28,	
2,	12,	371750,	1.65255e+015,	-4,	-5,	12,	-27,	-9,	-3,	-2,	-2,	1.65255e+009,	-0.901049,	-0.442288,	-0.361547,	-0.0312928,	-0.562962,	-0.143604,	-0.0178136,	0.0941425,	-0.641839,	-0.0548845,	-0.00836643,	-0.00910542,	-0.846721,	-0.0984626,	-0.0136363,	-0.0756379,	-0.758778,	-0.32481,	-0.0214572,	-0.379618,	-0.4368,	0.62999,	-0.04312,	31025,	-507,	-49,	-5,	31055,	105,	-52,	-12,	31045,	-48,	-109,	-29,	
