1,	8,	371860,	1.65255e+015,	0,	4,	4,	3,	0,	-5,	-3,	0,	1.65255e+009,	-0.901049,	-0.442288,	-0.361547,	-0.0312928,	-0.562962,	-0.143604,	-0.0178136,	0.0941425,	-0.641839,	-0.0548845,	-0.00836643,	-0.00910542,	-0.846721,	-0.0984626,	-0.0136363,	-0.0756379,	-0.758778,	-0.32481,	-0.0214572,	-0.379618,	-0.4368,	0.62999,	-0.04312,	31035,	-507,	-50,	-6,	31065,	106,	-51,	-12,	31055,	-47,	-110,	-29,	
1,	8,	371938,	1.65255e+015,	1,	3,	-3,	1,	0,	3,	0,	-1,	1.65255e+009,	-0.901049,	-0.442288,	-0.361547,	-0.0312928,	-0.562962,	-0.143604,	-0.0178136,	0.0941425,	-0.641839,	-0.0548845,	-0.00836643,	-0.00910542,	-0.846721,	-0.0984626,	-0.0136363,	-0.0756379,	-0.758778,	-0.32481,	-0.0214572,	-0.379618,	-0.4368,	0.62999,	-0.04312,	31045,	-508,	-50,	-5,	31075,	105,	-52,	-12,	31065,	-48,	-111,	-29,	
1,	8,	372016,	1.65255e+015,	0,	5,	-2,	-12,	-5,	-4,	-2,	0,	1.65255e+009,	-0.901049,	-0.442288,	-0.361547,	-0.0312928,	-0.562962,	-0.143604,	-0.0178136,	0.0941425,	-0.641839,	-0.0548845,	-0.00836643,	-0.00910542,	-0.846721,	-0.0984626,	-0.0136363,	-0.0756379,	-0.758778,	-0.32481,	-0.0214572,	-0.379618,	-0.4368,	0.62999,	-0.04312,	31055,	-507,	-50,	-3,	31085,	105,	-52,	-12,	31075,	-48,	-112,	-30,	
1,	8,	372094,	1.65255e+015,	-2,	-3,	13,	12,	10,	-1,	-2,	-1,	1.65255e+009,	-0.901049,	-0.442288,	-0.361547,	-0.0312928,	-0.562962,	-0.143604,	-0.0178136,	0.0941425,	-0.641839,	-0.0548845,	-0.00836643,	-0.00910542,	-0.846721,	-0.0984626,	-0.0136363,	-0.0756379,	-0.758778,	-0.32481,	-0.0214572,	-0.379618,	-0.4368,	0.62999,	-0.04312,	31065,	-508,	-51,	-3,	31095,	106,	-51,	-11,	31085,	-47,	-111,	-30,	
1,	8,	372172,	1.65255e+015,	0,	2,	4,	8,	11,	10,	2,	2,	1.65255e+009,	-0.901049,	-0.442288,	-0.361547,	-0.0312928,	-0.562962,	-0.143604,	-0.0178136,	0.0941425,	-0.641839,	-0.0548845,	-0.00836643,	-0.00910542,	-0.846721,	-0.0984626,	-0.0136363,	-0.0756379,	-0.758778,	-0.32481,	-0.0214572,	-0.379618,	-0.4368,	0.62999,	-0.04312,	31075,	-506,	-51,	-4,	31105,	107,	-51,	-11,	31095,	-48,	-112,	-32,	
1,	8,	372250,	1.65255e+015,	1,	2,	-10,	6,	12,	14,	3,	2,	1.65255e+009,	-0.901049,	-0.442288,	-0.361547,	-0.0312928,	-0.562962,	-0.143604,	-0.0178136,	0.0941425,	-0.641839,	-0.0548845,	-0.00836643,	-0.00910542,	-0.846721,	-0.0984626,	-0.0136363,	-0.0756379,	-0.758778,	-0.32481,	-0.0214572,	-0.379618,	-0.4368,	0.62999,	-0.04312,	31085,	-505,	-50,	-6,	31115,	106,	-51,	-12,	31105,	-48,	-110,	-33,	
1,	8,	372329,	1.65255e+015,	-1,	-5,	-8,	-4,	0,	-4,	-3,	-1,	1.65255e+009,	-0.901049,	-0.442288,	-0.361547,	-0.0312928,	-0.562962,	-0.143604,	-0.0178136,	0.0941425,	-0.641839,	-0.0548845,	-0.00836643,	-0.00910542,	-0.846721,	-0.0984626,	-0.0136363,	-0.0756379,	-0.758778,	-0.32481,	-0.0214572,	-0.379618,	-0.4368,	0.62999,	-0.04312,	31095,	-504,	-50,	-9,	31125,	107,	-52,	-13,	31115,	-47,	-110,	-33,	
1,	8,	372391,	1.65255e+015,	1,	3,	-5,	0,	-1,	3,	2,	0,	1.65255e+009,	-0.901049,	-0.442288,	-0.361547,	-0.0312928,	-0.562962,	-0.143604,	-0.0178136,	0.0941425,	-0.641839,	-0.0548845,	-0.00836643,	-0.00910542,	-0.846721,	-0.0984626,	-0.0136363,	-0.0756379,	-0.758778,	-0.32481,	-0.0214572,	-0.379618,	-0.4368,	0.62999,	-0.04312,	31105,	-502,	-50,	-11,	31135,	107,	-51,	-13,	31125,	-46,	-109,	-34,	
1,	8,	372469,	1.65255e+015,	-3,	-2,	5,	6,	-4,	-2,	-2,	-1,	1.65255e+009,	-0.901049,	-0.442288,	-0.361547,	-0.0312928,	-0.562962,	-0.143604,	-0.0178136,	0.0941425,	-0.641839,	-0.0548845,	-0.00836643,	-0.00910542,	-0.846721,	-0.0984626,	-0.0136363,	-0.0756379,	-0.758778,	-0.32481,	-0.0214572,	-0.379618,	-0.4368,	0.62999,	-0.04312,	31115,	-502,	-49,	-12,	31145,	107,	-51,	-12,	31135,	-46,	-110,	-35,	
1,	8,	372547,	1.65255e+015,	1,	0,	-7,	5,	1,	4,	-1,	2,	1.65255e+009,	-0.901049,	-0.442288,	-0.361547,	-0.0312928,	-0.562962,	-0.143604,	-0.0178136,	0.0941425,	-0.641839,	-0.0548845,	-0.00836643,	-0.00910542,	-0.846721,	-0.0984626,	-0.0136363,	-0.0756379,	-0.758778,	-0.32481,	-0.0214572,	-0.379618,	-0.4368,	0.62999,	-0.04312,	31125,	-500,	-48,	-12,	31155,	108,	-50,	-11,	31145,	-45,	-110,	-35,	
1,	8,	372625,	1.65255e+015,	1,	-2,	-12,	12,	-4,	-5,	0,	0,	1.65255e+009,	-0.901049,	-0.442288,	-0.361547,	-0.0312928,	-0.562962,	-0.143604,	-0.0178136,	0.0941425,	-0.641839,	-0.0548845,	-0.00836643,	-0.00910542,	-0.846721,	-0.0984626,	-0.0136363,	-0.0756379,	-0.758778,	-0.32481,	-0.0214572,	-0.379618,	-0.4368,	0.62999,	-0.04312,	31135,	-501,	-50,	-12,	31165,	108,	-50,	-11,	31155,	-46,	-110,	-36,	
1,	8,	372704,	1.65255e+015,	-1,	8,	5,	3,	-1,	2,	-1,	-1,	1.65255e+009,	-0.901049,	-0.442288,	-0.361547,	-0.0312928,	-0.562962,	-0.143604,	-0.0178136,	0.0941425,	-0.641839,	-0.0548845,	-0.00836643,	-0.00910542,	-0.846721,	-0.0984626,	-0.0136363,	-0.0756379,	-0.758778,	-0.32481,	-0.0214572,	-0.379618,	-0.4368,	0.62999,	-0.04312,	31145,	-501,	-51,	-11,	31175,	108,	-49,	-11,	31165,	-46,	-111,	-35,	
1,	8,	372766,	1.65255e+015,	0,	2,	10,	12,	4,	3,	0,	0,	1.65255e+009,	-0.901049,	-0.442288,	-0.361547,	-0.0312928,	-0.562962,	-0.143604,	-0.0178136,	0.0941425,	-0.641839,	-0.0548845,	-0.00836643,	-0.00910542,	-0.846721,	-0.0984626,	-0.0136363,	-0.0756379,	-0.758778,	-0.32481,	-0.0214572,	-0.379618,	-0.4368,	0.62999,	-0.04312,	31155,	-501,	-49,	-11,	31185,	109,	-50,	-10,	31175,	-46,	-111,	-34,	
1,	8,	372829,	1.65255e+015,	-2,	0,	5,	2,	3,	0,	1,	0,	1.65255e+009,	-0.901049,	-0.442288,	-0.361547,	-0.0312928,	-0.562962,	-0.143604,	-0.0178136,	0.0941425,	-0.641839,	-0.0548845,	-0.00836643,	-0.00910542,	-0.846721,	-0.0984626,	-0.0136363,	-0.0756379,	-0.758778,	-0.32481,	-0.0214572,	-0.379618,	-0.4368,	0.62999,	-0.04312,	31165,	-502,	-49,	-9,	31195,	109,	-49,	-9,	31185,	-46,	-111,	-34,	
1,	8,	372907,	1.65255e+015,	1,	2,	-1,	10,	1,	3,	0,	-1,	1.65255e+009,	-0.901049,	-0.442288,	-0.361547,	-0.0312928,	-0.562962,	-0.143604,	-0.0178136,	0.0941425,	-0.641839,	-0.0548845,	-0.00836643,	-0.00910542,	-0.846721,	-0.0984626,	-0.0136363,	-0.0756379,	-0.758778,	-0.32481,	-0.0214572,	-0.379618,	-0.4368,	0.62999,	-0.04312,	31175,	-501,	-47,	-7,	31205,	109,	-49,	-8,	31195,	-47,	-112,	-33,	
1,	8,	372969,	1.65255e+015,	-1,	4,	41,	-5,	-8,	-4,	-1,	-1,	1.65255e+009,	-0.901049,	-0.442288,	-0.361547,	-0.0312928,	-0.562962,	-0.143604,	-0.0178136,	0.0941425,	-0.641839,	-0.0548845,	-0.00836643,	-0.00910542,	-0.846721,	-0.0984626,	-0.0136363,	-0.0756379,	-0.758778,	-0.32481,	-0.0214572,	-0.379618,	-0.4368,	0.62999,	-0.04312,	31185,	-501,	-47,	-7,	31215,	109,	-49,	-7,	31205,	-47,	-110,	-33,	
1,	8,	373047,	1.65255e+015,	0,	1,	-19,	-2,	3,	-2,	1,	-1,	1.65255e+009,	-0.901049,	-0.442288,	-0.361547,	-0.0312928,	-0.562962,	-0.143604,	-0.0178136,	0.0941425,	-0.641839,	-0.0548845,	-0.00836643,	-0.00910542,	-0.846721,	-0.0984626,	-0.0136363,	-0.0756379,	-0.758778,	-0.32481,	-0.0214572,	-0.379618,	-0.4368,	0.62999,	-0.04312,	31195,	-501,	-48,	-8,	31225,	109,	-48,	-7,	31215,	-48,	-111,	-33,	
1,	8,	373125,	1.65255e+015,	1,	0,	-4,	1,	7,	3,	2,	1,	1.65255e+009,	-0.901049,	-0.442288,	-0.361547,	-0.0312928,	-0.562962,	-0.143604,	-0.0178136,	0.0941425,	-0.641839,	-0.0548845,	-0.00836643,	-0.00910542,	-0.846721,	-0.0984626,	-0.0136363,	-0.0756379,	-0.758778,	-0.32481,	-0.0214572,	-0.379618,	-0.4368,	0.62999,	-0.04312,	31205,	-501,	-47,	-9,	31235,	108,	-47,	-8,	31225,	-48,	-111,	-34,	
1,	8,	373204,	1.65255e+015,	-1,	1,	-18,	-17,	-8,	-2,	0,	-2,	1.65255e+009,	-0.901049,	-0.442288,	-0.361547,	-0.0312928,	-0.562962,	-0.143604,	-0.0178136,	0.0941425,	-0.641839,	-0.0548845,	-0.00836643,	-0.00910542,	-0.846721,	-0.0984626,	-0.0136363,	-0.0756379,	-0.758778,	-0.32481,	-0.0214572,	-0.379618,	-0.4368,	0.62999,	-0.04312,	31215,	-499,	-47,	-11,	31245,	109,	-48,	-8,	31235,	-48,	-111,	-35,	
1,	8,	373282,	1.65255e+015,	-4,	-4,	7,	-12,	-9,	-2,	-2,	-3,	1.65255e+009,	-0.901049,	-0.442288,	-0.361547,	-0.0312928,	-0.562962,	-0.143604,	-0.0178136,	0.0941425,	-0.641839,	-0.0548845,	-0.00836643,	-0.00910542,	-0.846721,	-0.0984626,	-0.0136363,	-0.0756379,	-0.758778,	-0.32481,	-0.0214572,	-0.379618,	-0.4368,	0.62999,	-0.04312,	31225,	-499,	-46,	-12,	31255,	108,	-47,	-9,	31245,	-47,	-111,	-35,	
1,	8,	373344,	1.65255e+015,	0,	-1,	13,	3,	-1,	-2,	-3,	-1,	1.65255e+009,	-0.901049,	-0.442288,	-0.361547,	-0.0312928,	-0.562962,	-0.143604,	-0.0178136,	0.0941425,	-0.641839,	-0.0548845,	-0.00836643,	-0.00910542,	-0.846721,	-0.0984626,	-0.0136363,	-0.0756379,	-0.758778,	-0.32481,	-0.0214572,	-0.379618,	-0.4368,	0.62999,	-0.04312,	31235,	-499,	-46,	-14,	31265,	108,	-47,	-9,	31255,	-47,	-110,	-36,	
1,	8,	373422,	1.65255e+015,	1,	8,	1,	0,	-2,	0,	1,	0,	1.65255e+009,	-0.901049,	-0.442288,	-0.361547,	-0.0312928,	-0.562962,	-0.143604,	-0.0178136,	0.0941425,	-0.641839,	-0.0548845,	-0.00836643,	-0.00910542,	-0.846721,	-0.0984626,	-0.0136363,	-0.0756379,	-0.758778,	-0.32481,	-0.0214572,	-0.379618,	-0.4368,	0.62999,	-0.04312,	31245,	-498,	-46,	-16,	31275,	108,	-47,	-10,	31265,	-45,	-110,	-37,	
1,	8,	373500,	1.65255e+015,	0,	4,	-7,	-9,	0,	0,	-1,	-1,	1.65255e+009,	-0.901049,	-0.442288,	-0.361547,	-0.0312928,	-0.562962,	-0.143604,	-0.0178136,	0.0941425,	-0.641839,	-0.0548845,	-0.00836643,	-0.00910542,	-0.846721,	-0.0984626,	-0.0136363,	-0.0756379,	-0.758778,	-0.32481,	-0.0214572,	-0.379618,	-0.4368,	0.62999,	-0.04312,	31255,	-500,	-46,	-16,	31285,	106,	-47,	-11,	31275,	-46,	-110,	-38,	
1,	8,	373579,	1.65255e+015,	-2,	-2,	-10,	-3,	-3,	-2,	0,	-1,	1.65255e+009,	-0.901049,	-0.442288,	-0.361547,	-0.0312928,	-0.562962,	-0.143604,	-0.0178136,	0.0941425,	-0.641839,	-0.0548845,	-0.00836643,	-0.00910542,	-0.846721,	-0.0984626,	-0.0136363,	-0.0756379,	-0.758778,	-0.32481,	-0.0214572,	-0.379618,	-0.4368,	0.62999,	-0.04312,	31265,	-498,	-47,	-17,	31295,	108,	-46,	-11,	31285,	-45,	-109,	-38,	
1,	8,	373657,	1.65255e+015,	1,	-3,	-3,	-2,	-1,	-5,	0,	-2,	1.65255e+009,	-0.901049,	-0.442288,	-0.361547,	-0.0312928,	-0.562962,	-0.143604,	-0.0178136,	0.0941425,	-0.641839,	-0.0548845,	-0.00836643,	-0.00910542,	-0.846721,	-0.0984626,	-0.0136363,	-0.0756379,	-0.758778,	-0.32481,	-0.0214572,	-0.379618,	-0.4368,	0.62999,	-0.04312,	31275,	-498,	-47,	-18,	31305,	108,	-48,	-12,	31295,	-46,	-109,	-39,	
1,	8,	373719,	1.65255e+015,	1,	0,	-25,	-22,	-5,	-2,	-1,	-1,	1.65255e+009,	-0.901049,	-0.442288,	-0.361547,	-0.0312928,	-0.562962,	-0.143604,	-0.0178136,	0.0941425,	-0.641839,	-0.0548845,	-0.00836643,	-0.00910542,	-0.846721,	-0.0984626,	-0.0136363,	-0.0756379,	-0.758778,	-0.32481,	-0.0214572,	-0.379618,	-0.4368,	0.62999,	-0.04312,	31285,	-499,	-47,	-18,	31315,	108,	-48,	-11,	31305,	-47,	-110,	-38,	
1,	8,	373797,	1.65255e+015,	0,	-14,	-3,	7,	6,	2,	-1,	1,	1.65255e+009,	-0.901049,	-0.442288,	-0.361547,	-0.0312928,	-0.562962,	-0.143604,	-0.0178136,	0.0941425,	-0.641839,	-0.0548845,	-0.00836643,	-0.00910542,	-0.846721,	-0.0984626,	-0.0136363,	-0.0756379,	-0.758778,	-0.32481,	-0.0214572,	-0.379618,	-0.4368,	0.62999,	-0.04312,	31295,	-498,	-45,	-17,	31325,	107,	-49,	-12,	31315,	-47,	-110,	-35,	
1,	8,	373875,	1.65255e+015,	-1,	-1,	14,	-3,	-8,	-8,	-2,	-1,	1.65255e+009,	-0.901049,	-0.442288,	-0.361547,	-0.0312928,	-0.562962,	-0.143604,	-0.0178136,	0.0941425,	-0.641839,	-0.0548845,	-0.00836643,	-0.00910542,	-0.846721,	-0.0984626,	-0.0136363,	-0.0756379,	-0.758778,	-0.32481,	-0.0214572,	-0.379618,	-0.4368,	0.62999,	-0.04312,	31305,	-499,	-46,	-15,	31335,	106,	-49,	-12,	31325,	-48,	-111,	-34,	
1,	8,	373954,	1.65255e+015,	-3,	1,	15,	-12,	-6,	-6,	-3,	-3,	1.65255e+009,	-0.901049,	-0.442288,	-0.361547,	-0.0312928,	-0.562962,	-0.143604,	-0.0178136,	0.0941425,	-0.641839,	-0.0548845,	-0.00836643,	-0.00910542,	-0.846721,	-0.0984626,	-0.0136363,	-0.0756379,	-0.758778,	-0.32481,	-0.0214572,	-0.379618,	-0.4368,	0.62999,	-0.04312,	31315,	-500,	-47,	-14,	31345,	107,	-49,	-11,	31335,	-49,	-111,	-33,	
1,	8,	374032,	1.65255e+015,	1,	-3,	1,	-5,	-2,	-1,	-2,	0,	1.65255e+009,	-0.901049,	-0.442288,	-0.361547,	-0.0312928,	-0.562962,	-0.143604,	-0.0178136,	0.0941425,	-0.641839,	-0.0548845,	-0.00836643,	-0.00910542,	-0.846721,	-0.0984626,	-0.0136363,	-0.0756379,	-0.758778,	-0.32481,	-0.0214572,	-0.379618,	-0.4368,	0.62999,	-0.04312,	31325,	-500,	-47,	-13,	31355,	107,	-48,	-10,	31345,	-49,	-111,	-34,	
1,	8,	374110,	1.65255e+015,	0,	4,	-5,	-1,	-4,	-1,	0,	0,	1.65255e+009,	-0.901049,	-0.442288,	-0.361547,	-0.0312928,	-0.562962,	-0.143604,	-0.0178136,	0.0941425,	-0.641839,	-0.0548845,	-0.00836643,	-0.00910542,	-0.846721,	-0.0984626,	-0.0136363,	-0.0756379,	-0.758778,	-0.32481,	-0.0214572,	-0.379618,	-0.4368,	0.62999,	-0.04312,	31335,	-499,	-46,	-14,	31365,	108,	-47,	-9,	31355,	-48,	-110,	-34,	
1,	8,	374188,	1.65255e+015,	0,	2,	7,	-6,	-1,	0,	-1,	-2,	1.65255e+009,	-0.901049,	-0.442288,	-0.361547,	-0.0312928,	-0.562962,	-0.143604,	-0.0178136,	0.0941425,	-0.641839,	-0.0548845,	-0.00836643,	-0.00910542,	-0.846721,	-0.0984626,	-0.0136363,	-0.0756379,	-0.758778,	-0.32481,	-0.0214572,	-0.379618,	-0.4368,	0.62999,	-0.04312,	31345,	-499,	-46,	-16,	31375,	109,	-47,	-9,	31365,	-46,	-110,	-35,	
1,	8,	374266,	1.65255e+015,	-4,	-2,	39,	2,	5,	1,	0,	-2,	1.65255e+009,	-0.901049,	-0.442288,	-0.361547,	-0.0312928,	-0.562962,	-0.143604,	-0.0178136,	0.0941425,	-0.641839,	-0.0548845,	-0.00836643,	-0.00910542,	-0.846721,	-0.0984626,	-0.0136363,	-0.0756379,	-0.758778,	-0.32481,	-0.0214572,	-0.379618,	-0.4368,	0.62999,	-0.04312,	31355,	-500,	-48,	-19,	31385,	108,	-47,	-10,	31375,	-48,	-110,	-34,	
1,	8,	374344,	1.65255e+015,	-6,	-15,	-11,	-12,	4,	2,	-1,	0,	1.65255e+009,	-0.901049,	-0.442288,	-0.361547,	-0.0312928,	-0.562962,	-0.143604,	-0.0178136,	0.0941425,	-0.641839,	-0.0548845,	-0.00836643,	-0.00910542,	-0.846721,	-0.0984626,	-0.0136363,	-0.0756379,	-0.758778,	-0.32481,	-0.0214572,	-0.379618,	-0.4368,	0.62999,	-0.04312,	31365,	-500,	-47,	-20,	31395,	107,	-47,	-11,	31385,	-48,	-110,	-34,	
1,	8,	374422,	1.65255e+015,	0,	-8,	-27,	-8,	-8,	-5,	-2,	-1,	1.65255e+009,	-0.901049,	-0.442288,	-0.361547,	-0.0312928,	-0.562962,	-0.143604,	-0.0178136,	0.0941425,	-0.641839,	-0.0548845,	-0.00836643,	-0.00910542,	-0.846721,	-0.0984626,	-0.0136363,	-0.0756379,	-0.758778,	-0.32481,	-0.0214572,	-0.379618,	-0.4368,	0.62999,	-0.04312,	31375,	-502,	-47,	-20,	31405,	107,	-47,	-11,	31395,	-49,	-111,	-32,	
1,	8,	374485,	1.65255e+015,	0,	-2,	-2,	7,	4,	0,	1,	-1,	1.65255e+009,	-0.901049,	-0.442288,	-0.361547,	-0.0312928,	-0.562962,	-0.143604,	-0.0178136,	0.0941425,	-0.641839,	-0.0548845,	-0.00836643,	-0.00910542,	-0.846721,	-0.0984626,	-0.0136363,	-0.0756379,	-0.758778,	-0.32481,	-0.0214572,	-0.379618,	-0.4368,	0.62999,	-0.04312,	31385,	-502,	-46,	-19,	31415,	108,	-47,	-11,	31405,	-49,	-112,	-31,	
1,	8,	374563,	1.65255e+015,	-1,	3,	2,	9,	2,	0,	-1,	-1,	1.65255e+009,	-0.901049,	-0.442288,	-0.361547,	-0.0312928,	-0.562962,	-0.143604,	-0.0178136,	0.0941425,	-0.641839,	-0.0548845,	-0.00836643,	-0.00910542,	-0.846721,	-0.0984626,	-0.0136363,	-0.0756379,	-0.758778,	-0.32481,	-0.0214572,	-0.379618,	-0.4368,	0.62999,	-0.04312,	31395,	-503,	-46,	-19,	31425,	107,	-47,	-11,	31415,	-50,	-112,	-30,	
1,	8,	374641,	1.65255e+015,	0,	3,	17,	10,	9,	1,	-2,	0,	1.65255e+009,	-0.901049,	-0.442288,	-0.361547,	-0.0312928,	-0.562962,	-0.143604,	-0.0178136,	0.0941425,	-0.641839,	-0.0548845,	-0.00836643,	-0.00910542,	-0.846721,	-0.0984626,	-0.0136363,	-0.0756379,	-0.758778,	-0.32481,	-0.0214572,	-0.379618,	-0.4368,	0.62999,	-0.04312,	31405,	-504,	-46,	-18,	31435,	107,	-46,	-11,	31425,	-50,	-113,	-29,	
1,	8,	374719,	1.65255e+015,	-2,	8,	17,	-1,	-6,	-2,	-1,	-2,	1.65255e+009,	-0.901049,	-0.442288,	-0.361547,	-0.0312928,	-0.562962,	-0.143604,	-0.0178136,	0.0941425,	-0.641839,	-0.0548845,	-0.00836643,	-0.00910542,	-0.846721,	-0.0984626,	-0.0136363,	-0.0756379,	-0.758778,	-0.32481,	-0.0214572,	-0.379618,	-0.4368,	0.62999,	-0.04312,	31415,	-505,	-46,	-17,	31445,	106,	-47,	-11,	31435,	-51,	-113,	-28,	
1,	8,	374797,	1.65255e+015,	0,	2,	9,	-3,	2,	-1,	-1,	0,	1.65255e+009,	-0.901049,	-0.442288,	-0.361547,	-0.0312928,	-0.562962,	-0.143604,	-0.0178136,	0.0941425,	-0.641839,	-0.0548845,	-0.00836643,	-0.00910542,	-0.846721,	-0.0984626,	-0.0136363,	-0.0756379,	-0.758778,	-0.32481,	-0.0214572,	-0.379618,	-0.4368,	0.62999,	-0.04312,	31425,	-504,	-46,	-17,	31455,	106,	-48,	-11,	31445,	-50,	-113,	-29,	
2,	8,	374907,	1.65255e+015,	3,	0,	10,	-4,	4,	0,	-1,	0,	1.65255e+009,	-0.901049,	-0.442288,	-0.361547,	-0.0312928,	-0.562962,	-0.143604,	-0.0178136,	0.0941425,	-0.641839,	-0.0548845,	-0.00836643,	-0.00910542,	-0.846721,	-0.0984626,	-0.0136363,	-0.0756379,	-0.758778,	-0.32481,	-0.0214572,	-0.379618,	-0.4368,	0.62999,	-0.04312,	31435,	-502,	-46,	-18,	31465,	105,	-47,	-12,	31455,	-49,	-111,	-30,	
2,	8,	374985,	1.65255e+015,	-4,	-7,	14,	-5,	-8,	-3,	-1,	0,	1.65255e+009,	-0.901049,	-0.442288,	-0.361547,	-0.0312928,	-0.562962,	-0.143604,	-0.0178136,	0.0941425,	-0.641839,	-0.0548845,	-0.00836643,	-0.00910542,	-0.846721,	-0.0984626,	-0.0136363,	-0.0756379,	-0.758778,	-0.32481,	-0.0214572,	-0.379618,	-0.4368,	0.62999,	-0.04312,	31445,	-502,	-45,	-20,	31475,	106,	-47,	-12,	31465,	-49,	-110,	-29,	
2,	8,	375063,	1.65255e+015,	3,	-1,	-19,	8,	7,	5,	0,	-1,	1.65255e+009,	-0.901049,	-0.442288,	-0.361547,	-0.0312928,	-0.562962,	-0.143604,	-0.0178136,	0.0941425,	-0.641839,	-0.0548845,	-0.00836643,	-0.00910542,	-0.846721,	-0.0984626,	-0.0136363,	-0.0756379,	-0.758778,	-0.32481,	-0.0214572,	-0.379618,	-0.4368,	0.62999,	-0.04312,	31455,	-501,	-45,	-21,	31485,	106,	-47,	-12,	31475,	-50,	-111,	-28,	
2,	8,	375141,	1.65255e+015,	-2,	-5,	-28,	-6,	-9,	-8,	-2,	-1,	1.65255e+009,	-0.901049,	-0.442288,	-0.361547,	-0.0312928,	-0.562962,	-0.143604,	-0.0178136,	0.0941425,	-0.641839,	-0.0548845,	-0.00836643,	-0.00910542,	-0.846721,	-0.0984626,	-0.0136363,	-0.0756379,	-0.758778,	-0.32481,	-0.0214572,	-0.379618,	-0.4368,	0.62999,	-0.04312,	31465,	-501,	-44,	-21,	31495,	105,	-46,	-11,	31485,	-50,	-111,	-27,	
2,	8,	375219,	1.65255e+015,	-2,	3,	-1,	-1,	-7,	-6,	-1,	1,	1.65255e+009,	-0.901049,	-0.442288,	-0.361547,	-0.0312928,	-0.562962,	-0.143604,	-0.0178136,	0.0941425,	-0.641839,	-0.0548845,	-0.00836643,	-0.00910542,	-0.846721,	-0.0984626,	-0.0136363,	-0.0756379,	-0.758778,	-0.32481,	-0.0214572,	-0.379618,	-0.4368,	0.62999,	-0.04312,	31475,	-500,	-46,	-22,	31505,	107,	-47,	-11,	31495,	-49,	-113,	-28,	
2,	8,	375297,	1.65255e+015,	1,	-2,	10,	10,	-2,	4,	0,	-1,	1.65255e+009,	-0.901049,	-0.442288,	-0.361547,	-0.0312928,	-0.562962,	-0.143604,	-0.0178136,	0.0941425,	-0.641839,	-0.0548845,	-0.00836643,	-0.00910542,	-0.846721,	-0.0984626,	-0.0136363,	-0.0756379,	-0.758778,	-0.32481,	-0.0214572,	-0.379618,	-0.4368,	0.62999,	-0.04312,	31485,	-499,	-46,	-23,	31515,	108,	-47,	-10,	31505,	-48,	-112,	-28,	
2,	8,	375375,	1.65255e+015,	1,	3,	6,	-8,	4,	5,	0,	2,	1.65255e+009,	-0.901049,	-0.442288,	-0.361547,	-0.0312928,	-0.562962,	-0.143604,	-0.0178136,	0.0941425,	-0.641839,	-0.0548845,	-0.00836643,	-0.00910542,	-0.846721,	-0.0984626,	-0.0136363,	-0.0756379,	-0.758778,	-0.32481,	-0.0214572,	-0.379618,	-0.4368,	0.62999,	-0.04312,	31495,	-498,	-46,	-24,	31525,	109,	-47,	-10,	31515,	-47,	-112,	-30,	
2,	8,	375454,	1.65255e+015,	1,	4,	19,	1,	-1,	-3,	-1,	1,	1.65255e+009,	-0.901049,	-0.442288,	-0.361547,	-0.0312928,	-0.562962,	-0.143604,	-0.0178136,	0.0941425,	-0.641839,	-0.0548845,	-0.00836643,	-0.00910542,	-0.846721,	-0.0984626,	-0.0136363,	-0.0756379,	-0.758778,	-0.32481,	-0.0214572,	-0.379618,	-0.4368,	0.62999,	-0.04312,	31505,	-497,	-46,	-25,	31535,	110,	-46,	-9,	31525,	-45,	-111,	-32,	
2,	8,	375532,	1.65255e+015,	1,	-3,	-3,	9,	8,	8,	2,	1,	1.65255e+009,	-0.901049,	-0.442288,	-0.361547,	-0.0312928,	-0.562962,	-0.143604,	-0.0178136,	0.0941425,	-0.641839,	-0.0548845,	-0.00836643,	-0.00910542,	-0.846721,	-0.0984626,	-0.0136363,	-0.0756379,	-0.758778,	-0.32481,	-0.0214572,	-0.379618,	-0.4368,	0.62999,	-0.04312,	31515,	-495,	-45,	-27,	31545,	111,	-45,	-10,	31535,	-46,	-110,	-35,	
2,	8,	375610,	1.65255e+015,	-2,	-1,	8,	-10,	-4,	-7,	-2,	-2,	1.65255e+009,	-0.901049,	-0.442288,	-0.361547,	-0.0312928,	-0.562962,	-0.143604,	-0.0178136,	0.0941425,	-0.641839,	-0.0548845,	-0.00836643,	-0.00910542,	-0.846721,	-0.0984626,	-0.0136363,	-0.0756379,	-0.758778,	-0.32481,	-0.0214572,	-0.379618,	-0.4368,	0.62999,	-0.04312,	31525,	-491,	-44,	-31,	31555,	111,	-46,	-11,	31545,	-44,	-110,	-37,	
2,	8,	375688,	1.65255e+015,	1,	0,	0,	-3,	-5,	-4,	-1,	-3,	1.65255e+009,	-0.901049,	-0.442288,	-0.361547,	-0.0312928,	-0.562962,	-0.143604,	-0.0178136,	0.0941425,	-0.641839,	-0.0548845,	-0.00836643,	-0.00910542,	-0.846721,	-0.0984626,	-0.0136363,	-0.0756379,	-0.758778,	-0.32481,	-0.0214572,	-0.379618,	-0.4368,	0.62999,	-0.04312,	31535,	-488,	-44,	-34,	31565,	111,	-46,	-13,	31555,	-44,	-107,	-40,	
2,	8,	375766,	1.65255e+015,	-1,	-3,	-7,	1,	0,	-3,	-1,	1,	1.65255e+009,	-0.901049,	-0.442288,	-0.361547,	-0.0312928,	-0.562962,	-0.143604,	-0.0178136,	0.0941425,	-0.641839,	-0.0548845,	-0.00836643,	-0.00910542,	-0.846721,	-0.0984626,	-0.0136363,	-0.0756379,	-0.758778,	-0.32481,	-0.0214572,	-0.379618,	-0.4368,	0.62999,	-0.04312,	31545,	-486,	-44,	-37,	31575,	110,	-47,	-15,	31565,	-43,	-107,	-42,	
2,	8,	375860,	1.65255e+015,	1,	6,	9,	-3,	-11,	-5,	-2,	-2,	1.65255e+009,	-0.901049,	-0.442288,	-0.361547,	-0.0312928,	-0.562962,	-0.143604,	-0.0178136,	0.0941425,	-0.641839,	-0.0548845,	-0.00836643,	-0.00910542,	-0.846721,	-0.0984626,	-0.0136363,	-0.0756379,	-0.758778,	-0.32481,	-0.0214572,	-0.379618,	-0.4368,	0.62999,	-0.04312,	31555,	-485,	-42,	-40,	31585,	110,	-47,	-15,	31575,	-42,	-105,	-44,	
2,	8,	375938,	1.65255e+015,	1,	-5,	-11,	3,	2,	6,	0,	-2,	1.65255e+009,	-0.901049,	-0.442288,	-0.361547,	-0.0312928,	-0.562962,	-0.143604,	-0.0178136,	0.0941425,	-0.641839,	-0.0548845,	-0.00836643,	-0.00910542,	-0.846721,	-0.0984626,	-0.0136363,	-0.0756379,	-0.758778,	-0.32481,	-0.0214572,	-0.379618,	-0.4368,	0.62999,	-0.04312,	31565,	-482,	-43,	-43,	31595,	110,	-48,	-16,	31585,	-42,	-105,	-46,	
2,	8,	376016,	1.65255e+015,	1,	1,	-6,	-14,	-5,	-3,	-1,	1,	1.65255e+009,	-0.901049,	-0.442288,	-0.361547,	-0.0312928,	-0.562962,	-0.143604,	-0.0178136,	0.0941425,	-0.641839,	-0.0548845,	-0.00836643,	-0.00910542,	-0.846721,	-0.0984626,	-0.0136363,	-0.0756379,	-0.758778,	-0.32481,	-0.0214572,	-0.379618,	-0.4368,	0.62999,	-0.04312,	31575,	-479,	-42,	-44,	31605,	111,	-49,	-17,	31595,	-42,	-107,	-47,	
2,	8,	376094,	1.65255e+015,	-3,	-4,	-4,	-4,	-8,	-4,	-2,	-3,	1.65255e+009,	-0.901049,	-0.442288,	-0.361547,	-0.0312928,	-0.562962,	-0.143604,	-0.0178136,	0.0941425,	-0.641839,	-0.0548845,	-0.00836643,	-0.00910542,	-0.846721,	-0.0984626,	-0.0136363,	-0.0756379,	-0.758778,	-0.32481,	-0.0214572,	-0.379618,	-0.4368,	0.62999,	-0.04312,	31585,	-478,	-42,	-46,	31615,	112,	-48,	-17,	31605,	-42,	-106,	-48,	
2,	8,	376172,	1.65255e+015,	1,	3,	-20,	-4,	-4,	-4,	-1,	-1,	1.65255e+009,	-0.901049,	-0.442288,	-0.361547,	-0.0312928,	-0.562962,	-0.143604,	-0.0178136,	0.0941425,	-0.641839,	-0.0548845,	-0.00836643,	-0.00910542,	-0.846721,	-0.0984626,	-0.0136363,	-0.0756379,	-0.758778,	-0.32481,	-0.0214572,	-0.379618,	-0.4368,	0.62999,	-0.04312,	31595,	-476,	-42,	-46,	31625,	112,	-48,	-17,	31615,	-41,	-107,	-49,	
2,	8,	376250,	1.65255e+015,	-1,	0,	10,	-7,	-6,	-6,	0,	-1,	1.65255e+009,	-0.901049,	-0.442288,	-0.361547,	-0.0312928,	-0.562962,	-0.143604,	-0.0178136,	0.0941425,	-0.641839,	-0.0548845,	-0.00836643,	-0.00910542,	-0.846721,	-0.0984626,	-0.0136363,	-0.0756379,	-0.758778,	-0.32481,	-0.0214572,	-0.379618,	-0.4368,	0.62999,	-0.04312,	31605,	-476,	-41,	-47,	31635,	111,	-48,	-17,	31625,	-41,	-106,	-50,	
2,	8,	376329,	1.65255e+015,	2,	3,	-3,	-2,	-11,	-7,	-1,	-1,	1.65255e+009,	-0.901049,	-0.442288,	-0.361547,	-0.0312928,	-0.562962,	-0.143604,	-0.0178136,	0.0941425,	-0.641839,	-0.0548845,	-0.00836643,	-0.00910542,	-0.846721,	-0.0984626,	-0.0136363,	-0.0756379,	-0.758778,	-0.32481,	-0.0214572,	-0.379618,	-0.4368,	0.62999,	-0.04312,	31615,	-476,	-41,	-48,	31645,	111,	-49,	-18,	31635,	-42,	-107,	-50,	
2,	8,	376407,	1.65255e+015,	-1,	-3,	-17,	-5,	-6,	-5,	0,	-3,	1.65255e+009,	-0.901049,	-0.442288,	-0.361547,	-0.0312928,	-0.562962,	-0.143604,	-0.0178136,	0.0941425,	-0.641839,	-0.0548845,	-0.00836643,	-0.00910542,	-0.846721,	-0.0984626,	-0.0136363,	-0.0756379,	-0.758778,	-0.32481,	-0.0214572,	-0.379618,	-0.4368,	0.62999,	-0.04312,	31625,	-474,	-41,	-51,	31655,	112,	-48,	-18,	31645,	-41,	-105,	-51,	
2,	8,	376485,	1.65255e+015,	0,	-2,	-6,	-5,	-5,	-2,	-2,	-1,	1.65255e+009,	-0.901049,	-0.442288,	-0.361547,	-0.0312928,	-0.562962,	-0.143604,	-0.0178136,	0.0941425,	-0.641839,	-0.0548845,	-0.00836643,	-0.00910542,	-0.846721,	-0.0984626,	-0.0136363,	-0.0756379,	-0.758778,	-0.32481,	-0.0214572,	-0.379618,	-0.4368,	0.62999,	-0.04312,	31635,	-473,	-42,	-53,	31665,	112,	-50,	-20,	31655,	-41,	-106,	-52,	
2,	8,	376563,	1.65255e+015,	0,	3,	8,	3,	12,	5,	0,	1,	1.65255e+009,	-0.901049,	-0.442288,	-0.361547,	-0.0312928,	-0.562962,	-0.143604,	-0.0178136,	0.0941425,	-0.641839,	-0.0548845,	-0.00836643,	-0.00910542,	-0.846721,	-0.0984626,	-0.0136363,	-0.0756379,	-0.758778,	-0.32481,	-0.0214572,	-0.379618,	-0.4368,	0.62999,	-0.04312,	31645,	-470,	-41,	-56,	31675,	113,	-48,	-20,	31665,	-40,	-105,	-53,	
2,	8,	376641,	1.65255e+015,	1,	-1,	-16,	-6,	4,	3,	1,	1,	1.65255e+009,	-0.901049,	-0.442288,	-0.361547,	-0.0312928,	-0.562962,	-0.143604,	-0.0178136,	0.0941425,	-0.641839,	-0.0548845,	-0.00836643,	-0.00910542,	-0.846721,	-0.0984626,	-0.0136363,	-0.0756379,	-0.758778,	-0.32481,	-0.0214572,	-0.379618,	-0.4368,	0.62999,	-0.04312,	31655,	-469,	-41,	-58,	31685,	113,	-49,	-22,	31675,	-40,	-104,	-53,	
2,	8,	376719,	1.65255e+015,	-4,	2,	-38,	-10,	-6,	-4,	-2,	-3,	1.65255e+009,	-0.901049,	-0.442288,	-0.361547,	-0.0312928,	-0.562962,	-0.143604,	-0.0178136,	0.0941425,	-0.641839,	-0.0548845,	-0.00836643,	-0.00910542,	-0.846721,	-0.0984626,	-0.0136363,	-0.0756379,	-0.758778,	-0.376062,	-0.0186753,	-0.379618,	-0.4368,	0.62999,	-0.04312,	50885,	-228,	8,	-482,	50915,	137,	-54,	-149,	50895,	64,	-30,	-343,	
2,	8,	376797,	1.65255e+015,	-2,	-3,	-7,	-1,	9,	2,	2,	-1,	1.65255e+009,	-0.901049,	-0.442288,	-0.361547,	-0.0312928,	-0.562962,	-0.143604,	-0.0178136,	0.0941425,	-0.641839,	-0.0548845,	-0.00836643,	-0.00910542,	-0.846721,	-0.0984626,	-0.0136363,	-0.0756379,	-0.758778,	-0.440127,	-0.0128339,	-0.379618,	-0.3913,	0.62999,	-0.04312,	50895,	-229,	8,	-482,	50925,	136,	-54,	-149,	50905,	65,	-30,	-343,	
2,	8,	376875,	1.65255e+015,	2,	3,	26,	-6,	0,	-8,	2,	7,	1.65255e+009,	-0.901049,	-0.442288,	-0.361547,	-0.0312928,	-0.562962,	-0.143604,	-0.0178136,	0.0941425,	-0.641839,	-0.0548845,	-0.00836643,	-0.00910542,	-0.846721,	-0.0984626,	-0.0136363,	-0.0756379,	-0.758778,	-0.568256,	-0.00672934,	-0.379618,	-0.3913,	0.62999,	-0.04312,	50905,	-228,	7,	-482,	50935,	137,	-55,	-149,	50915,	64,	-30,	-343,	
2,	8,	376954,	1.65255e+015,	-2,	8,	50,	13,	-5,	-3,	6,	0,	1.65255e+009,	-0.901049,	-0.442288,	-0.361547,	-0.0312928,	-0.562962,	-0.143604,	-0.0178136,	0.0941425,	-0.641839,	-0.0548845,	-0.00836643,	-0.00910542,	-0.846721,	-0.0984626,	-0.0136363,	-0.0756379,	-0.758778,	-0.901395,	-0.106767,	-0.379618,	-0.3549,	0.62999,	-0.04312,	50915,	-229,	8,	-482,	50945,	136,	-55,	-149,	50925,	64,	-30,	-343,	
2,	8,	377032,	1.65255e+015,	-9,	-8,	15,	-16,	-6,	-2,	-14,	-9,	1.65255e+009,	-0.840928,	-0.442288,	-0.361547,	-0.0312928,	-0.562962,	-0.143604,	-0.0178136,	0.0941425,	-0.641839,	-0.0548845,	-0.00836643,	-0.00910542,	-0.759989,	-0.169427,	-0.0196168,	-0.0756379,	-0.758778,	-1.17047,	-0.239419,	-0.379618,	-0.3185,	0.62999,	-0.04312,	50925,	-230,	8,	-483,	50955,	136,	-55,	-149,	50935,	64,	-30,	-343,	
2,	8,	377110,	1.65255e+015,	0,	-4,	3,	3,	6,	2,	0,	-1,	1.65255e+009,	-0.840928,	-0.442288,	-0.361547,	-0.0559328,	-0.562962,	-0.143604,	-0.0178136,	0.0941425,	-0.578759,	-0.0548845,	-0.00836643,	-0.00910542,	-0.759989,	-0.169427,	-0.0196168,	-0.0756379,	-0.758778,	-1.24735,	-0.28583,	-0.379618,	-0.3185,	0.62999,	-0.04312,	50935,	-229,	8,	-483,	50965,	137,	-55,	-149,	50945,	64,	-30,	-343,	
2,	8,	377188,	1.65255e+015,	1,	-1,	-18,	-4,	1,	4,	5,	11,	1.65255e+009,	-0.840928,	-0.442288,	-0.361547,	-0.0559328,	-0.562962,	-0.143604,	-0.0178136,	0.0941425,	-0.578759,	-0.0548845,	-0.00836643,	-0.00910542,	-0.759989,	-0.169427,	-0.0196168,	-0.0756379,	-0.758778,	-1.2986,	-0.318872,	-0.379618,	-0.273,	0.62999,	-0.04312,	50945,	-228,	8,	-484,	50975,	136,	-55,	-149,	50955,	64,	-30,	-343,	
2,	8,	377266,	1.65255e+015,	-1,	-8,	-22,	-3,	3,	7,	1,	-7,	1.65255e+009,	-0.840928,	-0.442288,	-0.361547,	-0.0559328,	-0.562962,	-0.143604,	-0.0178136,	0.0941425,	-0.578759,	-0.0548845,	-0.00836643,	-0.00910542,	-0.759989,	-0.169427,	-0.0196168,	-0.0756379,	-0.758778,	-1.2986,	-0.318872,	-0.379618,	-0.273,	0.62999,	-0.04312,	50955,	-228,	8,	-484,	50985,	137,	-55,	-149,	50965,	64,	-30,	-343,	
2,	8,	377360,	1.65255e+015,	-2,	-5,	-32,	-10,	10,	12,	0,	-16,	1.65255e+009,	-0.840928,	-0.442288,	-0.361547,	-0.0559328,	-0.562962,	-0.143604,	-0.0178136,	0.0941425,	-0.578759,	-0.0548845,	-0.00836643,	-0.00910542,	-0.759989,	-0.169427,	-0.0196168,	-0.0756379,	-0.758778,	-1.36266,	-0.362539,	-0.379618,	-0.273,	0.62999,	-0.04312,	50965,	-228,	8,	-484,	50995,	137,	-54,	-150,	50975,	65,	-29,	-343,	
2,	8,	377438,	1.65255e+015,	-4,	-5,	-18,	-13,	-3,	-1,	2,	-1,	1.65255e+009,	-0.840928,	-0.442288,	-0.361547,	-0.0559328,	-0.562962,	-0.143604,	-0.0178136,	0.0941425,	-0.578759,	-0.0548845,	-0.00836643,	-0.00910542,	-0.759989,	-0.169427,	-0.0196168,	-0.0756379,	-0.758778,	-1.36266,	-0.362539,	-0.379618,	-0.273,	0.62999,	-0.04312,	50975,	-228,	8,	-484,	51005,	137,	-54,	-149,	50985,	64,	-29,	-343,	
2,	8,	377516,	1.65255e+015,	0,	-6,	-33,	-18,	3,	-2,	4,	3,	1.65255e+009,	-0.840928,	-0.442288,	-0.361547,	-0.0559328,	-0.562962,	-0.143604,	-0.0178136,	0.0941425,	-0.578759,	-0.0548845,	-0.00836643,	-0.00910542,	-0.759989,	-0.169427,	-0.0196168,	-0.0756379,	-0.758778,	-1.41391,	-0.399364,	-0.379618,	-0.273,	0.62999,	-0.04312,	50985,	-229,	8,	-484,	51015,	138,	-54,	-149,	50995,	63,	-29,	-344,	
2,	8,	377594,	1.65255e+015,	7,	7,	1,	0,	5,	1,	3,	14,	1.65255e+009,	-0.840928,	-0.442288,	-0.361547,	-0.0559328,	-0.562962,	-0.143604,	-0.0178136,	0.0941425,	-0.578759,	-0.0548845,	-0.00836643,	-0.00910542,	-0.759989,	-0.169427,	-0.0196168,	-0.0756379,	-0.758778,	-1.41391,	-0.399364,	-0.379618,	-0.273,	0.62999,	-0.04312,	50995,	-229,	8,	-483,	51025,	138,	-55,	-149,	51005,	64,	-30,	-344,	
2,	8,	377672,	1.65255e+015,	-4,	-6,	-44,	-12,	-9,	-9,	-10,	0,	1.65255e+009,	-0.840928,	-0.442288,	-0.361547,	-0.0559328,	-0.562962,	-0.143604,	-0.0178136,	0.0941425,	-0.578759,	-0.0548845,	-0.00836643,	-0.00910542,	-0.759989,	-0.169427,	-0.0196168,	-0.0756379,	-0.758778,	-1.41391,	-0.399364,	-0.379618,	-0.273,	0.62999,	-0.04312,	51005,	-229,	8,	-483,	51035,	138,	-54,	-149,	51015,	65,	-31,	-344,	
2,	8,	377782,	1.65255e+015,	-3,	-5,	-9,	-9,	-7,	-4,	1,	-11,	1.65255e+009,	-0.840928,	-0.442288,	-0.361547,	-0.0559328,	-0.562962,	-0.143604,	-0.0178136,	0.0941425,	-0.578759,	-0.0548845,	-0.00836643,	-0.00910542,	-0.759989,	-0.169427,	-0.0196168,	-0.0756379,	-0.758778,	-1.41391,	-0.399364,	-0.379618,	-0.2366,	0.62999,	-0.04312,	51015,	-228,	7,	-484,	51045,	138,	-54,	-150,	51025,	65,	-31,	-344,	
2,	8,	377860,	1.65255e+015,	-5,	-7,	11,	-6,	-7,	-8,	-10,	-6,	1.65255e+009,	-0.840928,	-0.442288,	-0.361547,	-0.0559328,	-0.562962,	-0.143604,	-0.0178136,	0.0941425,	-0.578759,	-0.0548845,	-0.00836643,	-0.00910542,	-0.759989,	-0.169427,	-0.0196168,	-0.0756379,	-0.758778,	-1.41391,	-0.399364,	-0.379618,	-0.2366,	0.62999,	-0.04312,	51025,	-228,	7,	-484,	51055,	138,	-54,	-150,	51035,	65,	-31,	-344,	
2,	8,	377938,	1.65255e+015,	-4,	-6,	0,	-6,	-8,	-10,	-5,	-2,	1.65255e+009,	-0.840928,	-0.442288,	-0.361547,	-0.0559328,	-0.562962,	-0.143604,	-0.0178136,	0.0941425,	-0.578759,	-0.0548845,	-0.00836643,	-0.00910542,	-0.759989,	-0.169427,	-0.0196168,	-0.0756379,	-0.758778,	-1.41391,	-0.399364,	-0.379618,	-0.2366,	0.62999,	-0.04312,	51035,	-228,	7,	-485,	51065,	137,	-53,	-150,	51045,	65,	-31,	-344,	
2,	8,	378016,	1.65255e+015,	-2,	-1,	14,	1,	-5,	-1,	0,	-1,	1.65255e+009,	-0.840928,	-0.442288,	-0.361547,	-0.0559328,	-0.562962,	-0.143604,	-0.0178136,	0.0941425,	-0.578759,	-0.0548845,	-0.00836643,	-0.00910542,	-0.759989,	-0.169427,	-0.0196168,	-0.0756379,	-0.758778,	-1.36266,	-0.362539,	-0.379618,	-0.2366,	0.62999,	-0.04312,	51045,	-228,	7,	-486,	51075,	137,	-55,	-150,	51055,	65,	-30,	-344,	
2,	8,	378079,	1.65255e+015,	-3,	-8,	-23,	-3,	12,	1,	1,	0,	1.65255e+009,	-0.840928,	-0.442288,	-0.361547,	-0.0559328,	-0.562962,	-0.143604,	-0.0178136,	0.0941425,	-0.578759,	-0.0548845,	-0.00836643,	-0.00910542,	-0.759989,	-0.169427,	-0.0196168,	-0.0756379,	-0.758778,	-0.952647,	-0.128461,	-0.379618,	-0.2912,	0.62999,	-0.04312,	51055,	-227,	9,	-486,	51085,	138,	-54,	-150,	51065,	65,	-30,	-344,	
2,	8,	378141,	1.65255e+015,	-4,	3,	-27,	-3,	-1,	-1,	-2,	-3,	1.65255e+009,	-0.840928,	-0.442288,	-0.361547,	-0.0559328,	-0.562962,	-0.143604,	-0.0178136,	0.0941425,	-0.578759,	-0.0548845,	-0.00836643,	-0.00910542,	-0.759989,	-0.169427,	-0.0196168,	-0.0756379,	-0.758778,	-0.58107,	-0.00926355,	-0.379618,	-0.3367,	0.62999,	-0.04312,	51065,	-227,	8,	-487,	51095,	138,	-55,	-150,	51075,	65,	-30,	-344,	
2,	8,	378219,	1.65255e+015,	-1,	7,	41,	0,	-2,	1,	-1,	-1,	1.65255e+009,	-0.840928,	-0.442288,	-0.361547,	-0.0559328,	-0.562962,	-0.143604,	-0.0178136,	0.0941425,	-0.578759,	-0.0548845,	-0.00836643,	-0.00910542,	-0.759989,	-0.0984626,	-0.0136363,	-0.0756379,	-0.758778,	-0.504192,	-0.00436565,	-0.379618,	-0.3822,	0.62999,	-0.04312,	51075,	-226,	8,	-487,	51105,	137,	-54,	-150,	51085,	65,	-31,	-344,	
2,	8,	378282,	1.65255e+015,	-2,	-4,	16,	16,	1,	-5,	-2,	-2,	1.65255e+009,	-0.840928,	-0.442288,	-0.361547,	-0.0559328,	-0.562962,	-0.143604,	-0.0178136,	0.0941425,	-0.578759,	-0.0548845,	-0.00836643,	-0.00910542,	-0.759989,	-0.0984626,	-0.0136363,	-0.0756379,	-0.758778,	-0.440127,	-0.0128339,	-0.379618,	-0.3822,	0.62999,	-0.04312,	51085,	-227,	8,	-487,	51115,	137,	-55,	-150,	51095,	65,	-29,	-344,	
2,	8,	378360,	1.65255e+015,	-2,	1,	11,	-20,	-11,	-8,	-2,	-1,	1.65255e+009,	-0.840928,	-0.442288,	-0.361547,	-0.0559328,	-0.562962,	-0.143604,	-0.0178136,	0.0941425,	-0.578759,	-0.0548845,	-0.00836643,	-0.00910542,	-0.759989,	-0.0984626,	-0.0136363,	-0.0756379,	-0.758778,	-0.440127,	-0.0128339,	-0.379618,	-0.3822,	0.62999,	-0.04312,	51095,	-228,	7,	-487,	51125,	136,	-54,	-150,	51105,	64,	-30,	-344,	
2,	8,	378438,	1.65255e+015,	0,	-5,	-20,	17,	5,	-1,	-2,	-2,	1.65255e+009,	-0.840928,	-0.442288,	-0.361547,	-0.0559328,	-0.562962,	-0.143604,	-0.0178136,	0.0941425,	-0.578759,	-0.0548845,	-0.00836643,	-0.00910542,	-0.759989,	-0.0984626,	-0.0136363,	-0.0756379,	-0.758778,	-0.440127,	-0.0128339,	-0.379618,	-0.3822,	0.62999,	-0.04312,	51105,	-229,	8,	-487,	51135,	137,	-54,	-150,	51115,	65,	-29,	-344,	
2,	8,	378516,	1.65255e+015,	-5,	-3,	8,	-2,	-7,	-4,	-2,	-2,	1.65255e+009,	-0.840928,	-0.442288,	-0.361547,	-0.0559328,	-0.562962,	-0.143604,	-0.0178136,	0.0941425,	-0.578759,	-0.0548845,	-0.00836643,	-0.00910542,	-0.759989,	-0.0984626,	-0.0136363,	-0.0756379,	-0.758778,	-0.440127,	-0.0128339,	-0.379618,	-0.3822,	0.62999,	-0.04312,	51115,	-229,	8,	-487,	51145,	138,	-54,	-150,	51125,	65,	-30,	-344,	
2,	8,	378594,	1.65255e+015,	-2,	-1,	6,	-8,	-4,	-2,	-3,	-3,	1.65255e+009,	-0.840928,	-0.442288,	-0.361547,	-0.0559328,	-0.562962,	-0.143604,	-0.0178136,	0.0941425,	-0.578759,	-0.0548845,	-0.00836643,	-0.00910542,	-0.759989,	-0.0984626,	-0.0136363,	-0.0756379,	-0.758778,	-0.440127,	-0.0128339,	-0.379618,	-0.4277,	0.62999,	-0.04312,	51125,	-229,	7,	-486,	51155,	137,	-54,	-149,	51135,	65,	-29,	-343,	
2,	8,	378657,	1.65255e+015,	-1,	-2,	-9,	-3,	-2,	-4,	-3,	-1,	1.65255e+009,	-0.840928,	-0.442288,	-0.361547,	-0.0559328,	-0.562962,	-0.143604,	-0.0178136,	0.0941425,	-0.578759,	-0.0548845,	-0.00836643,	-0.00910542,	-0.759989,	-0.0984626,	-0.0136363,	-0.0756379,	-0.758778,	-0.440127,	-0.0128339,	-0.379618,	-0.4277,	0.62999,	-0.04312,	51135,	-229,	8,	-486,	51165,	136,	-54,	-150,	51145,	65,	-29,	-343,	
2,	8,	378719,	1.65255e+015,	-1,	-1,	-16,	-7,	-7,	-7,	-3,	-1,	1.65255e+009,	-0.840928,	-0.442288,	-0.361547,	-0.0559328,	-0.562962,	-0.143604,	-0.0178136,	0.0941425,	-0.578759,	-0.0548845,	-0.00836643,	-0.00910542,	-0.759989,	-0.0984626,	-0.0136363,	-0.0756379,	-0.758778,	-0.440127,	-0.0128339,	-0.379618,	-0.4277,	0.62999,	-0.04312,	51145,	-229,	7,	-486,	51175,	137,	-54,	-150,	51155,	64,	-30,	-343,	
2,	8,	378797,	1.65255e+015,	0,	-5,	9,	-17,	-1,	-2,	-2,	-1,	1.65255e+009,	-0.840928,	-0.442288,	-0.361547,	-0.0559328,	-0.562962,	-0.143604,	-0.0178136,	0.0941425,	-0.578759,	-0.0548845,	-0.00836643,	-0.00910542,	-0.759989,	-0.0984626,	-0.0136363,	-0.0756379,	-0.758778,	-0.440127,	-0.0128339,	-0.379618,	-0.4277,	0.62999,	-0.04312,	51155,	-228,	8,	-486,	51185,	138,	-53,	-149,	51165,	65,	-31,	-343,	
2,	8,	378875,	1.65255e+015,	2,	5,	23,	5,	0,	-1,	-3,	0,	1.65255e+009,	-0.840928,	-0.442288,	-0.361547,	-0.0559328,	-0.562962,	-0.143604,	-0.0178136,	0.0941425,	-0.578759,	-0.0548845,	-0.00836643,	-0.00910542,	-0.759989,	-0.0984626,	-0.0136363,	-0.0756379,	-0.758778,	-0.440127,	-0.0128339,	-0.379618,	-0.4277,	0.62999,	-0.04312,	51165,	-227,	7,	-487,	51195,	138,	-54,	-150,	51175,	64,	-30,	-344,	
2,	8,	378954,	1.65255e+015,	0,	1,	12,	17,	2,	0,	0,	-1,	1.65255e+009,	-0.840928,	-0.442288,	-0.361547,	-0.0559328,	-0.562962,	-0.143604,	-0.0178136,	0.0941425,	-0.578759,	-0.0548845,	-0.00836643,	-0.00910542,	-0.759989,	-0.0984626,	-0.0136363,	-0.0756379,	-0.758778,	-0.440127,	-0.0128339,	-0.379618,	-0.4277,	0.62999,	-0.04312,	51175,	-227,	8,	-486,	51205,	137,	-54,	-150,	51185,	65,	-30,	-343,	
2,	8,	379032,	1.65255e+015,	-1,	-1,	1,	-5,	-7,	-3,	-1,	0,	1.65255e+009,	-0.840928,	-0.442288,	-0.361547,	-0.0559328,	-0.562962,	-0.143604,	-0.0178136,	0.0941425,	-0.578759,	-0.0548845,	-0.00836643,	-0.00910542,	-0.759989,	-0.0984626,	-0.0136363,	-0.0756379,	-0.758778,	-0.440127,	-0.0128339,	-0.379618,	-0.4277,	0.62999,	-0.04312,	51185,	-228,	8,	-486,	51215,	137,	-53,	-149,	51195,	65,	-30,	-343,	
2,	8,	379125,	1.65255e+015,	0,	-4,	-10,	-8,	-6,	-3,	-2,	-2,	1.65255e+009,	-0.840928,	-0.442288,	-0.361547,	-0.0559328,	-0.562962,	-0.143604,	-0.0178136,	0.0941425,	-0.578759,	-0.0548845,	-0.00836643,	-0.00910542,	-0.759989,	-0.0984626,	-0.0136363,	-0.0756379,	-0.758778,	-0.440127,	-0.0128339,	-0.379618,	-0.4277,	0.62999,	-0.04312,	51195,	-228,	8,	-487,	51225,	137,	-54,	-149,	51205,	64,	-31,	-343,	
2,	8,	379188,	1.65255e+015,	-1,	1,	-28,	1,	1,	-1,	0,	-1,	1.65255e+009,	-0.840928,	-0.442288,	-0.361547,	-0.0559328,	-0.562962,	-0.143604,	-0.0178136,	0.0941425,	-0.578759,	-0.0548845,	-0.00836643,	-0.00910542,	-0.759989,	-0.0984626,	-0.0136363,	-0.0756379,	-0.758778,	-0.440127,	-0.0128339,	-0.379618,	-0.4277,	0.62999,	-0.04312,	51205,	-228,	8,	-487,	51235,	137,	-53,	-150,	51215,	65,	-30,	-343,	
2,	8,	379250,	1.65255e+015,	-2,	-2,	4,	7,	-3,	-1,	-2,	-1,	1.65255e+009,	-0.840928,	-0.442288,	-0.361547,	-0.0559328,	-0.562962,	-0.143604,	-0.0178136,	0.0941425,	-0.578759,	-0.0548845,	-0.00836643,	-0.00910542,	-0.759989,	-0.0984626,	-0.0136363,	-0.0756379,	-0.758778,	-0.440127,	-0.0128339,	-0.379618,	-0.4277,	0.62999,	-0.04312,	51215,	-227,	7,	-487,	51245,	138,	-53,	-150,	51225,	65,	-30,	-343,	
2,	8,	379313,	1.65255e+015,	-1,	8,	4,	5,	-1,	-1,	0,	-1,	1.65255e+009,	-0.840928,	-0.442288,	-0.361547,	-0.0559328,	-0.562962,	-0.143604,	-0.0178136,	0.0941425,	-0.578759,	-0.0548845,	-0.00836643,	-0.00910542,	-0.759989,	-0.0984626,	-0.0136363,	-0.0756379,	-0.758778,	-0.440127,	-0.0128339,	-0.379618,	-0.4277,	0.62999,	-0.04312,	51225,	-226,	7,	-488,	51255,	137,	-54,	-150,	51235,	65,	-29,	-344,	
2,	8,	379391,	1.65255e+015,	-4,	-4,	-16,	3,	-1,	0,	-2,	-2,	1.65255e+009,	-0.840928,	-0.442288,	-0.361547,	-0.0559328,	-0.562962,	-0.143604,	-0.0178136,	0.0941425,	-0.578759,	-0.0548845,	-0.00836643,	-0.00910542,	-0.759989,	-0.0984626,	-0.0136363,	-0.0756379,	-0.758778,	-0.440127,	-0.0128339,	-0.379618,	-0.4277,	0.62999,	-0.04312,	51235,	-228,	8,	-489,	51265,	136,	-54,	-150,	51245,	64,	-29,	-344,	
2,	8,	379469,	1.65255e+015,	-1,	-3,	1,	-1,	-7,	0,	1,	-1,	1.65255e+009,	-0.840928,	-0.442288,	-0.361547,	-0.0559328,	-0.562962,	-0.143604,	-0.0178136,	0.0941425,	-0.578759,	-0.0548845,	-0.00836643,	-0.00910542,	-0.759989,	-0.0984626,	-0.0136363,	-0.0756379,	-0.758778,	-0.440127,	-0.0128339,	-0.379618,	-0.4277,	0.62999,	-0.04312,	51245,	-227,	9,	-489,	51275,	137,	-54,	-150,	51255,	64,	-29,	-344,	
2,	8,	379532,	1.65255e+015,	-3,	-13,	-14,	-18,	2,	0,	-3,	-2,	1.65255e+009,	-0.840928,	-0.442288,	-0.361547,	-0.0559328,	-0.562962,	-0.143604,	-0.0178136,	0.0941425,	-0.578759,	-0.0548845,	-0.00836643,	-0.00910542,	-0.759989,	-0.0984626,	-0.0136363,	-0.0756379,	-0.758778,	-0.440127,	-0.0128339,	-0.379618,	-0.4277,	0.62999,	-0.04312,	51255,	-227,	8,	-489,	51285,	137,	-54,	-150,	51265,	65,	-30,	-344,	
2,	8,	379610,	1.65255e+015,	-2,	2,	43,	32,	0,	2,	-2,	-1,	1.65255e+009,	-0.840928,	-0.442288,	-0.361547,	-0.0559328,	-0.562962,	-0.143604,	-0.0178136,	0.0941425,	-0.578759,	-0.0548845,	-0.00836643,	-0.00910542,	-0.759989,	-0.0984626,	-0.0136363,	-0.0756379,	-0.758778,	-0.440127,	-0.0128339,	-0.379618,	-0.4277,	0.62999,	-0.04312,	51265,	-226,	8,	-489,	51295,	137,	-53,	-150,	51275,	65,	-29,	-345,	
2,	8,	379672,	1.65255e+015,	-1,	-7,	-12,	2,	2,	1,	-1,	1,	1.65255e+009,	-0.840928,	-0.442288,	-0.361547,	-0.0559328,	-0.562962,	-0.143604,	-0.0178136,	0.0941425,	-0.578759,	-0.0548845,	-0.00836643,	-0.00910542,	-0.759989,	-0.0984626,	-0.0136363,	-0.0756379,	-0.758778,	-0.440127,	-0.0128339,	-0.379618,	-0.4277,	0.62999,	-0.04312,	51275,	-226,	7,	-489,	51305,	137,	-53,	-150,	51285,	65,	-29,	-344,	
2,	8,	379735,	1.65255e+015,	-3,	-3,	3,	-2,	-3,	-2,	1,	-2,	1.65255e+009,	-0.840928,	-0.442288,	-0.361547,	-0.0559328,	-0.562962,	-0.143604,	-0.0178136,	0.0941425,	-0.578759,	-0.0548845,	-0.00836643,	-0.00910542,	-0.759989,	-0.0984626,	-0.0136363,	-0.0756379,	-0.758778,	-0.440127,	-0.0128339,	-0.379618,	-0.4277,	0.62999,	-0.04312,	51285,	-227,	8,	-489,	51315,	138,	-54,	-150,	51295,	65,	-30,	-344,	
2,	8,	379813,	1.65255e+015,	0,	-3,	0,	-10,	0,	-1,	-1,	-1,	1.65255e+009,	-0.840928,	-0.442288,	-0.361547,	-0.0559328,	-0.562962,	-0.143604,	-0.0178136,	0.0941425,	-0.578759,	-0.0548845,	-0.00836643,	-0.00910542,	-0.759989,	-0.0984626,	-0.0136363,	-0.0756379,	-0.758778,	-0.440127,	-0.0128339,	-0.379618,	-0.4277,	0.62999,	-0.04312,	51295,	-228,	9,	-488,	51325,	138,	-54,	-150,	51305,	66,	-29,	-344,	
2,	8,	379891,	1.65255e+015,	0,	-6,	-10,	-15,	-3,	0,	0,	-3,	1.65255e+009,	-0.840928,	-0.442288,	-0.361547,	-0.0559328,	-0.562962,	-0.143604,	-0.0178136,	0.0941425,	-0.578759,	-0.0548845,	-0.00836643,	-0.00910542,	-0.759989,	-0.0984626,	-0.0136363,	-0.0756379,	-0.758778,	-0.440127,	-0.0128339,	-0.379618,	-0.4277,	0.62999,	-0.04312,	51305,	-228,	8,	-488,	51335,	139,	-54,	-150,	51315,	65,	-29,	-344,	
2,	8,	379954,	1.65255e+015,	0,	0,	4,	8,	-4,	-1,	-2,	-1,	1.65255e+009,	-0.840928,	-0.442288,	-0.361547,	-0.0559328,	-0.562962,	-0.143604,	-0.0178136,	0.0941425,	-0.578759,	-0.0548845,	-0.00836643,	-0.00910542,	-0.759989,	-0.0984626,	-0.0136363,	-0.0756379,	-0.758778,	-0.440127,	-0.0128339,	-0.379618,	-0.4277,	0.62999,	-0.04312,	51315,	-227,	8,	-489,	51345,	138,	-54,	-150,	51325,	64,	-30,	-344,	
2,	8,	380016,	1.65255e+015,	1,	-4,	-49,	-13,	1,	2,	-1,	0,	1.65255e+009,	-0.840928,	-0.442288,	-0.361547,	-0.0559328,	-0.562962,	-0.143604,	-0.0178136,	0.0941425,	-0.578759,	-0.0548845,	-0.00836643,	-0.00910542,	-0.759989,	-0.0984626,	-0.0136363,	-0.0756379,	-0.758778,	-0.440127,	-0.0128339,	-0.379618,	-0.4277,	0.62999,	-0.04312,	51325,	-226,	7,	-489,	51355,	138,	-54,	-150,	51335,	65,	-30,	-344,	
2,	8,	380110,	1.65255e+015,	-3,	-7,	3,	-1,	-2,	0,	-1,	-1,	1.65255e+009,	-0.840928,	-0.442288,	-0.361547,	-0.0559328,	-0.562962,	-0.143604,	-0.0178136,	0.0941425,	-0.578759,	-0.0548845,	-0.00836643,	-0.00910542,	-0.759989,	-0.0984626,	-0.0136363,	-0.0756379,	-0.758778,	-0.440127,	-0.0128339,	-0.379618,	-0.4277,	0.62999,	-0.04312,	51335,	-226,	7,	-489,	51365,	138,	-53,	-150,	51345,	65,	-30,	-344,	
2,	8,	380188,	1.65255e+015,	-5,	-8,	-6,	-7,	-4,	-2,	-4,	-2,	1.65255e+009,	-0.840928,	-0.442288,	-0.361547,	-0.0559328,	-0.562962,	-0.143604,	-0.0178136,	0.0941425,	-0.578759,	-0.0548845,	-0.00836643,	-0.00910542,	-0.759989,	-0.0984626,	-0.0136363,	-0.0756379,	-0.758778,	-0.440127,	-0.0128339,	-0.379618,	-0.4277,	0.62999,	-0.04312,	51345,	-227,	8,	-490,	51375,	137,	-54,	-151,	51355,	66,	-29,	-344,	
