1,	10,	380297,	1.65255e+015,	3,	4,	26,	2,	2,	2,	-1,	0,	1.65255e+009,	-0.840928,	-0.442288,	-0.361547,	-0.0559328,	-0.562962,	-0.143604,	-0.0178136,	0.0941425,	-0.578759,	-0.0548845,	-0.00836643,	-0.00910542,	-0.759989,	-0.0984626,	-0.0136363,	-0.0756379,	-0.758778,	-0.440127,	-0.0128339,	-0.379618,	-0.4277,	0.62999,	-0.04312,	51355,	-226,	7,	-490,	51385,	137,	-54,	-150,	51365,	65,	-29,	-345,	
1,	10,	380375,	1.65255e+015,	0,	0,	-24,	-20,	-2,	1,	-2,	0,	1.65255e+009,	-0.840928,	-0.442288,	-0.361547,	-0.0559328,	-0.562962,	-0.143604,	-0.0178136,	0.0941425,	-0.578759,	-0.0548845,	-0.00836643,	-0.00910542,	-0.759989,	-0.0984626,	-0.0136363,	-0.0756379,	-0.758778,	-0.440127,	-0.0128339,	-0.379618,	-0.4277,	0.62999,	-0.04312,	51365,	-226,	8,	-490,	51395,	137,	-55,	-151,	51375,	66,	-28,	-345,	
1,	10,	380454,	1.65255e+015,	-1,	2,	-5,	-12,	-8,	-6,	-1,	-1,	1.65255e+009,	-0.840928,	-0.442288,	-0.361547,	-0.0559328,	-0.562962,	-0.143604,	-0.0178136,	0.0941425,	-0.578759,	-0.0548845,	-0.00836643,	-0.00910542,	-0.759989,	-0.0984626,	-0.0136363,	-0.0756379,	-0.758778,	-0.440127,	-0.0128339,	-0.379618,	-0.4277,	0.62999,	-0.04312,	51375,	-225,	8,	-490,	51405,	137,	-54,	-151,	51385,	65,	-30,	-345,	
1,	10,	380532,	1.65255e+015,	-2,	-7,	-23,	-5,	-4,	-4,	-1,	-2,	1.65255e+009,	-0.840928,	-0.442288,	-0.361547,	-0.0559328,	-0.562962,	-0.143604,	-0.0178136,	0.0941425,	-0.578759,	-0.0548845,	-0.00836643,	-0.00910542,	-0.759989,	-0.0984626,	-0.0136363,	-0.0756379,	-0.758778,	-0.440127,	-0.0128339,	-0.379618,	-0.4277,	0.62999,	-0.04312,	51385,	-226,	7,	-490,	51415,	137,	-54,	-151,	51395,	65,	-29,	-345,	
1,	10,	380610,	1.65255e+015,	-1,	-5,	-25,	-19,	-5,	-5,	-2,	-1,	1.65255e+009,	-0.840928,	-0.442288,	-0.361547,	-0.0559328,	-0.562962,	-0.143604,	-0.0178136,	0.0941425,	-0.578759,	-0.0548845,	-0.00836643,	-0.00910542,	-0.759989,	-0.0984626,	-0.0136363,	-0.0756379,	-0.758778,	-0.440127,	-0.0128339,	-0.379618,	-0.4277,	0.62999,	-0.04312,	51395,	-227,	7,	-490,	51425,	136,	-54,	-151,	51405,	65,	-29,	-345,	
1,	10,	380672,	1.65255e+015,	0,	2,	14,	-1,	1,	0,	0,	1,	1.65255e+009,	-0.840928,	-0.442288,	-0.361547,	-0.0559328,	-0.562962,	-0.143604,	-0.0178136,	0.0941425,	-0.578759,	-0.0548845,	-0.00836643,	-0.00910542,	-0.759989,	-0.0984626,	-0.0136363,	-0.0756379,	-0.758778,	-0.440127,	-0.0128339,	-0.379618,	-0.4277,	0.62999,	-0.04312,	51405,	-227,	7,	-489,	51435,	138,	-54,	-151,	51415,	66,	-30,	-345,	
1,	10,	380735,	1.65255e+015,	-1,	-3,	7,	-6,	-2,	-1,	-2,	0,	1.65255e+009,	-0.840928,	-0.442288,	-0.361547,	-0.0559328,	-0.562962,	-0.143604,	-0.0178136,	0.0941425,	-0.578759,	-0.0548845,	-0.00836643,	-0.00910542,	-0.759989,	-0.0984626,	-0.0136363,	-0.0756379,	-0.758778,	-0.440127,	-0.0128339,	-0.379618,	-0.4277,	0.62999,	-0.04312,	51415,	-226,	8,	-489,	51445,	137,	-55,	-151,	51425,	66,	-29,	-345,	
1,	10,	380813,	1.65255e+015,	0,	4,	-5,	5,	3,	0,	1,	0,	1.65255e+009,	-0.840928,	-0.442288,	-0.361547,	-0.0559328,	-0.562962,	-0.143604,	-0.0178136,	0.0941425,	-0.578759,	-0.0548845,	-0.00836643,	-0.00910542,	-0.759989,	-0.0984626,	-0.0136363,	-0.0756379,	-0.758778,	-0.440127,	-0.0128339,	-0.379618,	-0.4277,	0.62999,	-0.04312,	51425,	-226,	8,	-490,	51455,	137,	-54,	-151,	51435,	65,	-30,	-345,	
1,	10,	380875,	1.65255e+015,	0,	4,	25,	-3,	-2,	-2,	0,	-1,	1.65255e+009,	-0.840928,	-0.442288,	-0.361547,	-0.0559328,	-0.562962,	-0.143604,	-0.0178136,	0.0941425,	-0.578759,	-0.0548845,	-0.00836643,	-0.00910542,	-0.759989,	-0.0984626,	-0.0136363,	-0.0756379,	-0.758778,	-0.440127,	-0.0128339,	-0.379618,	-0.4277,	0.62999,	-0.04312,	51435,	-226,	8,	-490,	51465,	137,	-54,	-151,	51445,	65,	-29,	-345,	
1,	10,	380938,	1.65255e+015,	-3,	-2,	-6,	-11,	-1,	1,	1,	-1,	1.65255e+009,	-0.840928,	-0.442288,	-0.361547,	-0.0559328,	-0.562962,	-0.143604,	-0.0178136,	0.0941425,	-0.578759,	-0.0548845,	-0.00836643,	-0.00910542,	-0.759989,	-0.0984626,	-0.0136363,	-0.0756379,	-0.758778,	-0.440127,	-0.0128339,	-0.379618,	-0.4277,	0.62999,	-0.04312,	51445,	-225,	6,	-491,	51475,	137,	-54,	-151,	51455,	64,	-29,	-344,	
1,	10,	381000,	1.65255e+015,	0,	4,	-12,	-2,	-2,	-2,	-1,	-1,	1.65255e+009,	-0.840928,	-0.442288,	-0.361547,	-0.0559328,	-0.562962,	-0.143604,	-0.0178136,	0.0941425,	-0.578759,	-0.0548845,	-0.00836643,	-0.00910542,	-0.759989,	-0.0984626,	-0.0136363,	-0.0756379,	-0.758778,	-0.440127,	-0.0128339,	-0.379618,	-0.4277,	0.62999,	-0.04312,	51455,	-225,	6,	-490,	51485,	137,	-54,	-151,	51465,	65,	-29,	-344,	
1,	10,	381079,	1.65255e+015,	1,	3,	7,	1,	2,	1,	0,	1,	1.65255e+009,	-0.840928,	-0.442288,	-0.361547,	-0.0559328,	-0.562962,	-0.143604,	-0.0178136,	0.0941425,	-0.578759,	-0.0548845,	-0.00836643,	-0.00910542,	-0.759989,	-0.0984626,	-0.0136363,	-0.0756379,	-0.758778,	-0.440127,	-0.0128339,	-0.379618,	-0.4277,	0.62999,	-0.04312,	51465,	-226,	8,	-491,	51495,	136,	-54,	-151,	51475,	65,	-29,	-345,	
1,	10,	381141,	1.65255e+015,	-2,	-3,	20,	6,	-2,	-3,	-2,	0,	1.65255e+009,	-0.840928,	-0.442288,	-0.361547,	-0.0559328,	-0.562962,	-0.143604,	-0.0178136,	0.0941425,	-0.578759,	-0.0548845,	-0.00836643,	-0.00910542,	-0.759989,	-0.0984626,	-0.0136363,	-0.0756379,	-0.758778,	-0.440127,	-0.0128339,	-0.379618,	-0.4277,	0.62999,	-0.04312,	51475,	-226,	8,	-491,	51505,	137,	-54,	-151,	51485,	65,	-29,	-345,	
1,	10,	381219,	1.65255e+015,	0,	5,	3,	2,	-4,	-1,	0,	-2,	1.65255e+009,	-0.840928,	-0.442288,	-0.361547,	-0.0559328,	-0.562962,	-0.143604,	-0.0178136,	0.0941425,	-0.578759,	-0.0548845,	-0.00836643,	-0.00910542,	-0.759989,	-0.0984626,	-0.0136363,	-0.0756379,	-0.758778,	-0.440127,	-0.0128339,	-0.379618,	-0.4277,	0.62999,	-0.04312,	51485,	-226,	8,	-491,	51515,	137,	-53,	-150,	51495,	65,	-29,	-345,	
1,	10,	381313,	1.65255e+015,	-2,	-4,	9,	2,	-9,	-6,	-2,	-2,	1.65255e+009,	-0.840928,	-0.442288,	-0.361547,	-0.0559328,	-0.562962,	-0.143604,	-0.0178136,	0.0941425,	-0.578759,	-0.0548845,	-0.00836643,	-0.00910542,	-0.759989,	-0.0984626,	-0.0136363,	-0.0756379,	-0.758778,	-0.440127,	-0.0128339,	-0.379618,	-0.4277,	0.62999,	-0.04312,	51495,	-226,	7,	-490,	51525,	138,	-54,	-150,	51505,	65,	-29,	-344,	
1,	10,	381391,	1.65255e+015,	-2,	-3,	-11,	-23,	-6,	-2,	-1,	-1,	1.65255e+009,	-0.840928,	-0.442288,	-0.361547,	-0.0559328,	-0.562962,	-0.143604,	-0.0178136,	0.0941425,	-0.578759,	-0.0548845,	-0.00836643,	-0.00910542,	-0.759989,	-0.0984626,	-0.0136363,	-0.0756379,	-0.758778,	-0.440127,	-0.0128339,	-0.379618,	-0.4277,	0.62999,	-0.04312,	51505,	-227,	7,	-490,	51535,	137,	-54,	-151,	51515,	65,	-29,	-344,	
1,	10,	381469,	1.65255e+015,	-1,	-1,	2,	23,	-1,	-1,	0,	-1,	1.65255e+009,	-0.840928,	-0.442288,	-0.361547,	-0.0559328,	-0.562962,	-0.143604,	-0.0178136,	0.0941425,	-0.578759,	-0.0548845,	-0.00836643,	-0.00910542,	-0.759989,	-0.0984626,	-0.0136363,	-0.0756379,	-0.758778,	-0.440127,	-0.0128339,	-0.379618,	-0.4277,	0.62999,	-0.04312,	51515,	-227,	7,	-489,	51545,	137,	-54,	-150,	51525,	64,	-28,	-344,	
1,	10,	381547,	1.65255e+015,	3,	8,	4,	0,	2,	0,	0,	2,	1.65255e+009,	-0.840928,	-0.442288,	-0.361547,	-0.0559328,	-0.562962,	-0.143604,	-0.0178136,	0.0941425,	-0.578759,	-0.0548845,	-0.00836643,	-0.00910542,	-0.759989,	-0.0984626,	-0.0136363,	-0.0756379,	-0.758778,	-0.440127,	-0.0128339,	-0.379618,	-0.4277,	0.62999,	-0.04312,	51525,	-226,	8,	-488,	51555,	138,	-54,	-150,	51535,	65,	-29,	-344,	
1,	10,	381625,	1.65255e+015,	-2,	-1,	-2,	9,	1,	-1,	0,	-1,	1.65255e+009,	-0.840928,	-0.442288,	-0.361547,	-0.0559328,	-0.562962,	-0.143604,	-0.0178136,	0.0941425,	-0.578759,	-0.0548845,	-0.00836643,	-0.00910542,	-0.759989,	-0.0984626,	-0.0136363,	-0.0756379,	-0.758778,	-0.440127,	-0.0128339,	-0.379618,	-0.4277,	0.62999,	-0.04312,	51535,	-228,	8,	-489,	51565,	137,	-55,	-150,	51545,	65,	-29,	-344,	
1,	10,	381704,	1.65255e+015,	-2,	-1,	20,	8,	-7,	-6,	-2,	-1,	1.65255e+009,	-0.840928,	-0.442288,	-0.361547,	-0.0559328,	-0.562962,	-0.143604,	-0.0178136,	0.0941425,	-0.578759,	-0.0548845,	-0.00836643,	-0.00910542,	-0.759989,	-0.0984626,	-0.0136363,	-0.0756379,	-0.758778,	-0.440127,	-0.0128339,	-0.379618,	-0.4277,	0.62999,	-0.04312,	51545,	-227,	8,	-488,	51575,	138,	-54,	-150,	51555,	65,	-30,	-344,	
1,	10,	381782,	1.65255e+015,	0,	3,	-2,	-10,	-3,	-2,	-1,	-1,	1.65255e+009,	-0.840928,	-0.442288,	-0.361547,	-0.0559328,	-0.562962,	-0.143604,	-0.0178136,	0.0941425,	-0.578759,	-0.0548845,	-0.00836643,	-0.00910542,	-0.759989,	-0.0984626,	-0.0136363,	-0.0756379,	-0.758778,	-0.440127,	-0.0128339,	-0.379618,	-0.4277,	0.62999,	-0.04312,	51555,	-227,	7,	-488,	51585,	137,	-54,	-151,	51565,	65,	-30,	-344,	
1,	10,	381875,	1.65255e+015,	-1,	-4,	-3,	-7,	-7,	-4,	1,	-2,	1.65255e+009,	-0.840928,	-0.442288,	-0.361547,	-0.0559328,	-0.562962,	-0.143604,	-0.0178136,	0.0941425,	-0.578759,	-0.0548845,	-0.00836643,	-0.00910542,	-0.759989,	-0.0984626,	-0.0136363,	-0.0756379,	-0.758778,	-0.440127,	-0.0128339,	-0.379618,	-0.4277,	0.62999,	-0.04312,	51565,	-227,	6,	-488,	51595,	137,	-54,	-151,	51575,	64,	-29,	-344,	
1,	10,	381954,	1.65255e+015,	0,	5,	-4,	1,	2,	1,	0,	1,	1.65255e+009,	-0.840928,	-0.442288,	-0.361547,	-0.0559328,	-0.562962,	-0.143604,	-0.0178136,	0.0941425,	-0.578759,	-0.0548845,	-0.00836643,	-0.00910542,	-0.759989,	-0.0984626,	-0.0136363,	-0.0756379,	-0.758778,	-0.440127,	-0.0128339,	-0.379618,	-0.4277,	0.62999,	-0.04312,	51575,	-227,	7,	-488,	51605,	138,	-54,	-150,	51585,	65,	-29,	-344,	
1,	10,	382032,	1.65255e+015,	1,	1,	1,	9,	-2,	-2,	-1,	-1,	1.65255e+009,	-0.840928,	-0.442288,	-0.361547,	-0.0559328,	-0.562962,	-0.143604,	-0.0178136,	0.0941425,	-0.578759,	-0.0548845,	-0.00836643,	-0.00910542,	-0.759989,	-0.0984626,	-0.0136363,	-0.0756379,	-0.758778,	-0.440127,	-0.0128339,	-0.379618,	-0.4277,	0.62999,	-0.04312,	51585,	-227,	7,	-489,	51615,	138,	-55,	-150,	51595,	64,	-29,	-344,	
1,	10,	382110,	1.65255e+015,	-1,	-4,	-37,	14,	-2,	-2,	-1,	-1,	1.65255e+009,	-0.840928,	-0.442288,	-0.361547,	-0.0559328,	-0.562962,	-0.143604,	-0.0178136,	0.0941425,	-0.578759,	-0.0548845,	-0.00836643,	-0.00910542,	-0.759989,	-0.0984626,	-0.0136363,	-0.0756379,	-0.758778,	-0.440127,	-0.0128339,	-0.379618,	-0.4277,	0.62999,	-0.04312,	51595,	-226,	8,	-489,	51625,	139,	-54,	-150,	51605,	64,	-29,	-344,	
1,	10,	382188,	1.65255e+015,	-4,	-13,	-39,	-6,	1,	1,	-2,	-3,	1.65255e+009,	-0.840928,	-0.442288,	-0.361547,	-0.0559328,	-0.562962,	-0.143604,	-0.0178136,	0.0941425,	-0.578759,	-0.0548845,	-0.00836643,	-0.00910542,	-0.759989,	-0.0984626,	-0.0136363,	-0.0756379,	-0.758778,	-0.440127,	-0.0128339,	-0.379618,	-0.4277,	0.62999,	-0.04312,	51605,	-226,	8,	-489,	51635,	137,	-53,	-151,	51615,	65,	-29,	-344,	
1,	10,	382266,	1.65255e+015,	-2,	6,	23,	2,	-6,	-5,	-1,	1,	1.65255e+009,	-0.840928,	-0.442288,	-0.361547,	-0.0559328,	-0.562962,	-0.143604,	-0.0178136,	0.0941425,	-0.578759,	-0.0548845,	-0.00836643,	-0.00910542,	-0.759989,	-0.0984626,	-0.0136363,	-0.0756379,	-0.758778,	-0.440127,	-0.0128339,	-0.379618,	-0.4277,	0.62999,	-0.04312,	51615,	-226,	7,	-489,	51645,	138,	-54,	-150,	51625,	65,	-29,	-344,	
1,	10,	382360,	1.65255e+015,	0,	-3,	-7,	-1,	-1,	-2,	-3,	-1,	1.65255e+009,	-0.840928,	-0.442288,	-0.361547,	-0.0559328,	-0.562962,	-0.143604,	-0.0178136,	0.0941425,	-0.578759,	-0.0548845,	-0.00836643,	-0.00910542,	-0.759989,	-0.0984626,	-0.0136363,	-0.0756379,	-0.758778,	-0.440127,	-0.0128339,	-0.379618,	-0.4277,	0.62999,	-0.04312,	51625,	-226,	7,	-488,	51655,	137,	-53,	-150,	51635,	66,	-29,	-344,	
1,	10,	382454,	1.65255e+015,	-1,	-8,	-15,	-3,	0,	0,	-1,	0,	1.65255e+009,	-0.840928,	-0.442288,	-0.361547,	-0.0559328,	-0.562962,	-0.143604,	-0.0178136,	0.0941425,	-0.578759,	-0.0548845,	-0.00836643,	-0.00910542,	-0.759989,	-0.0984626,	-0.0136363,	-0.0756379,	-0.758778,	-0.440127,	-0.0128339,	-0.379618,	-0.4277,	0.62999,	-0.04312,	51635,	-226,	7,	-489,	51665,	137,	-55,	-150,	51645,	65,	-29,	-343,	
1,	10,	382532,	1.65255e+015,	1,	3,	23,	3,	3,	2,	-1,	0,	1.65255e+009,	-0.840928,	-0.442288,	-0.361547,	-0.0559328,	-0.562962,	-0.143604,	-0.0178136,	0.0941425,	-0.578759,	-0.0548845,	-0.00836643,	-0.00910542,	-0.759989,	-0.0984626,	-0.0136363,	-0.0756379,	-0.758778,	-0.440127,	-0.0128339,	-0.379618,	-0.4277,	0.62999,	-0.04312,	51645,	-226,	8,	-489,	51675,	139,	-54,	-150,	51655,	66,	-29,	-344,	
1,	10,	382610,	1.65255e+015,	2,	10,	18,	6,	1,	4,	2,	2,	1.65255e+009,	-0.840928,	-0.442288,	-0.361547,	-0.0559328,	-0.562962,	-0.143604,	-0.0178136,	0.0941425,	-0.578759,	-0.0548845,	-0.00836643,	-0.00910542,	-0.759989,	-0.0984626,	-0.0136363,	-0.0756379,	-0.758778,	-0.440127,	-0.0128339,	-0.379618,	-0.4277,	0.62999,	-0.04312,	51655,	-226,	8,	-489,	51685,	138,	-54,	-150,	51665,	66,	-29,	-344,	
1,	10,	382688,	1.65255e+015,	2,	2,	-2,	0,	-5,	2,	0,	-1,	1.65255e+009,	-0.840928,	-0.442288,	-0.361547,	-0.0559328,	-0.562962,	-0.143604,	-0.0178136,	0.0941425,	-0.578759,	-0.0548845,	-0.00836643,	-0.00910542,	-0.759989,	-0.0984626,	-0.0136363,	-0.0756379,	-0.758778,	-0.440127,	-0.0128339,	-0.379618,	-0.4277,	0.62999,	-0.04312,	51665,	-225,	8,	-490,	51695,	139,	-53,	-150,	51675,	65,	-29,	-344,	
1,	10,	382766,	1.65255e+015,	1,	3,	14,	4,	8,	8,	2,	0,	1.65255e+009,	-0.840928,	-0.442288,	-0.361547,	-0.0559328,	-0.562962,	-0.143604,	-0.0178136,	0.0941425,	-0.578759,	-0.0548845,	-0.00836643,	-0.00910542,	-0.759989,	-0.0984626,	-0.0136363,	-0.0756379,	-0.758778,	-0.440127,	-0.0128339,	-0.379618,	-0.4277,	0.62999,	-0.04312,	51675,	-225,	8,	-490,	51705,	138,	-54,	-150,	51685,	65,	-28,	-343,	
1,	10,	382844,	1.65255e+015,	-3,	-11,	7,	-10,	-3,	-2,	-2,	-1,	1.65255e+009,	-0.840928,	-0.442288,	-0.361547,	-0.0559328,	-0.562962,	-0.143604,	-0.0178136,	0.0941425,	-0.578759,	-0.0548845,	-0.00836643,	-0.00910542,	-0.759989,	-0.0984626,	-0.0136363,	-0.0756379,	-0.758778,	-0.440127,	-0.0128339,	-0.379618,	-0.4277,	0.62999,	-0.04312,	51685,	-225,	6,	-490,	51715,	138,	-53,	-150,	51695,	65,	-29,	-344,	
1,	10,	382922,	1.65255e+015,	-2,	-2,	-6,	0,	-3,	-3,	-1,	-1,	1.65255e+009,	-0.840928,	-0.442288,	-0.361547,	-0.0559328,	-0.562962,	-0.143604,	-0.0178136,	0.0941425,	-0.578759,	-0.0548845,	-0.00836643,	-0.00910542,	-0.759989,	-0.0984626,	-0.0136363,	-0.0756379,	-0.758778,	-0.440127,	-0.0128339,	-0.379618,	-0.4277,	0.62999,	-0.04312,	51695,	-224,	7,	-489,	51725,	138,	-53,	-151,	51705,	65,	-29,	-344,	
1,	10,	383000,	1.65255e+015,	-3,	-9,	-25,	-9,	-1,	-4,	-2,	-2,	1.65255e+009,	-0.840928,	-0.442288,	-0.361547,	-0.0559328,	-0.562962,	-0.143604,	-0.0178136,	0.0941425,	-0.578759,	-0.0548845,	-0.00836643,	-0.00910542,	-0.759989,	-0.0984626,	-0.0136363,	-0.0756379,	-0.758778,	-0.440127,	-0.0128339,	-0.379618,	-0.4277,	0.62999,	-0.04312,	51705,	-226,	5,	-489,	51735,	138,	-54,	-151,	51715,	65,	-28,	-344,	
1,	10,	383079,	1.65255e+015,	0,	5,	0,	-2,	-3,	0,	0,	-2,	1.65255e+009,	-0.840928,	-0.442288,	-0.361547,	-0.0559328,	-0.562962,	-0.143604,	-0.0178136,	0.0941425,	-0.578759,	-0.0548845,	-0.00836643,	-0.00910542,	-0.759989,	-0.0984626,	-0.0136363,	-0.0756379,	-0.758778,	-0.440127,	-0.0128339,	-0.379618,	-0.4277,	0.62999,	-0.04312,	51715,	-226,	6,	-488,	51745,	138,	-54,	-150,	51725,	65,	-30,	-344,	
1,	10,	383157,	1.65255e+015,	-1,	0,	-8,	-1,	1,	-1,	-1,	-1,	1.65255e+009,	-0.840928,	-0.442288,	-0.361547,	-0.0559328,	-0.562962,	-0.143604,	-0.0178136,	0.0941425,	-0.578759,	-0.0548845,	-0.00836643,	-0.00910542,	-0.759989,	-0.0984626,	-0.0136363,	-0.0756379,	-0.758778,	-0.440127,	-0.0128339,	-0.379618,	-0.4277,	0.62999,	-0.04312,	51725,	-226,	7,	-488,	51755,	137,	-56,	-151,	51735,	65,	-30,	-343,	
1,	10,	383235,	1.65255e+015,	-1,	6,	11,	10,	0,	-3,	0,	0,	1.65255e+009,	-0.840928,	-0.442288,	-0.361547,	-0.0559328,	-0.562962,	-0.143604,	-0.0178136,	0.0941425,	-0.578759,	-0.0548845,	-0.00836643,	-0.00910542,	-0.759989,	-0.0984626,	-0.0136363,	-0.0756379,	-0.758778,	-0.440127,	-0.0128339,	-0.379618,	-0.4277,	0.62999,	-0.04312,	51735,	-226,	6,	-488,	51765,	139,	-54,	-151,	51745,	65,	-31,	-343,	
1,	10,	383313,	1.65255e+015,	5,	2,	2,	7,	0,	1,	-1,	2,	1.65255e+009,	-0.840928,	-0.442288,	-0.361547,	-0.0559328,	-0.562962,	-0.143604,	-0.0178136,	0.0941425,	-0.578759,	-0.0548845,	-0.00836643,	-0.00910542,	-0.759989,	-0.0984626,	-0.0136363,	-0.0756379,	-0.758778,	-0.440127,	-0.0128339,	-0.379618,	-0.4277,	0.62999,	-0.04312,	51745,	-226,	7,	-488,	51775,	138,	-54,	-151,	51755,	65,	-30,	-343,	
2,	10,	383422,	1.65255e+015,	-2,	-2,	-13,	-2,	2,	1,	-1,	0,	1.65255e+009,	-0.840928,	-0.442288,	-0.361547,	-0.0559328,	-0.562962,	-0.143604,	-0.0178136,	0.0970758,	-0.578759,	-0.0548845,	-0.00836643,	-0.00617208,	-0.759989,	-0.0984626,	-0.0136363,	-0.0845326,	-0.758778,	-0.440127,	-0.0128339,	-0.388512,	-0.4277,	0.62999,	-0.04312,	51755,	-226,	7,	-489,	51785,	139,	-55,	-150,	51765,	65,	-31,	-343,	
2,	10,	383500,	1.65255e+015,	0,	-7,	-2,	7,	-9,	-6,	-1,	0,	1.65255e+009,	-0.840928,	-0.442288,	-0.361547,	-0.0559328,	-0.562962,	-0.143604,	-0.0178136,	0.0970758,	-0.578759,	-0.0548845,	-0.00836643,	-0.00617208,	-0.759989,	-0.0984626,	-0.0136363,	-0.0845326,	-0.758778,	-0.440127,	-0.0128339,	-0.388512,	-0.4277,	0.62999,	-0.04312,	51765,	-226,	7,	-489,	51795,	138,	-54,	-150,	51775,	66,	-30,	-343,	
2,	10,	383579,	1.65255e+015,	-2,	-5,	-29,	5,	3,	0,	-1,	0,	1.65255e+009,	-0.840928,	-0.442288,	-0.361547,	-0.0559328,	-0.562962,	-0.143604,	-0.0178136,	0.0970758,	-0.578759,	-0.0548845,	-0.00836643,	-0.00617208,	-0.759989,	-0.0984626,	-0.0136363,	-0.0845326,	-0.758778,	-0.440127,	-0.0128339,	-0.388512,	-0.4277,	0.62999,	-0.04312,	51775,	-226,	6,	-489,	51805,	139,	-55,	-150,	51785,	65,	-29,	-343,	
2,	10,	383657,	1.65255e+015,	-2,	-5,	18,	14,	1,	0,	0,	-2,	1.65255e+009,	-0.840928,	-0.442288,	-0.361547,	-0.0559328,	-0.562962,	-0.143604,	-0.0178136,	0.0970758,	-0.578759,	-0.0548845,	-0.00836643,	-0.00617208,	-0.759989,	-0.0984626,	-0.0136363,	-0.0845326,	-0.758778,	-0.440127,	-0.0128339,	-0.388512,	-0.4277,	0.62999,	-0.04312,	51785,	-226,	6,	-488,	51815,	139,	-54,	-150,	51795,	65,	-30,	-343,	
2,	10,	383735,	1.65255e+015,	0,	1,	-5,	2,	0,	-1,	0,	0,	1.65255e+009,	-0.840928,	-0.442288,	-0.361547,	-0.0559328,	-0.562962,	-0.143604,	-0.0178136,	0.0970758,	-0.578759,	-0.0548845,	-0.00836643,	-0.00617208,	-0.759989,	-0.0984626,	-0.0136363,	-0.0845326,	-0.758778,	-0.440127,	-0.0128339,	-0.388512,	-0.4277,	0.62999,	-0.04312,	51795,	-227,	6,	-487,	51825,	139,	-54,	-150,	51805,	64,	-30,	-343,	
2,	10,	383813,	1.65255e+015,	0,	-4,	-8,	2,	0,	1,	0,	-3,	1.65255e+009,	-0.840928,	-0.442288,	-0.361547,	-0.0559328,	-0.562962,	-0.143604,	-0.0178136,	0.0970758,	-0.578759,	-0.0548845,	-0.00836643,	-0.00617208,	-0.759989,	-0.0984626,	-0.0136363,	-0.0845326,	-0.758778,	-0.440127,	-0.0128339,	-0.388512,	-0.4277,	0.62999,	-0.04312,	51805,	-227,	7,	-487,	51835,	139,	-54,	-149,	51815,	65,	-31,	-342,	
2,	10,	383891,	1.65255e+015,	1,	6,	-8,	6,	7,	3,	2,	0,	1.65255e+009,	-0.840928,	-0.442288,	-0.361547,	-0.0559328,	-0.562962,	-0.143604,	-0.0178136,	0.0970758,	-0.641839,	-0.0548845,	-0.00836643,	-0.00617208,	-0.759989,	-0.0984626,	-0.0136363,	-0.0845326,	-0.758778,	-0.440127,	-0.0128339,	-0.388512,	-0.4277,	0.62999,	-0.04312,	51815,	-229,	7,	-487,	51845,	138,	-54,	-149,	51825,	65,	-30,	-342,	
2,	10,	383969,	1.65255e+015,	-1,	1,	-1,	-16,	-10,	-8,	-3,	-6,	1.65255e+009,	-0.840928,	-0.442288,	-0.361547,	-0.0559328,	-0.562962,	-0.143604,	-0.0178136,	0.0970758,	-0.641839,	-0.0548845,	-0.00836643,	-0.00617208,	-0.759989,	-0.0984626,	-0.0136363,	-0.0845326,	-0.758778,	-0.440127,	-0.0128339,	-0.388512,	-0.3822,	0.62999,	-0.04312,	51825,	-228,	6,	-487,	51855,	139,	-53,	-149,	51835,	64,	-31,	-342,	
2,	10,	384047,	1.65255e+015,	2,	-8,	-10,	-6,	-5,	-3,	-4,	-10,	1.65255e+009,	-0.840928,	-0.442288,	-0.361547,	-0.0559328,	-0.562962,	-0.143604,	-0.0178136,	0.0970758,	-0.641839,	-0.0548845,	-0.00836643,	-0.00617208,	-0.759989,	-0.0984626,	-0.0136363,	-0.0845326,	-0.758778,	-0.32481,	-0.0214572,	-0.388512,	-0.3276,	0.62999,	-0.04312,	51835,	-226,	7,	-487,	51865,	138,	-54,	-149,	51845,	66,	-30,	-342,	
2,	10,	384141,	1.65255e+015,	-20,	-7,	-18,	-11,	6,	2,	0,	-20,	1.65255e+009,	-0.840928,	-0.442288,	-0.361547,	-0.0559328,	-0.562962,	-0.143604,	-0.0178136,	0.0862632,	-0.720689,	0.0249475,	0.00444024,	0.00519525,	-0.759989,	-0.0274986,	-0.00443279,	-0.0968212,	-0.758778,	-0.183867,	-0.0204391,	-0.400801,	-0.2457,	0.62999,	-0.04312,	51845,	-227,	6,	-487,	51875,	138,	-54,	-149,	51855,	65,	-30,	-342,	
2,	10,	384219,	1.65255e+015,	3,	13,	27,	-7,	8,	5,	-5,	-1,	1.65255e+009,	-0.780809,	-0.565488,	-0.361547,	-0.0904288,	-0.562962,	-0.143604,	-0.0178136,	0.0735813,	-0.720689,	0.104779,	0.0213257,	0.0191294,	-0.759989,	-0.0274986,	-0.00443279,	-0.112457,	-0.671058,	-0.119802,	-0.0157735,	-0.416437,	-0.2457,	0.59547,	-0.04312,	51855,	-227,	6,	-487,	51885,	138,	-54,	-149,	51865,	65,	-31,	-342,	
2,	10,	384297,	1.65255e+015,	0,	-2,	22,	19,	-2,	-1,	2,	-14,	1.65255e+009,	-0.780809,	-0.565488,	-0.361547,	-0.0904288,	-0.482882,	-0.0672188,	-0.00998132,	0.0368867,	-0.468369,	0.104779,	0.0213257,	0.0312308,	-0.564842,	0.0612064,	0.0116039,	-0.100356,	-0.561408,	-0.0685495,	-0.0101497,	-0.404335,	-0.2821,	0.59547,	-0.04312,	51865,	-228,	7,	-487,	51895,	137,	-54,	-149,	51875,	65,	-30,	-342,	
2,	10,	384375,	1.65255e+015,	-11,	-4,	-6,	12,	-6,	-6,	-5,	4,	1.65255e+009,	-0.705658,	-0.664048,	-0.361547,	-0.0904288,	-0.402802,	-0.0672188,	-0.00998132,	0.0268791,	-0.326439,	0.104779,	0.0213257,	0.0345312,	-0.564842,	0.0612064,	0.0116039,	-0.0970553,	-0.451758,	-0.0685495,	-0.0101497,	-0.424691,	-0.3276,	0.56095,	-0.04312,	51875,	-227,	6,	-488,	51905,	138,	-54,	-149,	51885,	64,	-30,	-342,	
2,	10,	384454,	1.65255e+015,	2,	17,	52,	-6,	1,	1,	1,	-2,	1.65255e+009,	-0.645539,	-0.664048,	-0.361547,	-0.110141,	-0.338738,	-0.0672188,	-0.00998132,	0.0202073,	-0.247589,	0.104779,	0.0213257,	0.0367314,	-0.456427,	0.0612064,	0.0116039,	-0.0948551,	-0.451758,	-0.0685495,	-0.0101497,	-0.422491,	-0.3276,	0.56095,	-0.04312,	51885,	-226,	7,	-488,	51915,	138,	-54,	-149,	51895,	65,	-30,	-341,	
2,	10,	384532,	1.65255e+015,	7,	7,	-4,	0,	0,	1,	2,	15,	1.65255e+009,	-0.645539,	-0.664048,	-0.361547,	-0.110141,	-0.338738,	-0.0672188,	-0.00998132,	0.0202073,	-0.247589,	0.104779,	0.0213257,	0.0367314,	-0.456427,	0.0612064,	0.0116039,	-0.0948551,	-0.451758,	-0.00448452,	-0.000755934,	-0.422491,	-0.364,	0.56095,	-0.04312,	51895,	-227,	6,	-489,	51925,	137,	-55,	-150,	51905,	65,	-31,	-342,	
2,	10,	384610,	1.65255e+015,	16,	2,	5,	20,	-3,	-1,	-1,	-8,	1.65255e+009,	-0.645539,	-0.664048,	-0.361547,	-0.110141,	-0.338738,	-0.0672188,	-0.00998132,	0.0135356,	-0.168739,	0.104779,	0.0213257,	0.0389317,	-0.456427,	0.0612064,	0.0116039,	-0.0926548,	-0.342108,	-0.00448452,	-0.000755934,	-0.42029,	-0.364,	0.56095,	-0.04312,	51905,	-226,	8,	-489,	51935,	138,	-55,	-150,	51915,	66,	-31,	-342,	
2,	10,	384688,	1.65255e+015,	5,	6,	52,	-2,	7,	7,	-3,	-5,	1.65255e+009,	-0.645539,	-0.664048,	-0.361547,	-0.110141,	-0.338738,	-0.0672188,	-0.00998132,	0.0135356,	-0.168739,	0.104779,	0.0213257,	0.0389317,	-0.369695,	0.13217,	0.0280591,	-0.0926548,	-0.342108,	-0.00448452,	-0.000755934,	-0.42029,	-0.4095,	0.56095,	-0.04312,	51915,	-226,	7,	-489,	51945,	138,	-56,	-150,	51925,	65,	-30,	-343,	
2,	10,	384766,	1.65255e+015,	-18,	11,	113,	-9,	-2,	1,	0,	4,	1.65255e+009,	-0.645539,	-0.664048,	-0.361547,	-0.110141,	-0.338738,	-0.0672188,	-0.00998132,	0.0135356,	-0.168739,	0.104779,	0.0213257,	0.0389317,	-0.369695,	0.13217,	0.0280591,	-0.0926548,	-0.342108,	-0.00448452,	-0.000755934,	-0.42029,	-0.4095,	0.56095,	-0.04312,	51925,	-225,	6,	-489,	51955,	139,	-55,	-150,	51935,	65,	-30,	-342,	
2,	10,	384860,	1.65255e+015,	0,	-5,	-30,	6,	0,	1,	1,	-2,	1.65255e+009,	-0.645539,	-0.664048,	-0.361547,	-0.110141,	-0.338738,	-0.0672188,	-0.00998132,	0.0135356,	-0.168739,	0.104779,	0.0213257,	0.0389317,	-0.369695,	0.13217,	0.0280591,	-0.0926548,	-0.342108,	-0.00448452,	-0.000755934,	-0.42029,	-0.4095,	0.56095,	-0.04312,	51935,	-225,	6,	-488,	51965,	138,	-55,	-150,	51945,	65,	-29,	-342,	
2,	10,	384938,	1.65255e+015,	3,	5,	-36,	1,	3,	3,	1,	-5,	1.65255e+009,	-0.705658,	-0.664048,	-0.361547,	-0.110141,	-0.338738,	-0.0672188,	-0.00998132,	0.00620223,	-0.168739,	0.104779,	0.0213257,	0.0315983,	-0.369695,	0.13217,	0.0280591,	-0.0704182,	-0.342108,	-0.00448452,	-0.000755934,	-0.398054,	-0.4095,	0.56095,	-0.04312,	51945,	-225,	5,	-489,	51975,	139,	-54,	-150,	51955,	65,	-29,	-343,	
2,	10,	385016,	1.65255e+015,	-6,	9,	34,	-5,	-1,	2,	-1,	-1,	1.65255e+009,	-0.705658,	-0.664048,	-0.361547,	-0.110141,	-0.338738,	-0.0672188,	-0.00998132,	0.00620223,	-0.168739,	0.104779,	0.0213257,	0.0315983,	-0.369695,	0.13217,	0.0280591,	-0.0704182,	-0.342108,	-0.00448452,	-0.000755934,	-0.398054,	-0.4095,	0.56095,	-0.04312,	51955,	-225,	6,	-489,	51985,	139,	-54,	-149,	51965,	65,	-29,	-342,	
2,	10,	385094,	1.65255e+015,	-7,	2,	-4,	-4,	-5,	-1,	1,	-9,	1.65255e+009,	-0.705658,	-0.664048,	-0.361547,	-0.110141,	-0.338738,	-0.0672188,	-0.00998132,	0.00620223,	-0.168739,	0.104779,	0.0213257,	0.0315983,	-0.369695,	0.13217,	0.0280591,	-0.0704182,	-0.342108,	-0.00448452,	-0.000755934,	-0.398054,	-0.4095,	0.56095,	-0.04312,	51965,	-225,	7,	-488,	51995,	140,	-54,	-150,	51975,	65,	-29,	-343,	
2,	10,	385172,	1.65255e+015,	6,	-5,	-44,	-24,	6,	6,	4,	5,	1.65255e+009,	-0.705658,	-0.664048,	-0.361547,	-0.110141,	-0.338738,	-0.0672188,	-0.00998132,	0.00620223,	-0.168739,	0.104779,	0.0213257,	0.0315983,	-0.369695,	0.13217,	0.0280591,	-0.0704182,	-0.342108,	-0.00448452,	-0.000755934,	-0.398054,	-0.4095,	0.56095,	-0.04312,	51975,	-225,	8,	-488,	52005,	140,	-54,	-150,	51985,	64,	-30,	-342,	
2,	10,	385250,	1.65255e+015,	3,	-3,	-14,	-2,	-1,	0,	0,	-4,	1.65255e+009,	-0.705658,	-0.664048,	-0.361547,	-0.110141,	-0.338738,	-0.0672188,	-0.00998132,	0.00620223,	-0.168739,	0.104779,	0.0213257,	0.0315983,	-0.369695,	0.13217,	0.0280591,	-0.0704182,	-0.342108,	-0.00448452,	-0.000755934,	-0.398054,	-0.4095,	0.56095,	-0.04312,	51985,	-225,	7,	-488,	52015,	139,	-54,	-150,	51995,	64,	-30,	-342,	
2,	10,	385344,	1.65255e+015,	-6,	-2,	-15,	-34,	-11,	-6,	-2,	-5,	1.65255e+009,	-0.705658,	-0.664048,	-0.361547,	-0.110141,	-0.338738,	-0.0672188,	-0.00998132,	0.0190854,	-0.247589,	0.104779,	0.0213257,	0.0156475,	-0.499793,	0.13217,	0.0280591,	-0.050885,	-0.342108,	-0.0685495,	-0.0101497,	-0.378521,	-0.4095,	0.56095,	-0.04312,	51995,	-225,	7,	-488,	52025,	139,	-53,	-150,	52005,	64,	-30,	-342,	
2,	10,	385438,	1.65255e+015,	-1,	-6,	2,	-15,	-6,	-4,	-1,	-2,	1.65255e+009,	-0.705658,	-0.664048,	-0.361547,	-0.110141,	-0.594994,	-0.0672188,	-0.00998132,	0.0691234,	-0.704919,	-0.0948005,	-0.0132402,	-0.000854461,	-0.759989,	-0.169427,	-0.0196168,	-0.067387,	-0.605268,	-0.247932,	-0.0224779,	-0.395023,	-0.3367,	0.59547,	-0.04312,	52005,	-225,	7,	-488,	52035,	139,	-54,	-149,	52015,	65,	-30,	-342,	
2,	10,	385500,	1.65255e+015,	-2,	-3,	30,	-28,	-2,	0,	-1,	0,	1.65255e+009,	-0.705658,	-0.540848,	-0.361547,	-0.0904288,	-0.594994,	-0.0672188,	-0.00998132,	0.0774631,	-0.767999,	-0.19459,	-0.0209634,	-0.00360478,	-0.759989,	-0.258132,	-0.0225602,	-0.0701373,	-0.736848,	-0.299184,	-0.0222177,	-0.397773,	-0.2821,	0.59547,	-0.04312,	52015,	-225,	7,	-488,	52045,	139,	-54,	-149,	52025,	65,	-30,	-342,	
2,	10,	385579,	1.65255e+015,	-6,	-5,	12,	-12,	1,	0,	-2,	-2,	1.65255e+009,	-0.705658,	-0.540848,	-0.361547,	-0.0904288,	-0.594994,	-0.0672188,	-0.00998132,	0.0774631,	-0.767999,	-0.19459,	-0.0209634,	-0.00360478,	-0.759989,	-0.258132,	-0.0225602,	-0.0701373,	-0.736848,	-0.363249,	-0.0195284,	-0.374117,	-0.3276,	0.59547,	-0.04312,	52025,	-225,	7,	-488,	52055,	139,	-54,	-149,	52035,	65,	-30,	-342,	
2,	10,	385641,	1.65255e+015,	-1,	-1,	5,	34,	1,	-4,	-1,	0,	1.65255e+009,	-0.705658,	-0.540848,	-0.361547,	-0.0904288,	-0.594994,	-0.0672188,	-0.00998132,	0.0774631,	-0.767999,	-0.19459,	-0.0209634,	-0.00360478,	-0.759989,	-0.258132,	-0.0225602,	-0.0701373,	-0.736848,	-0.363249,	-0.0195284,	-0.374117,	-0.3276,	0.59547,	-0.04312,	52035,	-225,	6,	-488,	52065,	138,	-55,	-149,	52045,	64,	-29,	-342,	
2,	10,	385719,	1.65255e+015,	-3,	0,	12,	19,	-4,	0,	0,	-1,	1.65255e+009,	-0.705658,	-0.540848,	-0.361547,	-0.0904288,	-0.594994,	-0.0672188,	-0.00998132,	0.0774631,	-0.767999,	-0.19459,	-0.0209634,	-0.00360478,	-0.759989,	-0.258132,	-0.0225602,	-0.0701373,	-0.736848,	-0.363249,	-0.0195284,	-0.374117,	-0.3731,	0.59547,	-0.04312,	52045,	-226,	6,	-488,	52075,	139,	-54,	-150,	52055,	65,	-31,	-342,	
2,	10,	385782,	1.65255e+015,	1,	1,	-29,	9,	1,	0,	-2,	-1,	1.65255e+009,	-0.705658,	-0.540848,	-0.361547,	-0.0904288,	-0.594994,	-0.0672188,	-0.00998132,	0.0774631,	-0.767999,	-0.19459,	-0.0209634,	-0.00360478,	-0.759989,	-0.258132,	-0.0225602,	-0.0701373,	-0.736848,	-0.363249,	-0.0195284,	-0.374117,	-0.3731,	0.59547,	-0.04312,	52055,	-226,	6,	-488,	52085,	138,	-54,	-150,	52065,	65,	-30,	-342,	
2,	10,	385860,	1.65255e+015,	-2,	-6,	-28,	-4,	2,	0,	-3,	-1,	1.65255e+009,	-0.705658,	-0.540848,	-0.361547,	-0.0904288,	-0.594994,	-0.0672188,	-0.00998132,	0.0774631,	-0.767999,	-0.19459,	-0.0209634,	-0.00360478,	-0.759989,	-0.258132,	-0.0225602,	-0.0701373,	-0.736848,	-0.363249,	-0.0195284,	-0.374117,	-0.3731,	0.59547,	-0.04312,	52065,	-226,	7,	-488,	52095,	139,	-54,	-150,	52075,	65,	-30,	-342,	
2,	10,	385938,	1.65255e+015,	0,	-4,	6,	5,	-1,	-1,	-1,	-1,	1.65255e+009,	-0.705658,	-0.540848,	-0.361547,	-0.0904288,	-0.594994,	-0.0672188,	-0.00998132,	0.0774631,	-0.767999,	-0.19459,	-0.0209634,	-0.00360478,	-0.759989,	-0.258132,	-0.0225602,	-0.0701373,	-0.736848,	-0.363249,	-0.0195284,	-0.374117,	-0.3731,	0.59547,	-0.04312,	52075,	-226,	8,	-489,	52105,	140,	-54,	-150,	52085,	65,	-30,	-342,	
2,	10,	386016,	1.65255e+015,	-4,	2,	20,	-7,	-2,	-2,	-1,	-3,	1.65255e+009,	-0.705658,	-0.540848,	-0.361547,	-0.0904288,	-0.594994,	-0.0672188,	-0.00998132,	0.0774631,	-0.767999,	-0.19459,	-0.0209634,	-0.00360478,	-0.759989,	-0.258132,	-0.0225602,	-0.0701373,	-0.736848,	-0.363249,	-0.0195284,	-0.374117,	-0.3731,	0.59547,	-0.04312,	52085,	-225,	7,	-489,	52115,	139,	-53,	-149,	52095,	66,	-30,	-343,	
2,	10,	386079,	1.65255e+015,	-2,	1,	-4,	3,	5,	0,	-1,	-2,	1.65255e+009,	-0.705658,	-0.540848,	-0.361547,	-0.0904288,	-0.594994,	-0.0672188,	-0.00998132,	0.0774631,	-0.767999,	-0.19459,	-0.0209634,	-0.00360478,	-0.759989,	-0.258132,	-0.0225602,	-0.0701373,	-0.736848,	-0.363249,	-0.0195284,	-0.374117,	-0.3731,	0.59547,	-0.04312,	52095,	-225,	7,	-489,	52125,	139,	-54,	-150,	52105,	66,	-30,	-343,	
2,	10,	386141,	1.65255e+015,	-2,	-1,	-2,	-24,	-2,	-1,	-1,	0,	1.65255e+009,	-0.705658,	-0.540848,	-0.361547,	-0.0904288,	-0.594994,	-0.0672188,	-0.00998132,	0.0774631,	-0.767999,	-0.19459,	-0.0209634,	-0.00360478,	-0.759989,	-0.258132,	-0.0225602,	-0.0701373,	-0.736848,	-0.363249,	-0.0195284,	-0.374117,	-0.3731,	0.59547,	-0.04312,	52105,	-225,	7,	-489,	52135,	138,	-55,	-150,	52115,	66,	-29,	-343,	
2,	10,	386204,	1.65255e+015,	-1,	-3,	-26,	-2,	-5,	-5,	-1,	-1,	1.65255e+009,	-0.705658,	-0.540848,	-0.361547,	-0.0904288,	-0.594994,	-0.0672188,	-0.00998132,	0.0774631,	-0.767999,	-0.19459,	-0.0209634,	-0.00360478,	-0.759989,	-0.258132,	-0.0225602,	-0.0701373,	-0.736848,	-0.363249,	-0.0195284,	-0.374117,	-0.3731,	0.59547,	-0.04312,	52115,	-225,	6,	-488,	52145,	138,	-54,	-149,	52125,	65,	-30,	-343,	
2,	10,	386282,	1.65255e+015,	0,	1,	14,	11,	0,	-1,	-2,	-1,	1.65255e+009,	-0.705658,	-0.540848,	-0.361547,	-0.0904288,	-0.594994,	-0.0672188,	-0.00998132,	0.0774631,	-0.767999,	-0.19459,	-0.0209634,	-0.00360478,	-0.759989,	-0.258132,	-0.0225602,	-0.0701373,	-0.736848,	-0.363249,	-0.0195284,	-0.374117,	-0.3731,	0.59547,	-0.04312,	52125,	-226,	7,	-488,	52155,	138,	-54,	-150,	52135,	63,	-29,	-342,	
2,	10,	386360,	1.65255e+015,	-2,	-1,	11,	-7,	2,	0,	-1,	-1,	1.65255e+009,	-0.705658,	-0.540848,	-0.361547,	-0.0904288,	-0.594994,	-0.0672188,	-0.00998132,	0.0774631,	-0.767999,	-0.19459,	-0.0209634,	-0.00360478,	-0.759989,	-0.258132,	-0.0225602,	-0.0701373,	-0.736848,	-0.363249,	-0.0195284,	-0.374117,	-0.3731,	0.59547,	-0.04312,	52135,	-225,	7,	-488,	52165,	138,	-54,	-149,	52145,	64,	-30,	-342,	
2,	10,	386438,	1.65255e+015,	1,	6,	13,	-3,	2,	2,	3,	-1,	1.65255e+009,	-0.705658,	-0.540848,	-0.361547,	-0.0904288,	-0.594994,	-0.0672188,	-0.00998132,	0.0774631,	-0.767999,	-0.19459,	-0.0209634,	-0.00360478,	-0.759989,	-0.258132,	-0.0225602,	-0.0701373,	-0.736848,	-0.363249,	-0.0195284,	-0.374117,	-0.3731,	0.59547,	-0.04312,	52145,	-227,	8,	-488,	52175,	138,	-54,	-149,	52155,	65,	-29,	-342,	
2,	10,	386516,	1.65255e+015,	-1,	-1,	8,	7,	-1,	1,	0,	-1,	1.65255e+009,	-0.705658,	-0.540848,	-0.361547,	-0.0904288,	-0.594994,	-0.0672188,	-0.00998132,	0.0774631,	-0.767999,	-0.19459,	-0.0209634,	-0.00360478,	-0.759989,	-0.258132,	-0.0225602,	-0.0701373,	-0.736848,	-0.363249,	-0.0195284,	-0.374117,	-0.3731,	0.59547,	-0.04312,	52155,	-227,	7,	-488,	52185,	138,	-54,	-149,	52165,	65,	-30,	-342,	
2,	10,	386594,	1.65255e+015,	-1,	0,	-3,	4,	0,	0,	-1,	0,	1.65255e+009,	-0.705658,	-0.540848,	-0.361547,	-0.0904288,	-0.594994,	-0.0672188,	-0.00998132,	0.0858028,	-0.767999,	-0.19459,	-0.0209634,	-0.0063551,	-0.759989,	-0.258132,	-0.0225602,	-0.0728876,	-0.736848,	-0.363249,	-0.0195284,	-0.376867,	-0.3731,	0.59547,	-0.04312,	52165,	-227,	7,	-488,	52195,	139,	-54,	-149,	52175,	65,	-30,	-342,	
2,	10,	386672,	1.65255e+015,	-1,	-1,	2,	1,	5,	1,	0,	-2,	1.65255e+009,	-0.705658,	-0.540848,	-0.361547,	-0.0904288,	-0.594994,	-0.0672188,	-0.00998132,	0.0858028,	-0.767999,	-0.19459,	-0.0209634,	-0.0063551,	-0.759989,	-0.258132,	-0.0225602,	-0.0728876,	-0.736848,	-0.363249,	-0.0195284,	-0.376867,	-0.3731,	0.59547,	-0.04312,	52175,	-227,	7,	-489,	52205,	138,	-54,	-149,	52185,	64,	-29,	-343,	
2,	10,	386766,	1.65255e+015,	-1,	-2,	-9,	-1,	-1,	1,	-1,	0,	1.65255e+009,	-0.705658,	-0.540848,	-0.361547,	-0.0904288,	-0.594994,	-0.0672188,	-0.00998132,	0.0858028,	-0.767999,	-0.19459,	-0.0209634,	-0.0063551,	-0.759989,	-0.258132,	-0.0225602,	-0.0728876,	-0.736848,	-0.363249,	-0.0195284,	-0.376867,	-0.3731,	0.59547,	-0.04312,	52185,	-227,	8,	-489,	52215,	139,	-53,	-149,	52195,	64,	-29,	-343,	
2,	10,	386844,	1.65255e+015,	-2,	-2,	-6,	2,	-1,	-1,	-2,	0,	1.65255e+009,	-0.705658,	-0.540848,	-0.361547,	-0.0904288,	-0.594994,	-0.0672188,	-0.00998132,	0.0858028,	-0.767999,	-0.19459,	-0.0209634,	-0.0063551,	-0.759989,	-0.258132,	-0.0225602,	-0.0728876,	-0.736848,	-0.363249,	-0.0195284,	-0.376867,	-0.3731,	0.59547,	-0.04312,	52195,	-227,	7,	-489,	52225,	138,	-53,	-149,	52205,	65,	-29,	-343,	
2,	10,	386922,	1.65255e+015,	-1,	-3,	7,	5,	1,	1,	1,	0,	1.65255e+009,	-0.705658,	-0.540848,	-0.361547,	-0.0904288,	-0.594994,	-0.0672188,	-0.00998132,	0.0858028,	-0.767999,	-0.19459,	-0.0209634,	-0.0063551,	-0.759989,	-0.258132,	-0.0225602,	-0.0728876,	-0.736848,	-0.363249,	-0.0195284,	-0.376867,	-0.3731,	0.59547,	-0.04312,	52205,	-226,	6,	-489,	52235,	138,	-54,	-149,	52215,	65,	-30,	-343,	
2,	10,	387000,	1.65255e+015,	-3,	-6,	-10,	-3,	2,	-2,	-2,	-2,	1.65255e+009,	-0.705658,	-0.540848,	-0.361547,	-0.0904288,	-0.594994,	-0.0672188,	-0.00998132,	0.0858028,	-0.767999,	-0.19459,	-0.0209634,	-0.0063551,	-0.759989,	-0.258132,	-0.0225602,	-0.0728876,	-0.736848,	-0.363249,	-0.0195284,	-0.376867,	-0.3731,	0.59547,	-0.04312,	52215,	-226,	7,	-488,	52245,	138,	-54,	-150,	52225,	65,	-29,	-343,	
2,	10,	387079,	1.65255e+015,	-2,	-6,	1,	-4,	-5,	-3,	-2,	0,	1.65255e+009,	-0.705658,	-0.540848,	-0.361547,	-0.0904288,	-0.594994,	-0.0672188,	-0.00998132,	0.0858028,	-0.767999,	-0.19459,	-0.0209634,	-0.0063551,	-0.759989,	-0.258132,	-0.0225602,	-0.0728876,	-0.736848,	-0.363249,	-0.0195284,	-0.376867,	-0.3731,	0.59547,	-0.04312,	52225,	-227,	6,	-487,	52255,	137,	-54,	-150,	52235,	64,	-30,	-343,	
2,	10,	387157,	1.65255e+015,	2,	0,	13,	15,	-2,	-2,	-1,	-1,	1.65255e+009,	-0.705658,	-0.540848,	-0.361547,	-0.0904288,	-0.594994,	-0.0672188,	-0.00998132,	0.0858028,	-0.767999,	-0.19459,	-0.0209634,	-0.0063551,	-0.759989,	-0.258132,	-0.0225602,	-0.0728876,	-0.736848,	-0.363249,	-0.0195284,	-0.376867,	-0.3731,	0.59547,	-0.04312,	52235,	-227,	7,	-487,	52265,	138,	-54,	-149,	52245,	64,	-30,	-343,	
2,	10,	387235,	1.65255e+015,	-2,	-1,	-2,	-4,	-7,	-6,	-1,	-1,	1.65255e+009,	-0.705658,	-0.540848,	-0.361547,	-0.0904288,	-0.594994,	-0.0672188,	-0.00998132,	0.0858028,	-0.767999,	-0.19459,	-0.0209634,	-0.0063551,	-0.759989,	-0.258132,	-0.0225602,	-0.0728876,	-0.736848,	-0.363249,	-0.0195284,	-0.376867,	-0.3731,	0.59547,	-0.04312,	52245,	-227,	7,	-487,	52275,	138,	-54,	-149,	52255,	64,	-30,	-343,	
2,	10,	387313,	1.65255e+015,	-6,	-15,	-9,	-4,	2,	1,	-5,	-1,	1.65255e+009,	-0.705658,	-0.540848,	-0.361547,	-0.0904288,	-0.594994,	-0.0672188,	-0.00998132,	0.0858028,	-0.767999,	-0.19459,	-0.0209634,	-0.0063551,	-0.759989,	-0.258132,	-0.0225602,	-0.0728876,	-0.736848,	-0.363249,	-0.0195284,	-0.376867,	-0.3731,	0.59547,	-0.04312,	52255,	-227,	7,	-487,	52285,	138,	-53,	-149,	52265,	65,	-31,	-343,	
2,	10,	387391,	1.65255e+015,	-1,	-2,	-4,	2,	4,	3,	-1,	0,	1.65255e+009,	-0.705658,	-0.540848,	-0.361547,	-0.0904288,	-0.594994,	-0.0672188,	-0.00998132,	0.0858028,	-0.767999,	-0.19459,	-0.0209634,	-0.0063551,	-0.759989,	-0.258132,	-0.0225602,	-0.0728876,	-0.736848,	-0.363249,	-0.0195284,	-0.376867,	-0.3731,	0.59547,	-0.04312,	52265,	-226,	9,	-487,	52295,	138,	-53,	-149,	52275,	65,	-29,	-342,	
2,	10,	387469,	1.65255e+015,	-1,	3,	3,	0,	-2,	-1,	-2,	-1,	1.65255e+009,	-0.705658,	-0.540848,	-0.361547,	-0.0904288,	-0.594994,	-0.0672188,	-0.00998132,	0.0858028,	-0.767999,	-0.19459,	-0.0209634,	-0.0063551,	-0.759989,	-0.258132,	-0.0225602,	-0.0728876,	-0.736848,	-0.363249,	-0.0195284,	-0.376867,	-0.3731,	0.59547,	-0.04312,	52275,	-225,	8,	-488,	52305,	138,	-54,	-149,	52285,	64,	-30,	-343,	
2,	10,	387547,	1.65255e+015,	1,	1,	-1,	3,	3,	-1,	-1,	-2,	1.65255e+009,	-0.705658,	-0.540848,	-0.361547,	-0.0904288,	-0.594994,	-0.0672188,	-0.00998132,	0.0858028,	-0.767999,	-0.19459,	-0.0209634,	-0.0063551,	-0.759989,	-0.258132,	-0.0225602,	-0.0728876,	-0.736848,	-0.363249,	-0.0195284,	-0.376867,	-0.3731,	0.59547,	-0.04312,	52285,	-226,	8,	-489,	52315,	138,	-53,	-150,	52295,	65,	-30,	-343,	
2,	10,	387625,	1.65255e+015,	-2,	-3,	-8,	-5,	-9,	-5,	0,	-1,	1.65255e+009,	-0.705658,	-0.540848,	-0.361547,	-0.0904288,	-0.594994,	-0.0672188,	-0.00998132,	0.0858028,	-0.767999,	-0.19459,	-0.0209634,	-0.0063551,	-0.759989,	-0.258132,	-0.0225602,	-0.0728876,	-0.736848,	-0.363249,	-0.0195284,	-0.376867,	-0.3731,	0.59547,	-0.04312,	52295,	-226,	7,	-489,	52325,	137,	-54,	-150,	52305,	65,	-30,	-343,	
2,	10,	387704,	1.65255e+015,	1,	1,	5,	-4,	-5,	-3,	-1,	0,	1.65255e+009,	-0.705658,	-0.540848,	-0.361547,	-0.0904288,	-0.594994,	-0.0672188,	-0.00998132,	0.0858028,	-0.767999,	-0.19459,	-0.0209634,	-0.0063551,	-0.759989,	-0.258132,	-0.0225602,	-0.0728876,	-0.736848,	-0.363249,	-0.0195284,	-0.376867,	-0.3731,	0.59547,	-0.04312,	52305,	-225,	7,	-489,	52335,	137,	-53,	-150,	52315,	65,	-30,	-343,	
2,	10,	387782,	1.65255e+015,	-1,	-2,	-8,	-1,	-2,	-3,	-1,	-1,	1.65255e+009,	-0.705658,	-0.540848,	-0.361547,	-0.0904288,	-0.594994,	-0.0672188,	-0.00998132,	0.0858028,	-0.767999,	-0.19459,	-0.0209634,	-0.0063551,	-0.759989,	-0.258132,	-0.0225602,	-0.0728876,	-0.736848,	-0.363249,	-0.0195284,	-0.376867,	-0.3731,	0.59547,	-0.04312,	52315,	-226,	7,	-488,	52345,	138,	-53,	-149,	52325,	65,	-29,	-343,	
2,	10,	387860,	1.65255e+015,	-2,	-2,	8,	-2,	-3,	-1,	-2,	-1,	1.65255e+009,	-0.705658,	-0.540848,	-0.361547,	-0.0904288,	-0.594994,	-0.0672188,	-0.00998132,	0.0858028,	-0.767999,	-0.19459,	-0.0209634,	-0.0063551,	-0.759989,	-0.258132,	-0.0225602,	-0.0728876,	-0.736848,	-0.363249,	-0.0195284,	-0.376867,	-0.3731,	0.59547,	-0.04312,	52325,	-226,	8,	-489,	52355,	137,	-54,	-150,	52335,	65,	-30,	-343,	
2,	10,	387938,	1.65255e+015,	1,	3,	-8,	-2,	-5,	-5,	0,	-1,	1.65255e+009,	-0.705658,	-0.540848,	-0.361547,	-0.0904288,	-0.594994,	-0.0672188,	-0.00998132,	0.0858028,	-0.767999,	-0.19459,	-0.0209634,	-0.0063551,	-0.759989,	-0.258132,	-0.0225602,	-0.0728876,	-0.736848,	-0.363249,	-0.0195284,	-0.376867,	-0.3731,	0.59547,	-0.04312,	52335,	-226,	8,	-489,	52365,	138,	-53,	-149,	52345,	66,	-29,	-343,	
2,	10,	388016,	1.65255e+015,	-5,	-13,	-16,	-8,	-4,	-3,	-2,	-3,	1.65255e+009,	-0.705658,	-0.540848,	-0.361547,	-0.0904288,	-0.594994,	-0.0672188,	-0.00998132,	0.0858028,	-0.767999,	-0.19459,	-0.0209634,	-0.0063551,	-0.759989,	-0.258132,	-0.0225602,	-0.0728876,	-0.736848,	-0.363249,	-0.0195284,	-0.376867,	-0.3731,	0.59547,	-0.04312,	52345,	-227,	6,	-489,	52375,	137,	-54,	-150,	52355,	65,	-30,	-343,	
2,	10,	388094,	1.65255e+015,	-1,	-8,	1,	3,	0,	0,	0,	-1,	1.65255e+009,	-0.705658,	-0.540848,	-0.361547,	-0.0904288,	-0.594994,	-0.0672188,	-0.00998132,	0.0858028,	-0.767999,	-0.19459,	-0.0209634,	-0.0063551,	-0.759989,	-0.258132,	-0.0225602,	-0.0728876,	-0.736848,	-0.363249,	-0.0195284,	-0.376867,	-0.3731,	0.59547,	-0.04312,	52355,	-225,	8,	-489,	52385,	138,	-53,	-150,	52365,	66,	-30,	-343,	
2,	10,	388172,	1.65255e+015,	0,	-2,	-5,	4,	-1,	-2,	1,	-2,	1.65255e+009,	-0.705658,	-0.540848,	-0.361547,	-0.0904288,	-0.594994,	-0.0672188,	-0.00998132,	0.0858028,	-0.767999,	-0.19459,	-0.0209634,	-0.0063551,	-0.759989,	-0.258132,	-0.0225602,	-0.0728876,	-0.736848,	-0.363249,	-0.0195284,	-0.376867,	-0.3731,	0.59547,	-0.04312,	52365,	-227,	8,	-489,	52395,	137,	-54,	-150,	52375,	64,	-30,	-343,	
2,	10,	388250,	1.65255e+015,	2,	4,	-6,	-1,	6,	1,	-1,	1,	1.65255e+009,	-0.705658,	-0.540848,	-0.361547,	-0.0904288,	-0.594994,	-0.0672188,	-0.00998132,	0.0858028,	-0.767999,	-0.19459,	-0.0209634,	-0.0063551,	-0.759989,	-0.258132,	-0.0225602,	-0.0728876,	-0.736848,	-0.363249,	-0.0195284,	-0.376867,	-0.3731,	0.59547,	-0.04312,	52375,	-227,	8,	-489,	52405,	139,	-54,	-150,	52385,	65,	-30,	-343,	
2,	10,	388344,	1.65255e+015,	-2,	-4,	-3,	20,	0,	5,	0,	0,	1.65255e+009,	-0.705658,	-0.540848,	-0.361547,	-0.0904288,	-0.594994,	-0.0672188,	-0.00998132,	0.0858028,	-0.767999,	-0.19459,	-0.0209634,	-0.0063551,	-0.759989,	-0.258132,	-0.0225602,	-0.0728876,	-0.736848,	-0.363249,	-0.0195284,	-0.376867,	-0.3731,	0.59547,	-0.04312,	52385,	-227,	9,	-489,	52415,	138,	-55,	-150,	52395,	65,	-30,	-343,	
2,	10,	388422,	1.65255e+015,	-3,	-5,	-3,	0,	0,	1,	-2,	-3,	1.65255e+009,	-0.705658,	-0.540848,	-0.361547,	-0.0904288,	-0.594994,	-0.0672188,	-0.00998132,	0.0858028,	-0.767999,	-0.19459,	-0.0209634,	-0.0063551,	-0.759989,	-0.258132,	-0.0225602,	-0.0728876,	-0.736848,	-0.363249,	-0.0195284,	-0.376867,	-0.3731,	0.59547,	-0.04312,	52395,	-226,	7,	-489,	52425,	139,	-54,	-150,	52405,	65,	-31,	-343,	
2,	10,	388500,	1.65255e+015,	2,	0,	-14,	2,	-1,	0,	-2,	-1,	1.65255e+009,	-0.705658,	-0.540848,	-0.361547,	-0.0904288,	-0.594994,	-0.0672188,	-0.00998132,	0.0858028,	-0.767999,	-0.19459,	-0.0209634,	-0.0063551,	-0.759989,	-0.258132,	-0.0225602,	-0.0728876,	-0.736848,	-0.363249,	-0.0195284,	-0.376867,	-0.3731,	0.59547,	-0.04312,	52405,	-226,	7,	-488,	52435,	138,	-54,	-150,	52415,	65,	-30,	-343,	
2,	10,	388579,	1.65255e+015,	1,	2,	4,	-3,	0,	2,	1,	1,	1.65255e+009,	-0.705658,	-0.540848,	-0.361547,	-0.0904288,	-0.594994,	-0.0672188,	-0.00998132,	0.0858028,	-0.767999,	-0.19459,	-0.0209634,	-0.0063551,	-0.759989,	-0.258132,	-0.0225602,	-0.0728876,	-0.736848,	-0.363249,	-0.0195284,	-0.376867,	-0.3731,	0.59547,	-0.04312,	52415,	-227,	6,	-488,	52445,	139,	-54,	-150,	52425,	65,	-30,	-343,	
2,	10,	388657,	1.65255e+015,	-1,	0,	-9,	-1,	-2,	-1,	0,	1,	1.65255e+009,	-0.705658,	-0.540848,	-0.361547,	-0.0904288,	-0.594994,	-0.0672188,	-0.00998132,	0.0858028,	-0.767999,	-0.19459,	-0.0209634,	-0.0063551,	-0.759989,	-0.258132,	-0.0225602,	-0.0728876,	-0.736848,	-0.363249,	-0.0195284,	-0.376867,	-0.3731,	0.59547,	-0.04312,	52425,	-227,	7,	-488,	52455,	138,	-54,	-150,	52435,	65,	-30,	-343,	
2,	10,	388735,	1.65255e+015,	0,	-1,	1,	1,	3,	4,	1,	-1,	1.65255e+009,	-0.705658,	-0.540848,	-0.361547,	-0.0904288,	-0.594994,	-0.0672188,	-0.00998132,	0.0858028,	-0.767999,	-0.19459,	-0.0209634,	-0.0063551,	-0.759989,	-0.258132,	-0.0225602,	-0.0728876,	-0.736848,	-0.363249,	-0.0195284,	-0.376867,	-0.3731,	0.59547,	-0.04312,	52435,	-228,	7,	-488,	52465,	138,	-54,	-150,	52445,	65,	-30,	-343,	
2,	10,	388813,	1.65255e+015,	-2,	-4,	-5,	-1,	-3,	-2,	-2,	-1,	1.65255e+009,	-0.705658,	-0.540848,	-0.361547,	-0.0904288,	-0.594994,	-0.0672188,	-0.00998132,	0.0858028,	-0.767999,	-0.19459,	-0.0209634,	-0.0063551,	-0.759989,	-0.258132,	-0.0225602,	-0.0728876,	-0.736848,	-0.363249,	-0.0195284,	-0.376867,	-0.3731,	0.59547,	-0.04312,	52445,	-227,	7,	-487,	52475,	138,	-53,	-149,	52455,	65,	-31,	-342,	
