1,	14,	388922,	1.65255e+015,	-4,	-6,	5,	-2,	-7,	-6,	-1,	-3,	1.65255e+009,	-0.705658,	-0.540848,	-0.361547,	-0.0904288,	-0.594994,	-0.0672188,	-0.00998132,	0.0858028,	-0.767999,	-0.19459,	-0.0209634,	-0.0063551,	-0.759989,	-0.258132,	-0.0225602,	-0.0728876,	-0.736848,	-0.363249,	-0.0195284,	-0.376867,	-0.3731,	0.59547,	-0.04312,	52455,	-227,	8,	-487,	52485,	138,	-55,	-149,	52465,	66,	-29,	-342,	
1,	14,	389000,	1.65255e+015,	-1,	-4,	-3,	-5,	-6,	-2,	-1,	-1,	1.65255e+009,	-0.705658,	-0.540848,	-0.361547,	-0.0904288,	-0.594994,	-0.0672188,	-0.00998132,	0.0858028,	-0.767999,	-0.19459,	-0.0209634,	-0.0063551,	-0.759989,	-0.258132,	-0.0225602,	-0.0728876,	-0.736848,	-0.363249,	-0.0195284,	-0.376867,	-0.3731,	0.59547,	-0.04312,	52465,	-228,	8,	-486,	52495,	138,	-55,	-149,	52475,	66,	-30,	-342,	
1,	14,	389063,	1.65255e+015,	-2,	0,	7,	6,	-6,	-4,	-1,	0,	1.65255e+009,	-0.705658,	-0.540848,	-0.361547,	-0.0904288,	-0.594994,	-0.0672188,	-0.00998132,	0.0858028,	-0.767999,	-0.19459,	-0.0209634,	-0.0063551,	-0.759989,	-0.258132,	-0.0225602,	-0.0728876,	-0.736848,	-0.363249,	-0.0195284,	-0.376867,	-0.3731,	0.59547,	-0.04312,	52475,	-228,	8,	-486,	52505,	138,	-55,	-149,	52485,	66,	-30,	-342,	
1,	14,	389141,	1.65255e+015,	-3,	-12,	-4,	-5,	-8,	-4,	-3,	-3,	1.65255e+009,	-0.705658,	-0.540848,	-0.361547,	-0.0904288,	-0.594994,	-0.0672188,	-0.00998132,	0.0858028,	-0.767999,	-0.19459,	-0.0209634,	-0.0063551,	-0.759989,	-0.258132,	-0.0225602,	-0.0728876,	-0.736848,	-0.363249,	-0.0195284,	-0.376867,	-0.3731,	0.59547,	-0.04312,	52485,	-228,	7,	-486,	52515,	138,	-54,	-149,	52495,	66,	-30,	-342,	
1,	14,	389219,	1.65255e+015,	-3,	0,	-10,	-9,	-6,	-4,	0,	-1,	1.65255e+009,	-0.705658,	-0.540848,	-0.361547,	-0.0904288,	-0.594994,	-0.0672188,	-0.00998132,	0.0858028,	-0.767999,	-0.19459,	-0.0209634,	-0.0063551,	-0.759989,	-0.258132,	-0.0225602,	-0.0728876,	-0.736848,	-0.363249,	-0.0195284,	-0.376867,	-0.3731,	0.59547,	-0.04312,	52495,	-228,	6,	-485,	52525,	138,	-54,	-149,	52505,	65,	-29,	-342,	
1,	14,	389282,	1.65255e+015,	-3,	6,	2,	5,	0,	2,	0,	-1,	1.65255e+009,	-0.705658,	-0.540848,	-0.361547,	-0.0904288,	-0.594994,	-0.0672188,	-0.00998132,	0.0858028,	-0.767999,	-0.19459,	-0.0209634,	-0.0063551,	-0.759989,	-0.258132,	-0.0225602,	-0.0728876,	-0.736848,	-0.363249,	-0.0195284,	-0.376867,	-0.3731,	0.59547,	-0.04312,	52505,	-228,	6,	-486,	52535,	136,	-54,	-149,	52515,	65,	-30,	-342,	
1,	14,	389344,	1.65255e+015,	0,	0,	-5,	-11,	-4,	-5,	-2,	-1,	1.65255e+009,	-0.705658,	-0.540848,	-0.361547,	-0.0904288,	-0.594994,	-0.0672188,	-0.00998132,	0.0858028,	-0.767999,	-0.19459,	-0.0209634,	-0.0063551,	-0.759989,	-0.258132,	-0.0225602,	-0.0728876,	-0.736848,	-0.363249,	-0.0195284,	-0.376867,	-0.3731,	0.59547,	-0.04312,	52515,	-229,	6,	-487,	52545,	137,	-54,	-149,	52525,	64,	-30,	-342,	
1,	14,	389407,	1.65255e+015,	-1,	-6,	1,	-4,	3,	3,	0,	0,	1.65255e+009,	-0.705658,	-0.540848,	-0.361547,	-0.0904288,	-0.594994,	-0.0672188,	-0.00998132,	0.0858028,	-0.767999,	-0.19459,	-0.0209634,	-0.0063551,	-0.759989,	-0.258132,	-0.0225602,	-0.0728876,	-0.736848,	-0.363249,	-0.0195284,	-0.376867,	-0.3731,	0.59547,	-0.04312,	52525,	-228,	8,	-487,	52555,	137,	-55,	-149,	52535,	64,	-30,	-343,	
1,	14,	389469,	1.65255e+015,	-2,	-1,	2,	-5,	-10,	-6,	-1,	2,	1.65255e+009,	-0.705658,	-0.540848,	-0.361547,	-0.0904288,	-0.594994,	-0.0672188,	-0.00998132,	0.0858028,	-0.767999,	-0.19459,	-0.0209634,	-0.0063551,	-0.759989,	-0.258132,	-0.0225602,	-0.0728876,	-0.736848,	-0.363249,	-0.0195284,	-0.376867,	-0.3731,	0.59547,	-0.04312,	52535,	-228,	7,	-488,	52565,	138,	-55,	-149,	52545,	64,	-30,	-343,	
1,	14,	389532,	1.65255e+015,	-1,	-3,	-1,	-3,	-8,	-4,	-1,	0,	1.65255e+009,	-0.705658,	-0.540848,	-0.361547,	-0.0904288,	-0.594994,	-0.0672188,	-0.00998132,	0.0858028,	-0.767999,	-0.19459,	-0.0209634,	-0.0063551,	-0.759989,	-0.258132,	-0.0225602,	-0.0728876,	-0.736848,	-0.363249,	-0.0195284,	-0.376867,	-0.3731,	0.59547,	-0.04312,	52545,	-228,	8,	-488,	52575,	138,	-55,	-149,	52555,	65,	-30,	-343,	
1,	14,	389610,	1.65255e+015,	0,	4,	15,	0,	-8,	-1,	1,	0,	1.65255e+009,	-0.705658,	-0.540848,	-0.361547,	-0.0904288,	-0.594994,	-0.0672188,	-0.00998132,	0.0858028,	-0.767999,	-0.19459,	-0.0209634,	-0.0063551,	-0.759989,	-0.258132,	-0.0225602,	-0.0728876,	-0.736848,	-0.363249,	-0.0195284,	-0.376867,	-0.3731,	0.59547,	-0.04312,	52555,	-227,	7,	-487,	52585,	137,	-54,	-149,	52565,	64,	-30,	-342,	
1,	14,	389672,	1.65255e+015,	-2,	0,	7,	-4,	3,	7,	1,	-2,	1.65255e+009,	-0.705658,	-0.540848,	-0.361547,	-0.0904288,	-0.594994,	-0.0672188,	-0.00998132,	0.0858028,	-0.767999,	-0.19459,	-0.0209634,	-0.0063551,	-0.759989,	-0.258132,	-0.0225602,	-0.0728876,	-0.736848,	-0.363249,	-0.0195284,	-0.376867,	-0.3731,	0.59547,	-0.04312,	52565,	-229,	7,	-487,	52595,	137,	-54,	-149,	52575,	64,	-30,	-343,	
1,	14,	389735,	1.65255e+015,	-2,	-7,	-5,	-3,	7,	4,	-1,	0,	1.65255e+009,	-0.705658,	-0.540848,	-0.361547,	-0.0904288,	-0.594994,	-0.0672188,	-0.00998132,	0.0858028,	-0.767999,	-0.19459,	-0.0209634,	-0.0063551,	-0.759989,	-0.258132,	-0.0225602,	-0.0728876,	-0.736848,	-0.363249,	-0.0195284,	-0.376867,	-0.3731,	0.59547,	-0.04312,	52575,	-228,	7,	-487,	52605,	137,	-54,	-149,	52585,	64,	-29,	-342,	
1,	14,	389797,	1.65255e+015,	-3,	-4,	-6,	-2,	-4,	-3,	1,	-1,	1.65255e+009,	-0.705658,	-0.540848,	-0.361547,	-0.0904288,	-0.594994,	-0.0672188,	-0.00998132,	0.0858028,	-0.767999,	-0.19459,	-0.0209634,	-0.0063551,	-0.759989,	-0.258132,	-0.0225602,	-0.0728876,	-0.736848,	-0.363249,	-0.0195284,	-0.376867,	-0.3731,	0.59547,	-0.04312,	52585,	-227,	7,	-486,	52615,	138,	-54,	-149,	52595,	64,	-30,	-343,	
1,	14,	389860,	1.65255e+015,	1,	-3,	-18,	-3,	-2,	-1,	0,	1,	1.65255e+009,	-0.705658,	-0.540848,	-0.361547,	-0.0904288,	-0.594994,	-0.0672188,	-0.00998132,	0.0858028,	-0.767999,	-0.19459,	-0.0209634,	-0.0063551,	-0.759989,	-0.258132,	-0.0225602,	-0.0728876,	-0.736848,	-0.363249,	-0.0195284,	-0.376867,	-0.3731,	0.59547,	-0.04312,	52595,	-228,	7,	-486,	52625,	138,	-55,	-150,	52605,	64,	-30,	-343,	
1,	14,	389922,	1.65255e+015,	-3,	-2,	-6,	-9,	-8,	-5,	-2,	-1,	1.65255e+009,	-0.705658,	-0.540848,	-0.361547,	-0.0904288,	-0.594994,	-0.0672188,	-0.00998132,	0.0858028,	-0.767999,	-0.19459,	-0.0209634,	-0.0063551,	-0.759989,	-0.258132,	-0.0225602,	-0.0728876,	-0.736848,	-0.363249,	-0.0195284,	-0.376867,	-0.3731,	0.59547,	-0.04312,	52605,	-229,	7,	-486,	52635,	136,	-55,	-150,	52615,	64,	-30,	-343,	
1,	14,	390000,	1.65255e+015,	1,	3,	0,	-5,	0,	0,	1,	1,	1.65255e+009,	-0.705658,	-0.540848,	-0.361547,	-0.0904288,	-0.594994,	-0.0672188,	-0.00998132,	0.0858028,	-0.767999,	-0.19459,	-0.0209634,	-0.0063551,	-0.759989,	-0.258132,	-0.0225602,	-0.0728876,	-0.736848,	-0.363249,	-0.0195284,	-0.376867,	-0.3731,	0.59547,	-0.04312,	52615,	-228,	8,	-487,	52645,	137,	-55,	-150,	52625,	66,	-30,	-343,	
1,	14,	390063,	1.65255e+015,	-1,	-2,	9,	5,	4,	0,	-1,	0,	1.65255e+009,	-0.705658,	-0.540848,	-0.361547,	-0.0904288,	-0.594994,	-0.0672188,	-0.00998132,	0.0858028,	-0.767999,	-0.19459,	-0.0209634,	-0.0063551,	-0.759989,	-0.258132,	-0.0225602,	-0.0728876,	-0.736848,	-0.363249,	-0.0195284,	-0.376867,	-0.3731,	0.59547,	-0.04312,	52625,	-229,	8,	-487,	52655,	137,	-55,	-150,	52635,	64,	-30,	-343,	
1,	14,	390157,	1.65255e+015,	1,	1,	5,	-5,	1,	0,	1,	-1,	1.65255e+009,	-0.705658,	-0.540848,	-0.361547,	-0.0904288,	-0.594994,	-0.0672188,	-0.00998132,	0.0858028,	-0.767999,	-0.19459,	-0.0209634,	-0.0063551,	-0.759989,	-0.258132,	-0.0225602,	-0.0728876,	-0.736848,	-0.363249,	-0.0195284,	-0.376867,	-0.3731,	0.59547,	-0.04312,	52635,	-228,	8,	-487,	52665,	138,	-55,	-150,	52645,	65,	-30,	-343,	
1,	14,	390235,	1.65255e+015,	1,	4,	3,	1,	2,	3,	1,	2,	1.65255e+009,	-0.705658,	-0.540848,	-0.361547,	-0.0904288,	-0.594994,	-0.0672188,	-0.00998132,	0.0858028,	-0.767999,	-0.19459,	-0.0209634,	-0.0063551,	-0.759989,	-0.258132,	-0.0225602,	-0.0728876,	-0.736848,	-0.363249,	-0.0195284,	-0.376867,	-0.3731,	0.59547,	-0.04312,	52645,	-228,	8,	-487,	52675,	137,	-55,	-150,	52655,	65,	-29,	-343,	
1,	14,	390313,	1.65255e+015,	-1,	0,	1,	7,	3,	5,	1,	0,	1.65255e+009,	-0.705658,	-0.540848,	-0.361547,	-0.0904288,	-0.594994,	-0.0672188,	-0.00998132,	0.0858028,	-0.767999,	-0.19459,	-0.0209634,	-0.0063551,	-0.759989,	-0.258132,	-0.0225602,	-0.0728876,	-0.736848,	-0.363249,	-0.0195284,	-0.376867,	-0.3731,	0.59547,	-0.04312,	52655,	-228,	7,	-488,	52685,	138,	-54,	-150,	52665,	65,	-30,	-343,	
1,	14,	390391,	1.65255e+015,	1,	7,	-11,	-4,	-6,	-1,	-2,	-1,	1.65255e+009,	-0.705658,	-0.540848,	-0.361547,	-0.0904288,	-0.594994,	-0.0672188,	-0.00998132,	0.0858028,	-0.767999,	-0.19459,	-0.0209634,	-0.0063551,	-0.759989,	-0.258132,	-0.0225602,	-0.0728876,	-0.736848,	-0.363249,	-0.0195284,	-0.376867,	-0.3731,	0.59547,	-0.04312,	52665,	-227,	8,	-488,	52695,	138,	-54,	-150,	52675,	65,	-29,	-343,	
1,	14,	390469,	1.65255e+015,	-1,	-5,	10,	-2,	-10,	-4,	-1,	-1,	1.65255e+009,	-0.705658,	-0.540848,	-0.361547,	-0.0904288,	-0.594994,	-0.0672188,	-0.00998132,	0.0858028,	-0.767999,	-0.19459,	-0.0209634,	-0.0063551,	-0.759989,	-0.258132,	-0.0225602,	-0.0728876,	-0.736848,	-0.363249,	-0.0195284,	-0.376867,	-0.3731,	0.59547,	-0.04312,	52675,	-228,	7,	-487,	52705,	138,	-53,	-150,	52685,	64,	-30,	-343,	
1,	14,	390532,	1.65255e+015,	-1,	-1,	0,	1,	2,	1,	0,	-2,	1.65255e+009,	-0.705658,	-0.540848,	-0.361547,	-0.0904288,	-0.594994,	-0.0672188,	-0.00998132,	0.0858028,	-0.767999,	-0.19459,	-0.0209634,	-0.0063551,	-0.759989,	-0.258132,	-0.0225602,	-0.0728876,	-0.736848,	-0.363249,	-0.0195284,	-0.376867,	-0.3731,	0.59547,	-0.04312,	52685,	-227,	7,	-487,	52715,	138,	-54,	-150,	52695,	65,	-30,	-343,	
1,	14,	390610,	1.65255e+015,	0,	3,	-1,	11,	-6,	-2,	1,	0,	1.65255e+009,	-0.705658,	-0.540848,	-0.361547,	-0.0904288,	-0.594994,	-0.0672188,	-0.00998132,	0.0858028,	-0.767999,	-0.19459,	-0.0209634,	-0.0063551,	-0.759989,	-0.258132,	-0.0225602,	-0.0728876,	-0.736848,	-0.363249,	-0.0195284,	-0.376867,	-0.3731,	0.59547,	-0.04312,	52695,	-228,	7,	-487,	52725,	137,	-55,	-150,	52705,	64,	-29,	-343,	
1,	14,	390688,	1.65255e+015,	-3,	-1,	-8,	4,	-1,	-1,	-1,	0,	1.65255e+009,	-0.705658,	-0.540848,	-0.361547,	-0.0904288,	-0.594994,	-0.0672188,	-0.00998132,	0.0858028,	-0.767999,	-0.19459,	-0.0209634,	-0.0063551,	-0.759989,	-0.258132,	-0.0225602,	-0.0728876,	-0.736848,	-0.363249,	-0.0195284,	-0.376867,	-0.3731,	0.59547,	-0.04312,	52705,	-228,	6,	-487,	52735,	138,	-55,	-150,	52715,	64,	-30,	-343,	
1,	14,	390782,	1.65255e+015,	-1,	3,	14,	0,	-4,	-1,	0,	0,	1.65255e+009,	-0.705658,	-0.540848,	-0.361547,	-0.0904288,	-0.594994,	-0.0672188,	-0.00998132,	0.0858028,	-0.767999,	-0.19459,	-0.0209634,	-0.0063551,	-0.759989,	-0.258132,	-0.0225602,	-0.0728876,	-0.736848,	-0.363249,	-0.0195284,	-0.376867,	-0.3731,	0.59547,	-0.04312,	52715,	-228,	7,	-486,	52745,	137,	-55,	-150,	52725,	65,	-29,	-343,	
1,	14,	390860,	1.65255e+015,	-2,	3,	8,	7,	3,	0,	-1,	-2,	1.65255e+009,	-0.705658,	-0.540848,	-0.361547,	-0.0904288,	-0.594994,	-0.0672188,	-0.00998132,	0.0858028,	-0.767999,	-0.19459,	-0.0209634,	-0.0063551,	-0.759989,	-0.258132,	-0.0225602,	-0.0728876,	-0.736848,	-0.363249,	-0.0195284,	-0.376867,	-0.3731,	0.59547,	-0.04312,	52725,	-228,	7,	-487,	52755,	138,	-54,	-150,	52735,	65,	-29,	-344,	
1,	14,	390938,	1.65255e+015,	-1,	3,	-2,	3,	1,	-2,	0,	-1,	1.65255e+009,	-0.705658,	-0.540848,	-0.361547,	-0.0904288,	-0.594994,	-0.0672188,	-0.00998132,	0.0858028,	-0.767999,	-0.19459,	-0.0209634,	-0.0063551,	-0.759989,	-0.258132,	-0.0225602,	-0.0728876,	-0.736848,	-0.363249,	-0.0195284,	-0.376867,	-0.3731,	0.59547,	-0.04312,	52735,	-228,	7,	-487,	52765,	137,	-55,	-150,	52745,	66,	-29,	-343,	
1,	14,	391016,	1.65255e+015,	0,	-1,	-9,	-3,	3,	0,	-1,	-1,	1.65255e+009,	-0.705658,	-0.540848,	-0.361547,	-0.0904288,	-0.594994,	-0.0672188,	-0.00998132,	0.0858028,	-0.767999,	-0.19459,	-0.0209634,	-0.0063551,	-0.759989,	-0.258132,	-0.0225602,	-0.0728876,	-0.736848,	-0.363249,	-0.0195284,	-0.376867,	-0.3731,	0.59547,	-0.04312,	52745,	-229,	7,	-487,	52775,	137,	-54,	-150,	52755,	65,	-30,	-343,	
1,	14,	391094,	1.65255e+015,	-1,	-2,	-1,	-2,	-3,	-1,	-1,	0,	1.65255e+009,	-0.705658,	-0.540848,	-0.361547,	-0.0904288,	-0.594994,	-0.0672188,	-0.00998132,	0.0858028,	-0.767999,	-0.19459,	-0.0209634,	-0.0063551,	-0.759989,	-0.258132,	-0.0225602,	-0.0728876,	-0.736848,	-0.363249,	-0.0195284,	-0.376867,	-0.3731,	0.59547,	-0.04312,	52755,	-228,	7,	-487,	52785,	138,	-55,	-150,	52765,	66,	-29,	-344,	
1,	14,	391172,	1.65255e+015,	2,	-3,	-7,	-3,	-5,	-4,	-3,	0,	1.65255e+009,	-0.705658,	-0.540848,	-0.361547,	-0.0904288,	-0.594994,	-0.0672188,	-0.00998132,	0.0858028,	-0.767999,	-0.19459,	-0.0209634,	-0.0063551,	-0.759989,	-0.258132,	-0.0225602,	-0.0728876,	-0.736848,	-0.363249,	-0.0195284,	-0.376867,	-0.3731,	0.59547,	-0.04312,	52765,	-228,	6,	-487,	52795,	138,	-55,	-150,	52775,	65,	-30,	-344,	
1,	14,	391250,	1.65255e+015,	-1,	-5,	-9,	-12,	-7,	-5,	-1,	0,	1.65255e+009,	-0.705658,	-0.540848,	-0.361547,	-0.0904288,	-0.594994,	-0.0672188,	-0.00998132,	0.0858028,	-0.767999,	-0.19459,	-0.0209634,	-0.0063551,	-0.759989,	-0.258132,	-0.0225602,	-0.0728876,	-0.736848,	-0.363249,	-0.0195284,	-0.376867,	-0.3731,	0.59547,	-0.04312,	52775,	-228,	6,	-487,	52805,	137,	-54,	-150,	52785,	65,	-29,	-344,	
1,	14,	391329,	1.65255e+015,	1,	2,	6,	2,	-4,	-4,	-2,	-1,	1.65255e+009,	-0.705658,	-0.540848,	-0.361547,	-0.0904288,	-0.594994,	-0.0672188,	-0.00998132,	0.0858028,	-0.767999,	-0.19459,	-0.0209634,	-0.0063551,	-0.759989,	-0.258132,	-0.0225602,	-0.0728876,	-0.736848,	-0.363249,	-0.0195284,	-0.376867,	-0.3731,	0.59547,	-0.04312,	52785,	-228,	7,	-487,	52815,	137,	-54,	-150,	52795,	66,	-28,	-344,	
1,	14,	391407,	1.65255e+015,	-1,	0,	-2,	5,	-1,	-3,	-2,	0,	1.65255e+009,	-0.705658,	-0.540848,	-0.361547,	-0.0904288,	-0.594994,	-0.0672188,	-0.00998132,	0.0858028,	-0.767999,	-0.19459,	-0.0209634,	-0.0063551,	-0.759989,	-0.258132,	-0.0225602,	-0.0728876,	-0.736848,	-0.363249,	-0.0195284,	-0.376867,	-0.3731,	0.59547,	-0.04312,	52795,	-229,	6,	-487,	52825,	137,	-54,	-150,	52805,	65,	-30,	-344,	
1,	14,	391500,	1.65255e+015,	-2,	-3,	0,	-4,	-7,	-4,	-1,	-1,	1.65255e+009,	-0.705658,	-0.540848,	-0.361547,	-0.0904288,	-0.594994,	-0.0672188,	-0.00998132,	0.0858028,	-0.767999,	-0.19459,	-0.0209634,	-0.0063551,	-0.759989,	-0.258132,	-0.0225602,	-0.0728876,	-0.736848,	-0.363249,	-0.0195284,	-0.376867,	-0.3731,	0.59547,	-0.04312,	52805,	-229,	7,	-487,	52835,	137,	-54,	-150,	52815,	65,	-29,	-343,	
1,	14,	391579,	1.65255e+015,	1,	5,	1,	0,	-5,	-1,	-2,	-2,	1.65255e+009,	-0.705658,	-0.540848,	-0.361547,	-0.0904288,	-0.594994,	-0.0672188,	-0.00998132,	0.0858028,	-0.767999,	-0.19459,	-0.0209634,	-0.0063551,	-0.759989,	-0.258132,	-0.0225602,	-0.0728876,	-0.736848,	-0.363249,	-0.0195284,	-0.376867,	-0.3731,	0.59547,	-0.04312,	52815,	-229,	7,	-486,	52845,	137,	-54,	-150,	52825,	64,	-30,	-344,	
1,	14,	391657,	1.65255e+015,	-3,	-5,	2,	-7,	1,	-2,	0,	0,	1.65255e+009,	-0.705658,	-0.540848,	-0.361547,	-0.0904288,	-0.594994,	-0.0672188,	-0.00998132,	0.0858028,	-0.767999,	-0.19459,	-0.0209634,	-0.0063551,	-0.759989,	-0.258132,	-0.0225602,	-0.0728876,	-0.736848,	-0.363249,	-0.0195284,	-0.376867,	-0.3731,	0.59547,	-0.04312,	52825,	-228,	6,	-486,	52855,	138,	-54,	-150,	52835,	65,	-31,	-343,	
1,	14,	391735,	1.65255e+015,	3,	4,	13,	9,	1,	-1,	2,	2,	1.65255e+009,	-0.705658,	-0.540848,	-0.361547,	-0.0904288,	-0.594994,	-0.0672188,	-0.00998132,	0.0858028,	-0.767999,	-0.19459,	-0.0209634,	-0.0063551,	-0.759989,	-0.258132,	-0.0225602,	-0.0728876,	-0.736848,	-0.363249,	-0.0195284,	-0.376867,	-0.3731,	0.59547,	-0.04312,	52835,	-229,	7,	-487,	52865,	137,	-54,	-150,	52845,	64,	-30,	-344,	
1,	14,	391813,	1.65255e+015,	1,	2,	1,	-2,	-4,	-3,	-1,	0,	1.65255e+009,	-0.705658,	-0.540848,	-0.361547,	-0.0904288,	-0.594994,	-0.0672188,	-0.00998132,	0.0858028,	-0.767999,	-0.19459,	-0.0209634,	-0.0063551,	-0.759989,	-0.258132,	-0.0225602,	-0.0728876,	-0.736848,	-0.363249,	-0.0195284,	-0.376867,	-0.3731,	0.59547,	-0.04312,	52845,	-228,	8,	-487,	52875,	137,	-54,	-150,	52855,	64,	-31,	-344,	
2,	14,	391922,	1.65255e+015,	-3,	-5,	-1,	-6,	-10,	-4,	-1,	-2,	1.65255e+009,	-0.705658,	-0.540848,	-0.361547,	-0.0904288,	-0.594994,	-0.0672188,	-0.00998132,	0.0858028,	-0.767999,	-0.19459,	-0.0209634,	-0.0063551,	-0.759989,	-0.258132,	-0.0225602,	-0.0728876,	-0.736848,	-0.363249,	-0.0195284,	-0.376867,	-0.3731,	0.59547,	-0.04312,	52855,	-228,	8,	-487,	52885,	138,	-54,	-150,	52865,	64,	-29,	-344,	
2,	14,	392000,	1.65255e+015,	0,	10,	-3,	6,	2,	-1,	0,	-2,	1.65255e+009,	-0.705658,	-0.540848,	-0.361547,	-0.0904288,	-0.594994,	-0.0672188,	-0.00998132,	0.0858028,	-0.767999,	-0.19459,	-0.0209634,	-0.0063551,	-0.759989,	-0.258132,	-0.0225602,	-0.0728876,	-0.736848,	-0.363249,	-0.0195284,	-0.376867,	-0.3731,	0.59547,	-0.04312,	52865,	-229,	6,	-487,	52895,	139,	-55,	-150,	52875,	64,	-30,	-344,	
2,	14,	392079,	1.65255e+015,	0,	-1,	0,	-3,	1,	-1,	-2,	0,	1.65255e+009,	-0.705658,	-0.540848,	-0.361547,	-0.0904288,	-0.594994,	-0.0672188,	-0.00998132,	0.0858028,	-0.767999,	-0.19459,	-0.0209634,	-0.0063551,	-0.759989,	-0.258132,	-0.0225602,	-0.0728876,	-0.736848,	-0.363249,	-0.0195284,	-0.376867,	-0.3731,	0.59547,	-0.04312,	52875,	-228,	8,	-487,	52905,	137,	-53,	-150,	52885,	63,	-30,	-344,	
2,	14,	392157,	1.65255e+015,	1,	-1,	-3,	4,	-2,	-1,	0,	0,	1.65255e+009,	-0.705658,	-0.540848,	-0.361547,	-0.0904288,	-0.594994,	-0.0672188,	-0.00998132,	0.0858028,	-0.767999,	-0.19459,	-0.0209634,	-0.0063551,	-0.759989,	-0.258132,	-0.0225602,	-0.0728876,	-0.736848,	-0.363249,	-0.0195284,	-0.376867,	-0.3731,	0.59547,	-0.04312,	52885,	-228,	8,	-487,	52915,	137,	-54,	-151,	52895,	64,	-29,	-344,	
2,	14,	392219,	1.65255e+015,	1,	4,	0,	8,	7,	2,	0,	0,	1.65255e+009,	-0.705658,	-0.540848,	-0.361547,	-0.0904288,	-0.594994,	-0.0672188,	-0.00998132,	0.0858028,	-0.767999,	-0.19459,	-0.0209634,	-0.0063551,	-0.759989,	-0.258132,	-0.0225602,	-0.0728876,	-0.736848,	-0.363249,	-0.0195284,	-0.376867,	-0.3731,	0.59547,	-0.04312,	52895,	-227,	8,	-488,	52925,	137,	-54,	-150,	52905,	65,	-30,	-344,	
2,	14,	392297,	1.65255e+015,	2,	12,	19,	13,	-2,	-1,	0,	1,	1.65255e+009,	-0.705658,	-0.540848,	-0.361547,	-0.0904288,	-0.594994,	-0.0672188,	-0.00998132,	0.0858028,	-0.767999,	-0.19459,	-0.0209634,	-0.0063551,	-0.759989,	-0.258132,	-0.0225602,	-0.0728876,	-0.736848,	-0.363249,	-0.0195284,	-0.376867,	-0.3731,	0.59547,	-0.04312,	52905,	-228,	8,	-488,	52935,	137,	-55,	-150,	52915,	65,	-29,	-344,	
2,	14,	392375,	1.65255e+015,	-1,	1,	4,	3,	-8,	-6,	-1,	-1,	1.65255e+009,	-0.705658,	-0.540848,	-0.361547,	-0.0904288,	-0.594994,	-0.0672188,	-0.00998132,	0.0858028,	-0.767999,	-0.19459,	-0.0209634,	-0.0063551,	-0.759989,	-0.258132,	-0.0225602,	-0.0728876,	-0.736848,	-0.363249,	-0.0195284,	-0.376867,	-0.3731,	0.59547,	-0.04312,	52915,	-228,	7,	-488,	52945,	137,	-55,	-150,	52925,	65,	-30,	-344,	
2,	14,	392438,	1.65255e+015,	0,	-1,	-10,	-7,	-5,	-4,	-2,	-2,	1.65255e+009,	-0.705658,	-0.540848,	-0.361547,	-0.0904288,	-0.594994,	-0.0672188,	-0.00998132,	0.0858028,	-0.767999,	-0.19459,	-0.0209634,	-0.0063551,	-0.759989,	-0.258132,	-0.0225602,	-0.0728876,	-0.736848,	-0.363249,	-0.0195284,	-0.376867,	-0.3731,	0.59547,	-0.04312,	52925,	-227,	7,	-487,	52955,	137,	-54,	-150,	52935,	64,	-29,	-344,	
2,	14,	392516,	1.65255e+015,	2,	4,	-6,	-3,	-9,	-6,	1,	0,	1.65255e+009,	-0.705658,	-0.540848,	-0.361547,	-0.0904288,	-0.659058,	-0.0672188,	-0.00998132,	0.0858028,	-0.767999,	-0.19459,	-0.0209634,	-0.0063551,	-0.759989,	-0.258132,	-0.0225602,	-0.0728876,	-0.736848,	-0.363249,	-0.0195284,	-0.376867,	-0.3731,	0.59547,	-0.04312,	52935,	-229,	7,	-486,	52965,	138,	-55,	-150,	52945,	64,	-30,	-344,	
2,	14,	392579,	1.65255e+015,	-2,	4,	10,	8,	1,	3,	-1,	0,	1.65255e+009,	-0.705658,	-0.540848,	-0.361547,	-0.0904288,	-0.659058,	-0.0672188,	-0.00998132,	0.0858028,	-0.767999,	-0.19459,	-0.0209634,	-0.0063551,	-0.759989,	-0.258132,	-0.0225602,	-0.0728876,	-0.736848,	-0.363249,	-0.0195284,	-0.376867,	-0.3731,	0.59547,	-0.04312,	52945,	-229,	8,	-486,	52975,	137,	-55,	-151,	52955,	65,	-30,	-344,	
2,	14,	392641,	1.65255e+015,	-6,	0,	-4,	16,	-5,	-14,	-4,	1,	1.65255e+009,	-0.705658,	-0.540848,	-0.361547,	-0.0904288,	-0.659058,	-0.0672188,	-0.00998132,	0.0774631,	-0.767999,	-0.19459,	-0.0209634,	-0.00360478,	-0.759989,	-0.169427,	-0.0196168,	-0.0701373,	-0.627198,	-0.363249,	-0.0195284,	-0.332719,	-0.4095,	0.59547,	-0.04312,	52955,	-229,	8,	-485,	52985,	137,	-55,	-150,	52965,	64,	-31,	-344,	
2,	14,	392719,	1.65255e+015,	-30,	-31,	-101,	-32,	0,	-3,	9,	11,	1.65255e+009,	-0.705658,	-0.540848,	-0.361547,	-0.0756448,	-0.659058,	-0.0672188,	-0.00998132,	0.0471812,	-0.610299,	-0.0149685,	-0.00247295,	-0.00727072,	-0.673257,	-0.0097576,	-0.00162833,	-0.0324052,	-0.429828,	-0.235119,	-0.0222803,	-0.235847,	-0.4095,	0.59547,	-0.04312,	52965,	-227,	7,	-485,	52995,	137,	-55,	-150,	52975,	65,	-30,	-344,	
2,	14,	392782,	1.65255e+015,	4,	8,	16,	27,	17,	1,	14,	10,	1.65255e+009,	-0.705658,	-0.664048,	-0.328529,	-0.0756448,	-0.578978,	-0.0672188,	-0.00998132,	-3.91942e-005,	-0.452599,	-0.0149685,	-0.00247295,	-0.0190031,	-0.564842,	0.0789474,	0.0154155,	0.0386584,	-0.298248,	-0.158241,	-0.0188881,	-0.123385,	-0.455,	0.59547,	-0.04312,	52975,	-228,	7,	-486,	53005,	136,	-55,	-151,	52985,	65,	-30,	-345,	
2,	14,	392860,	1.65255e+015,	8,	-2,	-18,	7,	18,	9,	92,	19,	1.65255e+009,	-0.630509,	-0.664048,	-0.328529,	-0.0756448,	-0.498898,	-0.00611083,	-0.00102689,	-0.0289123,	-0.279129,	0.0848215,	0.016722,	-0.0367862,	-0.348012,	0.0789474,	0.0154155,	0.103671,	-0.210528,	-0.0941755,	-0.0131718,	0.000767699,	-0.5187,	0.56095,	-0.04312,	52985,	-229,	7,	-486,	53015,	138,	-55,	-151,	52995,	64,	-31,	-345,	
2,	14,	392938,	1.65255e+015,	4,	11,	21,	-23,	5,	6,	-7,	-9,	1.65255e+009,	-0.630509,	-0.664048,	-0.262493,	-0.0756448,	-0.498898,	-0.00611083,	-0.00102689,	-0.046052,	-0.216049,	0.0848215,	0.016722,	-0.0428359,	-0.348012,	0.0789474,	0.0154155,	0.133106,	-0.210528,	-0.0301105,	-0.00482866,	0.059772,	-0.5551,	0.56095,	-0.04312,	52995,	-229,	8,	-487,	53025,	137,	-55,	-150,	53005,	65,	-30,	-344,	
2,	14,	393016,	1.65255e+015,	1,	16,	44,	9,	6,	-11,	-3,	-1,	1.65255e+009,	-0.630509,	-0.664048,	-0.262493,	-0.0756448,	-0.498898,	-0.00611083,	-0.00102689,	-0.0602584,	-0.216049,	0.0848215,	0.016722,	-0.0459523,	-0.348012,	0.0789474,	0.0154155,	0.153645,	-0.210528,	-0.0301105,	-0.00482866,	0.0803116,	-0.6006,	0.56095,	-0.04312,	53005,	-230,	7,	-487,	53035,	137,	-54,	-151,	53015,	65,	-31,	-344,	
2,	14,	393094,	1.65255e+015,	8,	1,	9,	24,	-14,	-23,	-5,	-10,	1.65255e+009,	-0.555359,	-0.664048,	-0.262493,	-0.0756448,	-0.434834,	-0.00611083,	-0.00102689,	-0.0602584,	-0.137199,	0.0848215,	0.016722,	-0.0459523,	-0.239597,	0.0789474,	0.0154155,	0.153645,	-0.210528,	-0.0301105,	-0.00482866,	0.0803116,	-0.6006,	0.56095,	-0.04312,	53015,	-228,	7,	-487,	53045,	138,	-54,	-151,	53025,	65,	-30,	-344,	
2,	14,	393172,	1.65255e+015,	1,	5,	7,	-16,	-8,	14,	-2,	6,	1.65255e+009,	-0.555359,	-0.664048,	-0.262493,	-0.0756448,	-0.434834,	-0.00611083,	-0.00102689,	-0.0602584,	-0.137199,	0.0848215,	0.016722,	-0.0459523,	-0.239597,	0.0789474,	0.0154155,	0.153645,	-0.210528,	-0.0301105,	-0.00482866,	0.103968,	-0.6006,	0.56095,	-0.04312,	53025,	-228,	8,	-488,	53055,	137,	-54,	-150,	53035,	65,	-29,	-344,	
2,	14,	393250,	1.65255e+015,	-10,	-5,	-3,	-21,	-1,	0,	-9,	4,	1.65255e+009,	-0.555359,	-0.664048,	-0.262493,	-0.0756448,	-0.434834,	-0.00611083,	-0.00102689,	-0.0602584,	-0.137199,	0.0848215,	0.016722,	-0.0459523,	-0.239597,	0.0789474,	0.0154155,	0.153645,	-0.210528,	-0.0301105,	-0.00482866,	0.103968,	-0.6006,	0.56095,	-0.04312,	53035,	-227,	7,	-488,	53065,	137,	-54,	-150,	53045,	64,	-30,	-345,	
2,	14,	393313,	1.65255e+015,	-4,	27,	54,	14,	2,	-5,	-3,	-5,	1.65255e+009,	-0.555359,	-0.664048,	-0.262493,	-0.0756448,	-0.434834,	-0.00611083,	-0.00102689,	-0.0602584,	-0.137199,	0.0848215,	0.016722,	-0.0459523,	-0.239597,	0.0789474,	0.0154155,	0.153645,	-0.210528,	-0.0301105,	-0.00482866,	0.103968,	-0.6006,	0.56095,	-0.04312,	53045,	-227,	6,	-488,	53075,	137,	-54,	-150,	53055,	65,	-29,	-345,	
2,	14,	393407,	1.65255e+015,	8,	-23,	-75,	-26,	-15,	-13,	-7,	-13,	1.65255e+009,	-0.555359,	-0.664048,	-0.262493,	-0.0756448,	-0.434834,	-0.00611083,	-0.00102689,	-0.0602584,	-0.137199,	0.0848215,	0.016722,	-0.0459523,	-0.239597,	0.0789474,	0.0154155,	0.153645,	-0.210528,	-0.0301105,	-0.00482866,	0.103968,	-0.6006,	0.56095,	-0.04312,	53055,	-228,	5,	-487,	53085,	137,	-55,	-150,	53065,	64,	-30,	-344,	
2,	14,	393500,	1.65255e+015,	-4,	18,	29,	2,	-6,	-5,	3,	-1,	1.65255e+009,	-0.555359,	-0.664048,	-0.262493,	-0.0756448,	-0.434834,	-0.00611083,	-0.00102689,	-0.0602584,	-0.137199,	0.0848215,	0.016722,	-0.0459523,	-0.239597,	0.0789474,	0.0154155,	0.153645,	-0.210528,	-0.0301105,	-0.00482866,	0.103968,	-0.6006,	0.56095,	-0.04312,	53065,	-227,	7,	-487,	53095,	137,	-55,	-150,	53075,	64,	-30,	-344,	
2,	14,	393579,	1.65255e+015,	0,	-1,	-23,	-2,	-9,	-15,	12,	-18,	1.65255e+009,	-0.555359,	-0.664048,	-0.262493,	-0.0756448,	-0.434834,	-0.00611083,	-0.00102689,	-0.0602584,	-0.137199,	0.0848215,	0.016722,	-0.0459523,	-0.239597,	0.0789474,	0.0154155,	0.153645,	-0.210528,	-0.0301105,	-0.00482866,	0.103968,	-0.6006,	0.56095,	-0.04312,	53075,	-228,	7,	-487,	53105,	138,	-56,	-151,	53085,	64,	-30,	-344,	
2,	14,	393641,	1.65255e+015,	-1,	4,	90,	29,	-4,	-2,	-6,	-3,	1.65255e+009,	-0.555359,	-0.664048,	-0.262493,	-0.0756448,	-0.434834,	-0.00611083,	-0.00102689,	-0.0602584,	-0.137199,	0.0848215,	0.016722,	-0.0459523,	-0.239597,	0.0789474,	0.0154155,	0.153645,	-0.210528,	-0.0301105,	-0.00482866,	0.103968,	-0.6006,	0.56095,	-0.04312,	53085,	-228,	7,	-488,	53115,	138,	-54,	-150,	53095,	64,	-30,	-344,	
2,	14,	393704,	1.65255e+015,	-22,	-5,	23,	-22,	-7,	-1,	-13,	-1,	1.65255e+009,	-0.555359,	-0.664048,	-0.262493,	-0.0756448,	-0.434834,	-0.00611083,	-0.00102689,	-0.0602584,	-0.137199,	0.0848215,	0.016722,	-0.0459523,	-0.239597,	0.0789474,	0.0154155,	0.153645,	-0.210528,	-0.0301105,	-0.00482866,	0.103968,	-0.6006,	0.56095,	-0.04312,	53095,	-228,	7,	-488,	53125,	138,	-55,	-150,	53105,	63,	-30,	-345,	
2,	14,	393782,	1.65255e+015,	-3,	-8,	-47,	2,	0,	2,	-30,	-4,	1.65255e+009,	-0.555359,	-0.664048,	-0.262493,	-0.0756448,	-0.434834,	-0.00611083,	-0.00102689,	-0.0602584,	-0.137199,	0.0848215,	0.016722,	-0.0459523,	-0.239597,	0.0789474,	0.0154155,	0.153645,	-0.210528,	-0.0301105,	-0.00482866,	0.103968,	-0.6006,	0.56095,	-0.04312,	53105,	-227,	6,	-489,	53135,	138,	-56,	-151,	53115,	65,	-30,	-345,	
2,	14,	393860,	1.65255e+015,	0,	9,	23,	-4,	-1,	3,	11,	-7,	1.65255e+009,	-0.555359,	-0.664048,	-0.262493,	-0.0756448,	-0.434834,	-0.00611083,	-0.00102689,	-0.0602584,	-0.137199,	0.0848215,	0.016722,	-0.0459523,	-0.239597,	0.0789474,	0.0154155,	0.153645,	-0.210528,	-0.0301105,	-0.00482866,	0.103968,	-0.6006,	0.56095,	-0.04312,	53115,	-228,	7,	-489,	53145,	137,	-55,	-151,	53125,	65,	-29,	-344,	
2,	14,	393938,	1.65255e+015,	0,	-5,	-19,	-13,	-3,	-1,	-2,	-2,	1.65255e+009,	-0.555359,	-0.664048,	-0.262493,	-0.0756448,	-0.434834,	-0.00611083,	-0.00102689,	-0.0602584,	-0.137199,	0.0848215,	0.016722,	-0.0459523,	-0.239597,	0.0789474,	0.0154155,	0.153645,	-0.210528,	-0.0301105,	-0.00482866,	0.103968,	-0.6006,	0.56095,	-0.04312,	53125,	-228,	7,	-488,	53155,	138,	-55,	-151,	53135,	66,	-29,	-344,	
2,	14,	394000,	1.65255e+015,	2,	11,	-10,	5,	4,	7,	-1,	0,	1.65255e+009,	-0.555359,	-0.664048,	-0.262493,	-0.0756448,	-0.434834,	-0.00611083,	-0.00102689,	-0.0602584,	-0.137199,	0.0848215,	0.016722,	-0.0459523,	-0.239597,	0.0789474,	0.0154155,	0.153645,	-0.210528,	-0.0301105,	-0.00482866,	0.103968,	-0.6006,	0.56095,	-0.04312,	53135,	-226,	8,	-489,	53165,	137,	-55,	-151,	53145,	66,	-30,	-344,	
2,	14,	394063,	1.65255e+015,	0,	3,	-1,	-2,	-4,	-3,	1,	-4,	1.65255e+009,	-0.555359,	-0.664048,	-0.262493,	-0.0756448,	-0.434834,	-0.00611083,	-0.00102689,	-0.0602584,	-0.137199,	0.0848215,	0.016722,	-0.0459523,	-0.239597,	0.0789474,	0.0154155,	0.153645,	-0.210528,	-0.0301105,	-0.00482866,	0.103968,	-0.6006,	0.56095,	-0.04312,	53145,	-227,	7,	-488,	53175,	138,	-55,	-151,	53155,	65,	-29,	-344,	
2,	14,	394141,	1.65255e+015,	-1,	1,	-5,	0,	3,	-11,	-14,	-1,	1.65255e+009,	-0.630509,	-0.664048,	-0.262493,	-0.0756448,	-0.434834,	-0.00611083,	-0.00102689,	-0.0297173,	-0.137199,	0.0848215,	0.016722,	-0.0287192,	-0.239597,	0.0789474,	0.0154155,	0.0880823,	-0.210528,	-0.0301105,	-0.00482866,	0.0384046,	-0.4459,	0.56095,	-0.04312,	53155,	-228,	6,	-487,	53185,	138,	-54,	-150,	53165,	64,	-29,	-344,	
2,	14,	394204,	1.65255e+015,	1,	1,	-7,	7,	3,	5,	-1,	-1,	1.65255e+009,	-0.705658,	-0.664048,	-0.262493,	-0.0756448,	-0.514914,	-0.00611083,	-0.00102689,	0.0187685,	-0.405289,	-0.0149685,	-0.00247295,	-0.0135035,	-0.47811,	-0.0097576,	-0.00162833,	0.00867405,	-0.451758,	-0.145428,	-0.0179549,	-0.100144,	-0.4459,	0.56095,	-0.04312,	53165,	-229,	7,	-487,	53195,	138,	-55,	-150,	53175,	64,	-29,	-344,	
2,	14,	394282,	1.65255e+015,	-5,	3,	-2,	26,	-3,	0,	0,	-1,	1.65255e+009,	-0.705658,	-0.565488,	-0.262493,	-0.0756448,	-0.61101,	-0.0672188,	-0.00998132,	0.0575913,	-0.673379,	-0.0948005,	-0.0132402,	-0.0146046,	-0.608208,	-0.0984626,	-0.0136363,	-0.0279111,	-0.561408,	-0.260745,	-0.0225705,	-0.225439,	-0.4914,	0.59547,	-0.04312,	53175,	-229,	7,	-487,	53205,	138,	-55,	-150,	53185,	65,	-30,	-344,	
2,	14,	394360,	1.65255e+015,	-2,	10,	-10,	3,	-1,	1,	1,	0,	1.65255e+009,	-0.780809,	-0.442288,	-0.262493,	-0.0559328,	-0.69109,	-0.0672188,	-0.00998132,	0.0701298,	-0.673379,	-0.0948005,	-0.0132402,	-0.0109381,	-0.716623,	-0.0984626,	-0.0136363,	-0.0479006,	-0.561408,	-0.260745,	-0.0225705,	-0.269084,	-0.4914,	0.59547,	-0.04312,	53185,	-229,	7,	-487,	53215,	138,	-55,	-150,	53195,	65,	-29,	-344,	
2,	14,	394438,	1.65255e+015,	-2,	-3,	-2,	1,	1,	7,	2,	-1,	1.65255e+009,	-0.780809,	-0.442288,	-0.262493,	-0.0559328,	-0.77117,	-0.0672188,	-0.00998132,	0.0801374,	-0.831079,	-0.0948005,	-0.0132402,	-0.0142385,	-0.716623,	-0.0984626,	-0.0136363,	-0.051201,	-0.649128,	-0.260745,	-0.0225705,	-0.301955,	-0.4459,	0.59547,	-0.04312,	53195,	-229,	7,	-486,	53225,	138,	-55,	-150,	53205,	66,	-30,	-344,	
2,	14,	394500,	1.65255e+015,	0,	-4,	0,	4,	-4,	-7,	2,	0,	1.65255e+009,	-0.780809,	-0.442288,	-0.328529,	-0.0559328,	-0.867266,	-0.143604,	-0.0178136,	0.0941425,	-0.925699,	-0.19459,	-0.0209634,	-0.00910542,	-0.803355,	-0.187168,	-0.0206083,	-0.0756379,	-0.649128,	-0.311997,	-0.02189,	-0.326392,	-0.4095,	0.59547,	-0.04312,	53205,	-228,	7,	-487,	53235,	138,	-54,	-150,	53215,	65,	-29,	-344,	
2,	14,	394563,	1.65255e+015,	-2,	0,	-5,	-8,	-3,	9,	0,	1,	1.65255e+009,	-0.840928,	-0.442288,	-0.328529,	-0.0312928,	-0.947346,	-0.143604,	-0.0178136,	0.0941425,	-0.973009,	-0.19459,	-0.0209634,	-0.00910542,	-0.91177,	-0.187168,	-0.0206083,	-0.0756379,	-0.649128,	-0.376062,	-0.0186753,	-0.350048,	-0.364,	0.63862,	-0.04312,	53215,	-228,	6,	-487,	53245,	138,	-54,	-150,	53225,	65,	-29,	-344,	
2,	14,	394641,	1.65255e+015,	-2,	-8,	-8,	-4,	-3,	-3,	-1,	-1,	1.65255e+009,	-0.901049,	-0.442288,	-0.361547,	-0.0312928,	-0.947346,	-0.143604,	-0.0178136,	0.102482,	-0.973009,	-0.19459,	-0.0209634,	-0.0118557,	-0.91177,	-0.275873,	-0.0225445,	-0.0783882,	-0.649128,	-0.440127,	-0.0128339,	-0.352798,	-0.3185,	0.63862,	-0.04312,	53225,	-228,	7,	-487,	53255,	137,	-54,	-150,	53235,	65,	-29,	-344,	
2,	14,	394719,	1.65255e+015,	0,	-1,	28,	-1,	-2,	-3,	0,	-1,	1.65255e+009,	-0.901049,	-0.442288,	-0.361547,	-0.0312928,	-0.947346,	-0.143604,	-0.0178136,	0.102482,	-0.973009,	-0.19459,	-0.0209634,	-0.0118557,	-0.91177,	-0.275873,	-0.0225445,	-0.0783882,	-0.649128,	-0.440127,	-0.0128339,	-0.352798,	-0.3185,	0.63862,	-0.04312,	53235,	-228,	7,	-488,	53265,	138,	-55,	-151,	53245,	64,	-28,	-344,	
2,	14,	394782,	1.65255e+015,	0,	-1,	2,	3,	-4,	-2,	1,	-1,	1.65255e+009,	-0.901049,	-0.442288,	-0.361547,	-0.0312928,	-0.947346,	-0.143604,	-0.0178136,	0.102482,	-0.973009,	-0.19459,	-0.0209634,	-0.0118557,	-0.91177,	-0.275873,	-0.0225445,	-0.0783882,	-0.649128,	-0.440127,	-0.0128339,	-0.352798,	-0.3185,	0.63862,	-0.04312,	53245,	-228,	7,	-488,	53275,	137,	-55,	-150,	53255,	65,	-29,	-344,	
2,	14,	394844,	1.65255e+015,	-4,	-12,	-14,	-14,	-5,	-1,	0,	-2,	1.65255e+009,	-0.901049,	-0.442288,	-0.361547,	-0.0312928,	-0.947346,	-0.143604,	-0.0178136,	0.102482,	-0.973009,	-0.19459,	-0.0209634,	-0.0118557,	-0.91177,	-0.275873,	-0.0225445,	-0.0783882,	-0.649128,	-0.440127,	-0.0128339,	-0.352798,	-0.364,	0.63862,	-0.04312,	53255,	-226,	7,	-488,	53285,	136,	-55,	-150,	53265,	65,	-29,	-344,	
2,	14,	394922,	1.65255e+015,	0,	-3,	-2,	-4,	-1,	2,	0,	2,	1.65255e+009,	-0.901049,	-0.442288,	-0.361547,	-0.0312928,	-0.947346,	-0.143604,	-0.0178136,	0.102482,	-0.973009,	-0.19459,	-0.0209634,	-0.0118557,	-0.91177,	-0.275873,	-0.0225445,	-0.0783882,	-0.649128,	-0.440127,	-0.0128339,	-0.352798,	-0.364,	0.63862,	-0.04312,	53265,	-228,	7,	-489,	53295,	137,	-56,	-151,	53275,	65,	-30,	-344,	
2,	14,	394985,	1.65255e+015,	-3,	-11,	-10,	-5,	-4,	-2,	-1,	-1,	1.65255e+009,	-0.901049,	-0.442288,	-0.361547,	-0.0312928,	-0.947346,	-0.143604,	-0.0178136,	0.102482,	-0.973009,	-0.19459,	-0.0209634,	-0.0118557,	-0.91177,	-0.275873,	-0.0225445,	-0.0783882,	-0.649128,	-0.440127,	-0.0128339,	-0.352798,	-0.364,	0.63862,	-0.04312,	53275,	-227,	8,	-488,	53305,	138,	-55,	-151,	53285,	65,	-29,	-344,	
2,	14,	395047,	1.65255e+015,	2,	0,	-8,	6,	3,	1,	-1,	-1,	1.65255e+009,	-0.901049,	-0.442288,	-0.361547,	-0.0312928,	-0.947346,	-0.143604,	-0.0178136,	0.102482,	-0.973009,	-0.19459,	-0.0209634,	-0.0118557,	-0.91177,	-0.275873,	-0.0225445,	-0.0783882,	-0.649128,	-0.440127,	-0.0128339,	-0.352798,	-0.364,	0.63862,	-0.04312,	53285,	-226,	7,	-488,	53315,	138,	-56,	-150,	53295,	65,	-29,	-344,	
2,	14,	395125,	1.65255e+015,	2,	1,	-5,	16,	2,	-3,	-1,	-1,	1.65255e+009,	-0.901049,	-0.442288,	-0.361547,	-0.0312928,	-0.947346,	-0.143604,	-0.0178136,	0.102482,	-0.973009,	-0.19459,	-0.0209634,	-0.0118557,	-0.91177,	-0.275873,	-0.0225445,	-0.0783882,	-0.649128,	-0.440127,	-0.0128339,	-0.352798,	-0.364,	0.63862,	-0.04312,	53295,	-227,	7,	-488,	53325,	139,	-55,	-150,	53305,	65,	-29,	-344,	
2,	14,	395188,	1.65255e+015,	-2,	-6,	5,	-2,	-1,	0,	0,	0,	1.65255e+009,	-0.901049,	-0.442288,	-0.361547,	-0.0312928,	-0.947346,	-0.143604,	-0.0178136,	0.102482,	-0.973009,	-0.19459,	-0.0209634,	-0.0118557,	-0.91177,	-0.275873,	-0.0225445,	-0.0783882,	-0.649128,	-0.440127,	-0.0128339,	-0.352798,	-0.364,	0.59547,	-0.04312,	53305,	-226,	7,	-489,	53335,	139,	-54,	-150,	53315,	65,	-29,	-344,	
2,	14,	395250,	1.65255e+015,	1,	4,	-8,	-10,	-3,	-2,	0,	1,	1.65255e+009,	-0.901049,	-0.442288,	-0.361547,	-0.0312928,	-0.947346,	-0.143604,	-0.0178136,	0.102482,	-0.973009,	-0.19459,	-0.0209634,	-0.0118557,	-0.91177,	-0.275873,	-0.0225445,	-0.0783882,	-0.649128,	-0.440127,	-0.0128339,	-0.352798,	-0.364,	0.59547,	-0.04312,	53315,	-226,	7,	-489,	53345,	139,	-54,	-150,	53325,	66,	-30,	-344,	
2,	14,	395313,	1.65255e+015,	0,	1,	-2,	3,	-2,	-3,	-1,	-2,	1.65255e+009,	-0.901049,	-0.442288,	-0.361547,	-0.0312928,	-0.947346,	-0.143604,	-0.0178136,	0.102482,	-0.973009,	-0.19459,	-0.0209634,	-0.0118557,	-0.91177,	-0.275873,	-0.0225445,	-0.0783882,	-0.649128,	-0.440127,	-0.0128339,	-0.352798,	-0.364,	0.59547,	-0.04312,	53325,	-225,	8,	-489,	53355,	139,	-54,	-150,	53335,	66,	-29,	-344,	
2,	14,	395391,	1.65255e+015,	1,	5,	5,	0,	-1,	0,	-2,	-1,	1.65255e+009,	-0.901049,	-0.442288,	-0.361547,	-0.0312928,	-0.947346,	-0.143604,	-0.0178136,	0.102482,	-0.973009,	-0.19459,	-0.0209634,	-0.0118557,	-0.91177,	-0.275873,	-0.0225445,	-0.0783882,	-0.649128,	-0.440127,	-0.0128339,	-0.352798,	-0.364,	0.59547,	-0.04312,	53335,	-226,	7,	-490,	53365,	139,	-54,	-151,	53345,	65,	-30,	-344,	
2,	14,	395454,	1.65255e+015,	4,	5,	7,	5,	1,	0,	-2,	0,	1.65255e+009,	-0.901049,	-0.442288,	-0.361547,	-0.0312928,	-0.947346,	-0.143604,	-0.0178136,	0.102482,	-0.973009,	-0.19459,	-0.0209634,	-0.0118557,	-0.91177,	-0.275873,	-0.0225445,	-0.0783882,	-0.649128,	-0.440127,	-0.0128339,	-0.352798,	-0.364,	0.59547,	-0.04312,	53345,	-225,	7,	-490,	53375,	139,	-55,	-151,	53355,	66,	-30,	-344,	
2,	14,	395516,	1.65255e+015,	-1,	-5,	-7,	-11,	1,	1,	0,	0,	1.65255e+009,	-0.901049,	-0.442288,	-0.361547,	-0.0312928,	-0.947346,	-0.143604,	-0.0178136,	0.102482,	-0.973009,	-0.19459,	-0.0209634,	-0.0118557,	-0.91177,	-0.275873,	-0.0225445,	-0.0783882,	-0.649128,	-0.440127,	-0.0128339,	-0.352798,	-0.364,	0.59547,	-0.04312,	53355,	-225,	7,	-490,	53385,	139,	-57,	-151,	53365,	66,	-29,	-345,	
2,	14,	395594,	1.65255e+015,	0,	-2,	-6,	-1,	3,	0,	-1,	0,	1.65255e+009,	-0.901049,	-0.442288,	-0.361547,	-0.0312928,	-0.947346,	-0.143604,	-0.0178136,	0.0958104,	-0.973009,	-0.19459,	-0.0209634,	-0.00965548,	-0.91177,	-0.275873,	-0.0225445,	-0.076188,	-0.649128,	-0.440127,	-0.0128339,	-0.350598,	-0.4004,	0.59547,	-0.04312,	53365,	-226,	7,	-490,	53395,	139,	-56,	-151,	53375,	67,	-29,	-345,	
2,	14,	395657,	1.65255e+015,	-3,	-5,	-2,	-62,	-7,	-1,	0,	1,	1.65255e+009,	-0.901049,	-0.442288,	-0.361547,	-0.0312928,	-0.947346,	-0.143604,	-0.0178136,	0.0958104,	-0.973009,	-0.19459,	-0.0209634,	-0.00965548,	-0.91177,	-0.275873,	-0.0225445,	-0.076188,	-0.649128,	-0.440127,	-0.0128339,	-0.350598,	-0.4004,	0.59547,	-0.04312,	53375,	-226,	7,	-489,	53405,	139,	-56,	-151,	53385,	66,	-28,	-345,	
2,	14,	395719,	1.65255e+015,	-1,	-5,	-3,	2,	1,	-2,	-2,	0,	1.65255e+009,	-0.901049,	-0.442288,	-0.361547,	-0.0559328,	-0.947346,	-0.143604,	-0.0178136,	0.0958104,	-0.973009,	-0.19459,	-0.0209634,	-0.00965548,	-0.91177,	-0.275873,	-0.0225445,	-0.076188,	-0.649128,	-0.440127,	-0.0128339,	-0.350598,	-0.4004,	0.59547,	-0.04312,	53385,	-226,	7,	-489,	53415,	139,	-56,	-151,	53395,	66,	-29,	-345,	
2,	14,	395797,	1.65255e+015,	-2,	2,	-3,	7,	-1,	-1,	-1,	-1,	1.65255e+009,	-0.901049,	-0.442288,	-0.361547,	-0.0559328,	-0.947346,	-0.143604,	-0.0178136,	0.0958104,	-0.973009,	-0.19459,	-0.0209634,	-0.00965548,	-0.91177,	-0.275873,	-0.0225445,	-0.076188,	-0.649128,	-0.440127,	-0.0128339,	-0.350598,	-0.4004,	0.59547,	-0.04312,	53395,	-226,	7,	-489,	53425,	139,	-56,	-151,	53405,	66,	-29,	-345,	
2,	14,	395860,	1.65255e+015,	-1,	-3,	2,	1,	2,	-1,	-3,	-1,	1.65255e+009,	-0.901049,	-0.442288,	-0.361547,	-0.0559328,	-0.947346,	-0.143604,	-0.0178136,	0.0958104,	-0.973009,	-0.19459,	-0.0209634,	-0.00965548,	-0.91177,	-0.275873,	-0.0225445,	-0.076188,	-0.649128,	-0.440127,	-0.0128339,	-0.350598,	-0.4004,	0.59547,	-0.04312,	53405,	-227,	7,	-489,	53435,	139,	-56,	-151,	53415,	65,	-30,	-345,	
2,	14,	395922,	1.65255e+015,	-1,	1,	-1,	0,	0,	0,	0,	0,	1.65255e+009,	-0.901049,	-0.442288,	-0.361547,	-0.0559328,	-0.947346,	-0.143604,	-0.0178136,	0.0958104,	-0.973009,	-0.19459,	-0.0209634,	-0.00965548,	-0.91177,	-0.275873,	-0.0225445,	-0.076188,	-0.649128,	-0.440127,	-0.0128339,	-0.350598,	-0.4004,	0.59547,	-0.04312,	53415,	-226,	8,	-490,	53445,	141,	-55,	-151,	53425,	67,	-30,	-345,	
2,	14,	396000,	1.65255e+015,	0,	1,	-2,	-18,	-1,	0,	0,	0,	1.65255e+009,	-0.901049,	-0.442288,	-0.361547,	-0.0559328,	-0.947346,	-0.143604,	-0.0178136,	0.0958104,	-0.973009,	-0.19459,	-0.0209634,	-0.00965548,	-0.91177,	-0.275873,	-0.0225445,	-0.076188,	-0.649128,	-0.440127,	-0.0128339,	-0.350598,	-0.4004,	0.59547,	-0.04312,	53425,	-227,	8,	-490,	53455,	140,	-56,	-151,	53435,	66,	-30,	-345,	
2,	14,	396063,	1.65255e+015,	0,	-2,	-5,	-6,	0,	1,	-1,	1,	1.65255e+009,	-0.901049,	-0.442288,	-0.361547,	-0.0559328,	-0.947346,	-0.143604,	-0.0178136,	0.0958104,	-0.973009,	-0.19459,	-0.0209634,	-0.00965548,	-0.91177,	-0.275873,	-0.0225445,	-0.076188,	-0.649128,	-0.440127,	-0.0128339,	-0.350598,	-0.4004,	0.59547,	-0.04312,	53435,	-226,	7,	-490,	53465,	140,	-55,	-151,	53445,	66,	-29,	-345,	
2,	14,	396125,	1.65255e+015,	-1,	1,	-5,	6,	2,	-1,	0,	-1,	1.65255e+009,	-0.901049,	-0.442288,	-0.361547,	-0.0559328,	-0.947346,	-0.143604,	-0.0178136,	0.0958104,	-0.973009,	-0.19459,	-0.0209634,	-0.00965548,	-0.91177,	-0.275873,	-0.0225445,	-0.076188,	-0.649128,	-0.440127,	-0.0128339,	-0.350598,	-0.4004,	0.59547,	-0.04312,	53445,	-225,	8,	-490,	53475,	140,	-55,	-151,	53455,	66,	-30,	-345,	
2,	14,	396188,	1.65255e+015,	3,	5,	1,	11,	5,	-1,	-1,	0,	1.65255e+009,	-0.901049,	-0.442288,	-0.361547,	-0.0559328,	-0.947346,	-0.143604,	-0.0178136,	0.0958104,	-0.973009,	-0.19459,	-0.0209634,	-0.00965548,	-0.91177,	-0.275873,	-0.0225445,	-0.076188,	-0.649128,	-0.440127,	-0.0128339,	-0.350598,	-0.4004,	0.59547,	-0.04312,	53455,	-226,	7,	-491,	53485,	141,	-56,	-151,	53465,	65,	-30,	-345,	
2,	14,	396266,	1.65255e+015,	1,	5,	1,	0,	-1,	-1,	-1,	1,	1.65255e+009,	-0.901049,	-0.442288,	-0.361547,	-0.0559328,	-0.947346,	-0.143604,	-0.0178136,	0.0958104,	-0.973009,	-0.19459,	-0.0209634,	-0.00965548,	-0.91177,	-0.275873,	-0.0225445,	-0.076188,	-0.649128,	-0.440127,	-0.0128339,	-0.350598,	-0.4004,	0.59547,	-0.04312,	53465,	-225,	8,	-491,	53495,	140,	-55,	-151,	53475,	67,	-29,	-345,	
2,	14,	396344,	1.65255e+015,	2,	-1,	-1,	-7,	-5,	-2,	-1,	-2,	1.65255e+009,	-0.901049,	-0.442288,	-0.361547,	-0.0559328,	-0.947346,	-0.143604,	-0.0178136,	0.0958104,	-0.973009,	-0.19459,	-0.0209634,	-0.00965548,	-0.91177,	-0.275873,	-0.0225445,	-0.076188,	-0.649128,	-0.440127,	-0.0128339,	-0.350598,	-0.4004,	0.59547,	-0.04312,	53475,	-226,	8,	-490,	53505,	139,	-56,	-150,	53485,	65,	-30,	-345,	
2,	14,	396422,	1.65255e+015,	-1,	-1,	5,	8,	-3,	-3,	-2,	-2,	1.65255e+009,	-0.901049,	-0.442288,	-0.361547,	-0.0559328,	-0.947346,	-0.143604,	-0.0178136,	0.0958104,	-0.973009,	-0.19459,	-0.0209634,	-0.00965548,	-0.91177,	-0.275873,	-0.0225445,	-0.076188,	-0.649128,	-0.440127,	-0.0128339,	-0.350598,	-0.4004,	0.59547,	-0.04312,	53485,	-225,	8,	-490,	53515,	139,	-55,	-151,	53495,	66,	-30,	-345,	
2,	14,	396500,	1.65255e+015,	1,	0,	0,	16,	-2,	1,	0,	0,	1.65255e+009,	-0.901049,	-0.442288,	-0.361547,	-0.0559328,	-0.947346,	-0.143604,	-0.0178136,	0.0958104,	-0.973009,	-0.19459,	-0.0209634,	-0.00965548,	-0.91177,	-0.275873,	-0.0225445,	-0.076188,	-0.649128,	-0.440127,	-0.0128339,	-0.350598,	-0.4004,	0.59547,	-0.04312,	53495,	-224,	7,	-489,	53525,	139,	-56,	-151,	53505,	65,	-30,	-345,	
2,	14,	396579,	1.65255e+015,	1,	7,	-2,	4,	0,	0,	0,	-1,	1.65255e+009,	-0.901049,	-0.442288,	-0.361547,	-0.0559328,	-0.947346,	-0.143604,	-0.0178136,	0.0958104,	-0.973009,	-0.19459,	-0.0209634,	-0.00965548,	-0.91177,	-0.275873,	-0.0225445,	-0.076188,	-0.649128,	-0.440127,	-0.0128339,	-0.350598,	-0.4004,	0.59547,	-0.04312,	53505,	-225,	7,	-490,	53535,	139,	-57,	-150,	53515,	65,	-30,	-345,	
2,	14,	396657,	1.65255e+015,	-3,	-9,	-6,	6,	1,	-1,	-2,	-2,	1.65255e+009,	-0.901049,	-0.442288,	-0.361547,	-0.0559328,	-0.947346,	-0.143604,	-0.0178136,	0.0958104,	-0.973009,	-0.19459,	-0.0209634,	-0.00965548,	-0.91177,	-0.275873,	-0.0225445,	-0.076188,	-0.649128,	-0.440127,	-0.0128339,	-0.350598,	-0.4004,	0.59547,	-0.04312,	53515,	-225,	8,	-490,	53545,	139,	-57,	-151,	53525,	66,	-30,	-345,	
2,	14,	396735,	1.65255e+015,	-2,	-6,	-7,	-12,	-3,	-2,	-1,	-1,	1.65255e+009,	-0.901049,	-0.442288,	-0.361547,	-0.0559328,	-0.947346,	-0.143604,	-0.0178136,	0.0958104,	-0.973009,	-0.19459,	-0.0209634,	-0.00965548,	-0.91177,	-0.275873,	-0.0225445,	-0.076188,	-0.649128,	-0.440127,	-0.0128339,	-0.350598,	-0.4004,	0.59547,	-0.04312,	53525,	-225,	8,	-490,	53555,	139,	-57,	-151,	53535,	65,	-30,	-345,	
2,	14,	396813,	1.65255e+015,	-2,	-3,	-1,	-6,	-2,	-1,	-2,	-1,	1.65255e+009,	-0.901049,	-0.442288,	-0.361547,	-0.0559328,	-0.947346,	-0.143604,	-0.0178136,	0.0958104,	-0.973009,	-0.19459,	-0.0209634,	-0.00965548,	-0.91177,	-0.275873,	-0.0225445,	-0.076188,	-0.649128,	-0.440127,	-0.0128339,	-0.350598,	-0.4004,	0.59547,	-0.04312,	53535,	-225,	8,	-490,	53565,	140,	-56,	-151,	53545,	67,	-30,	-345,	
2,	14,	396891,	1.65255e+015,	2,	5,	12,	21,	1,	-1,	-1,	-1,	1.65255e+009,	-0.901049,	-0.442288,	-0.361547,	-0.0559328,	-0.947346,	-0.143604,	-0.0178136,	0.0958104,	-0.973009,	-0.19459,	-0.0209634,	-0.00965548,	-0.91177,	-0.275873,	-0.0225445,	-0.076188,	-0.649128,	-0.440127,	-0.0128339,	-0.350598,	-0.4004,	0.59547,	-0.04312,	53545,	-226,	7,	-491,	53575,	140,	-56,	-151,	53555,	66,	-31,	-345,	
