1,	5,	413454,	1.65255e+015,	1,	2,	1,	-1,	1,	0,	0,	-1,	1.65255e+009,	-0.810869,	-0.540848,	-0.493619,	-0.0460768,	-1.07547,	-0.388036,	-0.0177831,	0.0984847,	-1.13071,	-0.414129,	-0.0155211,	-0.0202892,	-0.91177,	-0.630693,	-0.0200697,	-0.0572517,	-0.780708,	-0.606696,	-0.0146472,	-0.325747,	-0.2821,	0.59547,	-0.04312,	9179,	-256,	-3,	-412,	9149,	128,	-56,	-127,	9139,	48,	-40,	-317,	
1,	5,	413532,	1.65255e+015,	0,	-2,	-2,	-2,	-1,	-2,	-1,	-1,	1.65255e+009,	-0.810869,	-0.540848,	-0.493619,	-0.0460768,	-1.07547,	-0.388036,	-0.0177831,	0.0984847,	-1.13071,	-0.414129,	-0.0155211,	-0.0202892,	-0.91177,	-0.630693,	-0.0200697,	-0.0572517,	-0.780708,	-0.606696,	-0.0146472,	-0.325747,	-0.2821,	0.59547,	-0.04312,	9189,	-254,	-2,	-419,	9159,	128,	-57,	-128,	9149,	50,	-39,	-318,	
1,	5,	413610,	1.65255e+015,	-1,	-7,	-4,	-2,	4,	1,	-2,	0,	1.65255e+009,	-0.810869,	-0.540848,	-0.493619,	-0.0460768,	-1.07547,	-0.388036,	-0.0177831,	0.0984847,	-1.13071,	-0.414129,	-0.0155211,	-0.0202892,	-0.91177,	-0.630693,	-0.0200697,	-0.0572517,	-0.780708,	-0.606696,	-0.0146472,	-0.325747,	-0.2821,	0.59547,	-0.04312,	9199,	-251,	-2,	-425,	9169,	128,	-57,	-130,	9159,	50,	-38,	-319,	
1,	5,	413688,	1.65255e+015,	1,	0,	-1,	6,	0,	-1,	-1,	0,	1.65255e+009,	-0.810869,	-0.540848,	-0.493619,	-0.0460768,	-1.07547,	-0.388036,	-0.0177831,	0.104351,	-1.13071,	-0.414129,	-0.0155211,	-0.0144225,	-0.91177,	-0.630693,	-0.0200697,	-0.075041,	-0.780708,	-0.606696,	-0.0146472,	-0.343537,	-0.2821,	0.59547,	-0.04312,	9209,	-248,	-1,	-432,	9179,	129,	-58,	-130,	9169,	50,	-37,	-321,	
1,	5,	413766,	1.65255e+015,	1,	8,	6,	7,	5,	1,	-2,	0,	1.65255e+009,	-0.810869,	-0.540848,	-0.493619,	-0.0460768,	-1.07547,	-0.388036,	-0.0177831,	0.104351,	-1.13071,	-0.414129,	-0.0155211,	-0.0144225,	-0.91177,	-0.630693,	-0.0200697,	-0.075041,	-0.780708,	-0.606696,	-0.0146472,	-0.343537,	-0.2821,	0.59547,	-0.04312,	9219,	-247,	-1,	-436,	9189,	131,	-58,	-131,	9179,	51,	-38,	-321,	
1,	5,	413844,	1.65255e+015,	-2,	4,	5,	-2,	0,	0,	0,	-1,	1.65255e+009,	-0.810869,	-0.540848,	-0.493619,	-0.0460768,	-1.07547,	-0.388036,	-0.0177831,	0.104351,	-1.13071,	-0.414129,	-0.0155211,	-0.0144225,	-0.91177,	-0.630693,	-0.0200697,	-0.075041,	-0.780708,	-0.606696,	-0.0146472,	-0.343537,	-0.2821,	0.59547,	-0.04312,	9229,	-247,	-1,	-440,	9199,	130,	-59,	-133,	9189,	51,	-37,	-322,	
1,	5,	413922,	1.65255e+015,	0,	-2,	-10,	-37,	-6,	-1,	-2,	0,	1.65255e+009,	-0.810869,	-0.540848,	-0.493619,	-0.0460768,	-1.07547,	-0.388036,	-0.0177831,	0.104351,	-1.13071,	-0.414129,	-0.0155211,	-0.0144225,	-0.91177,	-0.630693,	-0.0200697,	-0.075041,	-0.780708,	-0.606696,	-0.0146472,	-0.343537,	-0.2821,	0.59547,	-0.04312,	9239,	-246,	0,	-442,	9209,	131,	-59,	-134,	9199,	53,	-36,	-324,	
1,	5,	414000,	1.65255e+015,	-1,	1,	3,	3,	1,	0,	0,	0,	1.65255e+009,	-0.810869,	-0.540848,	-0.493619,	-0.0460768,	-1.07547,	-0.388036,	-0.0177831,	0.104351,	-1.13071,	-0.414129,	-0.0155211,	-0.0144225,	-0.91177,	-0.630693,	-0.0200697,	-0.075041,	-0.780708,	-0.606696,	-0.0146472,	-0.343537,	-0.2821,	0.59547,	-0.04312,	9249,	-246,	0,	-445,	9219,	131,	-60,	-136,	9209,	54,	-36,	-325,	
1,	5,	414079,	1.65255e+015,	1,	-1,	0,	-1,	0,	-3,	0,	-1,	1.65255e+009,	-0.810869,	-0.540848,	-0.493619,	-0.0460768,	-1.07547,	-0.388036,	-0.0177831,	0.104351,	-1.13071,	-0.414129,	-0.0155211,	-0.0144225,	-0.91177,	-0.630693,	-0.0200697,	-0.075041,	-0.780708,	-0.606696,	-0.0146472,	-0.343537,	-0.2821,	0.59547,	-0.04312,	9259,	-246,	0,	-447,	9229,	132,	-59,	-137,	9219,	57,	-35,	-326,	
1,	5,	414157,	1.65255e+015,	-2,	-10,	-6,	-7,	-3,	-3,	-3,	-4,	1.65255e+009,	-0.810869,	-0.540848,	-0.493619,	-0.0460768,	-1.07547,	-0.388036,	-0.0177831,	0.104351,	-1.13071,	-0.414129,	-0.0155211,	-0.0144225,	-0.91177,	-0.630693,	-0.0200697,	-0.075041,	-0.780708,	-0.606696,	-0.0146472,	-0.343537,	-0.2821,	0.59547,	-0.04312,	9269,	-244,	0,	-449,	9239,	134,	-60,	-138,	9229,	58,	-34,	-328,	
1,	5,	414235,	1.65255e+015,	-1,	-3,	-2,	-2,	-2,	-1,	-2,	-2,	1.65255e+009,	-0.810869,	-0.540848,	-0.493619,	-0.0460768,	-1.07547,	-0.388036,	-0.0177831,	0.104351,	-1.13071,	-0.414129,	-0.0155211,	-0.0144225,	-0.91177,	-0.630693,	-0.0200697,	-0.075041,	-0.780708,	-0.606696,	-0.0146472,	-0.343537,	-0.2821,	0.59547,	-0.04312,	9279,	-243,	0,	-450,	9249,	134,	-61,	-139,	9239,	59,	-34,	-329,	
1,	5,	414313,	1.65255e+015,	-1,	1,	-4,	-12,	-2,	0,	0,	-1,	1.65255e+009,	-0.810869,	-0.540848,	-0.493619,	-0.0460768,	-1.07547,	-0.388036,	-0.0177831,	0.104351,	-1.13071,	-0.414129,	-0.0155211,	-0.0144225,	-0.91177,	-0.630693,	-0.0200697,	-0.075041,	-0.780708,	-0.606696,	-0.0146472,	-0.343537,	-0.2821,	0.59547,	-0.04312,	9289,	-243,	1,	-451,	9259,	135,	-61,	-140,	9249,	59,	-32,	-328,	
1,	5,	414391,	1.65255e+015,	0,	1,	-6,	-3,	0,	1,	0,	-1,	1.65255e+009,	-0.810869,	-0.540848,	-0.493619,	-0.0460768,	-1.07547,	-0.388036,	-0.0177831,	0.104351,	-1.13071,	-0.414129,	-0.0155211,	-0.0144225,	-0.91177,	-0.630693,	-0.0200697,	-0.075041,	-0.780708,	-0.606696,	-0.0146472,	-0.343537,	-0.2821,	0.59547,	-0.04312,	9299,	-243,	0,	-452,	9269,	134,	-60,	-140,	9259,	58,	-34,	-329,	
1,	5,	414469,	1.65255e+015,	1,	-4,	-3,	-4,	-3,	-2,	-1,	1,	1.65255e+009,	-0.810869,	-0.540848,	-0.493619,	-0.0460768,	-1.07547,	-0.388036,	-0.0177831,	0.104351,	-1.13071,	-0.414129,	-0.0155211,	-0.0144225,	-0.91177,	-0.630693,	-0.0200697,	-0.075041,	-0.780708,	-0.606696,	-0.0146472,	-0.343537,	-0.2821,	0.59547,	-0.04312,	9309,	-241,	1,	-453,	9279,	135,	-60,	-140,	9269,	58,	-33,	-329,	
1,	5,	414547,	1.65255e+015,	-1,	1,	-1,	4,	0,	-1,	-2,	-1,	1.65255e+009,	-0.810869,	-0.540848,	-0.493619,	-0.0460768,	-1.07547,	-0.388036,	-0.0177831,	0.104351,	-1.13071,	-0.414129,	-0.0155211,	-0.0144225,	-0.91177,	-0.630693,	-0.0200697,	-0.075041,	-0.780708,	-0.606696,	-0.0146472,	-0.343537,	-0.2821,	0.59547,	-0.04312,	9319,	-242,	2,	-454,	9289,	136,	-61,	-140,	9279,	57,	-33,	-329,	
1,	5,	414610,	1.65255e+015,	-2,	1,	3,	-4,	-1,	0,	-1,	-2,	1.65255e+009,	-0.810869,	-0.540848,	-0.493619,	-0.0460768,	-1.07547,	-0.388036,	-0.0177831,	0.104351,	-1.13071,	-0.414129,	-0.0155211,	-0.0144225,	-0.91177,	-0.630693,	-0.0200697,	-0.075041,	-0.780708,	-0.606696,	-0.0146472,	-0.343537,	-0.2821,	0.59547,	-0.04312,	9329,	-242,	0,	-454,	9299,	136,	-59,	-140,	9289,	58,	-33,	-330,	
1,	5,	414688,	1.65255e+015,	-1,	-2,	1,	4,	2,	-3,	-2,	-2,	1.65255e+009,	-0.810869,	-0.540848,	-0.493619,	-0.0460768,	-1.07547,	-0.388036,	-0.0177831,	0.104351,	-1.13071,	-0.414129,	-0.0155211,	-0.0144225,	-0.91177,	-0.630693,	-0.0200697,	-0.075041,	-0.780708,	-0.606696,	-0.0146472,	-0.343537,	-0.2821,	0.59547,	-0.04312,	9339,	-242,	0,	-453,	9309,	136,	-60,	-141,	9299,	59,	-32,	-330,	
1,	5,	414750,	1.65255e+015,	0,	8,	0,	-6,	0,	-1,	-1,	1,	1.65255e+009,	-0.810869,	-0.540848,	-0.493619,	-0.0460768,	-1.07547,	-0.388036,	-0.0177831,	0.104351,	-1.13071,	-0.414129,	-0.0155211,	-0.0144225,	-0.91177,	-0.630693,	-0.0200697,	-0.075041,	-0.780708,	-0.606696,	-0.0146472,	-0.343537,	-0.2821,	0.59547,	-0.04312,	9349,	-242,	0,	-453,	9319,	137,	-60,	-142,	9309,	60,	-32,	-331,	
1,	5,	414829,	1.65255e+015,	1,	1,	5,	10,	1,	0,	-2,	-2,	1.65255e+009,	-0.810869,	-0.540848,	-0.493619,	-0.0460768,	-1.07547,	-0.388036,	-0.0177831,	0.104351,	-1.13071,	-0.414129,	-0.0155211,	-0.0144225,	-0.91177,	-0.630693,	-0.0200697,	-0.075041,	-0.780708,	-0.606696,	-0.0146472,	-0.343537,	-0.2821,	0.59547,	-0.04312,	9359,	-242,	0,	-452,	9329,	136,	-60,	-142,	9319,	59,	-32,	-330,	
1,	5,	414907,	1.65255e+015,	-2,	-8,	-3,	-6,	-2,	0,	-1,	-1,	1.65255e+009,	-0.810869,	-0.540848,	-0.493619,	-0.0460768,	-1.07547,	-0.388036,	-0.0177831,	0.104351,	-1.13071,	-0.414129,	-0.0155211,	-0.0144225,	-0.91177,	-0.630693,	-0.0200697,	-0.075041,	-0.780708,	-0.606696,	-0.0146472,	-0.343537,	-0.2821,	0.59547,	-0.04312,	9369,	-243,	0,	-453,	9339,	135,	-61,	-141,	9329,	59,	-33,	-330,	
1,	5,	414969,	1.65255e+015,	0,	-6,	-7,	-20,	-4,	-2,	-1,	0,	1.65255e+009,	-0.810869,	-0.540848,	-0.493619,	-0.0460768,	-1.07547,	-0.388036,	-0.0177831,	0.104351,	-1.13071,	-0.414129,	-0.0155211,	-0.0144225,	-0.91177,	-0.630693,	-0.0200697,	-0.075041,	-0.780708,	-0.606696,	-0.0146472,	-0.343537,	-0.2821,	0.59547,	-0.04312,	9379,	-242,	0,	-454,	9349,	135,	-61,	-141,	9339,	60,	-32,	-330,	
1,	5,	415047,	1.65255e+015,	1,	0,	0,	-3,	1,	-2,	-1,	0,	1.65255e+009,	-0.810869,	-0.540848,	-0.493619,	-0.0460768,	-1.07547,	-0.388036,	-0.0177831,	0.104351,	-1.13071,	-0.414129,	-0.0155211,	-0.0144225,	-0.91177,	-0.630693,	-0.0200697,	-0.075041,	-0.780708,	-0.606696,	-0.0146472,	-0.343537,	-0.2821,	0.59547,	-0.04312,	9389,	-241,	0,	-455,	9359,	136,	-62,	-141,	9349,	61,	-33,	-330,	
1,	5,	415125,	1.65255e+015,	0,	2,	1,	-1,	2,	0,	0,	0,	1.65255e+009,	-0.810869,	-0.540848,	-0.493619,	-0.0460768,	-1.07547,	-0.388036,	-0.0177831,	0.104351,	-1.13071,	-0.414129,	-0.0155211,	-0.0144225,	-0.91177,	-0.630693,	-0.0200697,	-0.075041,	-0.780708,	-0.606696,	-0.0146472,	-0.343537,	-0.2821,	0.59547,	-0.04312,	9399,	-241,	1,	-457,	9369,	136,	-62,	-141,	9359,	61,	-34,	-330,	
1,	5,	415204,	1.65255e+015,	-4,	-13,	-10,	-7,	-5,	-3,	-1,	-3,	1.65255e+009,	-0.810869,	-0.540848,	-0.493619,	-0.0460768,	-1.07547,	-0.388036,	-0.0177831,	0.104351,	-1.13071,	-0.414129,	-0.0155211,	-0.0144225,	-0.91177,	-0.630693,	-0.0200697,	-0.075041,	-0.780708,	-0.606696,	-0.0146472,	-0.343537,	-0.2821,	0.59547,	-0.04312,	9409,	-238,	2,	-459,	9379,	137,	-62,	-141,	9369,	60,	-34,	-330,	
1,	5,	415282,	1.65255e+015,	-5,	-6,	-12,	-13,	-3,	-4,	-2,	-2,	1.65255e+009,	-0.810869,	-0.540848,	-0.493619,	-0.0460768,	-1.07547,	-0.388036,	-0.0177831,	0.104351,	-1.13071,	-0.414129,	-0.0155211,	-0.0144225,	-0.91177,	-0.630693,	-0.0200697,	-0.075041,	-0.780708,	-0.606696,	-0.0146472,	-0.343537,	-0.2821,	0.59547,	-0.04312,	9419,	-238,	1,	-461,	9389,	137,	-61,	-141,	9379,	59,	-35,	-330,	
1,	5,	415360,	1.65255e+015,	-4,	-6,	-1,	2,	-3,	-3,	-2,	-2,	1.65255e+009,	-0.810869,	-0.540848,	-0.493619,	-0.0460768,	-1.07547,	-0.388036,	-0.0177831,	0.104351,	-1.13071,	-0.414129,	-0.0155211,	-0.0144225,	-0.91177,	-0.630693,	-0.0200697,	-0.075041,	-0.780708,	-0.606696,	-0.0146472,	-0.343537,	-0.2821,	0.59547,	-0.04312,	9429,	-237,	2,	-463,	9399,	137,	-61,	-141,	9389,	59,	-34,	-330,	
1,	5,	415438,	1.65255e+015,	1,	-1,	1,	1,	2,	1,	-1,	-2,	1.65255e+009,	-0.810869,	-0.540848,	-0.493619,	-0.0460768,	-1.07547,	-0.388036,	-0.0177831,	0.104351,	-1.13071,	-0.414129,	-0.0155211,	-0.0144225,	-0.91177,	-0.630693,	-0.0200697,	-0.075041,	-0.780708,	-0.606696,	-0.0146472,	-0.343537,	-0.2821,	0.59547,	-0.04312,	9439,	-236,	1,	-464,	9409,	137,	-61,	-141,	9399,	60,	-33,	-330,	
1,	5,	415500,	1.65255e+015,	-1,	-3,	-3,	0,	-1,	-1,	-1,	-2,	1.65255e+009,	-0.810869,	-0.540848,	-0.493619,	-0.0460768,	-1.07547,	-0.388036,	-0.0177831,	0.104351,	-1.13071,	-0.414129,	-0.0155211,	-0.0144225,	-0.91177,	-0.630693,	-0.0200697,	-0.075041,	-0.780708,	-0.606696,	-0.0146472,	-0.343537,	-0.2821,	0.59547,	-0.04312,	9449,	-236,	1,	-465,	9419,	137,	-61,	-141,	9409,	60,	-31,	-331,	
1,	5,	415579,	1.65255e+015,	2,	-3,	-8,	5,	-1,	-1,	0,	-2,	1.65255e+009,	-0.810869,	-0.540848,	-0.493619,	-0.0460768,	-1.07547,	-0.388036,	-0.0177831,	0.104351,	-1.13071,	-0.414129,	-0.0155211,	-0.0144225,	-0.91177,	-0.630693,	-0.0200697,	-0.075041,	-0.780708,	-0.606696,	-0.0146472,	-0.343537,	-0.2821,	0.59547,	-0.04312,	9459,	-237,	2,	-465,	9429,	137,	-61,	-141,	9419,	60,	-31,	-331,	
1,	5,	415657,	1.65255e+015,	0,	-7,	-6,	-1,	-1,	-3,	-1,	-3,	1.65255e+009,	-0.810869,	-0.540848,	-0.493619,	-0.0460768,	-1.07547,	-0.388036,	-0.0177831,	0.104351,	-1.13071,	-0.414129,	-0.0155211,	-0.0144225,	-0.91177,	-0.630693,	-0.0200697,	-0.075041,	-0.780708,	-0.606696,	-0.0146472,	-0.343537,	-0.2821,	0.59547,	-0.04312,	9469,	-237,	3,	-464,	9439,	137,	-61,	-142,	9429,	61,	-31,	-331,	
1,	5,	415735,	1.65255e+015,	0,	-5,	-3,	-2,	-3,	0,	0,	-1,	1.65255e+009,	-0.810869,	-0.540848,	-0.493619,	-0.0460768,	-1.07547,	-0.388036,	-0.0177831,	0.104351,	-1.13071,	-0.414129,	-0.0155211,	-0.0144225,	-0.91177,	-0.630693,	-0.0200697,	-0.075041,	-0.780708,	-0.606696,	-0.0146472,	-0.343537,	-0.2821,	0.59547,	-0.04312,	9479,	-236,	4,	-463,	9449,	137,	-61,	-142,	9439,	62,	-30,	-332,	
1,	5,	415813,	1.65255e+015,	0,	0,	5,	0,	1,	-1,	0,	-1,	1.65255e+009,	-0.810869,	-0.540848,	-0.493619,	-0.0460768,	-1.07547,	-0.388036,	-0.0177831,	0.104351,	-1.13071,	-0.414129,	-0.0155211,	-0.0144225,	-0.91177,	-0.630693,	-0.0200697,	-0.075041,	-0.780708,	-0.606696,	-0.0146472,	-0.343537,	-0.2821,	0.59547,	-0.04312,	9489,	-236,	3,	-462,	9459,	138,	-63,	-142,	9449,	62,	-32,	-332,	
1,	5,	415891,	1.65255e+015,	0,	-3,	4,	4,	0,	0,	-1,	0,	1.65255e+009,	-0.810869,	-0.540848,	-0.493619,	-0.0460768,	-1.07547,	-0.388036,	-0.0177831,	0.104351,	-1.13071,	-0.414129,	-0.0155211,	-0.0144225,	-0.91177,	-0.630693,	-0.0200697,	-0.075041,	-0.780708,	-0.606696,	-0.0146472,	-0.343537,	-0.2821,	0.59547,	-0.04312,	9499,	-236,	3,	-460,	9469,	137,	-62,	-143,	9459,	62,	-31,	-333,	
1,	5,	415969,	1.65255e+015,	-3,	-3,	-4,	-16,	-2,	1,	0,	-1,	1.65255e+009,	-0.810869,	-0.540848,	-0.493619,	-0.0460768,	-1.07547,	-0.388036,	-0.0177831,	0.104351,	-1.13071,	-0.414129,	-0.0155211,	-0.0144225,	-0.91177,	-0.630693,	-0.0200697,	-0.075041,	-0.780708,	-0.606696,	-0.0146472,	-0.343537,	-0.2821,	0.59547,	-0.04312,	9509,	-237,	3,	-459,	9479,	137,	-61,	-143,	9469,	63,	-31,	-334,	
1,	5,	416032,	1.65255e+015,	1,	-3,	6,	0,	-2,	-1,	0,	-1,	1.65255e+009,	-0.810869,	-0.540848,	-0.493619,	-0.0460768,	-1.07547,	-0.388036,	-0.0177831,	0.104351,	-1.13071,	-0.414129,	-0.0155211,	-0.0144225,	-0.91177,	-0.630693,	-0.0200697,	-0.075041,	-0.780708,	-0.606696,	-0.0146472,	-0.343537,	-0.2821,	0.59547,	-0.04312,	9519,	-236,	4,	-458,	9489,	137,	-61,	-143,	9479,	62,	-31,	-334,	
1,	5,	416110,	1.65255e+015,	1,	0,	-11,	-3,	-2,	0,	-1,	-1,	1.65255e+009,	-0.810869,	-0.540848,	-0.493619,	-0.0460768,	-1.07547,	-0.388036,	-0.0177831,	0.104351,	-1.13071,	-0.414129,	-0.0155211,	-0.0144225,	-0.91177,	-0.630693,	-0.0200697,	-0.075041,	-0.780708,	-0.606696,	-0.0146472,	-0.343537,	-0.2821,	0.59547,	-0.04312,	9529,	-236,	3,	-457,	9499,	138,	-60,	-143,	9489,	62,	-29,	-334,	
1,	5,	416188,	1.65255e+015,	0,	4,	0,	-4,	-2,	-1,	1,	0,	1.65255e+009,	-0.810869,	-0.540848,	-0.493619,	-0.0460768,	-1.07547,	-0.388036,	-0.0177831,	0.104351,	-1.13071,	-0.414129,	-0.0155211,	-0.0144225,	-0.91177,	-0.630693,	-0.0200697,	-0.075041,	-0.780708,	-0.606696,	-0.0146472,	-0.343537,	-0.2821,	0.59547,	-0.04312,	9539,	-237,	3,	-456,	9509,	138,	-60,	-143,	9499,	62,	-30,	-334,	
1,	5,	416266,	1.65255e+015,	2,	7,	-7,	-18,	-1,	2,	0,	1,	1.65255e+009,	-0.810869,	-0.540848,	-0.493619,	-0.0460768,	-1.07547,	-0.388036,	-0.0177831,	0.104351,	-1.13071,	-0.414129,	-0.0155211,	-0.0144225,	-0.91177,	-0.630693,	-0.0200697,	-0.075041,	-0.780708,	-0.606696,	-0.0146472,	-0.343537,	-0.2821,	0.59547,	-0.04312,	9549,	-236,	4,	-456,	9519,	138,	-61,	-143,	9509,	62,	-29,	-334,	
1,	5,	416344,	1.65255e+015,	-1,	-5,	-5,	2,	1,	1,	2,	0,	1.65255e+009,	-0.810869,	-0.540848,	-0.493619,	-0.0460768,	-1.07547,	-0.388036,	-0.0177831,	0.104351,	-1.13071,	-0.414129,	-0.0155211,	-0.0144225,	-0.91177,	-0.630693,	-0.0200697,	-0.075041,	-0.780708,	-0.606696,	-0.0146472,	-0.343537,	-0.2821,	0.59547,	-0.04312,	9559,	-236,	4,	-455,	9529,	138,	-61,	-143,	9519,	62,	-30,	-333,	
1,	5,	416422,	1.65255e+015,	1,	5,	-1,	-1,	-5,	-2,	-1,	-1,	1.65255e+009,	-0.810869,	-0.540848,	-0.493619,	-0.0460768,	-1.07547,	-0.388036,	-0.0177831,	0.104351,	-1.13071,	-0.414129,	-0.0155211,	-0.0144225,	-0.91177,	-0.630693,	-0.0200697,	-0.075041,	-0.780708,	-0.606696,	-0.0146472,	-0.343537,	-0.2821,	0.59547,	-0.04312,	9569,	-236,	5,	-455,	9539,	138,	-61,	-143,	9529,	63,	-29,	-333,	
2,	5,	416532,	1.65255e+015,	1,	2,	-3,	-1,	-1,	1,	-1,	2,	1.65255e+009,	-0.810869,	-0.540848,	-0.493619,	-0.0460768,	-1.07547,	-0.388036,	-0.0177831,	0.104351,	-1.13071,	-0.414129,	-0.0155211,	-0.0144225,	-0.91177,	-0.630693,	-0.0200697,	-0.075041,	-0.780708,	-0.606696,	-0.0146472,	-0.343537,	-0.2821,	0.59547,	-0.04312,	9579,	-236,	4,	-455,	9549,	137,	-61,	-143,	9539,	61,	-30,	-333,	
2,	5,	416594,	1.65255e+015,	1,	2,	0,	-3,	0,	0,	1,	0,	1.65255e+009,	-0.810869,	-0.540848,	-0.493619,	-0.0460768,	-1.07547,	-0.388036,	-0.0177831,	0.104351,	-1.13071,	-0.414129,	-0.0155211,	-0.0144225,	-0.91177,	-0.630693,	-0.0200697,	-0.075041,	-0.780708,	-0.606696,	-0.0146472,	-0.343537,	-0.2821,	0.59547,	-0.04312,	9589,	-235,	4,	-455,	9559,	137,	-61,	-142,	9549,	62,	-31,	-332,	
2,	5,	416672,	1.65255e+015,	0,	-6,	-4,	5,	0,	-1,	-1,	-1,	1.65255e+009,	-0.810869,	-0.540848,	-0.493619,	-0.0460768,	-1.07547,	-0.388036,	-0.0177831,	0.104351,	-1.13071,	-0.414129,	-0.0155211,	-0.0144225,	-0.91177,	-0.630693,	-0.0200697,	-0.075041,	-0.780708,	-0.606696,	-0.0146472,	-0.343537,	-0.2821,	0.59547,	-0.04312,	9599,	-236,	4,	-455,	9569,	137,	-62,	-142,	9559,	61,	-31,	-332,	
2,	5,	416735,	1.65255e+015,	0,	-1,	-3,	-8,	-3,	0,	-1,	-1,	1.65255e+009,	-0.810869,	-0.540848,	-0.493619,	-0.0460768,	-1.07547,	-0.388036,	-0.0177831,	0.104351,	-1.13071,	-0.414129,	-0.0155211,	-0.0144225,	-0.91177,	-0.630693,	-0.0200697,	-0.075041,	-0.780708,	-0.606696,	-0.0146472,	-0.343537,	-0.2821,	0.59547,	-0.04312,	9609,	-236,	4,	-454,	9579,	139,	-61,	-142,	9569,	62,	-32,	-332,	
2,	5,	416813,	1.65255e+015,	-3,	1,	3,	-2,	-4,	1,	-1,	-1,	1.65255e+009,	-0.810869,	-0.540848,	-0.493619,	-0.0460768,	-1.07547,	-0.388036,	-0.0177831,	0.104351,	-1.13071,	-0.414129,	-0.0155211,	-0.0144225,	-0.91177,	-0.630693,	-0.0200697,	-0.075041,	-0.780708,	-0.606696,	-0.0146472,	-0.343537,	-0.2821,	0.59547,	-0.04312,	9619,	-237,	5,	-453,	9589,	138,	-60,	-141,	9579,	61,	-31,	-332,	
2,	5,	416875,	1.65255e+015,	-4,	-4,	23,	-14,	-3,	-1,	0,	-2,	1.65255e+009,	-0.810869,	-0.540848,	-0.493619,	-0.0460768,	-1.07547,	-0.388036,	-0.0177831,	0.104351,	-1.13071,	-0.414129,	-0.0155211,	-0.0144225,	-0.91177,	-0.630693,	-0.0200697,	-0.075041,	-0.780708,	-0.606696,	-0.0146472,	-0.343537,	-0.2821,	0.59547,	-0.04312,	9629,	-238,	4,	-452,	9599,	138,	-61,	-141,	9589,	61,	-31,	-333,	
2,	5,	416954,	1.65255e+015,	3,	0,	-19,	8,	-2,	-2,	-1,	0,	1.65255e+009,	-0.810869,	-0.540848,	-0.493619,	-0.0460768,	-1.07547,	-0.388036,	-0.0177831,	0.104351,	-1.13071,	-0.414129,	-0.0155211,	-0.0144225,	-0.91177,	-0.630693,	-0.0200697,	-0.075041,	-0.780708,	-0.606696,	-0.0146472,	-0.343537,	-0.2821,	0.59547,	-0.04312,	9639,	-236,	5,	-452,	9609,	137,	-60,	-142,	9599,	61,	-30,	-333,	
2,	5,	417016,	1.65255e+015,	-1,	-4,	-9,	0,	2,	3,	3,	3,	1.65255e+009,	-0.810869,	-0.540848,	-0.493619,	-0.0460768,	-1.07547,	-0.540806,	-0.00165371,	0.104351,	-1.13071,	-0.414129,	-0.0155211,	-0.0144225,	-0.91177,	-0.630693,	-0.0200697,	-0.075041,	-0.780708,	-0.606696,	-0.0146472,	-0.343537,	-0.2457,	0.59547,	-0.04312,	9649,	-236,	5,	-451,	9619,	138,	-61,	-142,	9609,	61,	-31,	-332,	
2,	5,	417079,	1.65255e+015,	3,	0,	12,	3,	1,	1,	3,	5,	1.65255e+009,	-0.810869,	-0.540848,	-0.493619,	-0.0460768,	-1.07547,	-0.785238,	-0.0638211,	0.111023,	-1.05186,	-0.414129,	-0.0155211,	-0.0166228,	-0.91177,	-0.630693,	-0.0200697,	-0.0772413,	-0.780708,	-0.606696,	-0.0146472,	-0.345737,	-0.2457,	0.59547,	-0.04312,	9659,	-236,	5,	-451,	9629,	139,	-61,	-142,	9619,	62,	-31,	-332,	
2,	5,	417157,	1.65255e+015,	-6,	-7,	-4,	-1,	-1,	-2,	-5,	-4,	1.65255e+009,	-0.810869,	-0.540848,	-0.493619,	-0.0460768,	-1.15555,	-0.999116,	-0.149585,	0.12937,	-1.05186,	-0.414129,	-0.0155211,	-0.0226735,	-0.91177,	-0.630693,	-0.0200697,	-0.083292,	-0.780708,	-0.606696,	-0.0146472,	-0.351788,	-0.2002,	0.59547,	-0.04312,	9669,	-236,	6,	-451,	9639,	138,	-60,	-142,	9629,	62,	-31,	-332,	
2,	5,	417219,	1.65255e+015,	-4,	2,	4,	2,	0,	-3,	-2,	2,	1.65255e+009,	-0.810869,	-0.540848,	-0.493619,	-0.0460768,	-1.23563,	-1.21299,	-0.264624,	0.136042,	-1.05186,	-0.414129,	-0.0155211,	-0.0248738,	-0.91177,	-0.630693,	-0.0200697,	-0.0854923,	-0.780708,	-0.606696,	-0.0146472,	-0.353988,	-0.1638,	0.59547,	-0.04312,	9679,	-236,	4,	-451,	9649,	139,	-60,	-142,	9639,	62,	-31,	-332,	
2,	5,	417282,	1.65255e+015,	0,	0,	2,	3,	0,	-4,	-2,	2,	1.65255e+009,	-0.886019,	-0.540848,	-0.493619,	-0.0460768,	-1.23563,	-1.28938,	-0.312805,	0.144382,	-1.05186,	-0.414129,	-0.0155211,	-0.0276241,	-0.91177,	-0.630693,	-0.0200697,	-0.0882426,	-0.780708,	-0.606696,	-0.0146472,	-0.356738,	-0.1638,	0.59547,	-0.04312,	9689,	-235,	4,	-450,	9659,	138,	-61,	-142,	9649,	62,	-31,	-332,	
2,	5,	417360,	1.65255e+015,	-1,	0,	1,	-1,	-3,	-2,	-2,	0,	1.65255e+009,	-0.886019,	-0.540848,	-0.493619,	-0.0460768,	-1.2997,	-1.35049,	-0.354038,	0.144382,	-1.05186,	-0.414129,	-0.0155211,	-0.0276241,	-0.91177,	-0.630693,	-0.0200697,	-0.0882426,	-0.780708,	-0.606696,	-0.0146472,	-0.356738,	-0.1638,	0.59547,	-0.04312,	9699,	-237,	4,	-449,	9669,	138,	-62,	-142,	9659,	62,	-32,	-333,	
2,	5,	417422,	1.65255e+015,	5,	7,	3,	8,	1,	-3,	2,	4,	1.65255e+009,	-0.886019,	-0.540848,	-0.493619,	-0.0460768,	-1.2997,	-1.35049,	-0.354038,	0.144382,	-1.05186,	-0.414129,	-0.0155211,	-0.0276241,	-0.91177,	-0.630693,	-0.0200697,	-0.0882426,	-0.780708,	-0.606696,	-0.0146472,	-0.356738,	-0.1183,	0.59547,	-0.04312,	9709,	-236,	6,	-449,	9679,	139,	-61,	-142,	9669,	63,	-31,	-333,	
2,	5,	417485,	1.65255e+015,	2,	0,	11,	10,	0,	-1,	12,	21,	1.65255e+009,	-0.886019,	-0.540848,	-0.493619,	-0.0460768,	-1.2997,	-1.35049,	-0.354038,	0.151054,	-1.05186,	-0.414129,	-0.0155211,	-0.0298243,	-0.91177,	-0.630693,	-0.0200697,	-0.0904428,	-0.780708,	-0.606696,	-0.0146472,	-0.358938,	-0.1183,	0.59547,	-0.04312,	9719,	-236,	6,	-448,	9689,	138,	-61,	-142,	9679,	62,	-30,	-333,	
2,	5,	417563,	1.65255e+015,	-5,	-8,	-1,	23,	1,	1,	10,	4,	1.65255e+009,	-0.886019,	-0.540848,	-0.493619,	-0.0460768,	-1.2997,	-1.35049,	-0.354038,	0.151054,	-1.13071,	-0.414129,	-0.0155211,	-0.0298243,	-0.91177,	-0.630693,	-0.0200697,	-0.0904428,	-0.780708,	-0.606696,	-0.0146472,	-0.358938,	-0.1183,	0.59547,	-0.04312,	9729,	-235,	6,	-448,	9699,	139,	-61,	-142,	9689,	61,	-31,	-333,	
2,	5,	417625,	1.65255e+015,	-1,	-10,	-1,	8,	-4,	-3,	2,	-6,	1.65255e+009,	-0.886019,	-0.540848,	-0.493619,	-0.0460768,	-1.37978,	-1.41159,	-0.397661,	0.151054,	-1.13071,	-0.414129,	-0.0155211,	-0.0298243,	-0.998502,	-0.630693,	-0.0200697,	-0.0904428,	-0.780708,	-0.606696,	-0.0146472,	-0.358938,	-0.1183,	0.59547,	-0.04312,	9739,	-236,	5,	-449,	9709,	139,	-61,	-142,	9699,	62,	-30,	-333,	
2,	5,	417704,	1.65255e+015,	-2,	5,	11,	17,	-1,	-7,	-4,	2,	1.65255e+009,	-0.946139,	-0.540848,	-0.493619,	-0.0460768,	-1.37978,	-1.41159,	-0.397661,	0.151054,	-1.13071,	-0.414129,	-0.0155211,	-0.0298243,	-0.998502,	-0.630693,	-0.0200697,	-0.0904428,	-0.780708,	-0.606696,	-0.0146472,	-0.358938,	-0.1183,	0.59547,	-0.04312,	9749,	-236,	5,	-449,	9719,	138,	-61,	-142,	9709,	62,	-32,	-333,	
2,	5,	417782,	1.65255e+015,	-4,	-7,	-17,	-16,	-2,	-3,	3,	9,	1.65255e+009,	-0.946139,	-0.540848,	-0.493619,	-0.0460768,	-1.37978,	-1.41159,	-0.397661,	0.151054,	-1.13071,	-0.414129,	-0.0155211,	-0.0298243,	-0.998502,	-0.630693,	-0.0200697,	-0.0904428,	-0.780708,	-0.606696,	-0.0146472,	-0.358938,	-0.1183,	0.59547,	-0.04312,	9759,	-236,	6,	-449,	9729,	139,	-61,	-142,	9719,	62,	-32,	-333,	
2,	5,	417844,	1.65255e+015,	-2,	-1,	-1,	1,	1,	0,	1,	4,	1.65255e+009,	-0.946139,	-0.540848,	-0.493619,	-0.0460768,	-1.37978,	-1.41159,	-0.397661,	0.151054,	-1.13071,	-0.414129,	-0.0155211,	-0.0298243,	-0.998502,	-0.630693,	-0.0200697,	-0.0904428,	-0.780708,	-0.606696,	-0.0146472,	-0.358938,	-0.1183,	0.59547,	-0.04312,	9769,	-235,	7,	-449,	9739,	139,	-61,	-142,	9729,	62,	-33,	-333,	
2,	5,	417922,	1.65255e+015,	-2,	3,	22,	1,	0,	-3,	4,	5,	1.65255e+009,	-0.946139,	-0.540848,	-0.493619,	-0.0460768,	-1.37978,	-1.41159,	-0.397661,	0.159393,	-1.13071,	-0.414129,	-0.0155211,	-0.0325747,	-0.998502,	-0.630693,	-0.0200697,	-0.0931932,	-0.780708,	-0.606696,	-0.0146472,	-0.361689,	-0.0819,	0.59547,	-0.04312,	9779,	-234,	7,	-450,	9749,	139,	-61,	-142,	9739,	63,	-31,	-333,	
2,	5,	417985,	1.65255e+015,	8,	-4,	-18,	-13,	0,	4,	13,	22,	1.65255e+009,	-0.946139,	-0.540848,	-0.493619,	-0.0460768,	-1.37978,	-1.41159,	-0.397661,	0.159393,	-1.13071,	-0.414129,	-0.0155211,	-0.0325747,	-0.998502,	-0.630693,	-0.0200697,	-0.0931932,	-0.780708,	-0.606696,	-0.0146472,	-0.361689,	-0.0819,	0.59547,	-0.04312,	9789,	-235,	6,	-449,	9759,	139,	-61,	-142,	9749,	62,	-31,	-333,	
2,	5,	418063,	1.65255e+015,	10,	10,	11,	15,	4,	1,	0,	-1,	1.65255e+009,	-0.946139,	-0.540848,	-0.493619,	-0.0460768,	-1.37978,	-1.41159,	-0.397661,	0.159393,	-1.13071,	-0.414129,	-0.0155211,	-0.0325747,	-0.998502,	-0.630693,	-0.0200697,	-0.0931932,	-0.780708,	-0.606696,	-0.0146472,	-0.361689,	-0.0819,	0.59547,	-0.04312,	9799,	-236,	5,	-448,	9769,	139,	-60,	-142,	9759,	63,	-32,	-333,	
2,	5,	418125,	1.65255e+015,	-3,	-4,	-6,	4,	-3,	-3,	-8,	-25,	1.65255e+009,	-0.946139,	-0.540848,	-0.493619,	-0.0460768,	-1.37978,	-1.41159,	-0.397661,	0.159393,	-1.13071,	-0.414129,	-0.0155211,	-0.0325747,	-0.998502,	-0.630693,	-0.0200697,	-0.0931932,	-0.780708,	-0.606696,	-0.0146472,	-0.361689,	-0.0819,	0.59547,	-0.04312,	9809,	-236,	6,	-448,	9779,	138,	-61,	-142,	9769,	63,	-30,	-333,	
2,	5,	418204,	1.65255e+015,	-1,	-5,	8,	-14,	0,	0,	-8,	-8,	1.65255e+009,	-0.946139,	-0.540848,	-0.493619,	-0.0460768,	-1.37978,	-1.41159,	-0.397661,	0.159393,	-1.13071,	-0.414129,	-0.0155211,	-0.0325747,	-0.998502,	-0.630693,	-0.0200697,	-0.0931932,	-0.780708,	-0.606696,	-0.0146472,	-0.361689,	-0.0819,	0.59547,	-0.04312,	9819,	-236,	5,	-447,	9789,	137,	-60,	-142,	9779,	63,	-31,	-334,	
2,	5,	418266,	1.65255e+015,	-4,	-10,	-50,	-28,	-7,	-5,	-2,	-6,	1.65255e+009,	-0.946139,	-0.540848,	-0.493619,	-0.0460768,	-1.37978,	-1.41159,	-0.397661,	0.159393,	-1.13071,	-0.414129,	-0.0155211,	-0.0325747,	-0.998502,	-0.630693,	-0.0200697,	-0.0931932,	-0.780708,	-0.606696,	-0.0146472,	-0.361689,	-0.0819,	0.59547,	-0.04312,	9829,	-236,	4,	-446,	9799,	137,	-60,	-142,	9789,	62,	-31,	-334,	
2,	5,	418344,	1.65255e+015,	2,	-2,	-2,	7,	-1,	0,	0,	0,	1.65255e+009,	-0.946139,	-0.540848,	-0.493619,	-0.0460768,	-1.44384,	-1.41159,	-0.397661,	0.159393,	-1.13071,	-0.414129,	-0.0155211,	-0.0325747,	-0.998502,	-0.630693,	-0.0200697,	-0.0931932,	-0.780708,	-0.606696,	-0.0146472,	-0.361689,	-0.0819,	0.59547,	-0.04312,	9839,	-236,	4,	-447,	9809,	137,	-61,	-142,	9799,	61,	-31,	-334,	
2,	5,	418407,	1.65255e+015,	1,	4,	-17,	-3,	-2,	-2,	0,	0,	1.65255e+009,	-0.946139,	-0.540848,	-0.493619,	-0.0460768,	-1.44384,	-1.41159,	-0.397661,	0.159393,	-1.13071,	-0.414129,	-0.0155211,	-0.0325747,	-0.998502,	-0.630693,	-0.0200697,	-0.0931932,	-0.780708,	-0.606696,	-0.0146472,	-0.361689,	-0.0819,	0.59547,	-0.04312,	9849,	-236,	6,	-447,	9819,	138,	-61,	-143,	9809,	61,	-33,	-334,	
2,	5,	418485,	1.65255e+015,	-8,	1,	32,	8,	1,	0,	2,	-3,	1.65255e+009,	-0.946139,	-0.540848,	-0.493619,	-0.0460768,	-1.44384,	-1.41159,	-0.397661,	0.159393,	-1.13071,	-0.414129,	-0.0155211,	-0.0325747,	-0.998502,	-0.630693,	-0.0200697,	-0.0931932,	-0.780708,	-0.606696,	-0.0146472,	-0.361689,	-0.0819,	0.59547,	-0.04312,	9859,	-236,	5,	-448,	9829,	137,	-62,	-142,	9819,	61,	-31,	-334,	
2,	5,	418563,	1.65255e+015,	-1,	1,	9,	-2,	-1,	-2,	-4,	-7,	1.65255e+009,	-0.946139,	-0.540848,	-0.493619,	-0.0460768,	-1.44384,	-1.41159,	-0.397661,	0.159393,	-1.13071,	-0.414129,	-0.0155211,	-0.0325747,	-0.998502,	-0.630693,	-0.0200697,	-0.0931932,	-0.780708,	-0.606696,	-0.0146472,	-0.361689,	-0.0819,	0.59547,	-0.04312,	9869,	-236,	4,	-449,	9839,	137,	-61,	-142,	9829,	63,	-32,	-334,	
2,	5,	418625,	1.65255e+015,	-2,	8,	38,	3,	-4,	-6,	-4,	4,	1.65255e+009,	-0.946139,	-0.540848,	-0.493619,	-0.0460768,	-1.44384,	-1.41159,	-0.397661,	0.159393,	-1.13071,	-0.414129,	-0.0155211,	-0.0325747,	-0.998502,	-0.630693,	-0.0200697,	-0.0931932,	-0.780708,	-0.606696,	-0.0146472,	-0.361689,	-0.0819,	0.59547,	-0.04312,	9879,	-236,	4,	-449,	9849,	137,	-61,	-142,	9839,	63,	-32,	-334,	
2,	5,	418688,	1.65255e+015,	1,	9,	-1,	-1,	0,	-2,	-5,	-5,	1.65255e+009,	-0.946139,	-0.540848,	-0.493619,	-0.0460768,	-1.44384,	-1.41159,	-0.397661,	0.159393,	-1.13071,	-0.414129,	-0.0155211,	-0.0325747,	-0.998502,	-0.630693,	-0.0200697,	-0.0931932,	-0.780708,	-0.606696,	-0.0146472,	-0.361689,	-0.0819,	0.59547,	-0.04312,	9889,	-236,	5,	-448,	9859,	138,	-61,	-142,	9849,	63,	-32,	-334,	
2,	5,	418766,	1.65255e+015,	0,	-3,	16,	2,	1,	3,	-2,	1,	1.65255e+009,	-0.946139,	-0.540848,	-0.493619,	-0.0460768,	-1.44384,	-1.41159,	-0.397661,	0.159393,	-1.13071,	-0.414129,	-0.0155211,	-0.0325747,	-0.998502,	-0.630693,	-0.0200697,	-0.0931932,	-0.780708,	-0.606696,	-0.0146472,	-0.361689,	-0.0819,	0.59547,	-0.04312,	9899,	-236,	5,	-448,	9869,	138,	-62,	-143,	9859,	63,	-31,	-334,	
2,	5,	418844,	1.65255e+015,	-1,	9,	-18,	-2,	1,	-4,	-4,	-13,	1.65255e+009,	-0.946139,	-0.540848,	-0.493619,	-0.0460768,	-1.44384,	-1.41159,	-0.397661,	0.159393,	-1.13071,	-0.414129,	-0.0155211,	-0.0325747,	-0.998502,	-0.630693,	-0.0200697,	-0.0931932,	-0.780708,	-0.606696,	-0.0146472,	-0.361689,	-0.0819,	0.59547,	-0.04312,	9909,	-236,	5,	-447,	9879,	138,	-61,	-143,	9869,	62,	-31,	-334,	
2,	5,	418907,	1.65255e+015,	-1,	2,	13,	2,	-2,	0,	0,	-2,	1.65255e+009,	-0.946139,	-0.540848,	-0.493619,	-0.0460768,	-1.44384,	-1.4727,	-0.443674,	0.159393,	-1.13071,	-0.414129,	-0.0155211,	-0.0325747,	-0.998502,	-0.630693,	-0.0200697,	-0.0931932,	-0.780708,	-0.606696,	-0.0146472,	-0.361689,	-0.0819,	0.59547,	-0.04312,	9919,	-237,	4,	-445,	9889,	138,	-61,	-143,	9879,	62,	-31,	-334,	
2,	5,	418969,	1.65255e+015,	0,	1,	-3,	-14,	0,	0,	-2,	-5,	1.65255e+009,	-0.946139,	-0.540848,	-0.493619,	-0.0460768,	-1.44384,	-1.4727,	-0.443674,	0.159393,	-1.13071,	-0.414129,	-0.0155211,	-0.0325747,	-0.998502,	-0.630693,	-0.0200697,	-0.0931932,	-0.780708,	-0.606696,	-0.0146472,	-0.361689,	-0.0819,	0.59547,	-0.04312,	9929,	-237,	5,	-445,	9899,	137,	-62,	-143,	9889,	62,	-30,	-334,	
2,	5,	419047,	1.65255e+015,	1,	4,	-6,	6,	2,	0,	1,	1,	1.65255e+009,	-0.946139,	-0.540848,	-0.493619,	-0.0460768,	-1.44384,	-1.4727,	-0.443674,	0.159393,	-1.13071,	-0.414129,	-0.0155211,	-0.0325747,	-0.998502,	-0.630693,	-0.0200697,	-0.0931932,	-0.780708,	-0.606696,	-0.0146472,	-0.361689,	-0.0819,	0.59547,	-0.04312,	9939,	-238,	5,	-445,	9909,	138,	-61,	-143,	9899,	62,	-31,	-334,	
2,	5,	419110,	1.65255e+015,	2,	-2,	10,	2,	1,	1,	0,	2,	1.65255e+009,	-0.946139,	-0.540848,	-0.493619,	-0.0460768,	-1.44384,	-1.4727,	-0.443674,	0.159393,	-1.13071,	-0.414129,	-0.0155211,	-0.0325747,	-0.998502,	-0.630693,	-0.0200697,	-0.0931932,	-0.780708,	-0.606696,	-0.0146472,	-0.361689,	-0.0819,	0.59547,	-0.04312,	9949,	-237,	5,	-446,	9919,	136,	-61,	-143,	9909,	63,	-30,	-334,	
2,	5,	419188,	1.65255e+015,	-3,	0,	-8,	1,	-4,	-4,	-2,	-2,	1.65255e+009,	-0.886019,	-0.540848,	-0.493619,	-0.0460768,	-1.2997,	-1.16716,	-0.237508,	0.142714,	-1.03609,	-0.414129,	-0.0155211,	-0.027074,	-0.998502,	-0.630693,	-0.0200697,	-0.0876925,	-0.780708,	-0.606696,	-0.0146472,	-0.356188,	-0.2275,	0.59547,	-0.04312,	9959,	-237,	3,	-447,	9929,	136,	-61,	-143,	9919,	62,	-31,	-333,	
2,	5,	419266,	1.65255e+015,	-2,	0,	12,	-4,	-2,	-1,	0,	-2,	1.65255e+009,	-0.810869,	-0.540848,	-0.493619,	-0.0460768,	-1.15555,	-0.663022,	-0.0279576,	0.124367,	-0.973009,	-0.414129,	-0.0155211,	-0.0210233,	-0.998502,	-0.630693,	-0.0200697,	-0.0816418,	-0.780708,	-0.606696,	-0.0146472,	-0.350137,	-0.2821,	0.59547,	-0.04312,	9969,	-235,	5,	-448,	9939,	137,	-61,	-143,	9929,	62,	-31,	-333,	
2,	5,	419344,	1.65255e+015,	-2,	-1,	-16,	0,	0,	-1,	-1,	-2,	1.65255e+009,	-0.810869,	-0.540848,	-0.493619,	-0.0460768,	-0.963362,	-0.433867,	-0.0135204,	0.106019,	-0.941469,	-0.334296,	-0.0210691,	-0.0149726,	-0.998502,	-0.630693,	-0.0200697,	-0.0755911,	-0.780708,	-0.542631,	-0.00197613,	-0.344087,	-0.3276,	0.59547,	-0.04312,	9979,	-235,	5,	-449,	9949,	137,	-61,	-142,	9939,	61,	-31,	-333,	
2,	5,	419422,	1.65255e+015,	-1,	-5,	16,	-2,	1,	-1,	-1,	1,	1.65255e+009,	-0.810869,	-0.540848,	-0.493619,	-0.0460768,	-0.93133,	-0.433867,	-0.0135204,	0.106019,	-0.941469,	-0.334296,	-0.0210691,	-0.0149726,	-0.998502,	-0.541988,	-0.00186229,	-0.0755911,	-0.780708,	-0.542631,	-0.00197613,	-0.344087,	-0.3276,	0.59547,	-0.04312,	9989,	-235,	4,	-449,	9959,	137,	-61,	-142,	9949,	62,	-31,	-333,	
2,	5,	419500,	1.65255e+015,	-2,	0,	-19,	-3,	-1,	3,	1,	0,	1.65255e+009,	-0.810869,	-0.540848,	-0.493619,	-0.0460768,	-0.85125,	-0.433867,	-0.0135204,	0.106019,	-0.941469,	-0.334296,	-0.0210691,	-0.0149726,	-0.998502,	-0.541988,	-0.00186229,	-0.0755911,	-0.780708,	-0.542631,	-0.00197613,	-0.344087,	-0.3276,	0.59547,	-0.04312,	9999,	-236,	4,	-448,	9969,	137,	-62,	-142,	9959,	62,	-31,	-333,	
2,	5,	419579,	1.65255e+015,	-1,	0,	14,	9,	-1,	-3,	-2,	-2,	1.65255e+009,	-0.750749,	-0.540848,	-0.493619,	-0.0460768,	-0.85125,	-0.433867,	-0.0135204,	0.106019,	-0.941469,	-0.334296,	-0.0210691,	-0.0149726,	-0.998502,	-0.541988,	-0.00186229,	-0.0755911,	-0.780708,	-0.542631,	-0.00197613,	-0.344087,	-0.3276,	0.59547,	-0.04312,	10009,	-236,	4,	-446,	9979,	139,	-62,	-142,	9969,	60,	-32,	-334,	
2,	5,	419641,	1.65255e+015,	-1,	-6,	2,	-21,	-5,	-5,	-1,	-2,	1.65255e+009,	-0.750749,	-0.540848,	-0.493619,	-0.0460768,	-0.85125,	-0.433867,	-0.0135204,	0.106019,	-0.941469,	-0.334296,	-0.0210691,	-0.0149726,	-0.998502,	-0.541988,	-0.00186229,	-0.0755911,	-0.780708,	-0.542631,	-0.00197613,	-0.344087,	-0.3276,	0.59547,	-0.04312,	10019,	-237,	6,	-444,	9989,	137,	-61,	-142,	9979,	62,	-30,	-334,	
2,	5,	419735,	1.65255e+015,	-4,	-3,	-16,	-1,	-3,	-3,	0,	-2,	1.65255e+009,	-0.750749,	-0.540848,	-0.493619,	-0.0460768,	-0.85125,	-0.433867,	-0.0135204,	0.106019,	-0.941469,	-0.334296,	-0.0210691,	-0.0149726,	-0.998502,	-0.541988,	-0.00186229,	-0.0755911,	-0.780708,	-0.542631,	-0.00197613,	-0.344087,	-0.3276,	0.59547,	-0.04312,	10029,	-238,	4,	-442,	9999,	136,	-61,	-142,	9989,	62,	-31,	-334,	
2,	5,	419797,	1.65255e+015,	-1,	-4,	-9,	-9,	-4,	-1,	0,	-1,	1.65255e+009,	-0.750749,	-0.540848,	-0.493619,	-0.0460768,	-0.85125,	-0.433867,	-0.0135204,	0.106019,	-0.941469,	-0.334296,	-0.0210691,	-0.0149726,	-0.998502,	-0.541988,	-0.00186229,	-0.0755911,	-0.780708,	-0.542631,	-0.00197613,	-0.344087,	-0.3276,	0.59547,	-0.04312,	10039,	-239,	6,	-441,	10009,	137,	-60,	-143,	9999,	62,	-30,	-334,	
2,	5,	419875,	1.65255e+015,	-4,	-2,	-17,	-11,	-4,	-1,	-2,	-3,	1.65255e+009,	-0.750749,	-0.540848,	-0.493619,	-0.0460768,	-0.85125,	-0.433867,	-0.0135204,	0.106019,	-0.941469,	-0.334296,	-0.0210691,	-0.0149726,	-0.998502,	-0.541988,	-0.00186229,	-0.0755911,	-0.780708,	-0.542631,	-0.00197613,	-0.344087,	-0.3276,	0.59547,	-0.04312,	10049,	-240,	7,	-441,	10019,	137,	-61,	-143,	10009,	62,	-30,	-334,	
2,	5,	419954,	1.65255e+015,	0,	4,	3,	4,	1,	1,	-1,	-1,	1.65255e+009,	-0.750749,	-0.540848,	-0.493619,	-0.0460768,	-0.85125,	-0.433867,	-0.0135204,	0.106019,	-0.941469,	-0.334296,	-0.0210691,	-0.0149726,	-0.998502,	-0.541988,	-0.00186229,	-0.0755911,	-0.780708,	-0.542631,	-0.00197613,	-0.344087,	-0.3276,	0.59547,	-0.04312,	10059,	-239,	4,	-441,	10029,	137,	-61,	-142,	10019,	62,	-32,	-333,	
2,	5,	420032,	1.65255e+015,	0,	2,	-1,	3,	-3,	-2,	0,	0,	1.65255e+009,	-0.750749,	-0.540848,	-0.493619,	-0.0460768,	-0.85125,	-0.433867,	-0.0135204,	0.106019,	-0.941469,	-0.334296,	-0.0210691,	-0.0149726,	-0.998502,	-0.541988,	-0.00186229,	-0.0755911,	-0.780708,	-0.542631,	-0.00197613,	-0.344087,	-0.3276,	0.59547,	-0.04312,	10069,	-238,	5,	-441,	10039,	137,	-62,	-142,	10029,	61,	-32,	-333,	
2,	5,	420110,	1.65255e+015,	-1,	-6,	0,	-5,	-2,	-1,	-1,	-2,	1.65255e+009,	-0.750749,	-0.540848,	-0.493619,	-0.0460768,	-0.85125,	-0.433867,	-0.0135204,	0.106019,	-0.941469,	-0.334296,	-0.0210691,	-0.0149726,	-0.998502,	-0.541988,	-0.00186229,	-0.0755911,	-0.780708,	-0.542631,	-0.00197613,	-0.344087,	-0.3276,	0.59547,	-0.04312,	10079,	-238,	6,	-443,	10049,	137,	-62,	-142,	10039,	61,	-33,	-333,	
2,	5,	420188,	1.65255e+015,	-1,	2,	11,	1,	4,	1,	-1,	0,	1.65255e+009,	-0.750749,	-0.540848,	-0.493619,	-0.0460768,	-0.85125,	-0.433867,	-0.0135204,	0.106019,	-0.941469,	-0.334296,	-0.0210691,	-0.0149726,	-0.998502,	-0.541988,	-0.00186229,	-0.0755911,	-0.780708,	-0.542631,	-0.00197613,	-0.344087,	-0.3276,	0.59547,	-0.04312,	10089,	-237,	6,	-444,	10059,	137,	-60,	-141,	10049,	61,	-32,	-333,	
2,	5,	420266,	1.65255e+015,	1,	5,	0,	2,	-3,	-1,	-2,	0,	1.65255e+009,	-0.750749,	-0.540848,	-0.493619,	-0.0460768,	-0.85125,	-0.433867,	-0.0135204,	0.106019,	-0.941469,	-0.334296,	-0.0210691,	-0.0149726,	-0.998502,	-0.541988,	-0.00186229,	-0.0755911,	-0.780708,	-0.542631,	-0.00197613,	-0.344087,	-0.3276,	0.59547,	-0.04312,	10099,	-237,	6,	-444,	10069,	137,	-60,	-141,	10059,	60,	-32,	-332,	
2,	5,	420344,	1.65255e+015,	-5,	-3,	19,	-1,	-2,	-4,	-2,	-1,	1.65255e+009,	-0.750749,	-0.540848,	-0.493619,	-0.0460768,	-0.85125,	-0.433867,	-0.0135204,	0.106019,	-0.941469,	-0.334296,	-0.0210691,	-0.0149726,	-0.998502,	-0.541988,	-0.00186229,	-0.0755911,	-0.780708,	-0.542631,	-0.00197613,	-0.344087,	-0.3276,	0.59547,	-0.04312,	10109,	-237,	5,	-444,	10079,	137,	-60,	-141,	10069,	61,	-32,	-332,	
2,	5,	420422,	1.65255e+015,	3,	5,	7,	4,	3,	-1,	0,	1,	1.65255e+009,	-0.750749,	-0.540848,	-0.493619,	-0.0460768,	-0.85125,	-0.433867,	-0.0135204,	0.106019,	-0.941469,	-0.334296,	-0.0210691,	-0.0149726,	-0.998502,	-0.541988,	-0.00186229,	-0.0755911,	-0.780708,	-0.542631,	-0.00197613,	-0.344087,	-0.3276,	0.59547,	-0.04312,	10119,	-238,	6,	-442,	10089,	137,	-60,	-141,	10079,	61,	-32,	-332,	
2,	5,	420500,	1.65255e+015,	5,	14,	-3,	2,	2,	1,	-1,	-1,	1.65255e+009,	-0.750749,	-0.540848,	-0.493619,	-0.0460768,	-0.85125,	-0.433867,	-0.0135204,	0.106019,	-0.941469,	-0.334296,	-0.0210691,	-0.0149726,	-0.998502,	-0.541988,	-0.00186229,	-0.0755911,	-0.780708,	-0.542631,	-0.00197613,	-0.344087,	-0.3276,	0.59547,	-0.04312,	10129,	-237,	5,	-441,	10099,	136,	-61,	-142,	10089,	62,	-33,	-333,	
2,	5,	420579,	1.65255e+015,	0,	8,	6,	0,	-3,	-2,	0,	-1,	1.65255e+009,	-0.750749,	-0.540848,	-0.493619,	-0.0460768,	-0.85125,	-0.433867,	-0.0135204,	0.106019,	-0.941469,	-0.334296,	-0.0210691,	-0.0149726,	-0.998502,	-0.541988,	-0.00186229,	-0.0755911,	-0.780708,	-0.542631,	-0.00197613,	-0.344087,	-0.3276,	0.59547,	-0.04312,	10139,	-237,	6,	-439,	10109,	136,	-61,	-142,	10099,	63,	-31,	-333,	
2,	5,	420657,	1.65255e+015,	-2,	7,	3,	-11,	-1,	-2,	-2,	-2,	1.65255e+009,	-0.750749,	-0.540848,	-0.493619,	-0.0460768,	-0.85125,	-0.433867,	-0.0135204,	0.106019,	-0.941469,	-0.334296,	-0.0210691,	-0.0149726,	-0.998502,	-0.541988,	-0.00186229,	-0.0755911,	-0.780708,	-0.542631,	-0.00197613,	-0.344087,	-0.3276,	0.59547,	-0.04312,	10149,	-239,	6,	-439,	10119,	137,	-62,	-142,	10109,	61,	-31,	-334,	
2,	5,	420735,	1.65255e+015,	-1,	-4,	-7,	3,	-1,	0,	-1,	0,	1.65255e+009,	-0.750749,	-0.540848,	-0.493619,	-0.0460768,	-0.85125,	-0.433867,	-0.0135204,	0.106019,	-0.941469,	-0.334296,	-0.0210691,	-0.0149726,	-0.998502,	-0.541988,	-0.00186229,	-0.0755911,	-0.780708,	-0.542631,	-0.00197613,	-0.344087,	-0.3276,	0.59547,	-0.04312,	10159,	-237,	7,	-439,	10129,	136,	-61,	-143,	10119,	62,	-30,	-334,	
2,	5,	420813,	1.65255e+015,	-1,	0,	5,	5,	2,	1,	0,	-1,	1.65255e+009,	-0.750749,	-0.540848,	-0.493619,	-0.0460768,	-0.85125,	-0.433867,	-0.0135204,	0.106019,	-0.941469,	-0.334296,	-0.0210691,	-0.0149726,	-0.998502,	-0.541988,	-0.00186229,	-0.0755911,	-0.780708,	-0.542631,	-0.00197613,	-0.344087,	-0.3276,	0.59547,	-0.04312,	10169,	-239,	6,	-439,	10139,	135,	-62,	-143,	10129,	60,	-31,	-333,	
2,	5,	420891,	1.65255e+015,	-1,	-1,	-1,	-3,	-3,	-3,	0,	0,	1.65255e+009,	-0.750749,	-0.540848,	-0.493619,	-0.0460768,	-0.85125,	-0.433867,	-0.0135204,	0.106019,	-0.941469,	-0.334296,	-0.0210691,	-0.0149726,	-0.998502,	-0.541988,	-0.00186229,	-0.0755911,	-0.780708,	-0.542631,	-0.00197613,	-0.344087,	-0.3276,	0.59547,	-0.04312,	10179,	-239,	6,	-439,	10149,	135,	-62,	-142,	10139,	61,	-31,	-333,	
2,	5,	420969,	1.65255e+015,	-1,	2,	6,	9,	-1,	-1,	-1,	-1,	1.65255e+009,	-0.750749,	-0.540848,	-0.493619,	-0.0460768,	-0.85125,	-0.433867,	-0.0135204,	0.106019,	-0.941469,	-0.334296,	-0.0210691,	-0.0149726,	-0.998502,	-0.541988,	-0.00186229,	-0.0755911,	-0.780708,	-0.542631,	-0.00197613,	-0.344087,	-0.3276,	0.59547,	-0.04312,	10189,	-239,	5,	-441,	10159,	136,	-62,	-141,	10149,	61,	-31,	-333,	
2,	5,	421047,	1.65255e+015,	2,	-3,	13,	-12,	-3,	0,	0,	0,	1.65255e+009,	-0.750749,	-0.540848,	-0.493619,	-0.0460768,	-0.85125,	-0.433867,	-0.0135204,	0.106019,	-0.941469,	-0.334296,	-0.0210691,	-0.0149726,	-0.998502,	-0.541988,	-0.00186229,	-0.0755911,	-0.780708,	-0.542631,	-0.00197613,	-0.344087,	-0.3276,	0.59547,	-0.04312,	10199,	-238,	5,	-442,	10169,	137,	-61,	-141,	10159,	61,	-32,	-333,	
2,	5,	421125,	1.65255e+015,	-3,	-4,	8,	1,	-3,	-2,	0,	-2,	1.65255e+009,	-0.750749,	-0.540848,	-0.493619,	-0.0460768,	-0.85125,	-0.433867,	-0.0135204,	0.106019,	-0.941469,	-0.334296,	-0.0210691,	-0.0149726,	-0.998502,	-0.541988,	-0.00186229,	-0.0755911,	-0.780708,	-0.542631,	-0.00197613,	-0.344087,	-0.3276,	0.59547,	-0.04312,	10209,	-237,	6,	-442,	10179,	136,	-60,	-141,	10169,	62,	-32,	-333,	
2,	5,	421204,	1.65255e+015,	1,	5,	-3,	17,	1,	1,	-1,	0,	1.65255e+009,	-0.750749,	-0.540848,	-0.493619,	-0.0460768,	-0.85125,	-0.433867,	-0.0135204,	0.106019,	-0.941469,	-0.334296,	-0.0210691,	-0.0149726,	-0.998502,	-0.541988,	-0.00186229,	-0.0755911,	-0.780708,	-0.542631,	-0.00197613,	-0.344087,	-0.3276,	0.59547,	-0.04312,	10219,	-239,	6,	-442,	10189,	137,	-60,	-141,	10179,	59,	-34,	-333,	
2,	5,	421282,	1.65255e+015,	0,	1,	3,	-6,	2,	0,	1,	-1,	1.65255e+009,	-0.750749,	-0.540848,	-0.493619,	-0.0460768,	-0.85125,	-0.433867,	-0.0135204,	0.106019,	-0.941469,	-0.334296,	-0.0210691,	-0.0149726,	-0.998502,	-0.541988,	-0.00186229,	-0.0755911,	-0.780708,	-0.542631,	-0.00197613,	-0.344087,	-0.3276,	0.59547,	-0.04312,	10229,	-239,	7,	-440,	10199,	137,	-61,	-141,	10189,	60,	-33,	-333,	
2,	5,	421360,	1.65255e+015,	1,	2,	29,	9,	2,	0,	1,	-1,	1.65255e+009,	-0.750749,	-0.540848,	-0.493619,	-0.0460768,	-0.85125,	-0.433867,	-0.0135204,	0.106019,	-0.941469,	-0.334296,	-0.0210691,	-0.0149726,	-0.998502,	-0.541988,	-0.00186229,	-0.0755911,	-0.780708,	-0.542631,	-0.00197613,	-0.344087,	-0.3276,	0.59547,	-0.04312,	10239,	-240,	7,	-439,	29869,	136,	-59,	-138,	29849,	60,	-31,	-331,	
2,	5,	421454,	1.65255e+015,	-3,	-5,	-11,	-11,	-3,	-2,	-4,	-1,	1.65255e+009,	-0.750749,	-0.540848,	-0.493619,	-0.0460768,	-0.85125,	-0.433867,	-0.0135204,	0.106019,	-0.941469,	-0.334296,	-0.0210691,	-0.0149726,	-0.998502,	-0.541988,	-0.00186229,	-0.0755911,	-0.780708,	-0.542631,	-0.00197613,	-0.344087,	-0.3276,	0.59547,	-0.04312,	29909,	-241,	4,	-425,	29879,	136,	-59,	-138,	29859,	59,	-32,	-331,	
2,	5,	421532,	1.65255e+015,	-1,	1,	1,	1,	1,	-2,	-2,	-2,	1.65255e+009,	-0.750749,	-0.540848,	-0.493619,	-0.0460768,	-0.85125,	-0.433867,	-0.0135204,	0.106019,	-0.941469,	-0.334296,	-0.0210691,	-0.0149726,	-0.998502,	-0.541988,	-0.00186229,	-0.0755911,	-0.780708,	-0.542631,	-0.00197613,	-0.344087,	-0.3276,	0.59547,	-0.04312,	29919,	-242,	5,	-425,	29889,	136,	-60,	-138,	29869,	60,	-31,	-331,	
2,	5,	421610,	1.65255e+015,	1,	9,	3,	22,	2,	-2,	1,	0,	1.65255e+009,	-0.750749,	-0.540848,	-0.493619,	-0.0460768,	-0.85125,	-0.433867,	-0.0135204,	0.106019,	-0.941469,	-0.334296,	-0.0210691,	-0.0149726,	-0.998502,	-0.541988,	-0.00186229,	-0.0755911,	-0.780708,	-0.542631,	-0.00197613,	-0.344087,	-0.3276,	0.59547,	-0.04312,	29929,	-241,	4,	-425,	29899,	135,	-59,	-139,	29879,	60,	-31,	-331,	
