1,	3,	46657,	1.65255e+015,	-5,	-4,	21,	-8,	-7,	-4,	-2,	-2,	1.65255e+009,	-0.720689,	-0.343728,	-0.345038,	-0.0411488,	-0.85125,	-0.311651,	-0.0219002,	0.106019,	-0.957239,	-0.19459,	-0.0209634,	-0.0149726,	-0.91177,	-0.22265,	-0.0219871,	-0.0755911,	-0.802638,	-0.388875,	-0.0177172,	-0.391399,	-0.4641,	0.67314,	-0.04704,	46625,	-237,	-2,	-466,	46675,	151,	-59,	-117,	46665,	67,	-37,	-314,	
1,	3,	46735,	1.65255e+015,	4,	6,	-16,	3,	5,	1,	1,	1,	1.65255e+009,	-0.720689,	-0.343728,	-0.345038,	-0.0411488,	-0.85125,	-0.311651,	-0.0219002,	0.106019,	-0.957239,	-0.19459,	-0.0209634,	-0.0149726,	-0.91177,	-0.22265,	-0.0219871,	-0.0755911,	-0.802638,	-0.388875,	-0.0177172,	-0.391399,	-0.4641,	0.67314,	-0.04704,	46635,	-238,	-3,	-462,	46685,	150,	-59,	-110,	46675,	65,	-37,	-311,	
1,	3,	46813,	1.65255e+015,	2,	11,	8,	0,	1,	1,	1,	1,	1.65255e+009,	-0.720689,	-0.343728,	-0.345038,	-0.0411488,	-0.85125,	-0.311651,	-0.0219002,	0.106019,	-0.957239,	-0.19459,	-0.0209634,	-0.0149726,	-0.91177,	-0.22265,	-0.0219871,	-0.0755911,	-0.802638,	-0.388875,	-0.0177172,	-0.391399,	-0.4641,	0.67314,	-0.04704,	46645,	-240,	-3,	-456,	46695,	149,	-59,	-105,	46685,	62,	-38,	-309,	
1,	3,	46891,	1.65255e+015,	-1,	-9,	6,	-3,	-2,	-2,	-1,	-2,	1.65255e+009,	-0.720689,	-0.343728,	-0.345038,	-0.0411488,	-0.85125,	-0.311651,	-0.0219002,	0.106019,	-0.957239,	-0.19459,	-0.0209634,	-0.0149726,	-0.91177,	-0.22265,	-0.0219871,	-0.0755911,	-0.802638,	-0.388875,	-0.0177172,	-0.391399,	-0.4641,	0.67314,	-0.04704,	46655,	-245,	-3,	-449,	46705,	150,	-60,	-101,	46695,	61,	-38,	-307,	
1,	3,	46969,	1.65255e+015,	0,	-6,	-9,	-1,	-1,	0,	-1,	1,	1.65255e+009,	-0.720689,	-0.343728,	-0.345038,	-0.0411488,	-0.85125,	-0.311651,	-0.0219002,	0.106019,	-0.957239,	-0.19459,	-0.0209634,	-0.0149726,	-0.91177,	-0.22265,	-0.0219871,	-0.0755911,	-0.802638,	-0.388875,	-0.0177172,	-0.391399,	-0.4641,	0.67314,	-0.04704,	46665,	-247,	-3,	-444,	46715,	147,	-60,	-98,	46705,	57,	-40,	-305,	
1,	3,	47047,	1.65255e+015,	-2,	-1,	22,	-3,	-1,	-1,	-2,	0,	1.65255e+009,	-0.720689,	-0.343728,	-0.345038,	-0.0411488,	-0.85125,	-0.311651,	-0.0219002,	0.106019,	-0.957239,	-0.19459,	-0.0209634,	-0.0149726,	-0.91177,	-0.22265,	-0.0219871,	-0.0755911,	-0.802638,	-0.388875,	-0.0177172,	-0.391399,	-0.4641,	0.67314,	-0.04704,	46675,	-249,	-2,	-439,	46725,	146,	-61,	-95,	46715,	57,	-39,	-303,	
1,	3,	47125,	1.65255e+015,	-1,	-2,	-7,	12,	-2,	-1,	0,	0,	1.65255e+009,	-0.720689,	-0.343728,	-0.345038,	-0.0411488,	-0.85125,	-0.311651,	-0.0219002,	0.106019,	-0.957239,	-0.19459,	-0.0209634,	-0.0149726,	-0.91177,	-0.22265,	-0.0219871,	-0.0755911,	-0.802638,	-0.388875,	-0.0177172,	-0.391399,	-0.4641,	0.67314,	-0.04704,	46685,	-253,	-2,	-436,	46735,	145,	-62,	-92,	46725,	55,	-39,	-302,	
1,	3,	47204,	1.65255e+015,	-3,	-5,	13,	-11,	-4,	-4,	0,	-1,	1.65255e+009,	-0.720689,	-0.343728,	-0.345038,	-0.0411488,	-0.85125,	-0.311651,	-0.0219002,	0.106019,	-0.957239,	-0.19459,	-0.0209634,	-0.0149726,	-0.91177,	-0.22265,	-0.0219871,	-0.0755911,	-0.802638,	-0.388875,	-0.0177172,	-0.391399,	-0.4641,	0.67314,	-0.04704,	46695,	-255,	-3,	-432,	46745,	144,	-62,	-88,	46735,	54,	-40,	-302,	
1,	3,	47282,	1.65255e+015,	0,	-1,	14,	-3,	-2,	0,	-2,	-1,	1.65255e+009,	-0.720689,	-0.343728,	-0.345038,	-0.0411488,	-0.85125,	-0.311651,	-0.0219002,	0.106019,	-0.957239,	-0.19459,	-0.0209634,	-0.0149726,	-0.91177,	-0.22265,	-0.0219871,	-0.0755911,	-0.802638,	-0.388875,	-0.0177172,	-0.391399,	-0.4641,	0.67314,	-0.04704,	46705,	-257,	-5,	-427,	46755,	143,	-61,	-86,	46745,	52,	-40,	-302,	
1,	3,	47375,	1.65255e+015,	-2,	-3,	-13,	-3,	0,	0,	-1,	-1,	1.65255e+009,	-0.720689,	-0.343728,	-0.345038,	-0.0411488,	-0.85125,	-0.311651,	-0.0219002,	0.106019,	-0.957239,	-0.19459,	-0.0209634,	-0.0149726,	-0.91177,	-0.22265,	-0.0219871,	-0.0755911,	-0.802638,	-0.388875,	-0.0177172,	-0.391399,	-0.4641,	0.67314,	-0.04704,	46715,	-259,	-4,	-423,	46765,	142,	-61,	-86,	46755,	51,	-42,	-303,	
1,	3,	47454,	1.65255e+015,	-5,	-8,	-47,	-4,	-6,	-6,	-2,	-4,	1.65255e+009,	-0.720689,	-0.343728,	-0.345038,	-0.0411488,	-0.85125,	-0.311651,	-0.0219002,	0.106019,	-0.957239,	-0.19459,	-0.0209634,	-0.0149726,	-0.91177,	-0.22265,	-0.0219871,	-0.0755911,	-0.802638,	-0.388875,	-0.0177172,	-0.391399,	-0.4641,	0.67314,	-0.04704,	46725,	-261,	-5,	-419,	46775,	142,	-62,	-86,	46765,	53,	-41,	-304,	
1,	3,	47532,	1.65255e+015,	1,	0,	-16,	5,	-1,	-1,	0,	-1,	1.65255e+009,	-0.720689,	-0.343728,	-0.345038,	-0.0411488,	-0.85125,	-0.311651,	-0.0219002,	0.106019,	-0.957239,	-0.19459,	-0.0209634,	-0.0149726,	-0.91177,	-0.22265,	-0.0219871,	-0.0755911,	-0.802638,	-0.388875,	-0.0177172,	-0.391399,	-0.4641,	0.67314,	-0.04704,	46735,	-260,	-4,	-418,	46785,	142,	-61,	-85,	46775,	52,	-42,	-304,	
1,	3,	47610,	1.65255e+015,	1,	5,	17,	-3,	-2,	1,	-1,	1,	1.65255e+009,	-0.720689,	-0.343728,	-0.345038,	-0.0411488,	-0.85125,	-0.311651,	-0.0219002,	0.106019,	-0.957239,	-0.19459,	-0.0209634,	-0.0149726,	-0.91177,	-0.22265,	-0.0219871,	-0.0755911,	-0.802638,	-0.388875,	-0.0177172,	-0.391399,	-0.4641,	0.67314,	-0.04704,	46745,	-263,	-4,	-417,	46795,	142,	-60,	-85,	46785,	53,	-41,	-305,	
1,	3,	47688,	1.65255e+015,	-2,	-2,	6,	-7,	0,	1,	-1,	0,	1.65255e+009,	-0.720689,	-0.343728,	-0.345038,	-0.0411488,	-0.85125,	-0.311651,	-0.0219002,	0.106019,	-0.957239,	-0.19459,	-0.0209634,	-0.0149726,	-0.91177,	-0.22265,	-0.0219871,	-0.0755911,	-0.802638,	-0.388875,	-0.0177172,	-0.391399,	-0.4641,	0.67314,	-0.04704,	46755,	-263,	-5,	-418,	46805,	141,	-59,	-85,	46795,	51,	-40,	-306,	
1,	3,	47766,	1.65255e+015,	-1,	-3,	-18,	-5,	-3,	0,	-2,	-11,	1.65255e+009,	-0.720689,	-0.343728,	-0.345038,	-0.0411488,	-0.85125,	-0.311651,	-0.0219002,	0.106019,	-0.957239,	-0.19459,	-0.0209634,	-0.0149726,	-0.91177,	-0.22265,	-0.0219871,	-0.0755911,	-0.802638,	-0.388875,	-0.0177172,	-0.391399,	-0.4641,	0.67314,	-0.04704,	46765,	-262,	-5,	-418,	46815,	139,	-59,	-87,	46805,	51,	-41,	-307,	
1,	3,	47844,	1.65255e+015,	-2,	-2,	25,	13,	0,	-3,	-1,	0,	1.65255e+009,	-0.720689,	-0.343728,	-0.345038,	-0.0411488,	-0.85125,	-0.311651,	-0.0219002,	0.106019,	-0.957239,	-0.19459,	-0.0209634,	-0.0149726,	-0.91177,	-0.22265,	-0.0219871,	-0.0755911,	-0.802638,	-0.388875,	-0.0177172,	-0.391399,	-0.4641,	0.67314,	-0.04704,	46775,	-263,	-5,	-420,	46825,	139,	-59,	-89,	46815,	52,	-40,	-309,	
1,	3,	47922,	1.65255e+015,	3,	5,	24,	15,	3,	0,	0,	1,	1.65255e+009,	-0.720689,	-0.343728,	-0.345038,	-0.0411488,	-0.85125,	-0.311651,	-0.0219002,	0.106019,	-0.957239,	-0.19459,	-0.0209634,	-0.0149726,	-0.91177,	-0.22265,	-0.0219871,	-0.0755911,	-0.802638,	-0.388875,	-0.0177172,	-0.391399,	-0.4641,	0.67314,	-0.04704,	46785,	-260,	-5,	-424,	46835,	138,	-59,	-90,	46825,	53,	-41,	-309,	
1,	3,	48000,	1.65255e+015,	3,	3,	4,	8,	4,	1,	0,	3,	1.65255e+009,	-0.720689,	-0.343728,	-0.345038,	-0.0411488,	-0.85125,	-0.311651,	-0.0219002,	0.106019,	-0.957239,	-0.19459,	-0.0209634,	-0.0149726,	-0.91177,	-0.22265,	-0.0219871,	-0.0755911,	-0.802638,	-0.388875,	-0.0177172,	-0.391399,	-0.4641,	0.67314,	-0.04704,	46795,	-259,	-5,	-429,	46845,	140,	-58,	-90,	46835,	54,	-38,	-309,	
1,	3,	48079,	1.65255e+015,	-2,	-2,	-17,	5,	-1,	-1,	-2,	2,	1.65255e+009,	-0.720689,	-0.343728,	-0.345038,	-0.0411488,	-0.85125,	-0.311651,	-0.0219002,	0.106019,	-0.957239,	-0.19459,	-0.0209634,	-0.0149726,	-0.91177,	-0.22265,	-0.0219871,	-0.0755911,	-0.802638,	-0.388875,	-0.0177172,	-0.391399,	-0.4641,	0.67314,	-0.04704,	46805,	-259,	-5,	-431,	46855,	142,	-58,	-91,	46845,	53,	-40,	-309,	
1,	3,	48157,	1.65255e+015,	1,	2,	6,	7,	2,	2,	-1,	2,	1.65255e+009,	-0.720689,	-0.343728,	-0.345038,	-0.0411488,	-0.85125,	-0.311651,	-0.0219002,	0.106019,	-0.957239,	-0.19459,	-0.0209634,	-0.0149726,	-0.91177,	-0.22265,	-0.0219871,	-0.0755911,	-0.802638,	-0.388875,	-0.0177172,	-0.391399,	-0.4641,	0.67314,	-0.04704,	46815,	-260,	-5,	-432,	46865,	142,	-57,	-92,	46855,	54,	-40,	-309,	
1,	3,	48235,	1.65255e+015,	-6,	2,	13,	-10,	-3,	-1,	-1,	-1,	1.65255e+009,	-0.720689,	-0.343728,	-0.345038,	-0.0411488,	-0.85125,	-0.311651,	-0.0219002,	0.106019,	-0.957239,	-0.19459,	-0.0209634,	-0.0149726,	-0.91177,	-0.22265,	-0.0219871,	-0.0755911,	-0.802638,	-0.388875,	-0.0177172,	-0.391399,	-0.4641,	0.67314,	-0.04704,	46825,	-259,	-5,	-433,	46875,	143,	-57,	-91,	46865,	55,	-40,	-308,	
1,	3,	48313,	1.65255e+015,	-1,	1,	14,	1,	0,	0,	0,	3,	1.65255e+009,	-0.720689,	-0.343728,	-0.345038,	-0.0411488,	-0.85125,	-0.311651,	-0.0219002,	0.106019,	-0.957239,	-0.19459,	-0.0209634,	-0.0149726,	-0.91177,	-0.22265,	-0.0219871,	-0.0755911,	-0.802638,	-0.388875,	-0.0177172,	-0.391399,	-0.4641,	0.67314,	-0.04704,	46835,	-259,	-4,	-433,	46885,	144,	-57,	-90,	46875,	56,	-39,	-307,	
1,	3,	48391,	1.65255e+015,	5,	4,	0,	1,	4,	1,	1,	1,	1.65255e+009,	-0.720689,	-0.343728,	-0.345038,	-0.0411488,	-0.85125,	-0.311651,	-0.0219002,	0.106019,	-0.957239,	-0.19459,	-0.0209634,	-0.0149726,	-0.91177,	-0.22265,	-0.0219871,	-0.0755911,	-0.802638,	-0.388875,	-0.0177172,	-0.391399,	-0.4641,	0.67314,	-0.04704,	46845,	-260,	-5,	-433,	46895,	142,	-55,	-88,	46885,	54,	-38,	-306,	
1,	3,	48469,	1.65255e+015,	-2,	1,	6,	-1,	-3,	0,	0,	-2,	1.65255e+009,	-0.720689,	-0.343728,	-0.345038,	-0.0411488,	-0.85125,	-0.311651,	-0.0219002,	0.106019,	-0.957239,	-0.19459,	-0.0209634,	-0.0149726,	-0.91177,	-0.22265,	-0.0219871,	-0.0755911,	-0.802638,	-0.388875,	-0.0177172,	-0.391399,	-0.4641,	0.67314,	-0.04704,	46855,	-261,	-5,	-431,	46905,	141,	-57,	-86,	46895,	53,	-39,	-305,	
1,	3,	48547,	1.65255e+015,	1,	2,	4,	-2,	0,	0,	-2,	0,	1.65255e+009,	-0.720689,	-0.343728,	-0.345038,	-0.0411488,	-0.85125,	-0.311651,	-0.0219002,	0.106019,	-0.957239,	-0.19459,	-0.0209634,	-0.0149726,	-0.91177,	-0.22265,	-0.0219871,	-0.0755911,	-0.802638,	-0.388875,	-0.0177172,	-0.391399,	-0.4641,	0.67314,	-0.04704,	46865,	-264,	-5,	-429,	46915,	141,	-57,	-85,	46905,	53,	-39,	-304,	
1,	3,	48625,	1.65255e+015,	-2,	3,	16,	1,	-1,	0,	-2,	-1,	1.65255e+009,	-0.720689,	-0.343728,	-0.345038,	-0.0411488,	-0.85125,	-0.311651,	-0.0219002,	0.106019,	-0.957239,	-0.19459,	-0.0209634,	-0.0149726,	-0.91177,	-0.22265,	-0.0219871,	-0.0755911,	-0.802638,	-0.388875,	-0.0177172,	-0.391399,	-0.4641,	0.67314,	-0.04704,	46875,	-263,	-5,	-428,	46925,	141,	-57,	-83,	46915,	52,	-39,	-303,	
1,	3,	48704,	1.65255e+015,	-1,	0,	4,	-5,	-1,	-2,	-2,	-3,	1.65255e+009,	-0.720689,	-0.343728,	-0.345038,	-0.0411488,	-0.85125,	-0.311651,	-0.0219002,	0.106019,	-0.957239,	-0.19459,	-0.0209634,	-0.0149726,	-0.91177,	-0.22265,	-0.0219871,	-0.0755911,	-0.802638,	-0.388875,	-0.0177172,	-0.391399,	-0.4641,	0.67314,	-0.04704,	46885,	-263,	-6,	-428,	46935,	141,	-57,	-82,	46925,	53,	-40,	-301,	
1,	3,	48782,	1.65255e+015,	-2,	-9,	-2,	-13,	-2,	-1,	-1,	-2,	1.65255e+009,	-0.720689,	-0.343728,	-0.345038,	-0.0411488,	-0.85125,	-0.311651,	-0.0219002,	0.106019,	-0.957239,	-0.19459,	-0.0209634,	-0.0149726,	-0.91177,	-0.22265,	-0.0219871,	-0.0755911,	-0.802638,	-0.388875,	-0.0177172,	-0.391399,	-0.4641,	0.67314,	-0.04704,	46895,	-265,	-8,	-427,	46945,	142,	-56,	-81,	46935,	54,	-40,	-301,	
1,	3,	48860,	1.65255e+015,	0,	-1,	-10,	-1,	-3,	0,	0,	1,	1.65255e+009,	-0.720689,	-0.343728,	-0.345038,	-0.0411488,	-0.85125,	-0.311651,	-0.0219002,	0.106019,	-0.957239,	-0.19459,	-0.0209634,	-0.0149726,	-0.91177,	-0.22265,	-0.0219871,	-0.0755911,	-0.802638,	-0.388875,	-0.0177172,	-0.391399,	-0.4641,	0.67314,	-0.04704,	46905,	-266,	-6,	-425,	46955,	143,	-56,	-79,	46945,	53,	-41,	-300,	
1,	3,	48938,	1.65255e+015,	0,	4,	4,	1,	-3,	-4,	-1,	-1,	1.65255e+009,	-0.720689,	-0.343728,	-0.345038,	-0.0411488,	-0.85125,	-0.311651,	-0.0219002,	0.106019,	-0.957239,	-0.19459,	-0.0209634,	-0.0149726,	-0.91177,	-0.22265,	-0.0219871,	-0.0755911,	-0.802638,	-0.388875,	-0.0177172,	-0.391399,	-0.4641,	0.67314,	-0.04704,	46915,	-268,	-6,	-422,	46965,	143,	-56,	-79,	46955,	53,	-40,	-299,	
1,	3,	49016,	1.65255e+015,	-1,	-2,	-11,	-10,	-4,	-3,	-2,	-2,	1.65255e+009,	-0.720689,	-0.343728,	-0.345038,	-0.0411488,	-0.85125,	-0.311651,	-0.0219002,	0.106019,	-0.957239,	-0.19459,	-0.0209634,	-0.0149726,	-0.91177,	-0.22265,	-0.0219871,	-0.0755911,	-0.802638,	-0.388875,	-0.0177172,	-0.391399,	-0.4641,	0.67314,	-0.04704,	46925,	-269,	-6,	-420,	46975,	142,	-56,	-79,	46965,	52,	-40,	-299,	
1,	3,	49094,	1.65255e+015,	-3,	-8,	-6,	2,	2,	-1,	-3,	-8,	1.65255e+009,	-0.720689,	-0.343728,	-0.345038,	-0.0411488,	-0.85125,	-0.311651,	-0.0219002,	0.106019,	-0.957239,	-0.19459,	-0.0209634,	-0.0149726,	-0.91177,	-0.22265,	-0.0219871,	-0.0755911,	-0.802638,	-0.388875,	-0.0177172,	-0.391399,	-0.4641,	0.67314,	-0.04704,	46935,	-269,	-7,	-418,	46985,	141,	-56,	-79,	46975,	52,	-41,	-299,	
1,	3,	49157,	1.65255e+015,	-2,	0,	11,	4,	1,	-4,	-5,	-9,	1.65255e+009,	-0.720689,	-0.343728,	-0.345038,	-0.0411488,	-0.85125,	-0.311651,	-0.0219002,	0.106019,	-0.957239,	-0.19459,	-0.0209634,	-0.0149726,	-0.91177,	-0.22265,	-0.0219871,	-0.0755911,	-0.802638,	-0.388875,	-0.0177172,	-0.391399,	-0.4641,	0.67314,	-0.04704,	46945,	-270,	-6,	-417,	46995,	141,	-57,	-78,	46985,	51,	-40,	-300,	
1,	3,	49219,	1.65255e+015,	-3,	-3,	8,	-7,	-7,	-1,	-2,	-3,	1.65255e+009,	-0.720689,	-0.343728,	-0.345038,	-0.0411488,	-0.85125,	-0.311651,	-0.0219002,	0.106019,	-0.957239,	-0.19459,	-0.0209634,	-0.0149726,	-0.91177,	-0.293614,	-0.0223274,	-0.0755911,	-0.802638,	-0.388875,	-0.0177172,	-0.391399,	-0.4641,	0.67314,	-0.04704,	46955,	-271,	-5,	-416,	47005,	141,	-57,	-78,	46995,	50,	-41,	-300,	
1,	3,	49297,	1.65255e+015,	-2,	-4,	34,	-2,	-3,	-4,	-1,	-2,	1.65255e+009,	-0.720689,	-0.343728,	-0.345038,	-0.0411488,	-0.85125,	-0.311651,	-0.0219002,	0.106019,	-0.957239,	-0.19459,	-0.0209634,	-0.0149726,	-0.91177,	-0.293614,	-0.0223274,	-0.0755911,	-0.802638,	-0.388875,	-0.0177172,	-0.391399,	-0.4641,	0.67314,	-0.04704,	46965,	-271,	-6,	-416,	47015,	141,	-58,	-78,	47005,	49,	-39,	-301,	
1,	3,	49360,	1.65255e+015,	0,	-2,	-4,	6,	0,	1,	0,	2,	1.65255e+009,	-0.720689,	-0.343728,	-0.345038,	-0.0411488,	-0.85125,	-0.311651,	-0.0219002,	0.106019,	-0.957239,	-0.19459,	-0.0209634,	-0.0149726,	-0.91177,	-0.293614,	-0.0223274,	-0.0755911,	-0.802638,	-0.388875,	-0.0177172,	-0.391399,	-0.4641,	0.67314,	-0.04704,	46975,	-271,	-6,	-417,	47025,	140,	-58,	-78,	47015,	51,	-40,	-300,	
1,	3,	49438,	1.65255e+015,	0,	-5,	-23,	-5,	0,	0,	-1,	-1,	1.65255e+009,	-0.720689,	-0.343728,	-0.345038,	-0.0411488,	-0.85125,	-0.311651,	-0.0219002,	0.106019,	-0.957239,	-0.19459,	-0.0209634,	-0.0149726,	-0.91177,	-0.293614,	-0.0223274,	-0.0755911,	-0.802638,	-0.388875,	-0.0177172,	-0.391399,	-0.4641,	0.67314,	-0.04704,	46985,	-272,	-7,	-417,	47035,	141,	-57,	-79,	47025,	51,	-40,	-300,	
1,	3,	49516,	1.65255e+015,	-2,	1,	-11,	-1,	-1,	-2,	-1,	1,	1.65255e+009,	-0.720689,	-0.343728,	-0.345038,	-0.0411488,	-0.85125,	-0.311651,	-0.0219002,	0.106019,	-0.957239,	-0.19459,	-0.0209634,	-0.0149726,	-0.91177,	-0.293614,	-0.0223274,	-0.0755911,	-0.802638,	-0.388875,	-0.0177172,	-0.391399,	-0.4641,	0.67314,	-0.04704,	46995,	-272,	-5,	-417,	47045,	140,	-57,	-79,	47035,	51,	-40,	-299,	
1,	3,	49579,	1.65255e+015,	1,	7,	-3,	7,	-1,	0,	-2,	-29,	1.65255e+009,	-0.720689,	-0.343728,	-0.345038,	-0.0411488,	-0.85125,	-0.311651,	-0.0219002,	0.106019,	-0.957239,	-0.19459,	-0.0209634,	-0.0149726,	-0.91177,	-0.293614,	-0.0223274,	-0.0755911,	-0.802638,	-0.388875,	-0.0177172,	-0.391399,	-0.4641,	0.67314,	-0.04704,	47005,	-272,	-6,	-416,	47055,	141,	-57,	-79,	47045,	51,	-40,	-300,	
1,	3,	49672,	1.65255e+015,	-3,	-9,	6,	-4,	-4,	-3,	-3,	3,	1.65255e+009,	-0.720689,	-0.343728,	-0.345038,	-0.0411488,	-0.85125,	-0.311651,	-0.0219002,	0.106019,	-0.957239,	-0.19459,	-0.0209634,	-0.0149726,	-0.91177,	-0.293614,	-0.0223274,	-0.0755911,	-0.802638,	-0.388875,	-0.0177172,	-0.391399,	-0.4641,	0.67314,	-0.04704,	47015,	-273,	-6,	-417,	47065,	140,	-57,	-79,	47055,	51,	-40,	-300,	
2,	3,	49782,	1.65255e+015,	-6,	-11,	10,	1,	-1,	0,	0,	0,	1.65255e+009,	-0.720689,	-0.343728,	-0.345038,	-0.0411488,	-0.85125,	-0.311651,	-0.0219002,	0.106019,	-0.957239,	-0.19459,	-0.0209634,	-0.0149726,	-0.91177,	-0.293614,	-0.0223274,	-0.0755911,	-0.802638,	-0.388875,	-0.0177172,	-0.391399,	-0.4641,	0.67314,	-0.04704,	47025,	-273,	-5,	-416,	47075,	141,	-57,	-79,	47065,	51,	-41,	-301,	
2,	3,	49860,	1.65255e+015,	-4,	-5,	14,	-3,	-4,	-1,	-3,	-5,	1.65255e+009,	-0.720689,	-0.343728,	-0.345038,	-0.0411488,	-0.85125,	-0.311651,	-0.0219002,	0.106019,	-0.957239,	-0.19459,	-0.0209634,	-0.0149726,	-0.91177,	-0.293614,	-0.0223274,	-0.0755911,	-0.802638,	-0.388875,	-0.0177172,	-0.391399,	-0.4641,	0.67314,	-0.04704,	47035,	-274,	-7,	-416,	47085,	141,	-57,	-79,	47075,	51,	-41,	-301,	
2,	3,	49938,	1.65255e+015,	1,	-5,	-5,	10,	0,	2,	-1,	2,	1.65255e+009,	-0.720689,	-0.343728,	-0.345038,	-0.0411488,	-0.85125,	-0.311651,	-0.0219002,	0.106019,	-0.957239,	-0.19459,	-0.0209634,	-0.0149726,	-0.91177,	-0.293614,	-0.0223274,	-0.0755911,	-0.802638,	-0.388875,	-0.0177172,	-0.391399,	-0.5005,	0.67314,	-0.04704,	47045,	-274,	-7,	-416,	47095,	140,	-57,	-79,	47085,	51,	-42,	-301,	
2,	3,	50000,	1.65255e+015,	0,	-1,	-2,	-5,	-2,	-3,	-1,	5,	1.65255e+009,	-0.720689,	-0.343728,	-0.345038,	-0.0411488,	-0.85125,	-0.311651,	-0.0219002,	0.106019,	-0.957239,	-0.19459,	-0.0209634,	-0.0149726,	-0.91177,	-0.293614,	-0.0223274,	-0.0755911,	-0.802638,	-0.388875,	-0.0177172,	-0.391399,	-0.5005,	0.67314,	-0.04704,	47055,	-275,	-6,	-415,	47105,	139,	-56,	-78,	47095,	51,	-41,	-301,	
2,	3,	50079,	1.65255e+015,	-2,	-4,	-16,	-4,	0,	-2,	-1,	-1,	1.65255e+009,	-0.720689,	-0.343728,	-0.345038,	-0.0411488,	-0.85125,	-0.311651,	-0.0219002,	0.106019,	-0.957239,	-0.19459,	-0.0209634,	-0.0149726,	-1.02019,	-0.293614,	-0.0223274,	-0.0755911,	-0.802638,	-0.388875,	-0.0177172,	-0.391399,	-0.5005,	0.67314,	-0.04704,	47065,	-275,	-6,	-414,	47115,	138,	-57,	-77,	47105,	49,	-40,	-300,	
2,	3,	50141,	1.65255e+015,	-4,	-2,	2,	4,	-2,	-2,	-1,	-4,	1.65255e+009,	-0.720689,	-0.343728,	-0.345038,	-0.0411488,	-0.85125,	-0.311651,	-0.0219002,	0.106019,	-0.957239,	-0.19459,	-0.0209634,	-0.0149726,	-1.02019,	-0.293614,	-0.0223274,	-0.0755911,	-0.802638,	-0.388875,	-0.0177172,	-0.391399,	-0.5005,	0.67314,	-0.04704,	47075,	-274,	-6,	-414,	47125,	139,	-57,	-76,	47115,	50,	-40,	-300,	
2,	3,	50219,	1.65255e+015,	-3,	5,	16,	10,	0,	-2,	-2,	-7,	1.65255e+009,	-0.720689,	-0.343728,	-0.345038,	-0.0411488,	-0.85125,	-0.311651,	-0.0219002,	0.106019,	-0.957239,	-0.19459,	-0.0209634,	-0.0149726,	-1.02019,	-0.293614,	-0.0223274,	-0.0755911,	-0.802638,	-0.388875,	-0.0177172,	-0.391399,	-0.5187,	0.67314,	-0.04704,	47085,	-274,	-6,	-414,	47135,	138,	-56,	-76,	47125,	49,	-39,	-299,	
2,	3,	50297,	1.65255e+015,	1,	-1,	-24,	8,	1,	0,	0,	4,	1.65255e+009,	-0.720689,	-0.343728,	-0.345038,	-0.0411488,	-0.85125,	-0.311651,	-0.0219002,	0.106019,	-0.957239,	-0.19459,	-0.0209634,	-0.0149726,	-1.21533,	-0.22265,	-0.0219871,	-0.0755911,	-0.802638,	-0.388875,	-0.0177172,	-0.391399,	-0.6279,	0.67314,	-0.04704,	47095,	-275,	-7,	-413,	47145,	139,	-56,	-77,	47135,	50,	-40,	-300,	
2,	3,	50375,	1.65255e+015,	-3,	3,	12,	11,	1,	0,	-1,	-3,	1.65255e+009,	-0.660569,	-0.343728,	-0.345038,	-0.0411488,	-0.85125,	-0.311651,	-0.0219002,	0.0918129,	-1.00455,	-0.114758,	-0.0152947,	-0.018089,	-1.58394,	-0.133945,	-0.0170294,	-0.0550515,	-0.912288,	-0.32481,	-0.0214572,	-0.400429,	-0.7553,	0.67314,	-0.04704,	47105,	-276,	-8,	-413,	47155,	140,	-56,	-77,	47145,	50,	-39,	-300,	
2,	3,	50454,	1.65255e+015,	2,	2,	-2,	-7,	2,	3,	3,	10,	1.65255e+009,	-0.660569,	-0.343728,	-0.345038,	-0.0411488,	-0.85125,	-0.311651,	-0.0219002,	0.0844796,	-1.06763,	-0.0149685,	-0.00247295,	-0.0254223,	-1.71404,	-0.133945,	-0.0170294,	-0.0328148,	-1.00001,	-0.32481,	-0.0214572,	-0.401848,	-0.8099,	0.67314,	-0.04704,	47115,	-275,	-7,	-414,	47165,	140,	-57,	-77,	47155,	51,	-40,	-300,	
2,	3,	50532,	1.65255e+015,	-5,	0,	0,	3,	-2,	-2,	-4,	-7,	1.65255e+009,	-0.585419,	-0.343728,	-0.345038,	-0.0411488,	-0.85125,	-0.311651,	-0.0219002,	0.0771462,	-1.14648,	-0.0149685,	-0.00247295,	-0.0327557,	-1.93087,	-0.133945,	-0.0170294,	-0.0105782,	-1.08773,	-0.32481,	-0.0214572,	-0.379612,	-0.8554,	0.67314,	-0.04704,	47125,	-276,	-7,	-414,	47175,	139,	-57,	-77,	47165,	51,	-38,	-300,	
2,	3,	50610,	1.65255e+015,	-2,	4,	26,	8,	-2,	-2,	-2,	-16,	1.65255e+009,	-0.585419,	-0.343728,	-0.345038,	-0.0411488,	-0.85125,	-0.311651,	-0.0219002,	0.0771462,	-1.14648,	-0.0149685,	-0.00247295,	-0.0327557,	-1.93087,	-0.133945,	-0.0170294,	-0.0105782,	-1.08773,	-0.32481,	-0.0214572,	-0.379612,	-0.9009,	0.67314,	-0.04704,	47135,	-276,	-7,	-415,	47185,	140,	-57,	-77,	47175,	50,	-39,	-301,	
2,	3,	50688,	1.65255e+015,	-1,	2,	-5,	-11,	-4,	-3,	-1,	3,	1.65255e+009,	-0.585419,	-0.343728,	-0.345038,	-0.0411488,	-0.85125,	-0.311651,	-0.0219002,	0.0771462,	-1.22533,	-0.0149685,	-0.00247295,	-0.0327557,	-2.03929,	-0.133945,	-0.0170294,	-0.0105782,	-1.08773,	-0.32481,	-0.0214572,	-0.379612,	-0.9009,	0.67314,	-0.04704,	47145,	-276,	-7,	-414,	47195,	139,	-58,	-78,	47185,	52,	-39,	-301,	
2,	3,	50766,	1.65255e+015,	-3,	0,	19,	-4,	-5,	-2,	-2,	-2,	1.65255e+009,	-0.585419,	-0.343728,	-0.345038,	-0.0411488,	-0.85125,	-0.311651,	-0.0219002,	0.0712795,	-1.22533,	0.0848215,	0.016722,	-0.0386224,	-2.03929,	-0.133945,	-0.0170294,	0.00721112,	-1.17545,	-0.32481,	-0.0214572,	-0.361822,	-0.9009,	0.67314,	-0.04704,	47155,	-276,	-8,	-414,	47205,	140,	-56,	-77,	47195,	50,	-38,	-300,	
2,	3,	50844,	1.65255e+015,	2,	2,	21,	17,	1,	1,	3,	9,	1.65255e+009,	-0.585419,	-0.343728,	-0.345038,	-0.0411488,	-0.915314,	-0.311651,	-0.0219002,	0.0712795,	-1.22533,	0.0848215,	0.016722,	-0.0386224,	-2.03929,	-0.204909,	-0.0213985,	0.00721112,	-1.17545,	-0.32481,	-0.0214572,	-0.361822,	-0.9009,	0.67314,	-0.04704,	47165,	-274,	-7,	-414,	47215,	140,	-57,	-76,	47205,	50,	-39,	-299,	
2,	3,	50922,	1.65255e+015,	2,	0,	-9,	-4,	-4,	-2,	5,	29,	1.65255e+009,	-0.585419,	-0.343728,	-0.345038,	-0.0411488,	-0.915314,	-0.311651,	-0.0219002,	0.0646078,	-1.28841,	0.0848215,	0.016722,	-0.0364221,	-2.03929,	-0.204909,	-0.0213985,	0.00941138,	-1.17545,	-0.32481,	-0.0214572,	-0.359622,	-0.9009,	0.67314,	-0.04704,	47175,	-276,	-7,	-413,	47225,	141,	-56,	-76,	47215,	50,	-38,	-299,	
2,	3,	51000,	1.65255e+015,	-1,	-2,	-62,	-5,	-3,	0,	-1,	6,	1.65255e+009,	-0.585419,	-0.343728,	-0.345038,	-0.0411488,	-0.915314,	-0.311651,	-0.0219002,	0.0646078,	-1.28841,	0.0848215,	0.016722,	-0.0364221,	-2.03929,	-0.204909,	-0.0213985,	0.00941138,	-1.17545,	-0.32481,	-0.0214572,	-0.359622,	-0.9009,	0.67314,	-0.04704,	47185,	-276,	-6,	-413,	47235,	141,	-57,	-76,	47225,	50,	-39,	-299,	
2,	3,	51079,	1.65255e+015,	-8,	-16,	-49,	-26,	-5,	-4,	-2,	0,	1.65255e+009,	-0.585419,	-0.343728,	-0.345038,	-0.0411488,	-0.915314,	-0.311651,	-0.0219002,	0.0646078,	-1.28841,	0.0848215,	0.016722,	-0.0364221,	-2.03929,	-0.204909,	-0.0213985,	0.00941138,	-1.17545,	-0.32481,	-0.0214572,	-0.359622,	-0.9009,	0.67314,	-0.04704,	47195,	-275,	-6,	-412,	47245,	141,	-57,	-75,	47235,	51,	-38,	-298,	
2,	3,	51157,	1.65255e+015,	2,	-4,	1,	3,	1,	1,	-1,	-3,	1.65255e+009,	-0.585419,	-0.343728,	-0.345038,	-0.0411488,	-0.915314,	-0.311651,	-0.0219002,	0.0646078,	-1.28841,	0.0848215,	0.016722,	-0.0364221,	-2.03929,	-0.204909,	-0.0213985,	0.00941138,	-1.17545,	-0.32481,	-0.0214572,	-0.359622,	-0.8645,	0.67314,	-0.04704,	47205,	-275,	-7,	-412,	47255,	139,	-57,	-74,	47245,	50,	-38,	-298,	
2,	3,	51235,	1.65255e+015,	0,	-2,	8,	4,	3,	1,	-1,	0,	1.65255e+009,	-0.585419,	-0.343728,	-0.345038,	-0.0411488,	-0.915314,	-0.311651,	-0.0219002,	0.0646078,	-1.20956,	0.0848215,	0.016722,	-0.0364221,	-2.03929,	-0.204909,	-0.0213985,	0.00941138,	-1.17545,	-0.32481,	-0.0214572,	-0.359622,	-0.7644,	0.67314,	-0.04704,	47215,	-275,	-6,	-411,	47265,	140,	-58,	-74,	47255,	50,	-39,	-299,	
2,	3,	51313,	1.65255e+015,	-3,	-4,	-7,	-3,	-3,	-1,	0,	-1,	1.65255e+009,	-0.660569,	-0.343728,	-0.345038,	-0.0411488,	-0.915314,	-0.311651,	-0.0219002,	0.0771462,	-1.20956,	0.0848215,	0.016722,	-0.0327557,	-1.80077,	-0.204909,	-0.0213985,	-0.0105782,	-1.0658,	-0.32481,	-0.0214572,	-0.379612,	-0.637,	0.67314,	-0.04704,	47225,	-275,	-7,	-411,	47275,	140,	-58,	-74,	47265,	51,	-39,	-300,	
2,	3,	51407,	1.65255e+015,	-1,	-2,	15,	8,	1,	-1,	-1,	0,	1.65255e+009,	-0.660569,	-0.343728,	-0.345038,	-0.0411488,	-0.835234,	-0.311651,	-0.0219002,	0.0903463,	-1.14648,	-0.0149685,	-0.00247295,	-0.0195556,	-1.58394,	-0.133945,	-0.0170294,	-0.0506041,	-0.978078,	-0.32481,	-0.0214572,	-0.419638,	-0.637,	0.67314,	-0.04704,	47235,	-276,	-6,	-412,	47285,	140,	-58,	-75,	47275,	51,	-39,	-300,	
2,	3,	51485,	1.65255e+015,	3,	3,	-23,	11,	3,	1,	0,	0,	1.65255e+009,	-0.660569,	-0.343728,	-0.345038,	-0.0411488,	-0.835234,	-0.311651,	-0.0219002,	0.0976796,	-1.06763,	-0.0149685,	-0.00247295,	-0.0122223,	-1.36711,	-0.133945,	-0.0170294,	-0.0728408,	-0.890358,	-0.32481,	-0.0214572,	-0.418218,	-0.5551,	0.67314,	-0.04704,	47245,	-275,	-5,	-412,	47295,	140,	-57,	-76,	47285,	51,	-38,	-300,	
2,	3,	51563,	1.65255e+015,	-2,	-10,	7,	-15,	-12,	-6,	-3,	-3,	1.65255e+009,	-0.660569,	-0.343728,	-0.345038,	-0.0411488,	-0.835234,	-0.311651,	-0.0219002,	0.108751,	-1.06763,	-0.0149685,	-0.00247295,	-0.0100225,	-1.08523,	-0.133945,	-0.0170294,	-0.088383,	-0.780708,	-0.32481,	-0.0214572,	-0.404191,	-0.5551,	0.67314,	-0.04704,	47255,	-275,	-6,	-413,	47305,	140,	-57,	-75,	47295,	51,	-38,	-301,	
2,	3,	51641,	1.65255e+015,	-1,	-3,	2,	5,	-2,	-1,	-2,	-1,	1.65255e+009,	-0.660569,	-0.343728,	-0.345038,	-0.0411488,	-0.835234,	-0.311651,	-0.0219002,	0.108751,	-1.06763,	-0.0149685,	-0.00247295,	-0.0100225,	-0.998502,	-0.133945,	-0.0170294,	-0.088383,	-0.780708,	-0.32481,	-0.0214572,	-0.404191,	-0.5551,	0.67314,	-0.04704,	47265,	-275,	-6,	-413,	47315,	140,	-57,	-75,	47305,	51,	-38,	-301,	
2,	3,	51704,	1.65255e+015,	1,	2,	15,	2,	-2,	-2,	-1,	-1,	1.65255e+009,	-0.660569,	-0.343728,	-0.345038,	-0.0411488,	-0.835234,	-0.311651,	-0.0219002,	0.108751,	-1.06763,	-0.0149685,	-0.00247295,	-0.0100225,	-0.998502,	-0.133945,	-0.0170294,	-0.088383,	-0.780708,	-0.32481,	-0.0214572,	-0.404191,	-0.5096,	0.67314,	-0.04704,	47275,	-275,	-5,	-414,	47325,	139,	-57,	-75,	47315,	51,	-36,	-300,	
2,	3,	51766,	1.65255e+015,	-2,	1,	-13,	1,	-5,	-3,	-1,	-1,	1.65255e+009,	-0.660569,	-0.343728,	-0.345038,	-0.0411488,	-0.835234,	-0.311651,	-0.0219002,	0.108751,	-1.06763,	-0.0149685,	-0.00247295,	-0.0100225,	-0.998502,	-0.133945,	-0.0170294,	-0.088383,	-0.780708,	-0.32481,	-0.0214572,	-0.404191,	-0.5096,	0.67314,	-0.04704,	47285,	-274,	-6,	-414,	47335,	139,	-56,	-74,	47325,	50,	-37,	-300,	
2,	3,	51829,	1.65255e+015,	3,	5,	8,	5,	-4,	-2,	0,	0,	1.65255e+009,	-0.660569,	-0.343728,	-0.345038,	-0.0411488,	-0.835234,	-0.311651,	-0.0219002,	0.108751,	-0.988779,	-0.0149685,	-0.00247295,	-0.0100225,	-0.998502,	-0.133945,	-0.0170294,	-0.088383,	-0.780708,	-0.32481,	-0.0214572,	-0.404191,	-0.4641,	0.67314,	-0.04704,	47295,	-275,	-7,	-414,	47345,	138,	-56,	-73,	47335,	51,	-36,	-300,	
2,	3,	51907,	1.65255e+015,	3,	2,	-1,	4,	-2,	-4,	-2,	1,	1.65255e+009,	-0.660569,	-0.343728,	-0.345038,	-0.0411488,	-0.835234,	-0.311651,	-0.0219002,	0.108751,	-0.988779,	-0.0149685,	-0.00247295,	-0.0100225,	-0.998502,	-0.133945,	-0.0170294,	-0.088383,	-0.780708,	-0.32481,	-0.0214572,	-0.404191,	-0.4641,	0.67314,	-0.04704,	47305,	-275,	-7,	-414,	47355,	138,	-57,	-73,	47345,	51,	-37,	-300,	
2,	3,	51985,	1.65255e+015,	2,	3,	22,	4,	5,	4,	0,	0,	1.65255e+009,	-0.660569,	-0.343728,	-0.345038,	-0.0411488,	-0.835234,	-0.311651,	-0.0219002,	0.108751,	-0.988779,	-0.0149685,	-0.00247295,	-0.0100225,	-0.998502,	-0.133945,	-0.0170294,	-0.088383,	-0.780708,	-0.32481,	-0.0214572,	-0.404191,	-0.4641,	0.67314,	-0.04704,	47315,	-275,	-6,	-414,	47365,	139,	-56,	-73,	47355,	52,	-36,	-300,	
2,	3,	52047,	1.65255e+015,	-5,	-7,	-63,	-20,	-4,	-1,	-3,	0,	1.65255e+009,	-0.660569,	-0.343728,	-0.345038,	-0.0411488,	-0.835234,	-0.311651,	-0.0219002,	0.108751,	-0.988779,	-0.0149685,	-0.00247295,	-0.0100225,	-0.998502,	-0.133945,	-0.0170294,	-0.088383,	-0.780708,	-0.32481,	-0.0214572,	-0.404191,	-0.4641,	0.67314,	-0.04704,	47325,	-275,	-6,	-414,	47375,	139,	-57,	-73,	47365,	50,	-38,	-301,	
2,	3,	52125,	1.65255e+015,	1,	4,	-3,	0,	-2,	-3,	0,	-4,	1.65255e+009,	-0.660569,	-0.343728,	-0.345038,	-0.0411488,	-0.835234,	-0.311651,	-0.0219002,	0.108751,	-0.988779,	-0.0149685,	-0.00247295,	-0.0100225,	-0.998502,	-0.133945,	-0.0170294,	-0.088383,	-0.780708,	-0.32481,	-0.0214572,	-0.404191,	-0.4641,	0.67314,	-0.04704,	47335,	-275,	-6,	-414,	47385,	139,	-57,	-74,	47375,	51,	-38,	-302,	
2,	3,	52188,	1.65255e+015,	-1,	-5,	-6,	-6,	-2,	-1,	-1,	-1,	1.65255e+009,	-0.660569,	-0.343728,	-0.345038,	-0.0411488,	-0.77117,	-0.311651,	-0.0219002,	0.108751,	-0.988779,	-0.0149685,	-0.00247295,	-0.0100225,	-0.998502,	-0.133945,	-0.0170294,	-0.088383,	-0.780708,	-0.32481,	-0.0214572,	-0.404191,	-0.4641,	0.67314,	-0.04704,	47345,	-277,	-7,	-415,	47395,	140,	-57,	-75,	47385,	50,	-37,	-302,	
2,	3,	52266,	1.65255e+015,	-4,	-8,	11,	-17,	-7,	-5,	0,	-3,	1.65255e+009,	-0.660569,	-0.343728,	-0.345038,	-0.0411488,	-0.77117,	-0.311651,	-0.0219002,	0.108751,	-0.988779,	-0.0149685,	-0.00247295,	-0.0100225,	-0.998502,	-0.133945,	-0.0170294,	-0.088383,	-0.780708,	-0.32481,	-0.0214572,	-0.404191,	-0.4641,	0.67314,	-0.04704,	47355,	-276,	-6,	-415,	47405,	140,	-56,	-75,	47395,	50,	-38,	-303,	
2,	3,	52329,	1.65255e+015,	-2,	-6,	-2,	-4,	0,	1,	1,	-1,	1.65255e+009,	-0.660569,	-0.343728,	-0.345038,	-0.0411488,	-0.77117,	-0.311651,	-0.0219002,	0.108751,	-0.988779,	-0.0149685,	-0.00247295,	-0.0100225,	-0.998502,	-0.133945,	-0.0170294,	-0.088383,	-0.780708,	-0.32481,	-0.0214572,	-0.404191,	-0.4641,	0.67314,	-0.04704,	47365,	-276,	-7,	-416,	47415,	140,	-55,	-76,	47405,	50,	-38,	-303,	
2,	3,	52391,	1.65255e+015,	-3,	-5,	22,	1,	2,	-3,	-2,	-1,	1.65255e+009,	-0.660569,	-0.343728,	-0.345038,	-0.0411488,	-0.77117,	-0.311651,	-0.0219002,	0.108751,	-0.988779,	-0.0149685,	-0.00247295,	-0.0100225,	-0.998502,	-0.133945,	-0.0170294,	-0.088383,	-0.780708,	-0.32481,	-0.0214572,	-0.404191,	-0.4641,	0.67314,	-0.04704,	47375,	-275,	-6,	-417,	47425,	140,	-56,	-75,	47415,	50,	-38,	-303,	
2,	3,	52454,	1.65255e+015,	-3,	-5,	10,	11,	3,	2,	0,	-1,	1.65255e+009,	-0.720689,	-0.343728,	-0.345038,	-0.0411488,	-0.77117,	-0.311651,	-0.0219002,	0.108751,	-0.988779,	-0.0149685,	-0.00247295,	-0.0100225,	-0.998502,	-0.133945,	-0.0170294,	-0.088383,	-0.780708,	-0.32481,	-0.0214572,	-0.404191,	-0.4641,	0.67314,	-0.04704,	47385,	-275,	-6,	-417,	47435,	140,	-57,	-75,	47425,	50,	-37,	-302,	
2,	3,	52516,	1.65255e+015,	-2,	-4,	4,	4,	-2,	-3,	-4,	-2,	1.65255e+009,	-0.720689,	-0.343728,	-0.345038,	-0.0411488,	-0.77117,	-0.311651,	-0.0219002,	0.108751,	-0.957239,	-0.0149685,	-0.00247295,	-0.0100225,	-0.998502,	-0.133945,	-0.0170294,	-0.088383,	-0.780708,	-0.32481,	-0.0214572,	-0.404191,	-0.4641,	0.67314,	-0.04704,	47395,	-275,	-6,	-416,	47445,	140,	-57,	-75,	47435,	49,	-37,	-302,	
2,	3,	52579,	1.65255e+015,	3,	-1,	11,	-2,	0,	0,	-1,	0,	1.65255e+009,	-0.720689,	-0.343728,	-0.345038,	-0.0411488,	-0.77117,	-0.311651,	-0.0219002,	0.108751,	-0.957239,	-0.0149685,	-0.00247295,	-0.0100225,	-0.998502,	-0.133945,	-0.0170294,	-0.088383,	-0.780708,	-0.32481,	-0.0214572,	-0.404191,	-0.4641,	0.67314,	-0.04704,	47405,	-274,	-4,	-416,	47455,	138,	-57,	-74,	47445,	49,	-37,	-302,	
2,	3,	52641,	1.65255e+015,	-1,	3,	23,	1,	-2,	-2,	0,	0,	1.65255e+009,	-0.720689,	-0.343728,	-0.345038,	-0.0411488,	-0.77117,	-0.311651,	-0.0219002,	0.108751,	-0.957239,	-0.0149685,	-0.00247295,	-0.0100225,	-0.998502,	-0.133945,	-0.0170294,	-0.088383,	-0.780708,	-0.32481,	-0.0214572,	-0.404191,	-0.4641,	0.67314,	-0.04704,	47415,	-275,	-5,	-416,	47465,	139,	-56,	-74,	47455,	50,	-37,	-302,	
2,	3,	52704,	1.65255e+015,	-1,	1,	6,	0,	0,	1,	-1,	-2,	1.65255e+009,	-0.720689,	-0.343728,	-0.345038,	-0.0411488,	-0.77117,	-0.311651,	-0.0219002,	0.108751,	-0.957239,	-0.0149685,	-0.00247295,	-0.0100225,	-0.998502,	-0.133945,	-0.0170294,	-0.088383,	-0.780708,	-0.32481,	-0.0214572,	-0.404191,	-0.4641,	0.67314,	-0.04704,	47425,	-274,	-6,	-416,	47475,	138,	-58,	-75,	47465,	50,	-37,	-302,	
2,	3,	52782,	1.65255e+015,	-1,	-8,	-10,	2,	0,	0,	-2,	-1,	1.65255e+009,	-0.720689,	-0.343728,	-0.345038,	-0.0411488,	-0.77117,	-0.311651,	-0.0219002,	0.108751,	-0.957239,	-0.0149685,	-0.00247295,	-0.0100225,	-0.998502,	-0.133945,	-0.0170294,	-0.088383,	-0.780708,	-0.32481,	-0.0214572,	-0.404191,	-0.4641,	0.67314,	-0.04704,	47435,	-275,	-6,	-416,	47485,	139,	-57,	-75,	47475,	50,	-37,	-302,	
2,	3,	52844,	1.65255e+015,	-4,	3,	5,	-5,	-3,	-1,	1,	-3,	1.65255e+009,	-0.720689,	-0.343728,	-0.345038,	-0.0411488,	-0.77117,	-0.311651,	-0.0219002,	0.108751,	-0.957239,	-0.0149685,	-0.00247295,	-0.0100225,	-0.998502,	-0.133945,	-0.0170294,	-0.088383,	-0.780708,	-0.32481,	-0.0214572,	-0.404191,	-0.4641,	0.67314,	-0.04704,	47445,	-275,	-5,	-416,	47495,	141,	-56,	-76,	47485,	50,	-38,	-302,	
2,	3,	52907,	1.65255e+015,	-4,	-6,	0,	-4,	-5,	-3,	-2,	-3,	1.65255e+009,	-0.720689,	-0.343728,	-0.345038,	-0.0411488,	-0.77117,	-0.311651,	-0.0219002,	0.108751,	-0.957239,	-0.0149685,	-0.00247295,	-0.0100225,	-0.998502,	-0.133945,	-0.0170294,	-0.088383,	-0.780708,	-0.32481,	-0.0214572,	-0.404191,	-0.4641,	0.67314,	-0.04704,	47455,	-275,	-5,	-416,	47505,	141,	-56,	-77,	47495,	51,	-37,	-302,	
2,	3,	52985,	1.65255e+015,	-4,	-6,	-54,	-15,	0,	-2,	-2,	-2,	1.65255e+009,	-0.720689,	-0.343728,	-0.345038,	-0.0411488,	-0.77117,	-0.311651,	-0.0219002,	0.108751,	-0.957239,	-0.0149685,	-0.00247295,	-0.0100225,	-0.998502,	-0.133945,	-0.0170294,	-0.088383,	-0.780708,	-0.32481,	-0.0214572,	-0.404191,	-0.4641,	0.67314,	-0.04704,	47465,	-275,	-5,	-417,	47515,	140,	-57,	-77,	47505,	50,	-37,	-302,	
2,	3,	53063,	1.65255e+015,	1,	4,	-12,	6,	2,	1,	1,	0,	1.65255e+009,	-0.720689,	-0.343728,	-0.345038,	-0.0411488,	-0.77117,	-0.311651,	-0.0219002,	0.108751,	-0.957239,	-0.0149685,	-0.00247295,	-0.0100225,	-0.998502,	-0.133945,	-0.0170294,	-0.088383,	-0.780708,	-0.32481,	-0.0214572,	-0.404191,	-0.4641,	0.67314,	-0.04704,	47475,	-274,	-6,	-418,	47525,	140,	-56,	-77,	47515,	50,	-37,	-303,	
2,	3,	53141,	1.65255e+015,	1,	5,	38,	7,	-1,	-1,	-3,	-3,	1.65255e+009,	-0.720689,	-0.343728,	-0.345038,	-0.0411488,	-0.77117,	-0.311651,	-0.0219002,	0.108751,	-0.957239,	-0.0149685,	-0.00247295,	-0.0100225,	-0.998502,	-0.133945,	-0.0170294,	-0.088383,	-0.780708,	-0.32481,	-0.0214572,	-0.404191,	-0.4641,	0.67314,	-0.04704,	47485,	-274,	-6,	-417,	47535,	140,	-55,	-77,	47525,	50,	-37,	-304,	
2,	3,	53219,	1.65255e+015,	-1,	4,	1,	5,	-3,	-2,	-2,	-2,	1.65255e+009,	-0.720689,	-0.343728,	-0.345038,	-0.0411488,	-0.77117,	-0.311651,	-0.0219002,	0.108751,	-0.957239,	-0.0149685,	-0.00247295,	-0.0100225,	-0.998502,	-0.133945,	-0.0170294,	-0.088383,	-0.780708,	-0.32481,	-0.0214572,	-0.404191,	-0.4641,	0.67314,	-0.04704,	47495,	-273,	-5,	-418,	47545,	140,	-55,	-77,	47535,	50,	-37,	-305,	
2,	3,	53297,	1.65255e+015,	-5,	-8,	-25,	-5,	-2,	-1,	-1,	1,	1.65255e+009,	-0.720689,	-0.343728,	-0.345038,	-0.0411488,	-0.77117,	-0.311651,	-0.0219002,	0.108751,	-0.957239,	-0.0149685,	-0.00247295,	-0.0100225,	-0.998502,	-0.133945,	-0.0170294,	-0.088383,	-0.780708,	-0.32481,	-0.0214572,	-0.404191,	-0.4641,	0.67314,	-0.04704,	47505,	-274,	-5,	-418,	47555,	140,	-56,	-77,	47545,	52,	-37,	-305,	
2,	3,	53375,	1.65255e+015,	0,	1,	1,	0,	0,	1,	-1,	0,	1.65255e+009,	-0.720689,	-0.343728,	-0.345038,	-0.0411488,	-0.77117,	-0.311651,	-0.0219002,	0.108751,	-0.957239,	-0.0149685,	-0.00247295,	-0.0100225,	-0.998502,	-0.133945,	-0.0170294,	-0.088383,	-0.780708,	-0.32481,	-0.0214572,	-0.404191,	-0.4641,	0.67314,	-0.04704,	47515,	-273,	-4,	-419,	47565,	141,	-57,	-77,	47555,	51,	-37,	-305,	
2,	3,	53454,	1.65255e+015,	-3,	-5,	2,	-14,	-5,	0,	-2,	0,	1.65255e+009,	-0.720689,	-0.343728,	-0.345038,	-0.0411488,	-0.77117,	-0.311651,	-0.0219002,	0.108751,	-0.957239,	-0.0149685,	-0.00247295,	-0.0100225,	-0.998502,	-0.133945,	-0.0170294,	-0.088383,	-0.780708,	-0.32481,	-0.0214572,	-0.404191,	-0.4641,	0.67314,	-0.04704,	47525,	-274,	-4,	-420,	47575,	141,	-56,	-77,	47565,	52,	-36,	-305,	
2,	3,	53532,	1.65255e+015,	-1,	0,	5,	-1,	-2,	0,	0,	5,	1.65255e+009,	-0.720689,	-0.343728,	-0.345038,	-0.0411488,	-0.77117,	-0.311651,	-0.0219002,	0.108751,	-0.957239,	-0.0149685,	-0.00247295,	-0.0100225,	-0.998502,	-0.133945,	-0.0170294,	-0.088383,	-0.780708,	-0.32481,	-0.0214572,	-0.404191,	-0.4641,	0.67314,	-0.04704,	47535,	-272,	-5,	-420,	47585,	140,	-56,	-78,	47575,	52,	-35,	-306,	
2,	3,	53610,	1.65255e+015,	1,	4,	-2,	-2,	1,	-1,	-1,	-1,	1.65255e+009,	-0.720689,	-0.343728,	-0.345038,	-0.0411488,	-0.77117,	-0.311651,	-0.0219002,	0.108751,	-0.957239,	-0.0149685,	-0.00247295,	-0.0100225,	-0.998502,	-0.133945,	-0.0170294,	-0.088383,	-0.780708,	-0.32481,	-0.0214572,	-0.404191,	-0.4641,	0.67314,	-0.04704,	47545,	-271,	-5,	-420,	47595,	139,	-57,	-79,	47585,	53,	-36,	-307,	
2,	3,	53688,	1.65255e+015,	-2,	-4,	-6,	-5,	-1,	-1,	-2,	-2,	1.65255e+009,	-0.720689,	-0.343728,	-0.345038,	-0.0411488,	-0.77117,	-0.311651,	-0.0219002,	0.108751,	-0.957239,	-0.0149685,	-0.00247295,	-0.0100225,	-0.998502,	-0.133945,	-0.0170294,	-0.088383,	-0.780708,	-0.32481,	-0.0214572,	-0.404191,	-0.4641,	0.67314,	-0.04704,	47555,	-272,	-6,	-422,	47605,	140,	-57,	-80,	47595,	52,	-37,	-307,	
2,	3,	53766,	1.65255e+015,	0,	3,	13,	5,	-4,	-2,	0,	-1,	1.65255e+009,	-0.720689,	-0.343728,	-0.345038,	-0.0411488,	-0.77117,	-0.311651,	-0.0219002,	0.108751,	-0.957239,	-0.0149685,	-0.00247295,	-0.0100225,	-0.998502,	-0.133945,	-0.0170294,	-0.088383,	-0.780708,	-0.32481,	-0.0214572,	-0.404191,	-0.4641,	0.67314,	-0.04704,	47565,	-272,	-5,	-423,	47615,	140,	-56,	-82,	47605,	52,	-36,	-309,	
2,	3,	53844,	1.65255e+015,	0,	-1,	14,	-3,	-4,	-2,	0,	0,	1.65255e+009,	-0.720689,	-0.343728,	-0.345038,	-0.0411488,	-0.77117,	-0.311651,	-0.0219002,	0.108751,	-0.957239,	-0.0149685,	-0.00247295,	-0.0100225,	-0.998502,	-0.133945,	-0.0170294,	-0.088383,	-0.780708,	-0.32481,	-0.0214572,	-0.404191,	-0.4641,	0.67314,	-0.04704,	47575,	-272,	-5,	-425,	47625,	140,	-56,	-84,	47615,	53,	-36,	-310,	
2,	3,	53922,	1.65255e+015,	-2,	-4,	4,	5,	-5,	-4,	-1,	-2,	1.65255e+009,	-0.720689,	-0.343728,	-0.345038,	-0.0411488,	-0.77117,	-0.311651,	-0.0219002,	0.108751,	-0.957239,	-0.0149685,	-0.00247295,	-0.0100225,	-0.998502,	-0.133945,	-0.0170294,	-0.088383,	-0.780708,	-0.32481,	-0.0214572,	-0.404191,	-0.4641,	0.67314,	-0.04704,	47585,	-270,	-5,	-427,	47635,	140,	-55,	-86,	47625,	52,	-35,	-311,	
2,	3,	54000,	1.65255e+015,	-2,	0,	-3,	7,	0,	-3,	-1,	1,	1.65255e+009,	-0.720689,	-0.343728,	-0.345038,	-0.0411488,	-0.77117,	-0.311651,	-0.0219002,	0.108751,	-0.957239,	-0.0149685,	-0.00247295,	-0.0100225,	-0.998502,	-0.133945,	-0.0170294,	-0.088383,	-0.780708,	-0.32481,	-0.0214572,	-0.404191,	-0.4641,	0.67314,	-0.04704,	47595,	-268,	-5,	-429,	47645,	141,	-56,	-88,	47635,	53,	-35,	-312,	
2,	3,	54063,	1.65255e+015,	-1,	-1,	-10,	3,	1,	-1,	0,	0,	1.65255e+009,	-0.720689,	-0.343728,	-0.345038,	-0.0411488,	-0.77117,	-0.311651,	-0.0219002,	0.108751,	-0.957239,	-0.0149685,	-0.00247295,	-0.0100225,	-0.998502,	-0.133945,	-0.0170294,	-0.088383,	-0.780708,	-0.32481,	-0.0214572,	-0.404191,	-0.4641,	0.67314,	-0.04704,	47605,	-268,	-5,	-431,	47655,	141,	-56,	-88,	47645,	54,	-34,	-312,	
2,	3,	54157,	1.65255e+015,	-2,	3,	7,	7,	0,	-1,	-1,	-1,	1.65255e+009,	-0.720689,	-0.343728,	-0.345038,	-0.0411488,	-0.77117,	-0.311651,	-0.0219002,	0.108751,	-0.957239,	-0.0149685,	-0.00247295,	-0.0100225,	-0.998502,	-0.133945,	-0.0170294,	-0.088383,	-0.780708,	-0.32481,	-0.0214572,	-0.404191,	-0.4641,	0.67314,	-0.04704,	47615,	-267,	-5,	-432,	47665,	140,	-56,	-88,	47655,	54,	-35,	-312,	
2,	3,	54235,	1.65255e+015,	-4,	-2,	5,	6,	-2,	-2,	0,	-1,	1.65255e+009,	-0.720689,	-0.343728,	-0.345038,	-0.0411488,	-0.77117,	-0.311651,	-0.0219002,	0.108751,	-0.957239,	-0.0149685,	-0.00247295,	-0.0100225,	-0.998502,	-0.133945,	-0.0170294,	-0.088383,	-0.780708,	-0.32481,	-0.0214572,	-0.404191,	-0.4641,	0.67314,	-0.04704,	47625,	-267,	-5,	-433,	47675,	141,	-56,	-87,	47665,	55,	-34,	-312,	
2,	3,	54297,	1.65255e+015,	-6,	-1,	10,	-22,	-7,	0,	0,	-2,	1.65255e+009,	-0.720689,	-0.343728,	-0.345038,	-0.0411488,	-0.77117,	-0.311651,	-0.0219002,	0.108751,	-0.957239,	-0.0149685,	-0.00247295,	-0.0100225,	-0.998502,	-0.133945,	-0.0170294,	-0.088383,	-0.780708,	-0.32481,	-0.0214572,	-0.404191,	-0.4641,	0.67314,	-0.04704,	47635,	-267,	-4,	-433,	47685,	142,	-56,	-87,	47675,	53,	-34,	-311,	
2,	3,	54375,	1.65255e+015,	0,	-6,	-22,	-7,	1,	0,	-2,	-3,	1.65255e+009,	-0.720689,	-0.343728,	-0.345038,	-0.0411488,	-0.77117,	-0.311651,	-0.0219002,	0.108751,	-0.957239,	-0.0149685,	-0.00247295,	-0.0100225,	-0.998502,	-0.133945,	-0.0170294,	-0.088383,	-0.780708,	-0.32481,	-0.0214572,	-0.404191,	-0.4641,	0.67314,	-0.04704,	47645,	-268,	-4,	-433,	47695,	141,	-56,	-87,	47685,	54,	-34,	-311,	
2,	3,	54454,	1.65255e+015,	-1,	-2,	-9,	6,	-2,	-1,	2,	0,	1.65255e+009,	-0.720689,	-0.343728,	-0.345038,	-0.0411488,	-0.77117,	-0.311651,	-0.0219002,	0.108751,	-0.957239,	-0.0149685,	-0.00247295,	-0.0100225,	-0.998502,	-0.133945,	-0.0170294,	-0.088383,	-0.780708,	-0.32481,	-0.0214572,	-0.404191,	-0.4641,	0.67314,	-0.04704,	47655,	-267,	-4,	-434,	47705,	140,	-56,	-87,	47695,	55,	-35,	-312,	
2,	3,	54532,	1.65255e+015,	0,	1,	-12,	-1,	0,	-2,	-1,	0,	1.65255e+009,	-0.720689,	-0.343728,	-0.345038,	-0.0411488,	-0.77117,	-0.311651,	-0.0219002,	0.108751,	-0.957239,	-0.0149685,	-0.00247295,	-0.0100225,	-0.998502,	-0.133945,	-0.0170294,	-0.088383,	-0.780708,	-0.32481,	-0.0214572,	-0.404191,	-0.4641,	0.67314,	-0.04704,	47665,	-266,	-3,	-435,	47715,	141,	-57,	-88,	47705,	55,	-34,	-313,	
2,	3,	54610,	1.65255e+015,	2,	0,	-14,	-4,	-2,	-1,	0,	1,	1.65255e+009,	-0.720689,	-0.343728,	-0.345038,	-0.0411488,	-0.77117,	-0.311651,	-0.0219002,	0.108751,	-0.957239,	-0.0149685,	-0.00247295,	-0.0100225,	-0.998502,	-0.133945,	-0.0170294,	-0.088383,	-0.780708,	-0.32481,	-0.0214572,	-0.404191,	-0.4641,	0.67314,	-0.04704,	47675,	-266,	-6,	-437,	47725,	143,	-56,	-90,	47715,	55,	-33,	-315,	
2,	3,	54688,	1.65255e+015,	-1,	-4,	-35,	-1,	-1,	0,	-1,	1,	1.65255e+009,	-0.720689,	-0.343728,	-0.345038,	-0.0411488,	-0.77117,	-0.311651,	-0.0219002,	0.108751,	-0.957239,	-0.0149685,	-0.00247295,	-0.0100225,	-0.998502,	-0.133945,	-0.0170294,	-0.088383,	-0.780708,	-0.32481,	-0.0214572,	-0.404191,	-0.4641,	0.67314,	-0.04704,	47685,	-265,	-5,	-439,	47735,	143,	-56,	-92,	47725,	56,	-35,	-316,	
2,	3,	54750,	1.65255e+015,	1,	1,	9,	-4,	1,	0,	1,	-2,	1.65255e+009,	-0.720689,	-0.343728,	-0.345038,	-0.0411488,	-0.77117,	-0.311651,	-0.0219002,	0.108751,	-0.957239,	-0.0149685,	-0.00247295,	-0.0100225,	-0.998502,	-0.133945,	-0.0170294,	-0.088383,	-0.780708,	-0.32481,	-0.0214572,	-0.404191,	-0.4641,	0.67314,	-0.04704,	47695,	-265,	-4,	-441,	47745,	144,	-55,	-95,	47735,	56,	-35,	-318,	
2,	3,	54829,	1.65255e+015,	-2,	-4,	19,	-6,	-1,	0,	-1,	0,	1.65255e+009,	-0.720689,	-0.343728,	-0.345038,	-0.0411488,	-0.77117,	-0.311651,	-0.0219002,	0.108751,	-0.957239,	-0.0149685,	-0.00247295,	-0.0100225,	-0.998502,	-0.133945,	-0.0170294,	-0.088383,	-0.780708,	-0.32481,	-0.0214572,	-0.404191,	-0.4641,	0.67314,	-0.04704,	47705,	-263,	-4,	-443,	47755,	144,	-55,	-98,	47745,	58,	-35,	-320,	
2,	3,	54891,	1.65255e+015,	-1,	-3,	8,	8,	0,	0,	-1,	-1,	1.65255e+009,	-0.720689,	-0.343728,	-0.345038,	-0.0411488,	-0.77117,	-0.311651,	-0.0219002,	0.108751,	-0.957239,	-0.0149685,	-0.00247295,	-0.0100225,	-0.998502,	-0.133945,	-0.0170294,	-0.088383,	-0.780708,	-0.32481,	-0.0214572,	-0.404191,	-0.4641,	0.67314,	-0.04704,	47715,	-263,	-4,	-445,	47765,	144,	-55,	-103,	47755,	59,	-34,	-323,	
