1,	2,	481547,	1.65255e+015,	-3,	0,	5,	-9,	-4,	-1,	-1,	-1,	1.65255e+009,	-0.765779,	-0.269808,	-0.361547,	-0.0312928,	-0.77117,	-0.311651,	-0.0219002,	0.118759,	-0.894159,	-0.134716,	-0.0170943,	-0.0133229,	-0.933453,	-0.275873,	-0.0225445,	-0.0916834,	-0.824568,	-0.465753,	-0.0097618,	-0.366093,	-0.3003,	0.63862,	-0.0392,	10813,	-203,	9,	-544,	10773,	153,	-35,	-157,	10753,	81,	-17,	-364,	
1,	2,	481625,	1.65255e+015,	-2,	-5,	-7,	1,	0,	-3,	-2,	-2,	1.65255e+009,	-0.765779,	-0.269808,	-0.361547,	-0.0312928,	-0.77117,	-0.311651,	-0.0219002,	0.118759,	-0.894159,	-0.134716,	-0.0170943,	-0.0133229,	-0.933453,	-0.275873,	-0.0225445,	-0.0916834,	-0.824568,	-0.465753,	-0.0097618,	-0.366093,	-0.3003,	0.63862,	-0.0392,	10823,	-202,	8,	-545,	10783,	153,	-37,	-157,	10763,	81,	-16,	-364,	
1,	2,	481704,	1.65255e+015,	-2,	-1,	5,	-12,	0,	-1,	2,	-3,	1.65255e+009,	-0.765779,	-0.269808,	-0.361547,	-0.0312928,	-0.77117,	-0.311651,	-0.0219002,	0.118759,	-0.894159,	-0.134716,	-0.0170943,	-0.0133229,	-0.933453,	-0.275873,	-0.0225445,	-0.0916834,	-0.824568,	-0.465753,	-0.0097618,	-0.366093,	-0.3003,	0.63862,	-0.0392,	10833,	-203,	9,	-545,	10793,	154,	-36,	-157,	10773,	80,	-17,	-364,	
1,	2,	481782,	1.65255e+015,	1,	-1,	-4,	3,	4,	1,	-1,	0,	1.65255e+009,	-0.765779,	-0.269808,	-0.361547,	-0.0312928,	-0.77117,	-0.311651,	-0.0219002,	0.118759,	-0.894159,	-0.134716,	-0.0170943,	-0.0133229,	-0.933453,	-0.275873,	-0.0225445,	-0.0916834,	-0.824568,	-0.465753,	-0.0097618,	-0.366093,	-0.3003,	0.63862,	-0.0392,	10843,	-205,	9,	-546,	10803,	152,	-37,	-157,	10783,	81,	-16,	-364,	
1,	2,	481860,	1.65255e+015,	0,	-2,	-6,	-21,	-4,	-2,	0,	0,	1.65255e+009,	-0.765779,	-0.269808,	-0.361547,	-0.0312928,	-0.77117,	-0.311651,	-0.0219002,	0.118759,	-0.894159,	-0.134716,	-0.0170943,	-0.0133229,	-0.933453,	-0.275873,	-0.0225445,	-0.0916834,	-0.824568,	-0.465753,	-0.0097618,	-0.366093,	-0.3003,	0.63862,	-0.0392,	10853,	-203,	10,	-546,	10813,	153,	-37,	-157,	10793,	81,	-18,	-364,	
1,	2,	481938,	1.65255e+015,	0,	-1,	1,	-13,	-2,	-2,	0,	-1,	1.65255e+009,	-0.765779,	-0.269808,	-0.361547,	-0.0312928,	-0.77117,	-0.311651,	-0.0219002,	0.118759,	-0.894159,	-0.134716,	-0.0170943,	-0.0133229,	-0.933453,	-0.275873,	-0.0225445,	-0.0916834,	-0.824568,	-0.465753,	-0.0097618,	-0.366093,	-0.3003,	0.63862,	-0.0392,	10863,	-203,	8,	-545,	10823,	153,	-38,	-157,	10803,	81,	-17,	-364,	
1,	2,	482016,	1.65255e+015,	-2,	-5,	-8,	-15,	-4,	-2,	-1,	-2,	1.65255e+009,	-0.765779,	-0.269808,	-0.361547,	-0.0312928,	-0.77117,	-0.311651,	-0.0219002,	0.118759,	-0.894159,	-0.134716,	-0.0170943,	-0.0133229,	-0.933453,	-0.275873,	-0.0225445,	-0.0916834,	-0.824568,	-0.465753,	-0.0097618,	-0.366093,	-0.3003,	0.63862,	-0.0392,	10873,	-204,	9,	-545,	10833,	153,	-38,	-157,	10813,	79,	-18,	-364,	
1,	2,	482079,	1.65255e+015,	0,	0,	-1,	-5,	-2,	-1,	-3,	-1,	1.65255e+009,	-0.765779,	-0.269808,	-0.361547,	-0.0312928,	-0.77117,	-0.311651,	-0.0219002,	0.118759,	-0.894159,	-0.134716,	-0.0170943,	-0.0133229,	-0.933453,	-0.275873,	-0.0225445,	-0.0916834,	-0.824568,	-0.465753,	-0.0097618,	-0.366093,	-0.3003,	0.63862,	-0.0392,	10883,	-204,	10,	-545,	10843,	153,	-40,	-157,	10823,	79,	-18,	-364,	
1,	2,	482157,	1.65255e+015,	1,	2,	9,	1,	0,	-2,	-1,	0,	1.65255e+009,	-0.765779,	-0.269808,	-0.361547,	-0.0312928,	-0.77117,	-0.311651,	-0.0219002,	0.118759,	-0.894159,	-0.134716,	-0.0170943,	-0.0133229,	-0.933453,	-0.275873,	-0.0225445,	-0.0916834,	-0.824568,	-0.465753,	-0.0097618,	-0.366093,	-0.3003,	0.63862,	-0.0392,	10893,	-205,	10,	-544,	10853,	152,	-40,	-158,	10833,	79,	-18,	-365,	
1,	2,	482235,	1.65255e+015,	1,	1,	-6,	5,	0,	-1,	-2,	-1,	1.65255e+009,	-0.765779,	-0.269808,	-0.361547,	-0.0312928,	-0.77117,	-0.311651,	-0.0219002,	0.118759,	-0.894159,	-0.134716,	-0.0170943,	-0.0133229,	-0.933453,	-0.275873,	-0.0225445,	-0.0916834,	-0.824568,	-0.465753,	-0.0097618,	-0.366093,	-0.3003,	0.63862,	-0.0392,	10903,	-204,	11,	-544,	10863,	153,	-39,	-158,	10843,	79,	-19,	-365,	
1,	2,	482297,	1.65255e+015,	-1,	-2,	-5,	-8,	-1,	0,	1,	0,	1.65255e+009,	-0.765779,	-0.269808,	-0.361547,	-0.0312928,	-0.77117,	-0.311651,	-0.0219002,	0.118759,	-0.894159,	-0.134716,	-0.0170943,	-0.0133229,	-0.933453,	-0.275873,	-0.0225445,	-0.0916834,	-0.824568,	-0.465753,	-0.0097618,	-0.366093,	-0.3003,	0.63862,	-0.0392,	10913,	-204,	10,	-544,	10873,	152,	-40,	-157,	10853,	79,	-18,	-365,	
1,	2,	482375,	1.65255e+015,	1,	-6,	-2,	3,	3,	0,	0,	0,	1.65255e+009,	-0.765779,	-0.269808,	-0.361547,	-0.0312928,	-0.77117,	-0.311651,	-0.0219002,	0.118759,	-0.894159,	-0.134716,	-0.0170943,	-0.0133229,	-0.933453,	-0.275873,	-0.0225445,	-0.0916834,	-0.824568,	-0.465753,	-0.0097618,	-0.366093,	-0.3003,	0.63862,	-0.0392,	10923,	-204,	10,	-543,	10883,	152,	-40,	-158,	10863,	79,	-19,	-365,	
1,	2,	482438,	1.65255e+015,	-3,	-10,	-5,	-12,	-4,	-1,	-1,	-2,	1.65255e+009,	-0.765779,	-0.171248,	-0.361547,	-0.0312928,	-0.77117,	-0.311651,	-0.0219002,	0.118759,	-0.894159,	-0.134716,	-0.0170943,	-0.0133229,	-0.933453,	-0.275873,	-0.0225445,	-0.0916834,	-0.824568,	-0.465753,	-0.0097618,	-0.366093,	-0.3003,	0.63862,	-0.0392,	10933,	-206,	10,	-543,	10893,	153,	-39,	-158,	10873,	80,	-19,	-364,	
1,	2,	482516,	1.65255e+015,	-1,	1,	-4,	1,	-4,	0,	0,	0,	1.65255e+009,	-0.765779,	-0.171248,	-0.361547,	-0.0312928,	-0.77117,	-0.311651,	-0.0219002,	0.118759,	-0.894159,	-0.134716,	-0.0170943,	-0.0133229,	-0.933453,	-0.275873,	-0.0225445,	-0.0916834,	-0.824568,	-0.465753,	-0.0097618,	-0.366093,	-0.3003,	0.63862,	-0.0392,	10943,	-205,	9,	-543,	10903,	152,	-39,	-158,	10883,	79,	-19,	-363,	
1,	2,	482594,	1.65255e+015,	1,	7,	5,	8,	0,	-3,	-1,	1,	1.65255e+009,	-0.765779,	-0.171248,	-0.361547,	-0.0312928,	-0.77117,	-0.311651,	-0.0219002,	0.118759,	-0.894159,	-0.134716,	-0.0170943,	-0.0133229,	-0.933453,	-0.275873,	-0.0225445,	-0.0916834,	-0.824568,	-0.465753,	-0.0097618,	-0.366093,	-0.3003,	0.63862,	-0.0392,	10953,	-206,	10,	-543,	10913,	152,	-38,	-157,	10893,	80,	-20,	-363,	
1,	2,	482657,	1.65255e+015,	0,	-5,	-11,	1,	1,	0,	0,	0,	1.65255e+009,	-0.765779,	-0.171248,	-0.361547,	-0.0312928,	-0.77117,	-0.311651,	-0.0219002,	0.118759,	-0.894159,	-0.134716,	-0.0170943,	-0.0133229,	-0.933453,	-0.275873,	-0.0225445,	-0.0916834,	-0.824568,	-0.465753,	-0.0097618,	-0.366093,	-0.3003,	0.63862,	-0.0392,	10963,	-205,	8,	-544,	10923,	152,	-38,	-157,	10903,	79,	-19,	-363,	
1,	2,	482735,	1.65255e+015,	0,	-2,	3,	5,	5,	1,	1,	1,	1.65255e+009,	-0.765779,	-0.171248,	-0.361547,	-0.0312928,	-0.77117,	-0.311651,	-0.0219002,	0.118759,	-0.894159,	-0.134716,	-0.0170943,	-0.0133229,	-0.933453,	-0.275873,	-0.0225445,	-0.0916834,	-0.824568,	-0.465753,	-0.0097618,	-0.366093,	-0.3003,	0.63862,	-0.0392,	10973,	-206,	8,	-544,	10933,	154,	-36,	-156,	10913,	79,	-20,	-363,	
1,	2,	482797,	1.65255e+015,	1,	0,	2,	-14,	1,	3,	2,	0,	1.65255e+009,	-0.765779,	-0.171248,	-0.361547,	-0.0312928,	-0.77117,	-0.311651,	-0.0219002,	0.118759,	-0.894159,	-0.134716,	-0.0170943,	-0.0133229,	-0.933453,	-0.275873,	-0.0225445,	-0.0916834,	-0.824568,	-0.465753,	-0.0097618,	-0.366093,	-0.3003,	0.63862,	-0.0392,	10983,	-208,	8,	-544,	10943,	153,	-36,	-155,	10923,	80,	-20,	-363,	
1,	2,	482875,	1.65255e+015,	0,	-2,	2,	-3,	-1,	-1,	-2,	-2,	1.65255e+009,	-0.765779,	-0.171248,	-0.361547,	-0.0312928,	-0.77117,	-0.311651,	-0.0219002,	0.118759,	-0.894159,	-0.134716,	-0.0170943,	-0.0133229,	-0.933453,	-0.275873,	-0.0225445,	-0.0916834,	-0.824568,	-0.465753,	-0.0097618,	-0.366093,	-0.3003,	0.63862,	-0.0392,	10993,	-208,	9,	-544,	10953,	153,	-36,	-156,	10933,	79,	-20,	-363,	
1,	2,	482954,	1.65255e+015,	-2,	2,	-5,	2,	1,	0,	-1,	-2,	1.65255e+009,	-0.765779,	-0.171248,	-0.361547,	-0.0312928,	-0.77117,	-0.311651,	-0.0219002,	0.118759,	-0.894159,	-0.134716,	-0.0170943,	-0.0133229,	-0.933453,	-0.275873,	-0.0225445,	-0.0916834,	-0.824568,	-0.465753,	-0.0097618,	-0.366093,	-0.3003,	0.63862,	-0.0392,	11003,	-209,	8,	-544,	10963,	153,	-37,	-156,	10943,	78,	-20,	-363,	
1,	2,	483032,	1.65255e+015,	0,	3,	17,	-2,	-2,	-1,	0,	0,	1.65255e+009,	-0.765779,	-0.171248,	-0.361547,	-0.0312928,	-0.77117,	-0.311651,	-0.0219002,	0.118759,	-0.894159,	-0.134716,	-0.0170943,	-0.0133229,	-0.933453,	-0.275873,	-0.0225445,	-0.0916834,	-0.824568,	-0.465753,	-0.0097618,	-0.366093,	-0.3003,	0.63862,	-0.0392,	11013,	-208,	8,	-543,	10973,	152,	-37,	-156,	10953,	78,	-19,	-363,	
1,	2,	483110,	1.65255e+015,	0,	2,	3,	-3,	-1,	0,	0,	1,	1.65255e+009,	-0.765779,	-0.171248,	-0.361547,	-0.0312928,	-0.77117,	-0.311651,	-0.0219002,	0.118759,	-0.894159,	-0.134716,	-0.0170943,	-0.0133229,	-0.933453,	-0.275873,	-0.0225445,	-0.0916834,	-0.824568,	-0.465753,	-0.0097618,	-0.366093,	-0.3003,	0.63862,	-0.0392,	11023,	-209,	7,	-542,	10983,	151,	-37,	-156,	10963,	79,	-19,	-363,	
1,	2,	483172,	1.65255e+015,	-2,	-1,	-5,	-28,	-4,	-2,	1,	-1,	1.65255e+009,	-0.765779,	-0.171248,	-0.361547,	-0.0312928,	-0.77117,	-0.311651,	-0.0219002,	0.118759,	-0.894159,	-0.134716,	-0.0170943,	-0.0133229,	-0.933453,	-0.275873,	-0.0225445,	-0.0916834,	-0.824568,	-0.465753,	-0.0097618,	-0.366093,	-0.3003,	0.63862,	-0.0392,	11033,	-211,	7,	-542,	10993,	152,	-38,	-156,	10973,	78,	-19,	-363,	
1,	2,	483250,	1.65255e+015,	1,	2,	-33,	5,	2,	0,	0,	0,	1.65255e+009,	-0.765779,	-0.171248,	-0.361547,	-0.0312928,	-0.77117,	-0.311651,	-0.0219002,	0.118759,	-0.894159,	-0.134716,	-0.0170943,	-0.0133229,	-0.933453,	-0.275873,	-0.0225445,	-0.0916834,	-0.824568,	-0.465753,	-0.0097618,	-0.366093,	-0.3003,	0.63862,	-0.0392,	11043,	-211,	8,	-542,	11003,	152,	-38,	-157,	10983,	78,	-21,	-363,	
1,	2,	483329,	1.65255e+015,	0,	3,	10,	6,	3,	2,	1,	1,	1.65255e+009,	-0.765779,	-0.171248,	-0.361547,	-0.0312928,	-0.77117,	-0.311651,	-0.0219002,	0.118759,	-0.894159,	-0.134716,	-0.0170943,	-0.0133229,	-0.933453,	-0.275873,	-0.0225445,	-0.0916834,	-0.824568,	-0.465753,	-0.0097618,	-0.366093,	-0.3003,	0.63862,	-0.0392,	11053,	-211,	7,	-542,	11013,	151,	-38,	-156,	10993,	79,	-20,	-362,	
1,	2,	483407,	1.65255e+015,	-3,	-3,	11,	-4,	-4,	-2,	1,	-3,	1.65255e+009,	-0.765779,	-0.171248,	-0.361547,	-0.0312928,	-0.77117,	-0.311651,	-0.0219002,	0.118759,	-0.894159,	-0.134716,	-0.0170943,	-0.0133229,	-0.933453,	-0.275873,	-0.0225445,	-0.0916834,	-0.824568,	-0.465753,	-0.0097618,	-0.366093,	-0.3003,	0.63862,	-0.0392,	11063,	-210,	8,	-542,	11023,	150,	-37,	-156,	11003,	77,	-19,	-363,	
1,	2,	483485,	1.65255e+015,	0,	7,	3,	4,	1,	-1,	-1,	1,	1.65255e+009,	-0.765779,	-0.171248,	-0.361547,	-0.0312928,	-0.77117,	-0.311651,	-0.0219002,	0.118759,	-0.894159,	-0.134716,	-0.0170943,	-0.0133229,	-0.933453,	-0.275873,	-0.0225445,	-0.0916834,	-0.824568,	-0.465753,	-0.0097618,	-0.366093,	-0.3003,	0.63862,	-0.0392,	11073,	-211,	7,	-542,	11033,	150,	-39,	-156,	11013,	77,	-19,	-363,	
1,	2,	483563,	1.65255e+015,	3,	7,	12,	11,	4,	2,	-1,	1,	1.65255e+009,	-0.765779,	-0.171248,	-0.361547,	-0.0312928,	-0.77117,	-0.311651,	-0.0219002,	0.118759,	-0.894159,	-0.134716,	-0.0170943,	-0.0133229,	-0.933453,	-0.275873,	-0.0225445,	-0.0916834,	-0.824568,	-0.465753,	-0.0097618,	-0.366093,	-0.3003,	0.63862,	-0.0392,	11083,	-211,	8,	-542,	11043,	150,	-38,	-156,	11023,	77,	-19,	-362,	
1,	2,	483641,	1.65255e+015,	-3,	1,	13,	0,	0,	-1,	0,	0,	1.65255e+009,	-0.765779,	-0.171248,	-0.361547,	-0.0312928,	-0.77117,	-0.311651,	-0.0219002,	0.118759,	-0.894159,	-0.134716,	-0.0170943,	-0.0133229,	-0.933453,	-0.275873,	-0.0225445,	-0.0916834,	-0.824568,	-0.465753,	-0.0097618,	-0.366093,	-0.3003,	0.63862,	-0.0392,	11093,	-212,	9,	-541,	11053,	150,	-37,	-156,	11033,	77,	-20,	-362,	
1,	2,	483719,	1.65255e+015,	0,	0,	-34,	-16,	-3,	-1,	-2,	0,	1.65255e+009,	-0.765779,	-0.171248,	-0.361547,	-0.0312928,	-0.77117,	-0.311651,	-0.0219002,	0.118759,	-0.894159,	-0.134716,	-0.0170943,	-0.0133229,	-0.933453,	-0.275873,	-0.0225445,	-0.0916834,	-0.824568,	-0.465753,	-0.0097618,	-0.366093,	-0.3003,	0.63862,	-0.0392,	11103,	-211,	8,	-540,	11063,	150,	-36,	-156,	11043,	77,	-19,	-362,	
1,	2,	483797,	1.65255e+015,	0,	3,	-2,	2,	-2,	-3,	-1,	0,	1.65255e+009,	-0.765779,	-0.171248,	-0.361547,	-0.0312928,	-0.77117,	-0.311651,	-0.0219002,	0.118759,	-0.894159,	-0.134716,	-0.0170943,	-0.0133229,	-0.933453,	-0.275873,	-0.0225445,	-0.0916834,	-0.824568,	-0.465753,	-0.0097618,	-0.366093,	-0.3003,	0.63862,	-0.0392,	11113,	-212,	8,	-540,	11073,	149,	-37,	-155,	11053,	76,	-20,	-362,	
1,	2,	483875,	1.65255e+015,	-2,	4,	36,	-2,	-4,	-2,	0,	-2,	1.65255e+009,	-0.765779,	-0.171248,	-0.361547,	-0.0312928,	-0.77117,	-0.311651,	-0.0219002,	0.118759,	-0.894159,	-0.134716,	-0.0170943,	-0.0133229,	-0.933453,	-0.275873,	-0.0225445,	-0.0916834,	-0.824568,	-0.465753,	-0.0097618,	-0.366093,	-0.3003,	0.63862,	-0.0392,	11123,	-213,	8,	-539,	11083,	148,	-37,	-155,	11063,	76,	-20,	-362,	
1,	2,	483954,	1.65255e+015,	2,	-2,	-12,	-3,	1,	3,	0,	-1,	1.65255e+009,	-0.765779,	-0.171248,	-0.361547,	-0.0312928,	-0.77117,	-0.311651,	-0.0219002,	0.118759,	-0.894159,	-0.134716,	-0.0170943,	-0.0133229,	-0.933453,	-0.275873,	-0.0225445,	-0.0916834,	-0.824568,	-0.465753,	-0.0097618,	-0.366093,	-0.3003,	0.63862,	-0.0392,	11133,	-213,	8,	-539,	11093,	149,	-38,	-155,	11073,	76,	-20,	-362,	
1,	2,	484032,	1.65255e+015,	-1,	3,	2,	-2,	-1,	1,	0,	0,	1.65255e+009,	-0.765779,	-0.171248,	-0.361547,	-0.0312928,	-0.77117,	-0.311651,	-0.0219002,	0.118759,	-0.894159,	-0.134716,	-0.0170943,	-0.0133229,	-0.933453,	-0.275873,	-0.0225445,	-0.0916834,	-0.824568,	-0.465753,	-0.0097618,	-0.366093,	-0.3003,	0.63862,	-0.0392,	11143,	-214,	8,	-539,	11103,	149,	-38,	-155,	11083,	76,	-20,	-362,	
1,	2,	484110,	1.65255e+015,	2,	-2,	-10,	5,	1,	-1,	-1,	0,	1.65255e+009,	-0.765779,	-0.171248,	-0.361547,	-0.0312928,	-0.77117,	-0.311651,	-0.0219002,	0.118759,	-0.894159,	-0.134716,	-0.0170943,	-0.0133229,	-0.933453,	-0.275873,	-0.0225445,	-0.0916834,	-0.824568,	-0.465753,	-0.0097618,	-0.366093,	-0.3003,	0.63862,	-0.0392,	11153,	-212,	8,	-540,	11113,	149,	-38,	-155,	11093,	75,	-19,	-361,	
1,	2,	484188,	1.65255e+015,	-1,	-6,	-1,	-1,	-3,	-1,	-1,	0,	1.65255e+009,	-0.765779,	-0.171248,	-0.361547,	-0.0312928,	-0.77117,	-0.311651,	-0.0219002,	0.118759,	-0.894159,	-0.134716,	-0.0170943,	-0.0133229,	-0.933453,	-0.275873,	-0.0225445,	-0.0916834,	-0.824568,	-0.465753,	-0.0097618,	-0.366093,	-0.3003,	0.63862,	-0.0392,	11163,	-212,	7,	-539,	11123,	149,	-38,	-154,	11103,	75,	-20,	-361,	
1,	2,	484266,	1.65255e+015,	-1,	0,	-9,	-5,	-4,	0,	1,	-1,	1.65255e+009,	-0.765779,	-0.171248,	-0.361547,	-0.0312928,	-0.77117,	-0.311651,	-0.0219002,	0.118759,	-0.894159,	-0.134716,	-0.0170943,	-0.0133229,	-0.933453,	-0.275873,	-0.0225445,	-0.0916834,	-0.824568,	-0.465753,	-0.0097618,	-0.366093,	-0.3003,	0.63862,	-0.0392,	11173,	-212,	7,	-540,	11133,	150,	-36,	-154,	11113,	75,	-20,	-361,	
1,	2,	484344,	1.65255e+015,	0,	1,	-1,	7,	4,	1,	0,	-1,	1.65255e+009,	-0.765779,	-0.171248,	-0.361547,	-0.0312928,	-0.77117,	-0.311651,	-0.0219002,	0.118759,	-0.894159,	-0.134716,	-0.0170943,	-0.0133229,	-0.933453,	-0.275873,	-0.0225445,	-0.0916834,	-0.824568,	-0.465753,	-0.0097618,	-0.366093,	-0.3003,	0.63862,	-0.0392,	11183,	-212,	9,	-539,	11143,	150,	-37,	-154,	11123,	75,	-21,	-360,	
1,	2,	484422,	1.65255e+015,	0,	-4,	-2,	-6,	-1,	2,	1,	0,	1.65255e+009,	-0.765779,	-0.171248,	-0.361547,	-0.0312928,	-0.77117,	-0.311651,	-0.0219002,	0.118759,	-0.894159,	-0.134716,	-0.0170943,	-0.0133229,	-0.933453,	-0.275873,	-0.0225445,	-0.0916834,	-0.824568,	-0.465753,	-0.0097618,	-0.366093,	-0.3003,	0.63862,	-0.0392,	11193,	-212,	10,	-539,	11153,	150,	-37,	-153,	11133,	76,	-20,	-361,	
1,	2,	484500,	1.65255e+015,	-3,	4,	18,	15,	-4,	-3,	-1,	-2,	1.65255e+009,	-0.765779,	-0.171248,	-0.361547,	-0.0312928,	-0.77117,	-0.311651,	-0.0219002,	0.118759,	-0.894159,	-0.134716,	-0.0170943,	-0.0133229,	-0.933453,	-0.275873,	-0.0225445,	-0.0916834,	-0.824568,	-0.465753,	-0.0097618,	-0.366093,	-0.3003,	0.63862,	-0.0392,	11203,	-212,	10,	-539,	11163,	150,	-37,	-153,	11143,	75,	-21,	-361,	
2,	2,	484610,	1.65255e+015,	-1,	-4,	11,	11,	-1,	-3,	-2,	-3,	1.65255e+009,	-0.765779,	-0.171248,	-0.361547,	-0.0312928,	-0.77117,	-0.311651,	-0.0219002,	0.118759,	-0.894159,	-0.134716,	-0.0170943,	-0.0133229,	-0.933453,	-0.275873,	-0.0225445,	-0.0916834,	-0.824568,	-0.465753,	-0.0097618,	-0.366093,	-0.3003,	0.63862,	-0.0392,	11213,	-213,	10,	-538,	11173,	151,	-37,	-153,	11153,	76,	-21,	-361,	
2,	2,	484688,	1.65255e+015,	1,	-3,	-6,	20,	5,	2,	-1,	0,	1.65255e+009,	-0.765779,	-0.171248,	-0.361547,	-0.0312928,	-0.77117,	-0.311651,	-0.0219002,	0.118759,	-0.894159,	-0.134716,	-0.0170943,	-0.0133229,	-0.933453,	-0.275873,	-0.0225445,	-0.0916834,	-0.824568,	-0.465753,	-0.0097618,	-0.366093,	-0.3003,	0.63862,	-0.0392,	11223,	-212,	10,	-538,	11183,	150,	-38,	-154,	11163,	75,	-21,	-361,	
2,	2,	484766,	1.65255e+015,	1,	3,	6,	-5,	-2,	-2,	-2,	-2,	1.65255e+009,	-0.765779,	-0.171248,	-0.361547,	-0.0312928,	-0.77117,	-0.311651,	-0.0219002,	0.118759,	-0.894159,	-0.134716,	-0.0170943,	-0.0133229,	-0.933453,	-0.275873,	-0.0225445,	-0.0916834,	-0.824568,	-0.465753,	-0.0097618,	-0.366093,	-0.3003,	0.63862,	-0.0392,	11233,	-212,	10,	-538,	11193,	150,	-38,	-154,	11173,	75,	-22,	-361,	
2,	2,	484844,	1.65255e+015,	0,	1,	-1,	-8,	1,	-2,	-2,	-1,	1.65255e+009,	-0.765779,	-0.171248,	-0.361547,	-0.0312928,	-0.77117,	-0.311651,	-0.0219002,	0.118759,	-0.894159,	-0.134716,	-0.0170943,	-0.0133229,	-0.933453,	-0.275873,	-0.0225445,	-0.0916834,	-0.824568,	-0.465753,	-0.0097618,	-0.366093,	-0.3003,	0.63862,	-0.0392,	11243,	-212,	10,	-538,	11203,	150,	-37,	-154,	11183,	75,	-21,	-361,	
2,	2,	484922,	1.65255e+015,	1,	-4,	-6,	2,	0,	1,	1,	1,	1.65255e+009,	-0.765779,	-0.171248,	-0.361547,	-0.0312928,	-0.77117,	-0.311651,	-0.0219002,	0.118759,	-0.894159,	-0.134716,	-0.0170943,	-0.0133229,	-0.933453,	-0.275873,	-0.0225445,	-0.0916834,	-0.824568,	-0.465753,	-0.0097618,	-0.366093,	-0.3003,	0.63862,	-0.0392,	11253,	-211,	11,	-539,	11213,	150,	-37,	-154,	11193,	75,	-21,	-361,	
2,	2,	485000,	1.65255e+015,	-2,	-2,	-4,	-10,	-1,	0,	-1,	1,	1.65255e+009,	-0.765779,	-0.171248,	-0.361547,	-0.0312928,	-0.77117,	-0.311651,	-0.0219002,	0.118759,	-0.894159,	-0.134716,	-0.0170943,	-0.0133229,	-0.933453,	-0.275873,	-0.0225445,	-0.0916834,	-0.824568,	-0.465753,	-0.0097618,	-0.366093,	-0.3003,	0.63862,	-0.0392,	11263,	-211,	9,	-539,	11223,	149,	-35,	-154,	11203,	76,	-20,	-361,	
2,	2,	485079,	1.65255e+015,	-1,	-1,	-1,	-5,	-5,	-2,	0,	1,	1.65255e+009,	-0.765779,	-0.171248,	-0.361547,	-0.0312928,	-0.77117,	-0.311651,	-0.0219002,	0.118759,	-0.894159,	-0.134716,	-0.0170943,	-0.0133229,	-0.933453,	-0.275873,	-0.0225445,	-0.0916834,	-0.824568,	-0.465753,	-0.0097618,	-0.366093,	-0.3003,	0.63862,	-0.0392,	11273,	-212,	10,	-539,	11233,	150,	-35,	-153,	11213,	76,	-21,	-360,	
2,	2,	485157,	1.65255e+015,	0,	0,	1,	2,	-1,	-2,	-2,	0,	1.65255e+009,	-0.765779,	-0.171248,	-0.361547,	-0.0312928,	-0.77117,	-0.311651,	-0.0219002,	0.118759,	-0.894159,	-0.134716,	-0.0170943,	-0.0133229,	-0.933453,	-0.275873,	-0.0225445,	-0.0916834,	-0.824568,	-0.465753,	-0.0097618,	-0.366093,	-0.3367,	0.63862,	-0.0392,	11283,	-211,	10,	-540,	11243,	151,	-36,	-153,	11223,	75,	-20,	-360,	
2,	2,	485235,	1.65255e+015,	-1,	-2,	18,	2,	0,	-1,	-1,	-1,	1.65255e+009,	-0.765779,	-0.171248,	-0.361547,	-0.0312928,	-0.77117,	-0.311651,	-0.0219002,	0.118759,	-0.894159,	-0.134716,	-0.0170943,	-0.0133229,	-0.933453,	-0.275873,	-0.0225445,	-0.0916834,	-0.824568,	-0.465753,	-0.0097618,	-0.366093,	-0.3367,	0.63862,	-0.0392,	11293,	-212,	9,	-540,	11253,	151,	-36,	-153,	11233,	75,	-20,	-360,	
2,	2,	485313,	1.65255e+015,	-1,	-1,	-4,	2,	-2,	-1,	0,	-3,	1.65255e+009,	-0.765779,	-0.171248,	-0.361547,	-0.0312928,	-0.77117,	-0.311651,	-0.0219002,	0.118759,	-0.894159,	-0.134716,	-0.0170943,	-0.0133229,	-0.933453,	-0.275873,	-0.0225445,	-0.0916834,	-0.824568,	-0.465753,	-0.0097618,	-0.366093,	-0.3367,	0.63862,	-0.0392,	11303,	-211,	11,	-540,	11263,	150,	-37,	-154,	11243,	74,	-21,	-360,	
2,	2,	485407,	1.65255e+015,	2,	3,	-1,	10,	0,	0,	-1,	0,	1.65255e+009,	-0.765779,	-0.171248,	-0.361547,	-0.0312928,	-0.77117,	-0.311651,	-0.0219002,	0.118759,	-0.894159,	-0.134716,	-0.0170943,	-0.0133229,	-0.933453,	-0.275873,	-0.0225445,	-0.0916834,	-0.824568,	-0.465753,	-0.0097618,	-0.366093,	-0.3731,	0.63862,	-0.0392,	11313,	-212,	10,	-540,	11273,	150,	-36,	-154,	11253,	75,	-21,	-360,	
2,	2,	485485,	1.65255e+015,	-2,	-1,	-12,	-4,	-2,	-3,	-3,	0,	1.65255e+009,	-0.765779,	-0.171248,	-0.361547,	-0.0312928,	-0.77117,	-0.311651,	-0.0219002,	0.118759,	-1.06763,	-0.134716,	-0.0170943,	-0.0133229,	-0.933453,	-0.275873,	-0.0225445,	-0.0916834,	-0.824568,	-0.465753,	-0.0097618,	-0.366093,	-0.3731,	0.63862,	-0.0392,	11323,	-211,	10,	-539,	11283,	152,	-37,	-154,	11263,	75,	-22,	-361,	
2,	2,	485563,	1.65255e+015,	0,	4,	-5,	-1,	1,	0,	2,	1,	1.65255e+009,	-0.765779,	-0.171248,	-0.361547,	-0.0312928,	-0.835234,	-0.311651,	-0.0219002,	0.108751,	-1.27264,	-0.134716,	-0.0170943,	-0.0100225,	-1.02019,	-0.275873,	-0.0225445,	-0.088383,	-0.824568,	-0.465753,	-0.0097618,	-0.362793,	-0.4186,	0.63862,	-0.0392,	11333,	-212,	9,	-539,	11293,	151,	-39,	-154,	11273,	74,	-21,	-360,	
2,	2,	485641,	1.65255e+015,	4,	3,	-7,	-7,	-1,	-2,	2,	-1,	1.65255e+009,	-0.765779,	-0.171248,	-0.361547,	-0.0312928,	-0.915314,	-0.250543,	-0.0225053,	0.111944,	-1.49342,	-0.134716,	-0.0170943,	0.00647791,	-1.1286,	-0.275873,	-0.0225445,	-0.125109,	-0.824568,	-0.465753,	-0.0097618,	-0.399518,	-0.4186,	0.63862,	-0.0392,	11343,	-212,	9,	-539,	11303,	152,	-40,	-154,	11283,	75,	-22,	-361,	
2,	2,	485704,	1.65255e+015,	-5,	4,	2,	-13,	-2,	-3,	0,	-1,	1.65255e+009,	-0.705658,	-0.171248,	-0.361547,	-0.0312928,	-0.947346,	-0.250543,	-0.0225053,	0.107803,	-1.66689,	-0.134716,	-0.0170943,	0.015645,	-1.17197,	-0.204909,	-0.0213985,	-0.139598,	-0.912288,	-0.465753,	-0.0097618,	-0.414007,	-0.4186,	0.63862,	-0.0392,	11353,	-213,	10,	-539,	11313,	150,	-41,	-154,	11293,	75,	-22,	-361,	
2,	2,	485766,	1.65255e+015,	-4,	-10,	-26,	-1,	-6,	-7,	-7,	-8,	1.65255e+009,	-0.705658,	-0.171248,	-0.361547,	-0.0312928,	-1.01141,	-0.250543,	-0.0225053,	0.107803,	-1.74574,	-0.214548,	-0.0217433,	0.015645,	-1.17197,	-0.204909,	-0.0213985,	-0.139598,	-0.912288,	-0.465753,	-0.0097618,	-0.414007,	-0.4186,	0.63862,	-0.0588,	11363,	-213,	9,	-539,	11323,	150,	-41,	-155,	11303,	75,	-22,	-362,	
2,	2,	485844,	1.65255e+015,	0,	-3,	6,	3,	1,	0,	1,	-1,	1.65255e+009,	-0.705658,	-0.171248,	-0.361547,	-0.0312928,	-1.01141,	-0.250543,	-0.0225053,	0.106998,	-1.82459,	-0.214548,	-0.0217433,	0.0237119,	-1.2587,	-0.204909,	-0.0213985,	-0.155187,	-1.02194,	-0.465753,	-0.0097618,	-0.453252,	-0.3731,	0.63862,	-0.0588,	11373,	-214,	9,	-539,	11333,	149,	-41,	-154,	11313,	74,	-23,	-361,	
2,	2,	485922,	1.65255e+015,	-6,	0,	3,	-5,	-4,	-2,	-1,	-4,	1.65255e+009,	-0.705658,	-0.171248,	-0.361547,	-0.0312928,	-1.09149,	-0.250543,	-0.0225053,	0.112865,	-1.82459,	-0.29438,	-0.0223135,	0.0295786,	-1.2587,	-0.204909,	-0.0213985,	-0.172976,	-1.02194,	-0.401688,	-0.016654,	-0.471042,	-0.3731,	0.63862,	-0.0588,	11383,	-213,	8,	-540,	11343,	150,	-40,	-155,	11323,	75,	-23,	-361,	
2,	2,	486000,	1.65255e+015,	0,	-5,	-33,	6,	0,	1,	2,	3,	1.65255e+009,	-0.630509,	-0.171248,	-0.361547,	-0.0312928,	-1.09149,	-0.250543,	-0.0225053,	0.112865,	-1.88767,	-0.39417,	-0.0172905,	0.0295786,	-1.36711,	-0.204909,	-0.0213985,	-0.172976,	-1.10966,	-0.401688,	-0.016654,	-0.471042,	-0.3731,	0.63862,	-0.0588,	11393,	-214,	8,	-540,	11353,	150,	-40,	-154,	11333,	75,	-22,	-361,	
2,	2,	486063,	1.65255e+015,	8,	-1,	-13,	13,	-1,	-6,	-5,	-1,	1.65255e+009,	-0.630509,	-0.171248,	-0.361547,	-0.0312928,	-1.09149,	-0.250543,	-0.0225053,	0.112865,	-1.88767,	-0.39417,	-0.0172905,	0.0295786,	-1.36711,	-0.204909,	-0.0213985,	-0.172976,	-1.10966,	-0.401688,	-0.016654,	-0.471042,	-0.3731,	0.63862,	-0.0588,	11403,	-214,	9,	-541,	11363,	150,	-40,	-154,	11343,	75,	-23,	-361,	
2,	2,	486141,	1.65255e+015,	-4,	-3,	-18,	-2,	-3,	-4,	-4,	-4,	1.65255e+009,	-0.630509,	-0.171248,	-0.361547,	-0.0312928,	-1.09149,	-0.250543,	-0.0225053,	0.112865,	-1.88767,	-0.39417,	-0.0172905,	0.0295786,	-1.36711,	-0.116204,	-0.0154336,	-0.172976,	-1.10966,	-0.401688,	-0.016654,	-0.471042,	-0.3367,	0.63862,	-0.0588,	11413,	-213,	7,	-541,	11373,	151,	-40,	-154,	11353,	75,	-23,	-361,	
2,	2,	486204,	1.65255e+015,	1,	-3,	-44,	-13,	-3,	0,	2,	1,	1.65255e+009,	-0.630509,	-0.171248,	-0.361547,	-0.0312928,	-1.15555,	-0.250543,	-0.0225053,	0.112865,	-1.88767,	-0.39417,	-0.0172905,	0.0295786,	-1.36711,	-0.116204,	-0.0154336,	-0.172976,	-1.10966,	-0.401688,	-0.016654,	-0.471042,	-0.3367,	0.63862,	-0.0588,	11423,	-215,	6,	-541,	11383,	150,	-39,	-154,	11363,	76,	-22,	-361,	
2,	2,	486282,	1.65255e+015,	-1,	0,	-2,	-3,	-3,	-3,	-1,	-4,	1.65255e+009,	-0.630509,	-0.171248,	-0.361547,	-0.0312928,	-1.15555,	-0.250543,	-0.0225053,	0.112865,	-1.88767,	-0.39417,	-0.0172905,	0.0295786,	-1.36711,	-0.116204,	-0.0154336,	-0.172976,	-1.19738,	-0.350436,	-0.0202764,	-0.471042,	-0.3003,	0.63862,	-0.0588,	11433,	-215,	6,	-541,	11393,	150,	-40,	-154,	11373,	74,	-22,	-361,	
2,	2,	486360,	1.65255e+015,	0,	-1,	-2,	-13,	-2,	1,	0,	0,	1.65255e+009,	-0.630509,	-0.171248,	-0.361547,	-0.0312928,	-1.15555,	-0.250543,	-0.0225053,	0.112865,	-1.88767,	-0.39417,	-0.0172905,	0.0295786,	-1.36711,	-0.116204,	-0.0154336,	-0.172976,	-1.19738,	-0.350436,	-0.0202764,	-0.471042,	-0.3003,	0.63862,	-0.0588,	11443,	-213,	7,	-541,	11403,	149,	-40,	-155,	11383,	73,	-22,	-361,	
2,	2,	486438,	1.65255e+015,	0,	1,	2,	-5,	0,	-1,	7,	3,	1.65255e+009,	-0.630509,	-0.171248,	-0.361547,	-0.0312928,	-1.15555,	-0.250543,	-0.0225053,	0.112865,	-1.88767,	-0.39417,	-0.0172905,	0.0295786,	-1.36711,	-0.116204,	-0.0154336,	-0.172976,	-1.19738,	-0.350436,	-0.0202764,	-0.471042,	-0.3003,	0.63862,	-0.0588,	11453,	-213,	8,	-540,	11413,	149,	-40,	-155,	11393,	75,	-22,	-361,	
2,	2,	486516,	1.65255e+015,	-4,	0,	10,	2,	-2,	-1,	-1,	-3,	1.65255e+009,	-0.630509,	-0.171248,	-0.361547,	-0.0312928,	-1.15555,	-0.250543,	-0.0225053,	0.112865,	-1.88767,	-0.39417,	-0.0172905,	0.0295786,	-1.36711,	-0.116204,	-0.0154336,	-0.172976,	-1.19738,	-0.350436,	-0.0202764,	-0.471042,	-0.3003,	0.63862,	-0.0588,	11463,	-213,	6,	-540,	11423,	148,	-40,	-155,	11403,	74,	-22,	-361,	
2,	2,	486594,	1.65255e+015,	-7,	-4,	8,	-7,	-3,	-3,	-3,	-3,	1.65255e+009,	-0.630509,	-0.171248,	-0.361547,	-0.0312928,	-1.15555,	-0.250543,	-0.0225053,	0.112865,	-1.88767,	-0.39417,	-0.0172905,	0.0295786,	-1.36711,	-0.116204,	-0.0154336,	-0.172976,	-1.19738,	-0.350436,	-0.0202764,	-0.471042,	-0.3003,	0.63862,	-0.0588,	11473,	-212,	6,	-540,	11433,	148,	-40,	-155,	11413,	75,	-22,	-361,	
2,	2,	486672,	1.65255e+015,	-2,	0,	-5,	1,	1,	-2,	1,	-1,	1.65255e+009,	-0.630509,	-0.171248,	-0.361547,	-0.0312928,	-1.15555,	-0.250543,	-0.0225053,	0.112865,	-1.88767,	-0.39417,	-0.0172905,	0.0295786,	-1.36711,	-0.116204,	-0.0154336,	-0.172976,	-1.19738,	-0.350436,	-0.0202764,	-0.471042,	-0.3003,	0.63862,	-0.0588,	11483,	-214,	7,	-540,	11443,	148,	-39,	-155,	11423,	75,	-20,	-361,	
2,	2,	486750,	1.65255e+015,	1,	3,	-15,	4,	-2,	1,	6,	3,	1.65255e+009,	-0.630509,	-0.171248,	-0.361547,	-0.0312928,	-1.15555,	-0.250543,	-0.0225053,	0.112865,	-1.88767,	-0.39417,	-0.0172905,	0.0295786,	-1.36711,	-0.116204,	-0.0154336,	-0.172976,	-1.19738,	-0.350436,	-0.0202764,	-0.471042,	-0.3367,	0.63862,	-0.0588,	11493,	-215,	9,	-539,	11453,	150,	-38,	-155,	11433,	75,	-21,	-361,	
2,	2,	486829,	1.65255e+015,	1,	4,	-2,	-1,	-1,	-2,	2,	-1,	1.65255e+009,	-0.630509,	-0.171248,	-0.361547,	-0.0312928,	-1.15555,	-0.250543,	-0.0225053,	0.112865,	-1.88767,	-0.39417,	-0.0172905,	0.0295786,	-1.36711,	-0.116204,	-0.0154336,	-0.172976,	-1.19738,	-0.350436,	-0.0202764,	-0.471042,	-0.3367,	0.63862,	-0.0588,	11503,	-214,	8,	-539,	11463,	148,	-38,	-155,	11443,	75,	-20,	-361,	
2,	2,	486907,	1.65255e+015,	-2,	5,	39,	2,	-1,	-3,	-2,	0,	1.65255e+009,	-0.630509,	-0.171248,	-0.361547,	-0.0312928,	-1.15555,	-0.250543,	-0.0225053,	0.112865,	-1.88767,	-0.39417,	-0.0172905,	0.0295786,	-1.36711,	-0.116204,	-0.0154336,	-0.172976,	-1.19738,	-0.350436,	-0.0202764,	-0.471042,	-0.3367,	0.63862,	-0.0588,	11513,	-213,	9,	-538,	11473,	149,	-39,	-155,	11453,	75,	-20,	-361,	
2,	2,	486985,	1.65255e+015,	-3,	-3,	17,	-5,	-6,	-7,	-2,	-5,	1.65255e+009,	-0.630509,	-0.171248,	-0.361547,	-0.0312928,	-1.15555,	-0.250543,	-0.0225053,	0.112865,	-1.88767,	-0.39417,	-0.0172905,	0.0295786,	-1.36711,	-0.116204,	-0.0154336,	-0.172976,	-1.19738,	-0.350436,	-0.0202764,	-0.471042,	-0.3367,	0.63862,	-0.0588,	11523,	-213,	7,	-538,	11483,	149,	-37,	-154,	11463,	75,	-20,	-361,	
2,	2,	487063,	1.65255e+015,	1,	3,	9,	9,	3,	1,	1,	1,	1.65255e+009,	-0.630509,	-0.171248,	-0.361547,	-0.0312928,	-1.15555,	-0.250543,	-0.0225053,	0.112865,	-1.88767,	-0.474003,	-0.00868335,	0.0295786,	-1.36711,	-0.116204,	-0.0154336,	-0.172976,	-1.19738,	-0.350436,	-0.0202764,	-0.471042,	-0.3367,	0.63862,	-0.0588,	11533,	-213,	9,	-538,	11493,	151,	-36,	-155,	11473,	74,	-20,	-361,	
2,	2,	487141,	1.65255e+015,	-2,	-1,	-21,	10,	0,	2,	0,	1,	1.65255e+009,	-0.570388,	-0.171248,	-0.361547,	-0.0312928,	-1.15555,	-0.250543,	-0.0225053,	0.112865,	-1.88767,	-0.474003,	-0.00868335,	0.0295786,	-1.36711,	-0.116204,	-0.0154336,	-0.172976,	-1.19738,	-0.350436,	-0.0202764,	-0.471042,	-0.3367,	0.63862,	-0.0588,	11543,	-213,	10,	-539,	11503,	150,	-36,	-154,	11483,	75,	-20,	-360,	
2,	2,	487219,	1.65255e+015,	-1,	-9,	-18,	0,	0,	0,	-2,	-2,	1.65255e+009,	-0.570388,	-0.171248,	-0.361547,	-0.0312928,	-1.15555,	-0.250543,	-0.0225053,	0.112865,	-1.88767,	-0.474003,	-0.00868335,	0.0295786,	-1.36711,	-0.116204,	-0.0154336,	-0.172976,	-1.19738,	-0.350436,	-0.0202764,	-0.471042,	-0.3731,	0.63862,	-0.0588,	11553,	-211,	9,	-539,	11513,	149,	-38,	-154,	11493,	75,	-20,	-360,	
2,	2,	487297,	1.65255e+015,	-5,	-6,	-32,	-30,	-12,	-6,	-3,	-6,	1.65255e+009,	-0.570388,	-0.171248,	-0.361547,	-0.0312928,	-1.09149,	-0.250543,	-0.0225053,	0.121204,	-1.65112,	-0.474003,	-0.00868335,	0.0268283,	-1.36711,	-0.116204,	-0.0154336,	-0.175726,	-1.10966,	-0.350436,	-0.0202764,	-0.473792,	-0.4186,	0.63862,	-0.0588,	11563,	-211,	9,	-540,	11523,	149,	-38,	-154,	11503,	75,	-21,	-360,	
2,	2,	487375,	1.65255e+015,	-4,	-11,	-15,	-19,	-4,	-3,	0,	-1,	1.65255e+009,	-0.630509,	-0.171248,	-0.361547,	-0.0312928,	-1.01141,	-0.250543,	-0.0225053,	0.127876,	-1.5565,	-0.29438,	-0.0223135,	0.024628,	-1.2587,	-0.116204,	-0.0154336,	-0.177926,	-1.10966,	-0.350436,	-0.0202764,	-0.475992,	-0.4186,	0.63862,	-0.0588,	11573,	-212,	7,	-540,	11533,	150,	-38,	-153,	11513,	75,	-21,	-360,	
2,	2,	487454,	1.65255e+015,	2,	1,	39,	4,	1,	1,	1,	1,	1.65255e+009,	-0.705658,	-0.171248,	-0.361547,	-0.0312928,	-0.85125,	-0.250543,	-0.0225053,	0.116948,	-1.22533,	-0.19459,	-0.0209634,	0.00482771,	-1.10692,	-0.116204,	-0.0154336,	-0.126759,	-1.00001,	-0.414501,	-0.0154857,	-0.424824,	-0.3822,	0.63862,	-0.0588,	11583,	-210,	7,	-540,	11543,	150,	-38,	-153,	11523,	75,	-22,	-360,	
2,	2,	487532,	1.65255e+015,	-3,	-1,	15,	1,	-1,	-1,	-2,	-1,	1.65255e+009,	-0.705658,	-0.171248,	-0.328529,	-0.0312928,	-0.85125,	-0.250543,	-0.0225053,	0.109614,	-1.00455,	-0.19459,	-0.0209634,	-0.00250564,	-1.10692,	-0.116204,	-0.0154336,	-0.104522,	-0.890358,	-0.414501,	-0.0154857,	-0.402588,	-0.4186,	0.63862,	-0.0588,	11593,	-211,	8,	-541,	11553,	150,	-38,	-153,	11533,	75,	-22,	-359,	
2,	2,	487610,	1.65255e+015,	-4,	8,	9,	5,	0,	0,	-1,	0,	1.65255e+009,	-0.705658,	-0.171248,	-0.328529,	-0.0312928,	-0.787186,	-0.250543,	-0.0225053,	0.103748,	-0.957239,	-0.19459,	-0.0209634,	-0.00837233,	-1.02019,	-0.204909,	-0.0213985,	-0.0867328,	-0.890358,	-0.414501,	-0.0154857,	-0.384798,	-0.4186,	0.63862,	-0.0588,	11603,	-210,	8,	-540,	11563,	152,	-38,	-153,	11543,	75,	-22,	-359,	
2,	2,	487688,	1.65255e+015,	0,	1,	45,	8,	0,	0,	-1,	2,	1.65255e+009,	-0.705658,	-0.171248,	-0.328529,	-0.0312928,	-0.787186,	-0.250543,	-0.0225053,	0.110419,	-0.957239,	-0.19459,	-0.0209634,	-0.0105726,	-1.02019,	-0.204909,	-0.0213985,	-0.0889331,	-0.890358,	-0.414501,	-0.0154857,	-0.386999,	-0.4186,	0.63862,	-0.0588,	11613,	-211,	9,	-540,	11573,	152,	-37,	-153,	11553,	75,	-22,	-359,	
2,	2,	487766,	1.65255e+015,	0,	1,	12,	-2,	-4,	-3,	-2,	-2,	1.65255e+009,	-0.705658,	-0.171248,	-0.328529,	-0.0312928,	-0.787186,	-0.250543,	-0.0225053,	0.110419,	-0.894159,	-0.0948005,	-0.0132402,	-0.0105726,	-1.02019,	-0.204909,	-0.0213985,	-0.0889331,	-0.890358,	-0.414501,	-0.0154857,	-0.386999,	-0.4186,	0.63862,	-0.0588,	11623,	-211,	9,	-540,	11583,	152,	-40,	-153,	11563,	76,	-21,	-359,	
2,	2,	487844,	1.65255e+015,	-1,	-9,	-10,	5,	1,	1,	0,	0,	1.65255e+009,	-0.705658,	-0.171248,	-0.328529,	-0.0312928,	-0.787186,	-0.250543,	-0.0225053,	0.110419,	-0.894159,	-0.0948005,	-0.0132402,	-0.0105726,	-1.02019,	-0.204909,	-0.0213985,	-0.0889331,	-0.890358,	-0.414501,	-0.0154857,	-0.386999,	-0.4186,	0.63862,	-0.0588,	11633,	-210,	10,	-540,	11593,	151,	-41,	-153,	11573,	74,	-23,	-359,	
2,	2,	487922,	1.65255e+015,	-1,	-5,	10,	-10,	-2,	-2,	2,	0,	1.65255e+009,	-0.705658,	-0.171248,	-0.328529,	-0.0312928,	-0.787186,	-0.250543,	-0.0225053,	0.110419,	-0.894159,	-0.0948005,	-0.0132402,	-0.0105726,	-1.02019,	-0.204909,	-0.0213985,	-0.0889331,	-0.890358,	-0.414501,	-0.0154857,	-0.386999,	-0.4186,	0.63862,	-0.0588,	11643,	-209,	10,	-541,	11603,	152,	-39,	-153,	11583,	75,	-21,	-359,	
2,	2,	488000,	1.65255e+015,	1,	5,	-3,	-1,	3,	0,	-1,	-2,	1.65255e+009,	-0.705658,	-0.171248,	-0.328529,	-0.0312928,	-0.787186,	-0.250543,	-0.0225053,	0.110419,	-0.894159,	-0.0948005,	-0.0132402,	-0.0105726,	-1.02019,	-0.204909,	-0.0213985,	-0.0889331,	-0.890358,	-0.414501,	-0.0154857,	-0.386999,	-0.4186,	0.63862,	-0.0588,	11653,	-207,	10,	-541,	11613,	151,	-40,	-154,	11593,	75,	-21,	-359,	
2,	2,	488063,	1.65255e+015,	-4,	-10,	-25,	-3,	0,	0,	-2,	-2,	1.65255e+009,	-0.705658,	-0.171248,	-0.328529,	-0.0312928,	-0.787186,	-0.250543,	-0.0225053,	0.110419,	-0.894159,	-0.0948005,	-0.0132402,	-0.0105726,	-1.02019,	-0.204909,	-0.0213985,	-0.0889331,	-0.890358,	-0.414501,	-0.0154857,	-0.386999,	-0.4186,	0.63862,	-0.0588,	11663,	-208,	9,	-541,	11623,	151,	-38,	-154,	11603,	76,	-20,	-359,	
2,	2,	488141,	1.65255e+015,	-2,	-3,	3,	2,	-1,	-1,	-2,	-2,	1.65255e+009,	-0.705658,	-0.171248,	-0.328529,	-0.0312928,	-0.787186,	-0.250543,	-0.0225053,	0.110419,	-0.894159,	-0.0948005,	-0.0132402,	-0.0105726,	-1.02019,	-0.204909,	-0.0213985,	-0.0889331,	-0.890358,	-0.414501,	-0.0154857,	-0.386999,	-0.4186,	0.63862,	-0.0588,	11673,	-207,	8,	-541,	11633,	151,	-36,	-154,	11613,	75,	-20,	-359,	
2,	2,	488219,	1.65255e+015,	-2,	-8,	5,	1,	-1,	-2,	-2,	-1,	1.65255e+009,	-0.705658,	-0.171248,	-0.328529,	-0.0312928,	-0.787186,	-0.250543,	-0.0225053,	0.110419,	-0.894159,	-0.0948005,	-0.0132402,	-0.0105726,	-1.02019,	-0.204909,	-0.0213985,	-0.0889331,	-0.890358,	-0.414501,	-0.0154857,	-0.386999,	-0.4186,	0.63862,	-0.0588,	11683,	-208,	10,	-540,	11643,	150,	-35,	-154,	11623,	74,	-21,	-359,	
2,	2,	488297,	1.65255e+015,	-2,	1,	-3,	-4,	-1,	1,	-2,	-1,	1.65255e+009,	-0.705658,	-0.171248,	-0.328529,	-0.0312928,	-0.787186,	-0.250543,	-0.0225053,	0.110419,	-0.894159,	-0.0948005,	-0.0132402,	-0.0105726,	-1.02019,	-0.204909,	-0.0213985,	-0.0889331,	-0.890358,	-0.414501,	-0.0154857,	-0.386999,	-0.4186,	0.63862,	-0.0588,	11693,	-208,	10,	-540,	11653,	152,	-35,	-153,	11633,	76,	-20,	-359,	
2,	2,	488375,	1.65255e+015,	1,	-4,	-21,	2,	1,	0,	0,	-1,	1.65255e+009,	-0.705658,	-0.171248,	-0.328529,	-0.0312928,	-0.787186,	-0.250543,	-0.0225053,	0.110419,	-0.894159,	-0.0948005,	-0.0132402,	-0.0105726,	-1.02019,	-0.204909,	-0.0213985,	-0.0889331,	-0.890358,	-0.414501,	-0.0154857,	-0.386999,	-0.4186,	0.63862,	-0.0588,	11703,	-207,	10,	-540,	11663,	152,	-35,	-153,	11643,	76,	-21,	-359,	
2,	2,	488438,	1.65255e+015,	-2,	-3,	14,	0,	-2,	-1,	1,	0,	1.65255e+009,	-0.705658,	-0.171248,	-0.328529,	-0.0312928,	-0.787186,	-0.250543,	-0.0225053,	0.110419,	-0.894159,	-0.0948005,	-0.0132402,	-0.0105726,	-1.02019,	-0.204909,	-0.0213985,	-0.0889331,	-0.890358,	-0.414501,	-0.0154857,	-0.386999,	-0.4186,	0.63862,	-0.0588,	11713,	-208,	9,	-539,	11673,	152,	-36,	-154,	11653,	77,	-20,	-359,	
2,	2,	488500,	1.65255e+015,	0,	-1,	-9,	7,	1,	-1,	-2,	0,	1.65255e+009,	-0.705658,	-0.171248,	-0.328529,	-0.0312928,	-0.787186,	-0.250543,	-0.0225053,	0.110419,	-0.894159,	-0.0948005,	-0.0132402,	-0.0105726,	-1.02019,	-0.204909,	-0.0213985,	-0.0889331,	-0.890358,	-0.414501,	-0.0154857,	-0.386999,	-0.4186,	0.63862,	-0.0588,	11723,	-208,	10,	-539,	11683,	152,	-37,	-154,	11663,	76,	-20,	-359,	
2,	2,	488579,	1.65255e+015,	-2,	-6,	5,	2,	2,	-1,	0,	0,	1.65255e+009,	-0.705658,	-0.171248,	-0.328529,	-0.0312928,	-0.787186,	-0.250543,	-0.0225053,	0.110419,	-0.894159,	-0.0948005,	-0.0132402,	-0.0105726,	-1.02019,	-0.204909,	-0.0213985,	-0.0889331,	-0.890358,	-0.414501,	-0.0154857,	-0.386999,	-0.4186,	0.63862,	-0.0588,	11733,	-207,	10,	-539,	11693,	153,	-37,	-154,	11673,	77,	-20,	-359,	
2,	2,	488641,	1.65255e+015,	-1,	3,	-1,	3,	0,	0,	0,	-3,	1.65255e+009,	-0.705658,	-0.171248,	-0.328529,	-0.0312928,	-0.787186,	-0.250543,	-0.0225053,	0.110419,	-0.894159,	-0.0948005,	-0.0132402,	-0.0105726,	-1.02019,	-0.204909,	-0.0213985,	-0.0889331,	-0.890358,	-0.414501,	-0.0154857,	-0.386999,	-0.4186,	0.63862,	-0.0588,	11743,	-209,	10,	-539,	11703,	152,	-38,	-154,	11683,	76,	-20,	-359,	
2,	2,	488719,	1.65255e+015,	4,	34,	6,	6,	-1,	-2,	-1,	0,	1.65255e+009,	-0.705658,	-0.171248,	-0.328529,	-0.0312928,	-0.787186,	-0.250543,	-0.0225053,	0.110419,	-0.894159,	-0.0948005,	-0.0132402,	-0.0105726,	-1.02019,	-0.204909,	-0.0213985,	-0.0889331,	-0.890358,	-0.414501,	-0.0154857,	-0.386999,	-0.4186,	0.63862,	-0.0588,	11753,	-208,	10,	-540,	31193,	148,	-36,	-146,	31173,	71,	-27,	-353,	
2,	2,	488797,	1.65255e+015,	-2,	3,	-9,	-3,	0,	0,	0,	1,	1.65255e+009,	-0.705658,	-0.171248,	-0.328529,	-0.0312928,	-0.787186,	-0.250543,	-0.0225053,	0.110419,	-0.894159,	-0.0948005,	-0.0132402,	-0.0105726,	-1.02019,	-0.204909,	-0.0213985,	-0.0889331,	-0.890358,	-0.414501,	-0.0154857,	-0.386999,	-0.4186,	0.63862,	-0.0588,	31253,	-226,	0,	-496,	31203,	148,	-36,	-146,	31183,	71,	-27,	-353,	
2,	2,	488860,	1.65255e+015,	-1,	1,	3,	15,	-1,	-3,	0,	1,	1.65255e+009,	-0.705658,	-0.171248,	-0.328529,	-0.0312928,	-0.787186,	-0.250543,	-0.0225053,	0.110419,	-0.894159,	-0.0948005,	-0.0132402,	-0.0105726,	-1.02019,	-0.204909,	-0.0213985,	-0.0889331,	-0.890358,	-0.414501,	-0.0154857,	-0.386999,	-0.4186,	0.63862,	-0.0588,	31263,	-225,	0,	-496,	31213,	148,	-36,	-146,	31193,	71,	-27,	-353,	
2,	2,	488938,	1.65255e+015,	-1,	-5,	-16,	-14,	-2,	0,	0,	-2,	1.65255e+009,	-0.705658,	-0.171248,	-0.328529,	-0.0312928,	-0.787186,	-0.250543,	-0.0225053,	0.110419,	-0.894159,	-0.0948005,	-0.0132402,	-0.0105726,	-1.02019,	-0.204909,	-0.0213985,	-0.0889331,	-0.890358,	-0.414501,	-0.0154857,	-0.386999,	-0.3822,	0.63862,	-0.0588,	31273,	-224,	0,	-496,	31223,	148,	-36,	-145,	31203,	71,	-27,	-353,	
2,	2,	489000,	1.65255e+015,	0,	-8,	-4,	0,	-2,	0,	-1,	-2,	1.65255e+009,	-0.705658,	-0.171248,	-0.328529,	-0.0312928,	-0.787186,	-0.250543,	-0.0225053,	0.110419,	-0.894159,	-0.0948005,	-0.0132402,	-0.0105726,	-1.02019,	-0.204909,	-0.0213985,	-0.0889331,	-0.890358,	-0.414501,	-0.0154857,	-0.386999,	-0.3822,	0.63862,	-0.0588,	31283,	-225,	0,	-497,	31233,	149,	-35,	-145,	31213,	71,	-26,	-353,	
2,	2,	489079,	1.65255e+015,	0,	-2,	9,	5,	2,	0,	0,	0,	1.65255e+009,	-0.705658,	-0.171248,	-0.328529,	-0.0312928,	-0.787186,	-0.250543,	-0.0225053,	0.110419,	-0.894159,	-0.0948005,	-0.0132402,	-0.0105726,	-1.02019,	-0.204909,	-0.0213985,	-0.0889331,	-0.890358,	-0.414501,	-0.0154857,	-0.386999,	-0.3822,	0.63862,	-0.0588,	31293,	-225,	0,	-497,	31243,	149,	-37,	-145,	31223,	70,	-27,	-353,	
2,	2,	489141,	1.65255e+015,	-3,	-16,	-21,	-7,	1,	1,	2,	-1,	1.65255e+009,	-0.705658,	-0.171248,	-0.328529,	-0.0312928,	-0.787186,	-0.250543,	-0.0225053,	0.110419,	-0.894159,	-0.0948005,	-0.0132402,	-0.0105726,	-1.02019,	-0.204909,	-0.0213985,	-0.0889331,	-0.890358,	-0.414501,	-0.0154857,	-0.386999,	-0.3822,	0.63862,	-0.0588,	31303,	-225,	0,	-497,	31253,	150,	-37,	-145,	31233,	71,	-26,	-353,	
2,	2,	489219,	1.65255e+015,	-1,	4,	4,	1,	-2,	0,	-1,	0,	1.65255e+009,	-0.705658,	-0.171248,	-0.328529,	-0.0312928,	-0.787186,	-0.250543,	-0.0225053,	0.110419,	-0.894159,	-0.0948005,	-0.0132402,	-0.0105726,	-1.02019,	-0.204909,	-0.0213985,	-0.0889331,	-0.890358,	-0.414501,	-0.0154857,	-0.386999,	-0.3822,	0.63862,	-0.0588,	31313,	-224,	0,	-497,	31263,	149,	-36,	-145,	31243,	71,	-27,	-353,	
2,	2,	489297,	1.65255e+015,	-1,	-2,	-2,	-28,	-1,	0,	0,	0,	1.65255e+009,	-0.705658,	-0.171248,	-0.328529,	-0.0312928,	-0.787186,	-0.250543,	-0.0225053,	0.110419,	-0.894159,	-0.0948005,	-0.0132402,	-0.0105726,	-1.02019,	-0.204909,	-0.0213985,	-0.0889331,	-0.890358,	-0.414501,	-0.0154857,	-0.386999,	-0.3822,	0.63862,	-0.0588,	31323,	-224,	0,	-496,	31273,	149,	-36,	-145,	31253,	72,	-27,	-353,	
2,	2,	489375,	1.65255e+015,	-1,	-1,	22,	-8,	-1,	-2,	-2,	-1,	1.65255e+009,	-0.705658,	-0.171248,	-0.328529,	-0.0312928,	-0.787186,	-0.250543,	-0.0225053,	0.110419,	-0.894159,	-0.0948005,	-0.0132402,	-0.0105726,	-1.02019,	-0.204909,	-0.0213985,	-0.0889331,	-0.890358,	-0.414501,	-0.0154857,	-0.386999,	-0.3822,	0.63862,	-0.0588,	31333,	-223,	0,	-497,	31283,	149,	-35,	-145,	31263,	70,	-27,	-353,	
2,	2,	489454,	1.65255e+015,	-1,	-1,	17,	-3,	-1,	0,	0,	-1,	1.65255e+009,	-0.705658,	-0.171248,	-0.328529,	-0.0312928,	-0.787186,	-0.250543,	-0.0225053,	0.110419,	-0.894159,	-0.0948005,	-0.0132402,	-0.0105726,	-1.02019,	-0.204909,	-0.0213985,	-0.0889331,	-0.890358,	-0.414501,	-0.0154857,	-0.386999,	-0.3822,	0.63862,	-0.0588,	31343,	-224,	1,	-497,	31293,	149,	-35,	-145,	31273,	72,	-26,	-353,	
2,	2,	489516,	1.65255e+015,	-1,	-3,	3,	3,	-4,	1,	-2,	-2,	1.65255e+009,	-0.705658,	-0.171248,	-0.328529,	-0.0312928,	-0.787186,	-0.250543,	-0.0225053,	0.110419,	-0.894159,	-0.0948005,	-0.0132402,	-0.0105726,	-1.02019,	-0.204909,	-0.0213985,	-0.0889331,	-0.890358,	-0.414501,	-0.0154857,	-0.386999,	-0.3822,	0.63862,	-0.0588,	31353,	-223,	0,	-497,	31303,	149,	-35,	-145,	31283,	72,	-26,	-353,	
2,	2,	489579,	1.65255e+015,	1,	-2,	0,	-11,	1,	-1,	-1,	1,	1.65255e+009,	-0.705658,	-0.171248,	-0.328529,	-0.0312928,	-0.787186,	-0.250543,	-0.0225053,	0.110419,	-0.894159,	-0.0948005,	-0.0132402,	-0.0105726,	-1.02019,	-0.204909,	-0.0213985,	-0.0889331,	-0.890358,	-0.414501,	-0.0154857,	-0.386999,	-0.3822,	0.63862,	-0.0588,	31363,	-224,	1,	-497,	31313,	149,	-36,	-145,	31293,	72,	-27,	-353,	
2,	2,	489657,	1.65255e+015,	0,	4,	-9,	0,	-3,	-2,	0,	-1,	1.65255e+009,	-0.705658,	-0.171248,	-0.328529,	-0.0312928,	-0.787186,	-0.250543,	-0.0225053,	0.110419,	-0.894159,	-0.0948005,	-0.0132402,	-0.0105726,	-1.02019,	-0.204909,	-0.0213985,	-0.0889331,	-0.890358,	-0.414501,	-0.0154857,	-0.386999,	-0.3822,	0.63862,	-0.0588,	31373,	-225,	0,	-498,	31323,	149,	-36,	-145,	31303,	71,	-26,	-353,	
2,	2,	489735,	1.65255e+015,	0,	4,	25,	-1,	0,	-1,	-1,	0,	1.65255e+009,	-0.705658,	-0.171248,	-0.328529,	-0.0312928,	-0.787186,	-0.250543,	-0.0225053,	0.110419,	-0.894159,	-0.0948005,	-0.0132402,	-0.0105726,	-1.02019,	-0.204909,	-0.0213985,	-0.0889331,	-0.890358,	-0.414501,	-0.0154857,	-0.386999,	-0.3822,	0.63862,	-0.0588,	31383,	-223,	0,	-498,	31333,	148,	-36,	-145,	31313,	71,	-26,	-353,	
2,	2,	489813,	1.65255e+015,	2,	6,	15,	1,	2,	0,	0,	0,	1.65255e+009,	-0.705658,	-0.171248,	-0.328529,	-0.0312928,	-0.787186,	-0.250543,	-0.0225053,	0.110419,	-0.894159,	-0.0948005,	-0.0132402,	-0.0105726,	-1.02019,	-0.204909,	-0.0213985,	-0.0889331,	-0.890358,	-0.414501,	-0.0154857,	-0.386999,	-0.3822,	0.63862,	-0.0588,	31393,	-224,	0,	-498,	31343,	149,	-36,	-145,	31323,	71,	-27,	-353,	
