1,	10,	489922,	1.65255e+015,	-1,	-2,	-1,	-1,	-1,	0,	-1,	-2,	1.65255e+009,	-0.705658,	-0.171248,	-0.328529,	-0.0312928,	-0.787186,	-0.250543,	-0.0225053,	0.110419,	-0.894159,	-0.0948005,	-0.0132402,	-0.0105726,	-1.02019,	-0.204909,	-0.0213985,	-0.0889331,	-0.890358,	-0.414501,	-0.0154857,	-0.386999,	-0.3822,	0.63862,	-0.0588,	31403,	-225,	1,	-498,	31353,	149,	-36,	-145,	31333,	72,	-26,	-353,	
1,	10,	489985,	1.65255e+015,	-2,	-9,	-5,	-8,	-1,	-3,	-1,	-1,	1.65255e+009,	-0.705658,	-0.171248,	-0.328529,	-0.0312928,	-0.787186,	-0.250543,	-0.0225053,	0.110419,	-0.894159,	-0.0948005,	-0.0132402,	-0.0105726,	-1.02019,	-0.204909,	-0.0213985,	-0.0889331,	-0.890358,	-0.414501,	-0.0154857,	-0.386999,	-0.3822,	0.63862,	-0.0588,	31413,	-223,	0,	-498,	31363,	149,	-36,	-145,	31343,	71,	-27,	-353,	
1,	10,	490063,	1.65255e+015,	1,	6,	7,	13,	1,	-1,	-1,	0,	1.65255e+009,	-0.705658,	-0.171248,	-0.328529,	-0.0312928,	-0.787186,	-0.250543,	-0.0225053,	0.110419,	-0.894159,	-0.0948005,	-0.0132402,	-0.0105726,	-1.02019,	-0.204909,	-0.0213985,	-0.0889331,	-0.890358,	-0.414501,	-0.0154857,	-0.386999,	-0.3822,	0.63862,	-0.0588,	31423,	-224,	0,	-498,	31373,	149,	-35,	-145,	31353,	71,	-25,	-353,	
1,	10,	490125,	1.65255e+015,	4,	5,	10,	14,	3,	2,	0,	0,	1.65255e+009,	-0.705658,	-0.171248,	-0.328529,	-0.0312928,	-0.787186,	-0.250543,	-0.0225053,	0.110419,	-0.894159,	-0.0948005,	-0.0132402,	-0.0105726,	-1.02019,	-0.204909,	-0.0213985,	-0.0889331,	-0.890358,	-0.414501,	-0.0154857,	-0.386999,	-0.3822,	0.63862,	-0.0588,	31433,	-223,	1,	-498,	31383,	149,	-36,	-145,	31363,	70,	-26,	-353,	
1,	10,	490188,	1.65255e+015,	2,	2,	-6,	1,	0,	0,	-2,	-3,	1.65255e+009,	-0.705658,	-0.171248,	-0.328529,	-0.0312928,	-0.787186,	-0.250543,	-0.0225053,	0.110419,	-0.894159,	-0.0948005,	-0.0132402,	-0.0105726,	-1.02019,	-0.204909,	-0.0213985,	-0.0889331,	-0.890358,	-0.414501,	-0.0154857,	-0.386999,	-0.3822,	0.63862,	-0.0588,	31443,	-224,	0,	-498,	31393,	149,	-35,	-145,	31373,	71,	-25,	-353,	
1,	10,	490250,	1.65255e+015,	1,	4,	21,	5,	0,	-1,	0,	0,	1.65255e+009,	-0.705658,	-0.171248,	-0.328529,	-0.0312928,	-0.787186,	-0.250543,	-0.0225053,	0.110419,	-0.894159,	-0.0948005,	-0.0132402,	-0.0105726,	-1.02019,	-0.204909,	-0.0213985,	-0.0889331,	-0.890358,	-0.414501,	-0.0154857,	-0.386999,	-0.3822,	0.63862,	-0.0588,	31453,	-222,	0,	-498,	31403,	148,	-35,	-145,	31383,	70,	-26,	-353,	
1,	10,	490344,	1.65255e+015,	-2,	-1,	2,	5,	-1,	0,	-1,	-1,	1.65255e+009,	-0.705658,	-0.171248,	-0.328529,	-0.0312928,	-0.787186,	-0.250543,	-0.0225053,	0.110419,	-0.894159,	-0.0948005,	-0.0132402,	-0.0105726,	-1.02019,	-0.204909,	-0.0213985,	-0.0889331,	-0.890358,	-0.414501,	-0.0154857,	-0.386999,	-0.3822,	0.63862,	-0.0588,	31463,	-223,	0,	-499,	31413,	148,	-36,	-145,	31393,	71,	-26,	-353,	
1,	10,	490422,	1.65255e+015,	1,	-1,	3,	4,	-1,	-1,	0,	-1,	1.65255e+009,	-0.705658,	-0.171248,	-0.328529,	-0.0312928,	-0.787186,	-0.250543,	-0.0225053,	0.110419,	-0.894159,	-0.0948005,	-0.0132402,	-0.0105726,	-1.02019,	-0.204909,	-0.0213985,	-0.0889331,	-0.890358,	-0.414501,	-0.0154857,	-0.386999,	-0.3822,	0.63862,	-0.0588,	31473,	-223,	0,	-499,	31423,	149,	-34,	-145,	31403,	71,	-26,	-353,	
1,	10,	490500,	1.65255e+015,	1,	0,	-32,	-2,	1,	-1,	-1,	1,	1.65255e+009,	-0.705658,	-0.171248,	-0.328529,	-0.0312928,	-0.787186,	-0.250543,	-0.0225053,	0.110419,	-0.894159,	-0.0948005,	-0.0132402,	-0.0105726,	-1.02019,	-0.204909,	-0.0213985,	-0.0889331,	-0.890358,	-0.414501,	-0.0154857,	-0.386999,	-0.3822,	0.63862,	-0.0588,	31483,	-223,	1,	-499,	31433,	148,	-36,	-145,	31413,	70,	-27,	-353,	
1,	10,	490579,	1.65255e+015,	-3,	-7,	0,	-1,	-2,	-1,	-3,	-3,	1.65255e+009,	-0.705658,	-0.171248,	-0.328529,	-0.0312928,	-0.787186,	-0.250543,	-0.0225053,	0.110419,	-0.894159,	-0.0948005,	-0.0132402,	-0.0105726,	-1.02019,	-0.204909,	-0.0213985,	-0.0889331,	-0.890358,	-0.414501,	-0.0154857,	-0.386999,	-0.3822,	0.63862,	-0.0588,	31493,	-223,	1,	-500,	31443,	148,	-35,	-145,	31423,	71,	-25,	-353,	
1,	10,	490657,	1.65255e+015,	1,	3,	-2,	6,	-2,	0,	-1,	-1,	1.65255e+009,	-0.705658,	-0.171248,	-0.328529,	-0.0312928,	-0.787186,	-0.250543,	-0.0225053,	0.110419,	-0.894159,	-0.0948005,	-0.0132402,	-0.0105726,	-1.02019,	-0.204909,	-0.0213985,	-0.0889331,	-0.890358,	-0.414501,	-0.0154857,	-0.386999,	-0.3822,	0.63862,	-0.0588,	31503,	-222,	1,	-501,	31453,	149,	-36,	-145,	31433,	71,	-26,	-353,	
1,	10,	490735,	1.65255e+015,	-2,	-4,	-4,	-1,	1,	0,	-2,	-1,	1.65255e+009,	-0.705658,	-0.171248,	-0.328529,	-0.0312928,	-0.787186,	-0.250543,	-0.0225053,	0.110419,	-0.894159,	-0.0948005,	-0.0132402,	-0.0105726,	-1.02019,	-0.204909,	-0.0213985,	-0.0889331,	-0.890358,	-0.414501,	-0.0154857,	-0.386999,	-0.3822,	0.63862,	-0.0588,	31513,	-223,	0,	-501,	31463,	148,	-35,	-145,	31443,	72,	-25,	-353,	
1,	10,	490813,	1.65255e+015,	0,	9,	8,	3,	0,	-1,	0,	1,	1.65255e+009,	-0.705658,	-0.171248,	-0.328529,	-0.0312928,	-0.787186,	-0.250543,	-0.0225053,	0.110419,	-0.894159,	-0.0948005,	-0.0132402,	-0.0105726,	-1.02019,	-0.204909,	-0.0213985,	-0.0889331,	-0.890358,	-0.414501,	-0.0154857,	-0.386999,	-0.3822,	0.63862,	-0.0588,	31523,	-222,	0,	-500,	31473,	149,	-35,	-145,	31453,	70,	-26,	-353,	
1,	10,	490891,	1.65255e+015,	-2,	-2,	1,	-12,	-3,	-1,	2,	-2,	1.65255e+009,	-0.705658,	-0.171248,	-0.328529,	-0.0312928,	-0.787186,	-0.250543,	-0.0225053,	0.110419,	-0.894159,	-0.0948005,	-0.0132402,	-0.0105726,	-1.02019,	-0.204909,	-0.0213985,	-0.0889331,	-0.890358,	-0.414501,	-0.0154857,	-0.386999,	-0.3822,	0.63862,	-0.0588,	31533,	-224,	0,	-500,	31483,	149,	-35,	-146,	31463,	71,	-26,	-353,	
1,	10,	490969,	1.65255e+015,	-3,	-7,	-1,	0,	0,	0,	-2,	-1,	1.65255e+009,	-0.705658,	-0.171248,	-0.328529,	-0.0312928,	-0.787186,	-0.250543,	-0.0225053,	0.110419,	-0.894159,	-0.0948005,	-0.0132402,	-0.0105726,	-1.02019,	-0.204909,	-0.0213985,	-0.0889331,	-0.890358,	-0.414501,	-0.0154857,	-0.386999,	-0.3822,	0.63862,	-0.0588,	31543,	-224,	0,	-500,	31493,	149,	-35,	-146,	31473,	71,	-27,	-353,	
1,	10,	491047,	1.65255e+015,	-2,	3,	25,	13,	-2,	-1,	-2,	-1,	1.65255e+009,	-0.705658,	-0.171248,	-0.328529,	-0.0312928,	-0.787186,	-0.250543,	-0.0225053,	0.110419,	-0.894159,	-0.0948005,	-0.0132402,	-0.0105726,	-1.02019,	-0.204909,	-0.0213985,	-0.0889331,	-0.890358,	-0.414501,	-0.0154857,	-0.386999,	-0.3822,	0.63862,	-0.0588,	31553,	-224,	0,	-501,	31503,	148,	-35,	-146,	31483,	71,	-27,	-353,	
1,	10,	491125,	1.65255e+015,	1,	6,	-3,	0,	0,	0,	-1,	-1,	1.65255e+009,	-0.705658,	-0.171248,	-0.328529,	-0.0312928,	-0.787186,	-0.250543,	-0.0225053,	0.110419,	-0.894159,	-0.0948005,	-0.0132402,	-0.0105726,	-1.02019,	-0.204909,	-0.0213985,	-0.0889331,	-0.890358,	-0.414501,	-0.0154857,	-0.386999,	-0.3822,	0.63862,	-0.0588,	31563,	-224,	0,	-501,	31513,	149,	-36,	-146,	31493,	71,	-26,	-354,	
1,	10,	491204,	1.65255e+015,	-3,	-6,	15,	4,	-2,	0,	-1,	1,	1.65255e+009,	-0.705658,	-0.171248,	-0.328529,	-0.0312928,	-0.787186,	-0.250543,	-0.0225053,	0.110419,	-0.894159,	-0.0948005,	-0.0132402,	-0.0105726,	-1.02019,	-0.204909,	-0.0213985,	-0.0889331,	-0.890358,	-0.414501,	-0.0154857,	-0.386999,	-0.3822,	0.63862,	-0.0588,	31573,	-222,	0,	-502,	31523,	149,	-36,	-147,	31503,	70,	-26,	-354,	
1,	10,	491282,	1.65255e+015,	-1,	0,	-30,	-4,	-1,	-4,	-2,	-1,	1.65255e+009,	-0.705658,	-0.171248,	-0.328529,	-0.0312928,	-0.787186,	-0.250543,	-0.0225053,	0.110419,	-0.894159,	-0.0948005,	-0.0132402,	-0.0105726,	-1.02019,	-0.204909,	-0.0213985,	-0.0889331,	-0.890358,	-0.414501,	-0.0154857,	-0.386999,	-0.3822,	0.63862,	-0.0588,	31583,	-223,	0,	-503,	31533,	149,	-36,	-146,	31513,	71,	-25,	-354,	
1,	10,	491360,	1.65255e+015,	-1,	1,	-2,	3,	-2,	-1,	0,	0,	1.65255e+009,	-0.705658,	-0.171248,	-0.328529,	-0.0312928,	-0.787186,	-0.250543,	-0.0225053,	0.110419,	-0.894159,	-0.0948005,	-0.0132402,	-0.0105726,	-1.02019,	-0.204909,	-0.0213985,	-0.0889331,	-0.890358,	-0.414501,	-0.0154857,	-0.386999,	-0.3822,	0.63862,	-0.0588,	31593,	-223,	0,	-503,	31543,	149,	-36,	-146,	31523,	70,	-25,	-354,	
1,	10,	491438,	1.65255e+015,	0,	-2,	-5,	12,	-2,	-1,	0,	-1,	1.65255e+009,	-0.705658,	-0.171248,	-0.328529,	-0.0312928,	-0.787186,	-0.250543,	-0.0225053,	0.110419,	-0.894159,	-0.0948005,	-0.0132402,	-0.0105726,	-1.02019,	-0.204909,	-0.0213985,	-0.0889331,	-0.890358,	-0.414501,	-0.0154857,	-0.386999,	-0.3822,	0.63862,	-0.0588,	31603,	-223,	0,	-503,	31553,	149,	-36,	-146,	31533,	70,	-26,	-354,	
1,	10,	491500,	1.65255e+015,	1,	0,	-5,	-5,	-2,	-2,	-1,	-2,	1.65255e+009,	-0.705658,	-0.171248,	-0.328529,	-0.0312928,	-0.787186,	-0.250543,	-0.0225053,	0.110419,	-0.894159,	-0.0948005,	-0.0132402,	-0.0105726,	-1.02019,	-0.204909,	-0.0213985,	-0.0889331,	-0.890358,	-0.414501,	-0.0154857,	-0.386999,	-0.3822,	0.63862,	-0.0588,	31613,	-223,	0,	-504,	31563,	149,	-35,	-146,	31543,	71,	-26,	-354,	
1,	10,	491579,	1.65255e+015,	0,	-1,	5,	1,	0,	1,	0,	3,	1.65255e+009,	-0.705658,	-0.171248,	-0.328529,	-0.0312928,	-0.787186,	-0.250543,	-0.0225053,	0.110419,	-0.894159,	-0.0948005,	-0.0132402,	-0.0105726,	-1.02019,	-0.204909,	-0.0213985,	-0.0889331,	-0.890358,	-0.414501,	-0.0154857,	-0.386999,	-0.3822,	0.63862,	-0.0588,	31623,	-223,	1,	-504,	31573,	149,	-35,	-146,	31553,	70,	-27,	-354,	
1,	10,	491641,	1.65255e+015,	-1,	-2,	-34,	8,	-3,	-1,	-2,	1,	1.65255e+009,	-0.705658,	-0.171248,	-0.328529,	-0.0312928,	-0.787186,	-0.250543,	-0.0225053,	0.110419,	-0.894159,	-0.0948005,	-0.0132402,	-0.0105726,	-1.02019,	-0.204909,	-0.0213985,	-0.0889331,	-0.890358,	-0.414501,	-0.0154857,	-0.386999,	-0.3822,	0.63862,	-0.0588,	31633,	-221,	0,	-504,	31583,	149,	-34,	-146,	31563,	71,	-26,	-354,	
1,	10,	491704,	1.65255e+015,	-3,	-2,	-6,	-2,	-1,	-1,	-1,	-2,	1.65255e+009,	-0.705658,	-0.171248,	-0.328529,	-0.0312928,	-0.787186,	-0.250543,	-0.0225053,	0.110419,	-0.894159,	-0.0948005,	-0.0132402,	-0.0105726,	-1.02019,	-0.204909,	-0.0213985,	-0.0889331,	-0.890358,	-0.414501,	-0.0154857,	-0.386999,	-0.3822,	0.63862,	-0.0588,	31643,	-221,	0,	-504,	31593,	149,	-35,	-146,	31573,	70,	-25,	-354,	
1,	10,	491766,	1.65255e+015,	1,	-1,	2,	0,	0,	0,	0,	-1,	1.65255e+009,	-0.705658,	-0.171248,	-0.328529,	-0.0312928,	-0.787186,	-0.250543,	-0.0225053,	0.110419,	-0.894159,	-0.0948005,	-0.0132402,	-0.0105726,	-1.02019,	-0.204909,	-0.0213985,	-0.0889331,	-0.890358,	-0.414501,	-0.0154857,	-0.386999,	-0.3822,	0.63862,	-0.0588,	31653,	-222,	0,	-504,	31603,	149,	-35,	-146,	31583,	71,	-25,	-354,	
1,	10,	491829,	1.65255e+015,	-1,	3,	2,	4,	-2,	-1,	0,	0,	1.65255e+009,	-0.705658,	-0.171248,	-0.328529,	-0.0312928,	-0.787186,	-0.250543,	-0.0225053,	0.110419,	-0.894159,	-0.0948005,	-0.0132402,	-0.0105726,	-1.02019,	-0.204909,	-0.0213985,	-0.0889331,	-0.890358,	-0.414501,	-0.0154857,	-0.386999,	-0.3822,	0.63862,	-0.0588,	31663,	-223,	0,	-504,	31613,	149,	-35,	-147,	31593,	70,	-24,	-354,	
1,	10,	491891,	1.65255e+015,	0,	7,	-6,	3,	2,	0,	0,	-2,	1.65255e+009,	-0.705658,	-0.171248,	-0.328529,	-0.0312928,	-0.787186,	-0.250543,	-0.0225053,	0.110419,	-0.894159,	-0.0948005,	-0.0132402,	-0.0105726,	-1.02019,	-0.204909,	-0.0213985,	-0.0889331,	-0.890358,	-0.414501,	-0.0154857,	-0.386999,	-0.3822,	0.63862,	-0.0588,	31673,	-223,	1,	-505,	31623,	149,	-36,	-147,	31603,	71,	-25,	-355,	
1,	10,	491969,	1.65255e+015,	-1,	0,	-7,	-8,	-2,	-2,	-2,	0,	1.65255e+009,	-0.705658,	-0.171248,	-0.328529,	-0.0312928,	-0.787186,	-0.250543,	-0.0225053,	0.110419,	-0.894159,	-0.0948005,	-0.0132402,	-0.0105726,	-1.02019,	-0.204909,	-0.0213985,	-0.0889331,	-0.890358,	-0.414501,	-0.0154857,	-0.386999,	-0.3822,	0.63862,	-0.0588,	31683,	-222,	0,	-505,	31633,	149,	-36,	-147,	31613,	71,	-24,	-355,	
1,	10,	492032,	1.65255e+015,	-1,	-2,	-5,	-3,	-1,	-2,	-1,	-2,	1.65255e+009,	-0.705658,	-0.171248,	-0.328529,	-0.0312928,	-0.787186,	-0.250543,	-0.0225053,	0.110419,	-0.894159,	-0.0948005,	-0.0132402,	-0.0105726,	-1.02019,	-0.204909,	-0.0213985,	-0.0889331,	-0.890358,	-0.414501,	-0.0154857,	-0.386999,	-0.3822,	0.63862,	-0.0588,	31693,	-222,	0,	-505,	31643,	148,	-36,	-147,	31623,	71,	-25,	-355,	
1,	10,	492094,	1.65255e+015,	-3,	-12,	-15,	14,	1,	0,	-3,	0,	1.65255e+009,	-0.705658,	-0.171248,	-0.328529,	-0.0312928,	-0.787186,	-0.250543,	-0.0225053,	0.110419,	-0.894159,	-0.0948005,	-0.0132402,	-0.0105726,	-1.02019,	-0.204909,	-0.0213985,	-0.0889331,	-0.890358,	-0.414501,	-0.0154857,	-0.386999,	-0.3822,	0.63862,	-0.0588,	31703,	-222,	0,	-505,	31653,	148,	-36,	-147,	31633,	71,	-24,	-355,	
1,	10,	492172,	1.65255e+015,	-1,	1,	-3,	-4,	-3,	-3,	-1,	-1,	1.65255e+009,	-0.705658,	-0.171248,	-0.328529,	-0.0312928,	-0.787186,	-0.250543,	-0.0225053,	0.110419,	-0.894159,	-0.0948005,	-0.0132402,	-0.0105726,	-1.02019,	-0.204909,	-0.0213985,	-0.0889331,	-0.890358,	-0.414501,	-0.0154857,	-0.386999,	-0.3822,	0.63862,	-0.0588,	31713,	-223,	0,	-505,	31663,	148,	-36,	-147,	31643,	70,	-26,	-355,	
1,	10,	492235,	1.65255e+015,	0,	2,	1,	13,	3,	0,	0,	-1,	1.65255e+009,	-0.705658,	-0.171248,	-0.328529,	-0.0312928,	-0.787186,	-0.250543,	-0.0225053,	0.110419,	-0.894159,	-0.0948005,	-0.0132402,	-0.0105726,	-1.02019,	-0.204909,	-0.0213985,	-0.0889331,	-0.890358,	-0.414501,	-0.0154857,	-0.386999,	-0.3822,	0.63862,	-0.0588,	31723,	-223,	0,	-505,	31673,	148,	-36,	-147,	31653,	71,	-26,	-355,	
1,	10,	492313,	1.65255e+015,	-3,	-2,	11,	-2,	2,	0,	-1,	-1,	1.65255e+009,	-0.705658,	-0.171248,	-0.328529,	-0.0312928,	-0.787186,	-0.250543,	-0.0225053,	0.110419,	-0.894159,	-0.0948005,	-0.0132402,	-0.0105726,	-1.02019,	-0.204909,	-0.0213985,	-0.0889331,	-0.890358,	-0.414501,	-0.0154857,	-0.386999,	-0.3822,	0.63862,	-0.0588,	31733,	-223,	0,	-504,	31683,	149,	-36,	-148,	31663,	71,	-25,	-355,	
1,	10,	492375,	1.65255e+015,	-1,	3,	-3,	6,	-4,	-2,	1,	0,	1.65255e+009,	-0.705658,	-0.171248,	-0.328529,	-0.0312928,	-0.787186,	-0.250543,	-0.0225053,	0.110419,	-0.894159,	-0.0948005,	-0.0132402,	-0.0105726,	-1.02019,	-0.204909,	-0.0213985,	-0.0889331,	-0.890358,	-0.414501,	-0.0154857,	-0.386999,	-0.3822,	0.63862,	-0.0588,	31743,	-223,	0,	-504,	31693,	148,	-36,	-147,	31673,	71,	-25,	-355,	
1,	10,	492454,	1.65255e+015,	-3,	-3,	4,	-1,	-7,	-4,	1,	-1,	1.65255e+009,	-0.705658,	-0.171248,	-0.328529,	-0.0312928,	-0.787186,	-0.250543,	-0.0225053,	0.110419,	-0.894159,	-0.0948005,	-0.0132402,	-0.0105726,	-1.02019,	-0.204909,	-0.0213985,	-0.0889331,	-0.890358,	-0.414501,	-0.0154857,	-0.386999,	-0.3822,	0.63862,	-0.0588,	31753,	-223,	0,	-504,	31703,	148,	-35,	-147,	31683,	72,	-24,	-355,	
1,	10,	492532,	1.65255e+015,	-2,	-9,	-6,	-12,	-6,	-2,	-2,	-2,	1.65255e+009,	-0.705658,	-0.171248,	-0.328529,	-0.0312928,	-0.787186,	-0.250543,	-0.0225053,	0.110419,	-0.894159,	-0.0948005,	-0.0132402,	-0.0105726,	-1.02019,	-0.204909,	-0.0213985,	-0.0889331,	-0.890358,	-0.414501,	-0.0154857,	-0.386999,	-0.3822,	0.63862,	-0.0588,	31763,	-222,	0,	-505,	31713,	148,	-37,	-148,	31693,	71,	-25,	-356,	
1,	10,	492594,	1.65255e+015,	-1,	-1,	-21,	0,	0,	1,	-1,	-3,	1.65255e+009,	-0.705658,	-0.171248,	-0.328529,	-0.0312928,	-0.787186,	-0.250543,	-0.0225053,	0.110419,	-0.894159,	-0.0948005,	-0.0132402,	-0.0105726,	-1.02019,	-0.204909,	-0.0213985,	-0.0889331,	-0.890358,	-0.414501,	-0.0154857,	-0.386999,	-0.3822,	0.63862,	-0.0588,	31773,	-222,	0,	-505,	31723,	150,	-36,	-148,	31703,	72,	-25,	-355,	
1,	10,	492657,	1.65255e+015,	-1,	0,	-12,	9,	1,	3,	0,	0,	1.65255e+009,	-0.705658,	-0.171248,	-0.328529,	-0.0312928,	-0.787186,	-0.250543,	-0.0225053,	0.110419,	-0.894159,	-0.0948005,	-0.0132402,	-0.0105726,	-1.02019,	-0.204909,	-0.0213985,	-0.0889331,	-0.890358,	-0.414501,	-0.0154857,	-0.386999,	-0.3822,	0.63862,	-0.0588,	31783,	-222,	0,	-505,	31733,	149,	-37,	-148,	31713,	70,	-26,	-355,	
1,	10,	492735,	1.65255e+015,	0,	0,	-3,	-10,	-4,	-3,	0,	1,	1.65255e+009,	-0.705658,	-0.171248,	-0.328529,	-0.0312928,	-0.787186,	-0.250543,	-0.0225053,	0.110419,	-0.894159,	-0.0948005,	-0.0132402,	-0.0105726,	-1.02019,	-0.204909,	-0.0213985,	-0.0889331,	-0.890358,	-0.414501,	-0.0154857,	-0.386999,	-0.3822,	0.63862,	-0.0588,	31793,	-222,	1,	-506,	31743,	149,	-36,	-148,	31723,	71,	-26,	-355,	
2,	10,	492829,	1.65255e+015,	-3,	-4,	-10,	4,	-1,	-2,	-2,	-2,	1.65255e+009,	-0.705658,	-0.171248,	-0.328529,	-0.0312928,	-0.787186,	-0.250543,	-0.0225053,	0.110419,	-0.894159,	-0.0948005,	-0.0132402,	-0.0105726,	-1.02019,	-0.204909,	-0.0213985,	-0.0889331,	-0.890358,	-0.414501,	-0.0154857,	-0.386999,	-0.3822,	0.63862,	-0.0588,	31803,	-222,	0,	-507,	31753,	149,	-36,	-147,	31733,	70,	-26,	-354,	
2,	10,	492907,	1.65255e+015,	-3,	-1,	7,	-7,	0,	-2,	0,	-2,	1.65255e+009,	-0.705658,	-0.171248,	-0.328529,	-0.0312928,	-0.787186,	-0.250543,	-0.0225053,	0.110419,	-0.894159,	-0.0948005,	-0.0132402,	-0.0105726,	-1.02019,	-0.204909,	-0.0213985,	-0.0889331,	-0.890358,	-0.414501,	-0.0154857,	-0.386999,	-0.3822,	0.63862,	-0.0588,	31813,	-221,	0,	-507,	31763,	149,	-37,	-147,	31743,	70,	-27,	-355,	
2,	10,	492969,	1.65255e+015,	0,	3,	10,	8,	-2,	-2,	0,	0,	1.65255e+009,	-0.705658,	-0.171248,	-0.328529,	-0.0312928,	-0.787186,	-0.250543,	-0.0225053,	0.110419,	-0.894159,	-0.0948005,	-0.0132402,	-0.0105726,	-1.02019,	-0.204909,	-0.0213985,	-0.0889331,	-0.890358,	-0.414501,	-0.0154857,	-0.386999,	-0.3822,	0.63862,	-0.0588,	31823,	-222,	0,	-507,	31773,	149,	-36,	-147,	31753,	71,	-25,	-355,	
2,	10,	493047,	1.65255e+015,	0,	2,	-6,	-16,	-2,	1,	-1,	-1,	1.65255e+009,	-0.705658,	-0.171248,	-0.328529,	-0.0312928,	-0.787186,	-0.250543,	-0.0225053,	0.110419,	-0.894159,	-0.0948005,	-0.0132402,	-0.0105726,	-1.02019,	-0.204909,	-0.0213985,	-0.0889331,	-0.890358,	-0.414501,	-0.0154857,	-0.386999,	-0.3822,	0.63862,	-0.0588,	31833,	-222,	0,	-507,	31783,	149,	-36,	-147,	31763,	70,	-26,	-355,	
2,	10,	493110,	1.65255e+015,	-4,	-2,	1,	-7,	-3,	-2,	-1,	-3,	1.65255e+009,	-0.705658,	-0.171248,	-0.328529,	-0.0312928,	-0.787186,	-0.250543,	-0.0225053,	0.110419,	-0.894159,	-0.0948005,	-0.0132402,	-0.0105726,	-1.02019,	-0.204909,	-0.0213985,	-0.0889331,	-0.890358,	-0.414501,	-0.0154857,	-0.386999,	-0.3822,	0.63862,	-0.0588,	31843,	-221,	1,	-507,	31793,	149,	-36,	-147,	31773,	72,	-25,	-355,	
2,	10,	493204,	1.65255e+015,	-3,	-3,	0,	-11,	-3,	0,	-1,	-1,	1.65255e+009,	-0.705658,	-0.171248,	-0.328529,	-0.0312928,	-0.787186,	-0.250543,	-0.0225053,	0.110419,	-0.894159,	-0.0948005,	-0.0132402,	-0.0105726,	-1.02019,	-0.204909,	-0.0213985,	-0.0889331,	-0.890358,	-0.414501,	-0.0154857,	-0.386999,	-0.3822,	0.63862,	-0.0588,	31853,	-221,	0,	-507,	31803,	149,	-36,	-147,	31783,	71,	-26,	-355,	
2,	10,	493266,	1.65255e+015,	2,	19,	28,	2,	0,	4,	0,	-1,	1.65255e+009,	-0.705658,	-0.171248,	-0.328529,	-0.0312928,	-0.787186,	-0.250543,	-0.0225053,	0.110419,	-0.894159,	-0.0948005,	-0.0132402,	-0.0105726,	-1.02019,	-0.204909,	-0.0213985,	-0.0889331,	-0.890358,	-0.414501,	-0.0154857,	-0.386999,	-0.3822,	0.63862,	-0.0588,	31863,	-220,	0,	-507,	31813,	149,	-37,	-147,	31793,	71,	-25,	-355,	
2,	10,	493344,	1.65255e+015,	-7,	-3,	-2,	5,	0,	-1,	2,	43,	1.65255e+009,	-0.705658,	-0.269808,	-0.328529,	-0.0312928,	-0.85125,	-0.250543,	-0.0225053,	0.100412,	-0.988779,	-0.0948005,	-0.0132402,	-0.0072722,	-1.02019,	-0.0984626,	-0.0136363,	-0.0856327,	-0.780708,	-0.209493,	-0.0215699,	-0.383698,	-0.4368,	0.63862,	-0.0588,	31873,	-221,	0,	-508,	31823,	149,	-36,	-148,	31803,	71,	-25,	-355,	
2,	10,	493422,	1.65255e+015,	-2,	-1,	-8,	10,	1,	1,	0,	3,	1.65255e+009,	-0.780809,	-0.393008,	-0.328529,	-0.0312928,	-0.85125,	-0.250543,	-0.0225053,	0.0690656,	-0.846849,	0.0049895,	0.000856181,	-0.0164383,	-0.803355,	-0.0097576,	-0.00162833,	-0.0356588,	-0.561408,	-0.0941755,	-0.0131718,	-0.29824,	-0.637,	0.6041,	-0.0588,	31883,	-220,	1,	-508,	31833,	150,	-35,	-148,	31813,	72,	-25,	-355,	
2,	10,	493500,	1.65255e+015,	2,	-5,	-2,	0,	7,	7,	5,	4,	1.65255e+009,	-0.705658,	-0.491568,	-0.328529,	-0.0312928,	-0.77117,	-0.189435,	-0.0207205,	0.0407107,	-0.720689,	0.0049895,	0.000856181,	-0.0070872,	-0.69494,	-0.0097576,	-0.00162833,	-0.0263077,	-0.473688,	-0.0301105,	-0.00482866,	-0.288889,	-0.637,	0.6041,	-0.0588,	31893,	-220,	1,	-508,	31843,	150,	-36,	-148,	31823,	73,	-25,	-355,	
2,	10,	493563,	1.65255e+015,	16,	-20,	-41,	-36,	-5,	-1,	-1,	5,	1.65255e+009,	-0.780809,	-0.491568,	-0.361547,	-0.0312928,	-0.77117,	-0.189435,	-0.0207205,	0.0196892,	-0.641839,	0.0049895,	0.000856181,	0.00959725,	-0.608208,	0.0789474,	0.0154155,	-0.0391933,	-0.473688,	-0.0301105,	-0.00482866,	-0.301775,	-0.5369,	0.6041,	-0.0588,	31903,	-219,	1,	-508,	31853,	150,	-37,	-148,	31833,	72,	-24,	-355,	
2,	10,	493641,	1.65255e+015,	3,	-3,	-17,	-6,	2,	2,	2,	4,	1.65255e+009,	-0.916079,	-0.491568,	-0.361547,	-0.0312928,	-0.707106,	-0.128327,	-0.0165459,	-0.0224696,	-0.562989,	0.0049895,	0.000856181,	0.0117985,	-0.608208,	0.0789474,	0.0154155,	-0.001508,	-0.473688,	-0.0301105,	-0.00482866,	-0.26409,	-0.5369,	0.6041,	-0.0588,	31913,	-220,	0,	-508,	31863,	150,	-36,	-148,	31843,	71,	-25,	-355,	
2,	10,	493719,	1.65255e+015,	3,	-5,	-3,	-2,	-2,	-1,	-3,	-8,	1.65255e+009,	-0.976198,	-0.590128,	-0.361547,	-0.0312928,	-0.707106,	-0.128327,	-0.0165459,	-0.0471439,	-0.405289,	0.0848215,	0.016722,	0.000432163,	-0.608208,	0.0789474,	0.0154155,	0.0462657,	-0.385968,	-0.0301105,	-0.00482866,	-0.216316,	-0.5369,	0.56958,	-0.0588,	31923,	-220,	0,	-509,	31873,	150,	-36,	-148,	31853,	72,	-25,	-355,	
2,	10,	493797,	1.65255e+015,	17,	6,	7,	-9,	0,	0,	2,	8,	1.65255e+009,	-0.976198,	-0.590128,	-0.361547,	-0.0559328,	-0.707106,	-0.0519418,	-0.00796677,	-0.0554836,	-0.405289,	0.0848215,	0.016722,	0.00318248,	-0.608208,	0.0789474,	0.0154155,	0.049016,	-0.385968,	-0.0301105,	-0.00482866,	-0.213566,	-0.5369,	0.56958,	-0.0588,	31933,	-220,	1,	-509,	31883,	149,	-36,	-148,	31863,	72,	-25,	-356,	
2,	10,	493875,	1.65255e+015,	-21,	17,	46,	45,	-9,	-9,	8,	1,	1.65255e+009,	-0.976198,	-0.590128,	-0.361547,	-0.0559328,	-0.707106,	-0.0519418,	-0.00796677,	-0.0554836,	-0.405289,	0.0848215,	0.016722,	0.00318248,	-0.608208,	0.0789474,	0.0154155,	0.049016,	-0.385968,	-0.0301105,	-0.00482866,	-0.225394,	-0.5369,	0.56958,	-0.0588,	31943,	-220,	1,	-510,	31893,	149,	-36,	-147,	31873,	71,	-25,	-355,	
2,	10,	493954,	1.65255e+015,	-23,	15,	21,	0,	-2,	-1,	-6,	2,	1.65255e+009,	-0.976198,	-0.590128,	-0.361547,	-0.0559328,	-0.643042,	-0.0519418,	-0.00796677,	-0.0554836,	-0.405289,	0.0848215,	0.016722,	0.00318248,	-0.608208,	0.0789474,	0.0154155,	0.049016,	-0.385968,	-0.0301105,	-0.00482866,	-0.225394,	-0.455,	0.56958,	-0.0588,	31953,	-219,	2,	-510,	31903,	149,	-36,	-148,	31883,	72,	-25,	-356,	
2,	10,	494032,	1.65255e+015,	-2,	2,	-9,	4,	-1,	1,	5,	23,	1.65255e+009,	-0.976198,	-0.590128,	-0.361547,	-0.0559328,	-0.643042,	0.00916617,	0.00158513,	-0.0554836,	-0.547219,	0.0848215,	0.016722,	0.00318248,	-0.716623,	0.0789474,	0.0154155,	0.049016,	-0.495618,	-0.0301105,	-0.00482866,	-0.225394,	-0.3731,	0.56958,	-0.0588,	31963,	-219,	1,	-511,	31913,	150,	-37,	-148,	31893,	72,	-25,	-356,	
2,	10,	494110,	1.65255e+015,	-55,	-10,	1,	-8,	-4,	-3,	-1,	-1,	1.65255e+009,	-0.976198,	-0.590128,	-0.361547,	-0.0559328,	-0.643042,	0.00916617,	0.00158513,	-0.0621554,	-0.610299,	0.0848215,	0.016722,	0.00538274,	-0.716623,	0.0789474,	0.0154155,	0.0512162,	-0.605268,	-0.0301105,	-0.00482866,	-0.223193,	-0.3276,	0.56958,	-0.0588,	31973,	-220,	0,	-510,	31923,	149,	-35,	-148,	31903,	71,	-25,	-356,	
2,	10,	494188,	1.65255e+015,	2,	15,	14,	-1,	3,	2,	0,	10,	1.65255e+009,	-0.976198,	-0.590128,	-0.361547,	-0.0559328,	-0.643042,	0.00916617,	0.00158513,	-0.0621554,	-0.673379,	0.0848215,	0.016722,	0.00538274,	-0.716623,	0.0789474,	0.0154155,	0.0512162,	-0.605268,	-0.0301105,	-0.00482866,	-0.223193,	-0.3276,	0.56958,	-0.0588,	31983,	-220,	0,	-511,	31933,	149,	-36,	-149,	31913,	72,	-25,	-356,	
2,	10,	494266,	1.65255e+015,	2,	-28,	2,	7,	1,	-1,	0,	24,	1.65255e+009,	-0.976198,	-0.590128,	-0.361547,	-0.0559328,	-0.643042,	0.00916617,	0.00158513,	-0.0621554,	-0.673379,	0.0848215,	0.016722,	0.00538274,	-0.803355,	0.0789474,	0.0154155,	0.0512162,	-0.605268,	-0.0301105,	-0.00482866,	-0.223193,	-0.3276,	0.56958,	-0.0588,	31993,	-218,	1,	-511,	31943,	150,	-36,	-149,	31923,	72,	-25,	-356,	
2,	10,	494344,	1.65255e+015,	-5,	-2,	-7,	-11,	2,	1,	0,	-5,	1.65255e+009,	-0.916079,	-0.590128,	-0.361547,	-0.0559328,	-0.643042,	0.00916617,	0.00158513,	-0.0621554,	-0.673379,	0.0848215,	0.016722,	0.00538274,	-0.890087,	0.0789474,	0.0154155,	0.0512162,	-0.714918,	-0.0813625,	-0.0117133,	-0.223193,	-0.3276,	0.56958,	-0.0588,	32003,	-220,	2,	-511,	31953,	149,	-36,	-149,	31933,	72,	-26,	-356,	
2,	10,	494422,	1.65255e+015,	5,	-10,	-38,	-1,	1,	2,	-7,	-3,	1.65255e+009,	-0.840928,	-0.590128,	-0.361547,	-0.0559328,	-0.643042,	0.00916617,	0.00158513,	-0.0376823,	-0.909929,	0.0848215,	0.016722,	0.0187658,	-0.890087,	-0.0097576,	-0.00162833,	-0.000454689,	-0.824568,	-0.0813625,	-0.0117133,	-0.274864,	-0.2821,	0.6041,	-0.0588,	32013,	-219,	1,	-512,	31963,	149,	-37,	-149,	31943,	72,	-25,	-357,	
2,	10,	494500,	1.65255e+015,	2,	-9,	-10,	0,	-1,	0,	0,	2,	1.65255e+009,	-0.916079,	-0.590128,	-0.361547,	-0.0559328,	-0.643042,	0.00916617,	0.00158513,	-0.0293426,	-0.846849,	0.0848215,	0.016722,	0.0160155,	-0.890087,	-0.0097576,	-0.00162833,	-0.00320501,	-0.824568,	-0.0813625,	-0.0117133,	-0.277615,	-0.2275,	0.6041,	-0.0588,	32023,	-219,	2,	-512,	31973,	150,	-37,	-149,	31953,	71,	-26,	-356,	
2,	10,	494579,	1.65255e+015,	-3,	7,	9,	5,	3,	4,	3,	3,	1.65255e+009,	-0.916079,	-0.590128,	-0.361547,	-0.0559328,	-0.562962,	0.00916617,	0.00158513,	-0.0210029,	-0.752229,	0.0848215,	0.016722,	0.0132652,	-0.673257,	-0.0097576,	-0.00162833,	-0.00595533,	-0.714918,	-0.0813625,	-0.0117133,	-0.280365,	-0.2275,	0.6041,	-0.0588,	32033,	-219,	0,	-512,	31983,	150,	-37,	-149,	31963,	72,	-26,	-357,	
2,	10,	494657,	1.65255e+015,	-17,	-18,	-22,	-1,	-5,	-3,	-4,	-23,	1.65255e+009,	-0.916079,	-0.590128,	-0.361547,	-0.0756448,	-0.562962,	0.00916617,	0.00158513,	-0.0136696,	-0.689149,	0.0848215,	0.016722,	0.0205985,	-0.673257,	-0.0097576,	-0.00162833,	-0.028192,	-0.714918,	-0.0813625,	-0.0117133,	-0.302602,	-0.273,	0.6041,	-0.0588,	32043,	-219,	0,	-511,	31993,	149,	-37,	-149,	31973,	71,	-25,	-357,	
2,	10,	494735,	1.65255e+015,	-7,	4,	20,	-11,	0,	-2,	0,	-5,	1.65255e+009,	-0.916079,	-0.590128,	-0.361547,	-0.0756448,	-0.562962,	0.00916617,	0.00158513,	-0.0136696,	-0.689149,	0.0848215,	0.016722,	0.0205985,	-0.673257,	-0.0097576,	-0.00162833,	-0.028192,	-0.714918,	-0.0813625,	-0.0117133,	-0.302602,	-0.273,	0.6041,	-0.0588,	32053,	-220,	0,	-511,	32003,	149,	-37,	-149,	31983,	72,	-25,	-357,	
2,	10,	494813,	1.65255e+015,	-4,	-6,	-22,	-26,	-4,	-3,	-3,	-2,	1.65255e+009,	-0.916079,	-0.590128,	-0.361547,	-0.0756448,	-0.562962,	0.00916617,	0.00158513,	-0.00699782,	-0.689149,	0.0848215,	0.016722,	0.0183983,	-0.673257,	0.0789474,	0.0154155,	-0.0303922,	-0.605268,	-0.0813625,	-0.0117133,	-0.304802,	-0.273,	0.6041,	-0.0588,	32063,	-219,	1,	-511,	32013,	150,	-37,	-149,	31993,	72,	-25,	-357,	
2,	10,	494891,	1.65255e+015,	0,	1,	9,	-13,	-4,	-1,	-1,	0,	1.65255e+009,	-0.916079,	-0.590128,	-0.361547,	-0.0756448,	-0.562962,	0.00916617,	0.00158513,	0.00134186,	-0.689149,	0.0848215,	0.016722,	0.015648,	-0.673257,	0.0789474,	0.0154155,	-0.0331425,	-0.605268,	-0.0813625,	-0.0117133,	-0.307552,	-0.273,	0.6041,	-0.0588,	32073,	-219,	1,	-511,	32023,	149,	-37,	-150,	32003,	73,	-25,	-357,	
2,	10,	494969,	1.65255e+015,	-2,	-8,	0,	43,	2,	4,	0,	-1,	1.65255e+009,	-0.916079,	-0.491568,	-0.361547,	-0.0756448,	-0.562962,	0.00916617,	0.00158513,	0.0196892,	-0.689149,	0.0848215,	0.016722,	0.00959725,	-0.673257,	-0.0097576,	-0.00162833,	-0.0391933,	-0.605268,	-0.0813625,	-0.0117133,	-0.313603,	-0.273,	0.6041,	-0.0392,	32083,	-218,	1,	-512,	32033,	150,	-37,	-150,	32013,	73,	-25,	-357,	
2,	10,	495047,	1.65255e+015,	-6,	-10,	5,	3,	3,	-3,	-2,	-2,	1.65255e+009,	-0.916079,	-0.368368,	-0.361547,	-0.0756448,	-0.659058,	-0.0672188,	-0.00998132,	0.0547158,	-0.752229,	-0.0149685,	-0.00247295,	-0.00195409,	-0.781672,	-0.169427,	-0.0196168,	-0.0507446,	-0.714918,	-0.19668,	-0.021057,	-0.325154,	-0.3185,	0.64725,	-0.0392,	32093,	-218,	0,	-511,	32043,	149,	-36,	-150,	32023,	73,	-25,	-357,	
2,	10,	495125,	1.65255e+015,	1,	7,	-1,	9,	-1,	-3,	-2,	-1,	1.65255e+009,	-0.916079,	-0.368368,	-0.361547,	-0.0510048,	-0.947346,	-0.143604,	-0.0178136,	0.0997501,	-1.03609,	-0.214548,	-0.0217433,	-0.0168058,	-0.91177,	-0.275873,	-0.0225445,	-0.0655963,	-0.824568,	-0.388875,	-0.0177172,	-0.340006,	-0.3185,	0.68177,	-0.0392,	32103,	-219,	0,	-512,	32053,	150,	-37,	-150,	32033,	74,	-24,	-357,	
2,	10,	495204,	1.65255e+015,	-1,	3,	8,	22,	-3,	-5,	-2,	-1,	1.65255e+009,	-0.916079,	-0.245168,	-0.361547,	-0.0510048,	-1.10751,	-0.143604,	-0.0178136,	0.0997501,	-1.11494,	-0.214548,	-0.0217433,	-0.0168058,	-1.04187,	-0.346837,	-0.0204676,	-0.0655963,	-0.824568,	-0.45294,	-0.0113504,	-0.340006,	-0.2821,	0.68177,	-0.0392,	32113,	-219,	0,	-512,	32063,	149,	-37,	-150,	32043,	72,	-24,	-357,	
2,	10,	495282,	1.65255e+015,	3,	7,	9,	70,	3,	0,	0,	-1,	1.65255e+009,	-0.916079,	-0.245168,	-0.361547,	-0.0510048,	-1.10751,	-0.143604,	-0.0178136,	0.10809,	-1.17802,	-0.29438,	-0.0223135,	-0.0195561,	-1.04187,	-0.346837,	-0.0204676,	-0.0683466,	-0.824568,	-0.45294,	-0.0113504,	-0.342756,	-0.2821,	0.68177,	-0.0392,	32123,	-219,	1,	-512,	32073,	149,	-37,	-150,	32053,	73,	-24,	-357,	
2,	10,	495360,	1.65255e+015,	0,	6,	8,	5,	0,	-1,	0,	1,	1.65255e+009,	-0.916079,	-0.245168,	-0.361547,	-0.0510048,	-1.10751,	-0.143604,	-0.0178136,	0.10809,	-1.17802,	-0.29438,	-0.0223135,	-0.0195561,	-1.04187,	-0.346837,	-0.0204676,	-0.0683466,	-0.824568,	-0.45294,	-0.0113504,	-0.342756,	-0.2821,	0.68177,	-0.0392,	32133,	-219,	0,	-513,	32083,	150,	-36,	-149,	32063,	72,	-24,	-358,	
2,	10,	495438,	1.65255e+015,	-1,	1,	-1,	-7,	-1,	-1,	-1,	0,	1.65255e+009,	-0.916079,	-0.245168,	-0.361547,	-0.0510048,	-1.10751,	-0.143604,	-0.0178136,	0.10809,	-1.17802,	-0.29438,	-0.0223135,	-0.0195561,	-1.04187,	-0.346837,	-0.0204676,	-0.0683466,	-0.824568,	-0.45294,	-0.0113504,	-0.342756,	-0.2821,	0.68177,	-0.0392,	32143,	-219,	0,	-512,	32093,	149,	-38,	-150,	32073,	72,	-25,	-358,	
2,	10,	495516,	1.65255e+015,	1,	2,	9,	19,	-3,	0,	-3,	0,	1.65255e+009,	-0.916079,	-0.245168,	-0.361547,	-0.0510048,	-1.10751,	-0.219989,	-0.0219117,	0.10809,	-1.17802,	-0.29438,	-0.0223135,	-0.0195561,	-1.04187,	-0.346837,	-0.0204676,	-0.0683466,	-0.824568,	-0.45294,	-0.0113504,	-0.342756,	-0.2821,	0.68177,	-0.0392,	32153,	-220,	0,	-513,	32103,	149,	-37,	-149,	32083,	73,	-24,	-358,	
2,	10,	495594,	1.65255e+015,	-1,	-4,	-4,	-16,	-7,	-3,	-3,	-1,	1.65255e+009,	-0.916079,	-0.245168,	-0.361547,	-0.0510048,	-1.10751,	-0.219989,	-0.0219117,	0.10809,	-1.11494,	-0.29438,	-0.0223135,	-0.0195561,	-1.04187,	-0.346837,	-0.0204676,	-0.0683466,	-0.824568,	-0.45294,	-0.0113504,	-0.342756,	-0.2821,	0.68177,	-0.0392,	32163,	-218,	1,	-513,	32113,	149,	-38,	-150,	32093,	73,	-24,	-358,	
2,	10,	495672,	1.65255e+015,	1,	5,	-2,	-3,	-3,	-1,	0,	-1,	1.65255e+009,	-0.916079,	-0.245168,	-0.361547,	-0.0510048,	-1.10751,	-0.219989,	-0.0219117,	0.10809,	-1.11494,	-0.29438,	-0.0223135,	-0.0195561,	-1.04187,	-0.346837,	-0.0204676,	-0.0683466,	-0.824568,	-0.45294,	-0.0113504,	-0.342756,	-0.2821,	0.68177,	-0.0392,	32173,	-219,	0,	-514,	32123,	150,	-37,	-150,	32103,	72,	-25,	-358,	
2,	10,	495750,	1.65255e+015,	-1,	-2,	-6,	-6,	-1,	-4,	-2,	-1,	1.65255e+009,	-0.916079,	-0.245168,	-0.361547,	-0.0510048,	-1.10751,	-0.219989,	-0.0219117,	0.10809,	-1.11494,	-0.29438,	-0.0223135,	-0.0195561,	-1.04187,	-0.346837,	-0.0204676,	-0.0683466,	-0.824568,	-0.45294,	-0.0113504,	-0.342756,	-0.2821,	0.68177,	-0.0392,	32183,	-219,	0,	-514,	32133,	150,	-37,	-150,	32113,	72,	-25,	-358,	
2,	10,	495829,	1.65255e+015,	1,	-1,	6,	22,	0,	-2,	0,	0,	1.65255e+009,	-0.916079,	-0.245168,	-0.361547,	-0.0510048,	-1.10751,	-0.219989,	-0.0219117,	0.10809,	-1.11494,	-0.29438,	-0.0223135,	-0.0195561,	-1.04187,	-0.346837,	-0.0204676,	-0.0683466,	-0.824568,	-0.45294,	-0.0113504,	-0.342756,	-0.2821,	0.68177,	-0.0392,	32193,	-219,	0,	-514,	32143,	150,	-38,	-150,	32123,	72,	-26,	-358,	
2,	10,	495907,	1.65255e+015,	-1,	1,	3,	7,	2,	0,	0,	0,	1.65255e+009,	-0.916079,	-0.245168,	-0.361547,	-0.0510048,	-1.10751,	-0.219989,	-0.0219117,	0.10809,	-1.11494,	-0.29438,	-0.0223135,	-0.0195561,	-1.04187,	-0.346837,	-0.0204676,	-0.0683466,	-0.824568,	-0.45294,	-0.0113504,	-0.342756,	-0.2821,	0.68177,	-0.0392,	32203,	-218,	0,	-514,	32153,	149,	-38,	-150,	32133,	72,	-25,	-358,	
2,	10,	495985,	1.65255e+015,	-1,	5,	0,	-5,	0,	-1,	-3,	0,	1.65255e+009,	-0.916079,	-0.245168,	-0.361547,	-0.0510048,	-1.10751,	-0.219989,	-0.0219117,	0.10809,	-1.11494,	-0.29438,	-0.0223135,	-0.0195561,	-1.04187,	-0.346837,	-0.0204676,	-0.0683466,	-0.824568,	-0.45294,	-0.0113504,	-0.342756,	-0.2821,	0.68177,	-0.0392,	32213,	-218,	0,	-514,	32163,	150,	-37,	-150,	32143,	72,	-26,	-358,	
2,	10,	496063,	1.65255e+015,	-2,	3,	2,	2,	2,	0,	-1,	-1,	1.65255e+009,	-0.916079,	-0.245168,	-0.361547,	-0.0510048,	-1.10751,	-0.219989,	-0.0219117,	0.10809,	-1.11494,	-0.29438,	-0.0223135,	-0.0195561,	-1.04187,	-0.346837,	-0.0204676,	-0.0683466,	-0.824568,	-0.45294,	-0.0113504,	-0.342756,	-0.2821,	0.68177,	-0.0392,	32223,	-218,	0,	-514,	32173,	150,	-37,	-150,	32153,	72,	-26,	-358,	
2,	10,	496141,	1.65255e+015,	1,	5,	5,	-6,	0,	0,	0,	0,	1.65255e+009,	-0.916079,	-0.245168,	-0.361547,	-0.0510048,	-1.10751,	-0.219989,	-0.0219117,	0.10809,	-1.11494,	-0.29438,	-0.0223135,	-0.0195561,	-1.04187,	-0.346837,	-0.0204676,	-0.0683466,	-0.824568,	-0.45294,	-0.0113504,	-0.342756,	-0.2821,	0.68177,	-0.0392,	32233,	-218,	0,	-514,	32183,	150,	-37,	-150,	32163,	72,	-26,	-358,	
2,	10,	496235,	1.65255e+015,	0,	-4,	-9,	-32,	-6,	-3,	0,	-1,	1.65255e+009,	-0.916079,	-0.245168,	-0.361547,	-0.0510048,	-1.10751,	-0.219989,	-0.0219117,	0.10809,	-1.11494,	-0.29438,	-0.0223135,	-0.0195561,	-1.04187,	-0.346837,	-0.0204676,	-0.0683466,	-0.824568,	-0.45294,	-0.0113504,	-0.342756,	-0.2821,	0.68177,	-0.0392,	32243,	-217,	0,	-514,	32193,	149,	-37,	-150,	32173,	73,	-26,	-358,	
2,	10,	496313,	1.65255e+015,	-1,	-5,	-5,	7,	0,	-1,	0,	0,	1.65255e+009,	-0.916079,	-0.245168,	-0.361547,	-0.0510048,	-1.10751,	-0.219989,	-0.0219117,	0.10809,	-1.11494,	-0.29438,	-0.0223135,	-0.0195561,	-1.04187,	-0.346837,	-0.0204676,	-0.0683466,	-0.824568,	-0.45294,	-0.0113504,	-0.342756,	-0.2821,	0.68177,	-0.0392,	32253,	-217,	0,	-513,	32203,	150,	-36,	-150,	32183,	73,	-25,	-358,	
2,	10,	496391,	1.65255e+015,	-1,	-3,	-5,	-9,	-2,	-1,	-1,	-2,	1.65255e+009,	-0.916079,	-0.245168,	-0.361547,	-0.0510048,	-1.10751,	-0.219989,	-0.0219117,	0.10809,	-1.11494,	-0.29438,	-0.0223135,	-0.0195561,	-1.04187,	-0.346837,	-0.0204676,	-0.0683466,	-0.824568,	-0.45294,	-0.0113504,	-0.342756,	-0.2821,	0.68177,	-0.0392,	32263,	-218,	0,	-514,	32213,	150,	-36,	-151,	32193,	72,	-25,	-358,	
2,	10,	496469,	1.65255e+015,	-1,	-1,	2,	3,	4,	2,	-1,	-1,	1.65255e+009,	-0.916079,	-0.245168,	-0.361547,	-0.0510048,	-1.10751,	-0.219989,	-0.0219117,	0.10809,	-1.11494,	-0.29438,	-0.0223135,	-0.0195561,	-1.04187,	-0.346837,	-0.0204676,	-0.0683466,	-0.824568,	-0.45294,	-0.0113504,	-0.342756,	-0.2821,	0.68177,	-0.0392,	32273,	-219,	0,	-514,	32223,	151,	-36,	-151,	32203,	72,	-25,	-359,	
2,	10,	496547,	1.65255e+015,	0,	2,	-2,	-15,	0,	0,	-1,	1,	1.65255e+009,	-0.916079,	-0.245168,	-0.361547,	-0.0510048,	-1.10751,	-0.219989,	-0.0219117,	0.10809,	-1.11494,	-0.29438,	-0.0223135,	-0.0195561,	-1.04187,	-0.346837,	-0.0204676,	-0.0683466,	-0.824568,	-0.45294,	-0.0113504,	-0.342756,	-0.2821,	0.68177,	-0.0392,	32283,	-218,	1,	-514,	32233,	150,	-37,	-151,	32213,	73,	-24,	-358,	
2,	10,	496625,	1.65255e+015,	0,	3,	2,	-3,	1,	0,	0,	1,	1.65255e+009,	-0.916079,	-0.245168,	-0.361547,	-0.0510048,	-1.10751,	-0.219989,	-0.0219117,	0.10809,	-1.11494,	-0.29438,	-0.0223135,	-0.0195561,	-1.04187,	-0.346837,	-0.0204676,	-0.0683466,	-0.824568,	-0.45294,	-0.0113504,	-0.342756,	-0.2821,	0.68177,	-0.0392,	32293,	-217,	1,	-514,	32243,	150,	-37,	-151,	32223,	73,	-25,	-359,	
2,	10,	496704,	1.65255e+015,	0,	3,	4,	16,	2,	0,	-1,	-1,	1.65255e+009,	-0.916079,	-0.245168,	-0.361547,	-0.0510048,	-1.10751,	-0.219989,	-0.0219117,	0.10809,	-1.11494,	-0.29438,	-0.0223135,	-0.0195561,	-1.04187,	-0.346837,	-0.0204676,	-0.0683466,	-0.824568,	-0.45294,	-0.0113504,	-0.342756,	-0.2821,	0.68177,	-0.0392,	32303,	-218,	1,	-515,	32253,	150,	-37,	-151,	32233,	72,	-25,	-358,	
2,	10,	496797,	1.65255e+015,	-3,	-5,	-7,	-4,	-2,	0,	-1,	-1,	1.65255e+009,	-0.916079,	-0.245168,	-0.361547,	-0.0510048,	-1.10751,	-0.219989,	-0.0219117,	0.10809,	-1.11494,	-0.29438,	-0.0223135,	-0.0195561,	-1.04187,	-0.346837,	-0.0204676,	-0.0683466,	-0.824568,	-0.504192,	-0.00436565,	-0.342756,	-0.2821,	0.68177,	-0.0392,	32313,	-217,	1,	-515,	32263,	149,	-36,	-151,	32243,	73,	-24,	-358,	
2,	10,	496860,	1.65255e+015,	2,	3,	-9,	-5,	2,	2,	0,	1,	1.65255e+009,	-0.916079,	-0.245168,	-0.361547,	-0.0510048,	-1.10751,	-0.219989,	-0.0219117,	0.10809,	-1.11494,	-0.29438,	-0.0223135,	-0.0195561,	-1.04187,	-0.346837,	-0.0204676,	-0.0683466,	-0.824568,	-0.504192,	-0.00436565,	-0.342756,	-0.2821,	0.68177,	-0.0392,	32323,	-216,	0,	-514,	32273,	149,	-36,	-151,	32253,	72,	-24,	-358,	
2,	10,	496938,	1.65255e+015,	21,	-10,	-25,	-23,	3,	1,	-2,	-7,	1.65255e+009,	-0.916079,	-0.245168,	-0.361547,	-0.0510048,	-1.10751,	-0.219989,	-0.0219117,	0.10809,	-1.11494,	-0.29438,	-0.0223135,	-0.0195561,	-1.04187,	-0.258132,	-0.0225602,	-0.0683466,	-0.824568,	-0.440127,	-0.0128339,	-0.342756,	-0.3822,	0.64725,	-0.0392,	32333,	-218,	1,	-514,	32283,	149,	-37,	-151,	32263,	72,	-25,	-358,	
2,	10,	497000,	1.65255e+015,	2,	7,	30,	18,	1,	1,	4,	19,	1.65255e+009,	-0.916079,	-0.245168,	-0.361547,	-0.0312928,	-1.10751,	-0.219989,	-0.0219117,	0.0914104,	-1.19379,	-0.0948005,	-0.0132402,	-0.0140555,	-1.17197,	0.0079834,	0.00137757,	-0.062846,	-0.824568,	-0.32481,	-0.0214572,	-0.337256,	-0.4368,	0.64725,	-0.0392,	32343,	-219,	1,	-515,	32293,	150,	-35,	-150,	32273,	72,	-24,	-359,	
2,	10,	497063,	1.65255e+015,	12,	5,	66,	-6,	0,	-1,	6,	-22,	1.65255e+009,	-0.916079,	-0.393008,	-0.361547,	-0.0312928,	-1.10751,	-0.143604,	-0.0178136,	0.0513799,	-1.19379,	0.0249475,	0.00444024,	-0.000853965,	-1.17197,	0.0966884,	0.0194286,	-0.0496445,	-0.824568,	-0.158241,	-0.0188881,	-0.34771,	-0.4732,	0.6041,	-0.0392,	32353,	-217,	1,	-515,	32303,	150,	-36,	-151,	32283,	72,	-26,	-359,	
2,	10,	497125,	1.65255e+015,	-12,	-20,	-49,	-10,	-4,	-2,	-4,	0,	1.65255e+009,	-0.916079,	-0.491568,	-0.361547,	-0.0312928,	-0.93133,	-0.143604,	-0.0178136,	0.023025,	-1.03609,	0.0249475,	0.00444024,	0.00849712,	-0.998502,	0.0966884,	0.0194286,	-0.0402934,	-0.824568,	-0.0941755,	-0.0131718,	-0.338359,	-0.3549,	0.6041,	-0.0392,	32363,	-218,	0,	-515,	32313,	150,	-36,	-151,	32293,	73,	-25,	-358,	
2,	10,	497188,	1.65255e+015,	-15,	-4,	74,	13,	-4,	-4,	-2,	-2,	1.65255e+009,	-0.916079,	-0.491568,	-0.361547,	-0.0312928,	-0.93133,	-0.143604,	-0.0178136,	-0.000326074,	-0.894159,	0.104779,	0.0213257,	0.016198,	-0.998502,	0.0966884,	0.0194286,	-0.0325925,	-0.714918,	-0.0429235,	-0.00670742,	-0.330658,	-0.3549,	0.6041,	-0.0392,	32373,	-218,	0,	-514,	32323,	150,	-36,	-151,	32303,	73,	-25,	-358,	
2,	10,	497250,	1.65255e+015,	-12,	-1,	-21,	-8,	0,	-1,	-3,	-22,	1.65255e+009,	-0.916079,	-0.491568,	-0.361547,	-0.0510048,	-0.85125,	-0.0824958,	-0.0118465,	-0.0103337,	-0.799539,	0.104779,	0.0213257,	0.0194984,	-0.890087,	0.0966884,	0.0194286,	-0.0292921,	-0.714918,	-0.0429235,	-0.00670742,	-0.327358,	-0.3549,	0.56958,	-0.0392,	32383,	-218,	1,	-514,	32333,	150,	-38,	-151,	32313,	73,	-25,	-359,	
2,	10,	497313,	1.65255e+015,	4,	8,	66,	16,	-5,	-6,	-3,	-3,	1.65255e+009,	-0.916079,	-0.491568,	-0.361547,	-0.0510048,	-0.787186,	-0.0824958,	-0.0118465,	-0.0103337,	-0.799539,	0.104779,	0.0213257,	0.0194984,	-0.890087,	0.0966884,	0.0194286,	-0.0292921,	-0.627198,	-0.0429235,	-0.00670742,	-0.327358,	-0.3549,	0.56958,	-0.0392,	32393,	-219,	1,	-515,	32343,	151,	-37,	-151,	32323,	73,	-23,	-359,	
2,	10,	497375,	1.65255e+015,	13,	2,	-64,	-14,	4,	1,	0,	3,	1.65255e+009,	-0.916079,	-0.590128,	-0.361547,	-0.0510048,	-0.787186,	-0.0824958,	-0.0118465,	-0.0170054,	-0.799539,	0.104779,	0.0213257,	0.0216987,	-0.803355,	0.0966884,	0.0194286,	-0.0270918,	-0.627198,	-0.0429235,	-0.00670742,	-0.325157,	-0.3549,	0.56958,	-0.0392,	32403,	-219,	1,	-514,	32353,	150,	-36,	-151,	32333,	72,	-24,	-359,	
2,	10,	497438,	1.65255e+015,	12,	9,	51,	7,	5,	0,	-4,	3,	1.65255e+009,	-0.916079,	-0.590128,	-0.361547,	-0.0510048,	-0.787186,	-0.0824958,	-0.0118465,	-0.0170054,	-0.799539,	0.104779,	0.0213257,	0.0216987,	-0.803355,	0.0966884,	0.0194286,	-0.0270918,	-0.627198,	-0.0429235,	-0.00670742,	-0.325157,	-0.3549,	0.56958,	-0.0392,	32413,	-218,	0,	-515,	32363,	150,	-36,	-151,	32343,	72,	-24,	-359,	
2,	10,	497500,	1.65255e+015,	8,	16,	-7,	2,	4,	0,	0,	5,	1.65255e+009,	-0.916079,	-0.590128,	-0.361547,	-0.0510048,	-0.787186,	-0.0824958,	-0.0118465,	-0.0170054,	-0.736459,	0.104779,	0.0213257,	0.0216987,	-0.803355,	0.0966884,	0.0194286,	-0.0270918,	-0.627198,	-0.0429235,	-0.00670742,	-0.325157,	-0.3549,	0.56958,	-0.0392,	32423,	-217,	0,	-515,	32373,	150,	-36,	-151,	32353,	72,	-25,	-359,	
2,	10,	497563,	1.65255e+015,	5,	0,	-15,	-9,	-1,	-2,	3,	13,	1.65255e+009,	-0.916079,	-0.590128,	-0.361547,	-0.0510048,	-0.787186,	-0.0824958,	-0.0118465,	-0.0170054,	-0.736459,	0.104779,	0.0213257,	0.0216987,	-0.803355,	0.0966884,	0.0194286,	-0.0270918,	-0.627198,	-0.0429235,	-0.00670742,	-0.325157,	-0.3549,	0.56958,	-0.0392,	32433,	-219,	0,	-514,	32383,	150,	-36,	-151,	32363,	73,	-24,	-359,	
2,	10,	497625,	1.65255e+015,	-4,	-16,	-14,	-26,	-3,	-1,	-1,	-5,	1.65255e+009,	-0.916079,	-0.590128,	-0.361547,	-0.0510048,	-0.787186,	-0.0824958,	-0.0118465,	-0.0170054,	-0.736459,	0.104779,	0.0213257,	0.0216987,	-0.803355,	0.0966884,	0.0194286,	-0.0270918,	-0.627198,	-0.0429235,	-0.00670742,	-0.325157,	-0.3549,	0.56958,	-0.0392,	32443,	-219,	0,	-514,	32393,	150,	-37,	-151,	32373,	73,	-25,	-359,	
2,	10,	497688,	1.65255e+015,	2,	-3,	59,	-13,	-2,	-5,	-2,	8,	1.65255e+009,	-0.916079,	-0.590128,	-0.361547,	-0.0510048,	-0.85125,	-0.0824958,	-0.0118465,	0.000478982,	-0.831079,	0.104779,	0.0213257,	0.00813107,	-0.803355,	0.0966884,	0.0194286,	-0.0170034,	-0.627198,	-0.0429235,	-0.00670742,	-0.315069,	-0.3185,	0.56958,	-0.0392,	32453,	-218,	0,	-513,	32403,	150,	-36,	-151,	32383,	73,	-25,	-359,	
2,	10,	497766,	1.65255e+015,	0,	1,	1,	5,	-2,	-4,	-4,	0,	1.65255e+009,	-0.916079,	-0.590128,	-0.361547,	-0.0510048,	-0.963362,	-0.0824958,	-0.0118465,	0.0505171,	-1.02032,	0.104779,	0.0213257,	-0.00837084,	-1.02019,	0.0079834,	0.00137757,	-0.0335053,	-0.824568,	-0.0941755,	-0.0131718,	-0.331571,	-0.273,	0.56958,	-0.0392,	32463,	-221,	0,	-513,	32413,	149,	-36,	-151,	32393,	73,	-25,	-359,	
2,	10,	497829,	1.65255e+015,	2,	9,	-25,	9,	1,	2,	2,	4,	1.65255e+009,	-0.916079,	-0.590128,	-0.361547,	-0.0510048,	-1.12352,	-0.158881,	-0.0189319,	0.0705323,	-1.0834,	0.0049895,	0.000856181,	-0.0149716,	-1.02019,	-0.0807216,	-0.0116376,	-0.0401061,	-0.824568,	-0.158241,	-0.0188881,	-0.338172,	-0.273,	0.61273,	-0.0392,	32473,	-220,	0,	-513,	32423,	150,	-37,	-150,	32403,	72,	-26,	-359,	
2,	10,	497891,	1.65255e+015,	2,	-2,	2,	5,	-2,	-1,	0,	1,	1.65255e+009,	-0.916079,	-0.491568,	-0.361547,	-0.0510048,	-1.12352,	-0.158881,	-0.0189319,	0.0855437,	-1.0834,	-0.0948005,	-0.0132402,	-0.0199222,	-1.02019,	-0.0807216,	-0.0116376,	-0.0450567,	-0.824568,	-0.222306,	-0.0219776,	-0.343122,	-0.3185,	0.61273,	-0.0392,	32483,	-219,	0,	-513,	32433,	149,	-37,	-151,	32413,	73,	-25,	-359,	
2,	10,	497969,	1.65255e+015,	-1,	-3,	-7,	-45,	-1,	0,	-2,	-1,	1.65255e+009,	-0.916079,	-0.368368,	-0.361547,	-0.0510048,	-1.12352,	-0.235266,	-0.0222832,	0.101418,	-1.14648,	-0.174633,	-0.0199286,	-0.0173559,	-1.02019,	-0.169427,	-0.0196168,	-0.0661464,	-0.824568,	-0.286371,	-0.0224404,	-0.364212,	-0.3185,	0.61273,	-0.0392,	32493,	-218,	0,	-514,	32443,	149,	-37,	-151,	32423,	72,	-25,	-359,	
