1,	15,	530469,	1.65255e+015,	-1,	-1,	6,	8,	1,	-1,	-2,	0,	1.65255e+009,	-0.886019,	-0.368368,	-0.394565,	-0.0411488,	-0.787186,	-0.235266,	-0.0222832,	0.110419,	-0.815309,	-0.19459,	-0.0209634,	-0.0105726,	-0.868404,	-0.22265,	-0.0219871,	-0.0889331,	-0.605268,	-0.337623,	-0.0209194,	-0.386999,	-0.5278,	0.61273,	-0.07448,	56363,	-236,	0,	-490,	56323,	142,	-23,	-139,	56303,	74,	-20,	-349,	
1,	15,	530563,	1.65255e+015,	-1,	1,	10,	9,	-2,	-1,	0,	0,	1.65255e+009,	-0.886019,	-0.368368,	-0.394565,	-0.0411488,	-0.787186,	-0.235266,	-0.0222832,	0.110419,	-0.815309,	-0.19459,	-0.0209634,	-0.0105726,	-0.868404,	-0.22265,	-0.0219871,	-0.0889331,	-0.605268,	-0.337623,	-0.0209194,	-0.386999,	-0.5278,	0.61273,	-0.07448,	56373,	-238,	0,	-490,	56333,	143,	-25,	-139,	56313,	74,	-20,	-349,	
1,	15,	530641,	1.65255e+015,	-1,	2,	-4,	1,	-1,	-2,	-2,	-1,	1.65255e+009,	-0.886019,	-0.368368,	-0.394565,	-0.0411488,	-0.787186,	-0.235266,	-0.0222832,	0.110419,	-0.815309,	-0.19459,	-0.0209634,	-0.0105726,	-0.868404,	-0.22265,	-0.0219871,	-0.0889331,	-0.605268,	-0.337623,	-0.0209194,	-0.386999,	-0.5278,	0.61273,	-0.07448,	56383,	-238,	0,	-490,	56343,	143,	-24,	-139,	56323,	73,	-21,	-349,	
1,	15,	530719,	1.65255e+015,	1,	-1,	-2,	-1,	-2,	-2,	-1,	-2,	1.65255e+009,	-0.886019,	-0.368368,	-0.394565,	-0.0411488,	-0.787186,	-0.235266,	-0.0222832,	0.110419,	-0.815309,	-0.19459,	-0.0209634,	-0.0105726,	-0.868404,	-0.22265,	-0.0219871,	-0.0889331,	-0.605268,	-0.337623,	-0.0209194,	-0.386999,	-0.5278,	0.61273,	-0.07448,	56393,	-238,	0,	-490,	56353,	144,	-23,	-139,	56333,	74,	-20,	-349,	
1,	15,	530797,	1.65255e+015,	-2,	-5,	-20,	-14,	-1,	0,	-2,	0,	1.65255e+009,	-0.886019,	-0.368368,	-0.394565,	-0.0411488,	-0.787186,	-0.235266,	-0.0222832,	0.110419,	-0.815309,	-0.19459,	-0.0209634,	-0.0105726,	-0.868404,	-0.22265,	-0.0219871,	-0.0889331,	-0.605268,	-0.337623,	-0.0209194,	-0.386999,	-0.5278,	0.61273,	-0.07448,	56403,	-238,	0,	-490,	56363,	144,	-24,	-139,	56343,	74,	-20,	-349,	
1,	15,	530860,	1.65255e+015,	-1,	0,	12,	12,	-1,	-2,	-2,	-1,	1.65255e+009,	-0.886019,	-0.368368,	-0.394565,	-0.0411488,	-0.787186,	-0.235266,	-0.0222832,	0.110419,	-0.815309,	-0.19459,	-0.0209634,	-0.0105726,	-0.868404,	-0.22265,	-0.0219871,	-0.0889331,	-0.605268,	-0.337623,	-0.0209194,	-0.386999,	-0.5278,	0.61273,	-0.07448,	56413,	-238,	0,	-490,	56373,	143,	-23,	-139,	56353,	74,	-21,	-349,	
1,	15,	530938,	1.65255e+015,	-2,	0,	-5,	-2,	-2,	-1,	1,	-1,	1.65255e+009,	-0.886019,	-0.368368,	-0.394565,	-0.0411488,	-0.787186,	-0.235266,	-0.0222832,	0.110419,	-0.815309,	-0.19459,	-0.0209634,	-0.0105726,	-0.868404,	-0.22265,	-0.0219871,	-0.0889331,	-0.605268,	-0.337623,	-0.0209194,	-0.386999,	-0.5278,	0.61273,	-0.07448,	56423,	-238,	0,	-491,	56383,	144,	-24,	-139,	56363,	73,	-20,	-349,	
1,	15,	531000,	1.65255e+015,	1,	3,	0,	-6,	0,	0,	-1,	0,	1.65255e+009,	-0.886019,	-0.368368,	-0.394565,	-0.0411488,	-0.787186,	-0.235266,	-0.0222832,	0.110419,	-0.815309,	-0.19459,	-0.0209634,	-0.0105726,	-0.868404,	-0.22265,	-0.0219871,	-0.0889331,	-0.605268,	-0.337623,	-0.0209194,	-0.386999,	-0.5278,	0.61273,	-0.07448,	56433,	-238,	1,	-491,	56393,	144,	-24,	-139,	56373,	74,	-21,	-349,	
1,	15,	531063,	1.65255e+015,	2,	2,	18,	3,	-2,	-4,	-1,	-2,	1.65255e+009,	-0.886019,	-0.368368,	-0.394565,	-0.0411488,	-0.787186,	-0.235266,	-0.0222832,	0.110419,	-0.815309,	-0.19459,	-0.0209634,	-0.0105726,	-0.868404,	-0.22265,	-0.0219871,	-0.0889331,	-0.605268,	-0.337623,	-0.0209194,	-0.386999,	-0.5278,	0.61273,	-0.07448,	56443,	-237,	0,	-491,	56403,	144,	-24,	-139,	56383,	74,	-20,	-349,	
1,	15,	531141,	1.65255e+015,	-1,	1,	25,	5,	-1,	-1,	-1,	1,	1.65255e+009,	-0.886019,	-0.368368,	-0.394565,	-0.0411488,	-0.787186,	-0.235266,	-0.0222832,	0.110419,	-0.815309,	-0.19459,	-0.0209634,	-0.0105726,	-0.868404,	-0.22265,	-0.0219871,	-0.0889331,	-0.605268,	-0.337623,	-0.0209194,	-0.386999,	-0.5278,	0.61273,	-0.07448,	56453,	-237,	0,	-491,	56413,	144,	-24,	-139,	56393,	73,	-22,	-349,	
1,	15,	531219,	1.65255e+015,	1,	2,	12,	0,	-1,	0,	0,	-1,	1.65255e+009,	-0.886019,	-0.368368,	-0.394565,	-0.0411488,	-0.787186,	-0.235266,	-0.0222832,	0.110419,	-0.815309,	-0.19459,	-0.0209634,	-0.0105726,	-0.868404,	-0.22265,	-0.0219871,	-0.0889331,	-0.605268,	-0.337623,	-0.0209194,	-0.386999,	-0.5278,	0.61273,	-0.07448,	56463,	-237,	0,	-490,	56423,	143,	-24,	-139,	56403,	74,	-21,	-349,	
1,	15,	531297,	1.65255e+015,	1,	4,	2,	3,	-1,	1,	-1,	0,	1.65255e+009,	-0.886019,	-0.368368,	-0.394565,	-0.0411488,	-0.787186,	-0.235266,	-0.0222832,	0.110419,	-0.815309,	-0.19459,	-0.0209634,	-0.0105726,	-0.868404,	-0.22265,	-0.0219871,	-0.0889331,	-0.605268,	-0.337623,	-0.0209194,	-0.386999,	-0.5278,	0.61273,	-0.07448,	56473,	-237,	-1,	-489,	56433,	144,	-24,	-139,	56413,	73,	-22,	-349,	
1,	15,	531375,	1.65255e+015,	0,	-4,	1,	-1,	0,	-2,	0,	-1,	1.65255e+009,	-0.886019,	-0.368368,	-0.394565,	-0.0411488,	-0.787186,	-0.235266,	-0.0222832,	0.110419,	-0.815309,	-0.19459,	-0.0209634,	-0.0105726,	-0.868404,	-0.22265,	-0.0219871,	-0.0889331,	-0.605268,	-0.337623,	-0.0209194,	-0.386999,	-0.5278,	0.61273,	-0.07448,	56483,	-239,	0,	-489,	56443,	143,	-25,	-139,	56423,	74,	-22,	-349,	
1,	15,	531454,	1.65255e+015,	-1,	-1,	-22,	-8,	-2,	-2,	-2,	-1,	1.65255e+009,	-0.886019,	-0.368368,	-0.394565,	-0.0411488,	-0.787186,	-0.235266,	-0.0222832,	0.110419,	-0.815309,	-0.19459,	-0.0209634,	-0.0105726,	-0.868404,	-0.22265,	-0.0219871,	-0.0889331,	-0.605268,	-0.337623,	-0.0209194,	-0.386999,	-0.5278,	0.61273,	-0.07448,	56493,	-238,	0,	-489,	56453,	143,	-25,	-139,	56433,	73,	-21,	-349,	
1,	15,	531516,	1.65255e+015,	0,	3,	6,	7,	-1,	1,	0,	-2,	1.65255e+009,	-0.886019,	-0.368368,	-0.394565,	-0.0411488,	-0.787186,	-0.235266,	-0.0222832,	0.110419,	-0.815309,	-0.19459,	-0.0209634,	-0.0105726,	-0.868404,	-0.22265,	-0.0219871,	-0.0889331,	-0.605268,	-0.337623,	-0.0209194,	-0.386999,	-0.5278,	0.61273,	-0.07448,	56503,	-239,	0,	-489,	56463,	143,	-24,	-139,	56443,	74,	-21,	-349,	
1,	15,	531594,	1.65255e+015,	1,	6,	9,	4,	2,	1,	-1,	1,	1.65255e+009,	-0.886019,	-0.368368,	-0.394565,	-0.0411488,	-0.787186,	-0.235266,	-0.0222832,	0.110419,	-0.815309,	-0.19459,	-0.0209634,	-0.0105726,	-0.868404,	-0.22265,	-0.0219871,	-0.0889331,	-0.605268,	-0.337623,	-0.0209194,	-0.386999,	-0.5278,	0.61273,	-0.07448,	56513,	-238,	-1,	-489,	56473,	143,	-24,	-139,	56453,	73,	-20,	-349,	
1,	15,	531672,	1.65255e+015,	1,	2,	5,	10,	2,	-2,	1,	-2,	1.65255e+009,	-0.886019,	-0.368368,	-0.394565,	-0.0411488,	-0.787186,	-0.235266,	-0.0222832,	0.110419,	-0.815309,	-0.19459,	-0.0209634,	-0.0105726,	-0.868404,	-0.22265,	-0.0219871,	-0.0889331,	-0.605268,	-0.337623,	-0.0209194,	-0.386999,	-0.5278,	0.61273,	-0.07448,	56523,	-239,	-1,	-488,	56483,	144,	-24,	-139,	56463,	74,	-21,	-349,	
1,	15,	531735,	1.65255e+015,	1,	0,	8,	1,	0,	-2,	-2,	0,	1.65255e+009,	-0.886019,	-0.368368,	-0.394565,	-0.0411488,	-0.787186,	-0.235266,	-0.0222832,	0.110419,	-0.815309,	-0.19459,	-0.0209634,	-0.0105726,	-0.868404,	-0.22265,	-0.0219871,	-0.0889331,	-0.605268,	-0.337623,	-0.0209194,	-0.386999,	-0.5278,	0.61273,	-0.07448,	56533,	-240,	-1,	-488,	56493,	143,	-25,	-139,	56473,	74,	-21,	-349,	
1,	15,	531813,	1.65255e+015,	-2,	-2,	-31,	-3,	-2,	-1,	-2,	0,	1.65255e+009,	-0.886019,	-0.368368,	-0.394565,	-0.0411488,	-0.787186,	-0.235266,	-0.0222832,	0.110419,	-0.815309,	-0.19459,	-0.0209634,	-0.0105726,	-0.868404,	-0.22265,	-0.0219871,	-0.0889331,	-0.605268,	-0.337623,	-0.0209194,	-0.386999,	-0.5278,	0.61273,	-0.07448,	56543,	-239,	-2,	-488,	56503,	143,	-24,	-139,	56483,	73,	-20,	-349,	
1,	15,	531891,	1.65255e+015,	3,	1,	-33,	9,	0,	-3,	-2,	-1,	1.65255e+009,	-0.886019,	-0.368368,	-0.394565,	-0.0411488,	-0.787186,	-0.235266,	-0.0222832,	0.110419,	-0.815309,	-0.19459,	-0.0209634,	-0.0105726,	-0.868404,	-0.22265,	-0.0219871,	-0.0889331,	-0.605268,	-0.337623,	-0.0209194,	-0.386999,	-0.5278,	0.61273,	-0.07448,	56553,	-240,	-2,	-488,	56513,	144,	-25,	-138,	56493,	74,	-21,	-349,	
1,	15,	531969,	1.65255e+015,	1,	2,	-11,	8,	3,	2,	0,	0,	1.65255e+009,	-0.886019,	-0.368368,	-0.394565,	-0.0411488,	-0.787186,	-0.235266,	-0.0222832,	0.110419,	-0.815309,	-0.19459,	-0.0209634,	-0.0105726,	-0.868404,	-0.22265,	-0.0219871,	-0.0889331,	-0.605268,	-0.337623,	-0.0209194,	-0.386999,	-0.5278,	0.61273,	-0.07448,	56563,	-239,	-2,	-488,	56523,	144,	-25,	-138,	56503,	73,	-21,	-349,	
1,	15,	532047,	1.65255e+015,	-2,	2,	-4,	2,	1,	0,	0,	-3,	1.65255e+009,	-0.886019,	-0.368368,	-0.394565,	-0.0411488,	-0.787186,	-0.235266,	-0.0222832,	0.110419,	-0.815309,	-0.19459,	-0.0209634,	-0.0105726,	-0.868404,	-0.22265,	-0.0219871,	-0.0889331,	-0.605268,	-0.337623,	-0.0209194,	-0.386999,	-0.5278,	0.61273,	-0.07448,	56573,	-239,	0,	-488,	56533,	143,	-23,	-138,	56513,	73,	-22,	-349,	
1,	15,	532125,	1.65255e+015,	-5,	-7,	-51,	-11,	-2,	-2,	-1,	-2,	1.65255e+009,	-0.886019,	-0.368368,	-0.394565,	-0.0411488,	-0.787186,	-0.235266,	-0.0222832,	0.110419,	-0.815309,	-0.19459,	-0.0209634,	-0.0105726,	-0.868404,	-0.22265,	-0.0219871,	-0.0889331,	-0.605268,	-0.337623,	-0.0209194,	-0.386999,	-0.5278,	0.61273,	-0.07448,	56583,	-239,	-1,	-488,	56543,	143,	-23,	-138,	56523,	73,	-20,	-349,	
1,	15,	532204,	1.65255e+015,	0,	-1,	-14,	1,	-1,	2,	1,	1,	1.65255e+009,	-0.886019,	-0.368368,	-0.394565,	-0.0411488,	-0.787186,	-0.235266,	-0.0222832,	0.110419,	-0.815309,	-0.19459,	-0.0209634,	-0.0105726,	-0.868404,	-0.22265,	-0.0219871,	-0.0889331,	-0.605268,	-0.337623,	-0.0209194,	-0.386999,	-0.5278,	0.61273,	-0.07448,	56593,	-238,	-1,	-488,	10257,	81,	-27,	-61,	10237,	10,	-71,	-241,	
1,	15,	532282,	1.65255e+015,	0,	2,	-1,	8,	1,	-2,	-1,	0,	1.65255e+009,	-0.886019,	-0.368368,	-0.394565,	-0.0411488,	-0.787186,	-0.235266,	-0.0222832,	0.110419,	-0.815309,	-0.19459,	-0.0209634,	-0.0105726,	-0.868404,	-0.22265,	-0.0219871,	-0.0889331,	-0.605268,	-0.337623,	-0.0209194,	-0.386999,	-0.5278,	0.61273,	-0.07448,	56603,	-238,	-2,	-488,	10267,	85,	-27,	-63,	10247,	12,	-70,	-244,	
1,	15,	532360,	1.65255e+015,	-1,	5,	22,	1,	-2,	1,	-1,	0,	1.65255e+009,	-0.886019,	-0.368368,	-0.394565,	-0.0411488,	-0.787186,	-0.235266,	-0.0222832,	0.110419,	-0.815309,	-0.19459,	-0.0209634,	-0.0105726,	-0.868404,	-0.22265,	-0.0219871,	-0.0889331,	-0.605268,	-0.337623,	-0.0209194,	-0.386999,	-0.5278,	0.61273,	-0.07448,	10377,	-349,	-15,	-235,	10277,	89,	-27,	-64,	10257,	15,	-68,	-246,	
1,	15,	532438,	1.65255e+015,	-4,	-3,	23,	14,	7,	2,	-1,	0,	1.65255e+009,	-0.886019,	-0.368368,	-0.394565,	-0.0411488,	-0.787186,	-0.235266,	-0.0222832,	0.110419,	-0.815309,	-0.19459,	-0.0209634,	-0.0105726,	-0.868404,	-0.22265,	-0.0219871,	-0.0889331,	-0.605268,	-0.337623,	-0.0209194,	-0.386999,	-0.5278,	0.61273,	-0.07448,	10387,	-344,	-13,	-243,	10287,	92,	-29,	-65,	10267,	16,	-67,	-248,	
1,	15,	532516,	1.65255e+015,	1,	1,	7,	-6,	2,	2,	0,	0,	1.65255e+009,	-0.886019,	-0.368368,	-0.394565,	-0.0411488,	-0.787186,	-0.235266,	-0.0222832,	0.110419,	-0.815309,	-0.19459,	-0.0209634,	-0.0105726,	-0.868404,	-0.22265,	-0.0219871,	-0.0889331,	-0.605268,	-0.337623,	-0.0209194,	-0.386999,	-0.5278,	0.61273,	-0.07448,	10397,	-340,	-11,	-250,	10297,	95,	-28,	-65,	10277,	18,	-67,	-250,	
1,	15,	532610,	1.65255e+015,	0,	-2,	9,	-9,	0,	-1,	-1,	-1,	1.65255e+009,	-0.886019,	-0.368368,	-0.394565,	-0.0411488,	-0.787186,	-0.235266,	-0.0222832,	0.110419,	-0.815309,	-0.19459,	-0.0209634,	-0.0105726,	-0.868404,	-0.22265,	-0.0219871,	-0.0889331,	-0.605268,	-0.337623,	-0.0209194,	-0.386999,	-0.5278,	0.61273,	-0.07448,	10407,	-339,	-10,	-256,	10307,	97,	-28,	-67,	10287,	18,	-67,	-251,	
1,	15,	532688,	1.65255e+015,	-1,	-2,	-12,	0,	0,	0,	-1,	-1,	1.65255e+009,	-0.886019,	-0.368368,	-0.394565,	-0.0411488,	-0.787186,	-0.235266,	-0.0222832,	0.110419,	-0.815309,	-0.19459,	-0.0209634,	-0.0105726,	-0.868404,	-0.22265,	-0.0219871,	-0.0889331,	-0.605268,	-0.337623,	-0.0209194,	-0.386999,	-0.5278,	0.61273,	-0.07448,	10417,	-337,	-11,	-260,	10317,	98,	-29,	-69,	10297,	18,	-69,	-253,	
1,	15,	532766,	1.65255e+015,	1,	-1,	-4,	1,	0,	-2,	0,	-1,	1.65255e+009,	-0.886019,	-0.368368,	-0.394565,	-0.0411488,	-0.787186,	-0.235266,	-0.0222832,	0.110419,	-0.815309,	-0.19459,	-0.0209634,	-0.0105726,	-0.868404,	-0.22265,	-0.0219871,	-0.0889331,	-0.605268,	-0.337623,	-0.0209194,	-0.386999,	-0.5278,	0.61273,	-0.07448,	10427,	-333,	-11,	-264,	10327,	100,	-30,	-71,	10307,	18,	-68,	-256,	
1,	15,	532844,	1.65255e+015,	-1,	-2,	0,	-3,	-1,	0,	-1,	2,	1.65255e+009,	-0.886019,	-0.368368,	-0.394565,	-0.0411488,	-0.787186,	-0.235266,	-0.0222832,	0.110419,	-0.815309,	-0.19459,	-0.0209634,	-0.0105726,	-0.868404,	-0.22265,	-0.0219871,	-0.0889331,	-0.605268,	-0.337623,	-0.0209194,	-0.386999,	-0.5278,	0.61273,	-0.07448,	10437,	-330,	-10,	-269,	10337,	102,	-29,	-72,	10317,	19,	-69,	-258,	
1,	15,	532922,	1.65255e+015,	-3,	-4,	7,	-10,	-4,	-2,	-1,	-2,	1.65255e+009,	-0.886019,	-0.368368,	-0.394565,	-0.0411488,	-0.787186,	-0.235266,	-0.0222832,	0.110419,	-0.815309,	-0.19459,	-0.0209634,	-0.0105726,	-0.868404,	-0.22265,	-0.0219871,	-0.0889331,	-0.605268,	-0.337623,	-0.0209194,	-0.386999,	-0.5278,	0.61273,	-0.07448,	10447,	-327,	-10,	-275,	10347,	104,	-28,	-73,	10327,	19,	-69,	-260,	
1,	15,	532985,	1.65255e+015,	0,	-1,	-8,	-3,	-1,	0,	1,	0,	1.65255e+009,	-0.886019,	-0.368368,	-0.394565,	-0.0411488,	-0.787186,	-0.235266,	-0.0222832,	0.110419,	-0.815309,	-0.19459,	-0.0209634,	-0.0105726,	-0.868404,	-0.22265,	-0.0219871,	-0.0889331,	-0.605268,	-0.337623,	-0.0209194,	-0.386999,	-0.5278,	0.61273,	-0.07448,	10457,	-326,	-10,	-281,	10357,	104,	-28,	-75,	10337,	19,	-70,	-262,	
1,	15,	533047,	1.65255e+015,	0,	1,	9,	-7,	0,	0,	-2,	0,	1.65255e+009,	-0.886019,	-0.368368,	-0.394565,	-0.0411488,	-0.787186,	-0.235266,	-0.0222832,	0.110419,	-0.815309,	-0.19459,	-0.0209634,	-0.0105726,	-0.868404,	-0.22265,	-0.0219871,	-0.0889331,	-0.605268,	-0.337623,	-0.0209194,	-0.386999,	-0.5278,	0.61273,	-0.07448,	10467,	-324,	-10,	-284,	10367,	104,	-27,	-77,	10347,	20,	-69,	-264,	
1,	15,	533110,	1.65255e+015,	-1,	2,	13,	1,	0,	0,	-2,	-1,	1.65255e+009,	-0.886019,	-0.368368,	-0.394565,	-0.0411488,	-0.787186,	-0.235266,	-0.0222832,	0.110419,	-0.815309,	-0.19459,	-0.0209634,	-0.0105726,	-0.868404,	-0.22265,	-0.0219871,	-0.0889331,	-0.605268,	-0.337623,	-0.0209194,	-0.386999,	-0.5278,	0.61273,	-0.07448,	10477,	-327,	-9,	-285,	10377,	104,	-30,	-80,	10357,	19,	-70,	-265,	
1,	15,	533188,	1.65255e+015,	1,	0,	-10,	-3,	-1,	0,	0,	0,	1.65255e+009,	-0.886019,	-0.368368,	-0.394565,	-0.0411488,	-0.787186,	-0.235266,	-0.0222832,	0.110419,	-0.815309,	-0.19459,	-0.0209634,	-0.0105726,	-0.868404,	-0.22265,	-0.0219871,	-0.0889331,	-0.605268,	-0.337623,	-0.0209194,	-0.386999,	-0.5278,	0.61273,	-0.07448,	10487,	-327,	-9,	-286,	10387,	104,	-30,	-83,	10367,	19,	-68,	-266,	
1,	15,	533250,	1.65255e+015,	1,	9,	12,	-1,	-2,	0,	-1,	-1,	1.65255e+009,	-0.886019,	-0.368368,	-0.394565,	-0.0411488,	-0.787186,	-0.235266,	-0.0222832,	0.110419,	-0.815309,	-0.19459,	-0.0209634,	-0.0105726,	-0.868404,	-0.22265,	-0.0219871,	-0.0889331,	-0.605268,	-0.337623,	-0.0209194,	-0.386999,	-0.5278,	0.61273,	-0.07448,	10497,	-327,	-9,	-287,	10397,	103,	-30,	-85,	10377,	18,	-67,	-267,	
1,	15,	533329,	1.65255e+015,	0,	6,	4,	15,	4,	1,	2,	0,	1.65255e+009,	-0.886019,	-0.368368,	-0.394565,	-0.0411488,	-0.787186,	-0.235266,	-0.0222832,	0.110419,	-0.815309,	-0.19459,	-0.0209634,	-0.0105726,	-0.868404,	-0.22265,	-0.0219871,	-0.0889331,	-0.605268,	-0.337623,	-0.0209194,	-0.386999,	-0.5278,	0.61273,	-0.07448,	10507,	-327,	-9,	-288,	10407,	105,	-29,	-87,	10387,	20,	-67,	-269,	
1,	15,	533391,	1.65255e+015,	-1,	3,	7,	-4,	-2,	0,	-1,	0,	1.65255e+009,	-0.886019,	-0.368368,	-0.394565,	-0.0411488,	-0.787186,	-0.235266,	-0.0222832,	0.110419,	-0.815309,	-0.19459,	-0.0209634,	-0.0105726,	-0.868404,	-0.22265,	-0.0219871,	-0.0889331,	-0.605268,	-0.337623,	-0.0209194,	-0.386999,	-0.5278,	0.61273,	-0.07448,	10517,	-329,	-7,	-288,	10417,	108,	-30,	-89,	10397,	23,	-65,	-271,	
2,	15,	533485,	1.65255e+015,	0,	4,	0,	7,	-1,	-2,	-2,	0,	1.65255e+009,	-0.886019,	-0.368368,	-0.394565,	-0.0411488,	-0.787186,	-0.235266,	-0.0222832,	0.110419,	-0.815309,	-0.19459,	-0.0209634,	-0.0105726,	-0.868404,	-0.22265,	-0.0219871,	-0.0889331,	-0.605268,	-0.337623,	-0.0209194,	-0.386999,	-0.5278,	0.61273,	-0.07448,	10527,	-330,	-8,	-286,	10427,	109,	-30,	-92,	10407,	25,	-65,	-275,	
2,	15,	533563,	1.65255e+015,	-2,	-4,	-12,	7,	3,	1,	1,	0,	1.65255e+009,	-0.886019,	-0.368368,	-0.394565,	-0.0411488,	-0.787186,	-0.235266,	-0.0222832,	0.110419,	-0.815309,	-0.19459,	-0.0209634,	-0.0105726,	-0.868404,	-0.22265,	-0.0219871,	-0.0889331,	-0.605268,	-0.337623,	-0.0209194,	-0.386999,	-0.5278,	0.61273,	-0.07448,	10537,	-331,	-8,	-286,	10437,	110,	-31,	-94,	10417,	27,	-62,	-277,	
2,	15,	533625,	1.65255e+015,	0,	4,	6,	5,	-2,	-1,	-3,	0,	1.65255e+009,	-0.886019,	-0.368368,	-0.394565,	-0.0411488,	-0.787186,	-0.235266,	-0.0222832,	0.110419,	-0.815309,	-0.19459,	-0.0209634,	-0.0105726,	-0.868404,	-0.22265,	-0.0219871,	-0.0889331,	-0.605268,	-0.337623,	-0.0209194,	-0.386999,	-0.5278,	0.61273,	-0.07448,	10547,	-330,	-8,	-286,	10447,	111,	-31,	-95,	10427,	27,	-59,	-278,	
2,	15,	533719,	1.65255e+015,	-3,	-4,	-15,	-3,	3,	1,	-1,	-2,	1.65255e+009,	-0.886019,	-0.368368,	-0.394565,	-0.0411488,	-0.787186,	-0.235266,	-0.0222832,	0.110419,	-0.815309,	-0.19459,	-0.0209634,	-0.0105726,	-0.868404,	-0.22265,	-0.0219871,	-0.0889331,	-0.605268,	-0.337623,	-0.0209194,	-0.386999,	-0.5278,	0.61273,	-0.07448,	10557,	-329,	-9,	-285,	10457,	113,	-30,	-96,	10437,	30,	-57,	-279,	
2,	15,	533797,	1.65255e+015,	-2,	-9,	-64,	-5,	-5,	-1,	-3,	-2,	1.65255e+009,	-0.886019,	-0.368368,	-0.394565,	-0.0411488,	-0.787186,	-0.235266,	-0.0222832,	0.110419,	-0.815309,	-0.19459,	-0.0209634,	-0.0105726,	-0.868404,	-0.22265,	-0.0219871,	-0.0889331,	-0.605268,	-0.337623,	-0.0209194,	-0.386999,	-0.5278,	0.61273,	-0.07448,	10567,	-330,	-9,	-285,	10467,	113,	-31,	-97,	10447,	30,	-55,	-280,	
2,	15,	533875,	1.65255e+015,	-4,	-9,	27,	1,	-3,	-2,	-1,	-2,	1.65255e+009,	-0.886019,	-0.368368,	-0.394565,	-0.0411488,	-0.787186,	-0.235266,	-0.0222832,	0.110419,	-0.815309,	-0.19459,	-0.0209634,	-0.0105726,	-0.868404,	-0.22265,	-0.0219871,	-0.0889331,	-0.605268,	-0.337623,	-0.0209194,	-0.386999,	-0.5278,	0.61273,	-0.07448,	10577,	-330,	-9,	-285,	10477,	114,	-31,	-98,	10457,	31,	-54,	-281,	
2,	15,	533954,	1.65255e+015,	-5,	2,	-15,	-17,	-6,	-21,	-11,	-4,	1.65255e+009,	-0.810869,	-0.368368,	-0.394565,	-0.0411488,	-0.787186,	-0.235266,	-0.0222832,	0.110419,	-0.815309,	-0.19459,	-0.0209634,	-0.0105726,	-0.868404,	-0.22265,	-0.0219871,	-0.0889331,	-0.605268,	-0.337623,	-0.0209194,	-0.386999,	-0.5278,	0.61273,	-0.07448,	10587,	-331,	-8,	-285,	10487,	113,	-31,	-99,	10467,	30,	-52,	-281,	
2,	15,	534032,	1.65255e+015,	-10,	-3,	-29,	-5,	6,	36,	-80,	-3,	1.65255e+009,	-0.555359,	-0.368368,	-0.328529,	-0.169277,	-0.723122,	-0.235266,	-0.0222832,	0.112691,	-0.815309,	-0.19459,	-0.0209634,	-0.0171729,	-0.868404,	-0.22265,	-0.0219871,	-0.0777914,	-0.605268,	-0.337623,	-0.0209194,	-0.375857,	-0.3913,	0.61273,	-0.07448,	10597,	-331,	-10,	-283,	10497,	112,	-31,	-99,	10477,	29,	-51,	-281,	
2,	15,	534110,	1.65255e+015,	9,	-1,	89,	13,	2,	-3,	-60,	-2,	1.65255e+009,	-0.209669,	-0.368368,	-0.328529,	-0.248125,	-0.659058,	-0.0824958,	-0.0118465,	0.123763,	-0.531449,	-0.0149685,	-0.00247295,	-0.0149731,	-0.651574,	-0.133945,	-0.0170294,	-0.0933336,	-0.605268,	-0.222306,	-0.0219776,	-0.391399,	-0.1729,	0.57821,	-0.07448,	10607,	-332,	-10,	-282,	10507,	113,	-31,	-99,	10487,	31,	-50,	-281,	
2,	15,	534188,	1.65255e+015,	1,	-2,	-42,	-8,	-1,	20,	-67,	8,	1.65255e+009,	-0.119489,	-0.368368,	-0.245984,	-0.302333,	-0.498898,	-0.00611083,	-0.00102689,	0.143635,	-0.389519,	0.0848215,	0.016722,	-0.00397331,	-0.651574,	-0.0452396,	-0.00703581,	-0.13556,	-0.517548,	-0.0813625,	-0.0117133,	-0.463195,	-0.1729,	0.53506,	-0.05488,	10617,	-331,	-9,	-282,	10517,	115,	-30,	-98,	10497,	31,	-52,	-282,	
2,	15,	534266,	1.65255e+015,	-6,	-9,	-31,	-13,	-1,	8,	13,	3,	1.65255e+009,	0.0157815,	-0.368368,	-0.245984,	-0.322045,	-0.338738,	-0.00611083,	-0.00102689,	0.143635,	-0.216049,	0.0848215,	0.016722,	-0.00397331,	-0.543159,	0.0257244,	0.00458491,	-0.13556,	-0.517548,	-0.0172975,	-0.00284483,	-0.486851,	-0.2093,	0.53506,	-0.05488,	10627,	-332,	-9,	-282,	10527,	115,	-30,	-98,	10507,	32,	-52,	-282,	
2,	15,	534344,	1.65255e+015,	-9,	-9,	-12,	10,	-8,	-14,	25,	-4,	1.65255e+009,	0.0157815,	-0.368368,	-0.245984,	-0.322045,	-0.258658,	-0.00611083,	-0.00102689,	0.143635,	-0.216049,	0.0848215,	0.016722,	-0.00397331,	-0.456427,	0.0257244,	0.00458491,	-0.13556,	-0.517548,	-0.0172975,	-0.00284483,	-0.486851,	-0.2093,	0.53506,	-0.05488,	10637,	-332,	-9,	-283,	10537,	116,	-29,	-98,	10517,	33,	-52,	-283,	
2,	15,	534422,	1.65255e+015,	-5,	-2,	25,	2,	-5,	0,	1,	-2,	1.65255e+009,	0.0157815,	-0.368368,	-0.245984,	-0.322045,	-0.258658,	-0.00611083,	-0.00102689,	0.150968,	-0.137199,	0.0848215,	0.016722,	0.00336005,	-0.456427,	0.0257244,	0.00458491,	-0.157796,	-0.407898,	-0.0172975,	-0.00284483,	-0.509088,	-0.2093,	0.53506,	-0.05488,	10647,	-330,	-11,	-283,	10547,	116,	-29,	-97,	10527,	32,	-52,	-282,	
2,	15,	534516,	1.65255e+015,	-2,	-8,	-42,	-5,	0,	13,	9,	6,	1.65255e+009,	0.0157815,	-0.368368,	-0.245984,	-0.322045,	-0.258658,	-0.00611083,	-0.00102689,	0.150968,	-0.137199,	0.0848215,	0.016722,	0.00336005,	-0.456427,	0.0257244,	0.00458491,	-0.157796,	-0.407898,	-0.0172975,	-0.00284483,	-0.509088,	-0.2093,	0.53506,	-0.05488,	10657,	-329,	-11,	-284,	10557,	117,	-27,	-97,	10537,	33,	-52,	-282,	
2,	15,	534594,	1.65255e+015,	-3,	4,	17,	-10,	0,	-7,	26,	2,	1.65255e+009,	0.0157815,	-0.368368,	-0.245984,	-0.322045,	-0.258658,	-0.00611083,	-0.00102689,	0.150968,	-0.137199,	0.0848215,	0.016722,	0.00336005,	-0.456427,	0.0257244,	0.00458491,	-0.157796,	-0.407898,	-0.0172975,	-0.00284483,	-0.509088,	-0.2093,	0.53506,	-0.05488,	10667,	-328,	-11,	-286,	10567,	116,	-27,	-97,	10547,	33,	-52,	-283,	
2,	15,	534672,	1.65255e+015,	0,	5,	-24,	-4,	-2,	-7,	-44,	-8,	1.65255e+009,	0.0157815,	-0.368368,	-0.245984,	-0.322045,	-0.258658,	-0.00611083,	-0.00102689,	0.150968,	-0.137199,	0.0848215,	0.016722,	0.00336005,	-0.456427,	0.0257244,	0.00458491,	-0.157796,	-0.407898,	-0.0172975,	-0.00284483,	-0.509088,	-0.2093,	0.53506,	-0.05488,	10677,	-326,	-11,	-289,	10577,	115,	-27,	-97,	10557,	32,	-51,	-283,	
2,	15,	534750,	1.65255e+015,	-1,	-5,	46,	9,	2,	13,	43,	4,	1.65255e+009,	0.0157815,	-0.368368,	-0.179948,	-0.322045,	-0.258658,	-0.00611083,	-0.00102689,	0.150968,	-0.137199,	0.0848215,	0.016722,	0.00336005,	-0.456427,	0.0257244,	0.00458491,	-0.157796,	-0.407898,	-0.0172975,	-0.00284483,	-0.509088,	-0.2093,	0.53506,	-0.05488,	10687,	-325,	-10,	-292,	10587,	113,	-28,	-98,	10567,	31,	-51,	-283,	
2,	15,	534829,	1.65255e+015,	-11,	-3,	-20,	-3,	-8,	-4,	2,	-3,	1.65255e+009,	0.0157815,	-0.368368,	-0.179948,	-0.322045,	-0.258658,	-0.00611083,	-0.00102689,	0.150968,	-0.137199,	0.0848215,	0.016722,	0.00336005,	-0.456427,	0.0257244,	0.00458491,	-0.157796,	-0.407898,	-0.0172975,	-0.00284483,	-0.509088,	-0.2093,	0.53506,	-0.05488,	10697,	-324,	-11,	-295,	10597,	112,	-28,	-98,	10577,	31,	-51,	-283,	
2,	15,	534907,	1.65255e+015,	6,	26,	55,	16,	3,	2,	2,	6,	1.65255e+009,	0.0157815,	-0.368368,	-0.179948,	-0.322045,	-0.258658,	-0.00611083,	-0.00102689,	0.150968,	-0.137199,	0.0848215,	0.016722,	0.00336005,	-0.456427,	0.0257244,	0.00458491,	-0.157796,	-0.407898,	-0.0172975,	-0.00284483,	-0.509088,	-0.2093,	0.53506,	-0.05488,	10707,	-322,	-11,	-297,	10607,	111,	-28,	-98,	10587,	30,	-50,	-282,	
2,	15,	535000,	1.65255e+015,	-4,	5,	10,	7,	0,	-10,	31,	2,	1.65255e+009,	0.0157815,	-0.368368,	-0.179948,	-0.322045,	-0.258658,	-0.00611083,	-0.00102689,	0.150968,	-0.137199,	0.0848215,	0.016722,	0.00336005,	-0.456427,	0.0257244,	0.00458491,	-0.157796,	-0.407898,	-0.0172975,	-0.00284483,	-0.509088,	-0.2093,	0.53506,	-0.05488,	10717,	-322,	-11,	-300,	10617,	112,	-28,	-97,	10597,	30,	-52,	-282,	
2,	15,	535079,	1.65255e+015,	-3,	-2,	7,	-9,	-5,	-19,	-12,	-2,	1.65255e+009,	0.0157815,	-0.368368,	-0.179948,	-0.322045,	-0.258658,	-0.00611083,	-0.00102689,	0.150968,	-0.137199,	0.0848215,	0.016722,	0.00336005,	-0.456427,	0.0257244,	0.00458491,	-0.157796,	-0.407898,	-0.0172975,	-0.00284483,	-0.509088,	-0.2093,	0.53506,	-0.05488,	10727,	-318,	-9,	-305,	10627,	111,	-27,	-98,	10607,	31,	-51,	-282,	
2,	15,	535157,	1.65255e+015,	-4,	-6,	-6,	-11,	-2,	-6,	1,	0,	1.65255e+009,	0.0157815,	-0.368368,	-0.179948,	-0.322045,	-0.258658,	-0.00611083,	-0.00102689,	0.150968,	-0.137199,	0.0848215,	0.016722,	0.00336005,	-0.456427,	0.0257244,	0.00458491,	-0.157796,	-0.407898,	-0.0172975,	-0.00284483,	-0.509088,	-0.2093,	0.53506,	-0.05488,	10737,	-314,	-8,	-311,	10637,	112,	-27,	-97,	10617,	30,	-53,	-282,	
2,	15,	535235,	1.65255e+015,	1,	-1,	29,	3,	-1,	-2,	-3,	-1,	1.65255e+009,	0.0157815,	-0.368368,	-0.179948,	-0.322045,	-0.258658,	-0.00611083,	-0.00102689,	0.150968,	-0.137199,	0.0848215,	0.016722,	0.00336005,	-0.456427,	0.0257244,	0.00458491,	-0.157796,	-0.407898,	-0.0172975,	-0.00284483,	-0.509088,	-0.2093,	0.53506,	-0.05488,	10747,	-308,	-7,	-317,	10647,	112,	-26,	-97,	10627,	30,	-52,	-282,	
2,	15,	535313,	1.65255e+015,	5,	6,	-21,	5,	4,	22,	-21,	-4,	1.65255e+009,	0.0157815,	-0.368368,	-0.179948,	-0.322045,	-0.258658,	-0.00611083,	-0.00102689,	0.150968,	-0.137199,	0.0848215,	0.016722,	0.00336005,	-0.456427,	0.0257244,	0.00458491,	-0.157796,	-0.407898,	-0.0172975,	-0.00284483,	-0.509088,	-0.1729,	0.53506,	-0.05488,	10757,	-304,	-7,	-322,	10657,	112,	-25,	-97,	10637,	30,	-52,	-282,	
2,	15,	535391,	1.65255e+015,	15,	8,	-4,	15,	9,	12,	-10,	8,	1.65255e+009,	0.0157815,	-0.368368,	-0.179948,	-0.322045,	-0.258658,	-0.00611083,	-0.00102689,	0.150968,	-0.137199,	0.0848215,	0.016722,	0.00336005,	-0.456427,	0.0257244,	0.00458491,	-0.157796,	-0.407898,	-0.0172975,	-0.00284483,	-0.509088,	-0.1729,	0.53506,	-0.05488,	10767,	-300,	-6,	-326,	10667,	112,	-26,	-97,	10647,	31,	-54,	-283,	
2,	15,	535469,	1.65255e+015,	-1,	-2,	-21,	13,	1,	-3,	-18,	-4,	1.65255e+009,	0.0157815,	-0.368368,	-0.179948,	-0.322045,	-0.258658,	-0.00611083,	-0.00102689,	0.150968,	-0.137199,	0.0848215,	0.016722,	0.00336005,	-0.456427,	0.0257244,	0.00458491,	-0.157796,	-0.407898,	-0.0172975,	-0.00284483,	-0.509088,	-0.1729,	0.53506,	-0.05488,	10777,	-296,	-4,	-331,	10677,	112,	-26,	-97,	10657,	31,	-52,	-283,	
2,	15,	535547,	1.65255e+015,	0,	2,	14,	0,	-1,	13,	-4,	1,	1.65255e+009,	0.0157815,	-0.368368,	-0.179948,	-0.322045,	-0.258658,	-0.00611083,	-0.00102689,	0.150968,	-0.137199,	0.0848215,	0.016722,	0.00336005,	-0.456427,	0.0257244,	0.00458491,	-0.157796,	-0.407898,	-0.0172975,	-0.00284483,	-0.509088,	-0.1729,	0.53506,	-0.05488,	10787,	-294,	-3,	-335,	10687,	112,	-26,	-97,	10667,	30,	-52,	-283,	
2,	15,	535625,	1.65255e+015,	-2,	1,	-11,	-3,	-3,	0,	23,	3,	1.65255e+009,	0.0157815,	-0.368368,	-0.179948,	-0.322045,	-0.258658,	-0.00611083,	-0.00102689,	0.150968,	-0.137199,	0.0848215,	0.016722,	0.00336005,	-0.456427,	0.0257244,	0.00458491,	-0.157796,	-0.407898,	-0.0172975,	-0.00284483,	-0.509088,	-0.1729,	0.53506,	-0.05488,	10797,	-292,	0,	-340,	10697,	111,	-27,	-98,	10677,	31,	-50,	-283,	
2,	15,	535704,	1.65255e+015,	-4,	-5,	-8,	-11,	-2,	-2,	1,	-2,	1.65255e+009,	0.0157815,	-0.368368,	-0.179948,	-0.322045,	-0.258658,	-0.00611083,	-0.00102689,	0.150968,	-0.137199,	0.0848215,	0.016722,	0.00336005,	-0.456427,	0.0257244,	0.00458491,	-0.157796,	-0.407898,	-0.0172975,	-0.00284483,	-0.509088,	-0.1729,	0.53506,	-0.05488,	10807,	-290,	0,	-343,	10707,	111,	-28,	-99,	10687,	30,	-50,	-283,	
2,	15,	535797,	1.65255e+015,	3,	-1,	-1,	-3,	1,	4,	12,	0,	1.65255e+009,	0.0157815,	-0.368368,	-0.179948,	-0.322045,	-0.258658,	-0.00611083,	-0.00102689,	0.150968,	-0.137199,	0.0848215,	0.016722,	0.00336005,	-0.456427,	0.0257244,	0.00458491,	-0.157796,	-0.407898,	-0.0172975,	-0.00284483,	-0.509088,	-0.1729,	0.53506,	-0.05488,	10817,	-289,	0,	-347,	10717,	113,	-28,	-100,	10697,	31,	-49,	-284,	
2,	15,	535875,	1.65255e+015,	1,	5,	6,	5,	1,	1,	5,	4,	1.65255e+009,	0.0157815,	-0.368368,	-0.179948,	-0.322045,	-0.258658,	-0.00611083,	-0.00102689,	0.150968,	-0.137199,	0.0848215,	0.016722,	0.00336005,	-0.456427,	0.0257244,	0.00458491,	-0.157796,	-0.407898,	-0.0172975,	-0.00284483,	-0.509088,	-0.1729,	0.53506,	-0.05488,	10827,	-287,	1,	-350,	10727,	112,	-28,	-101,	10707,	31,	-48,	-284,	
2,	15,	535954,	1.65255e+015,	5,	-1,	1,	-11,	-1,	-3,	9,	-10,	1.65255e+009,	0.0157815,	-0.368368,	-0.179948,	-0.322045,	-0.258658,	-0.00611083,	-0.00102689,	0.150968,	-0.137199,	0.0848215,	0.016722,	0.00336005,	-0.456427,	0.0257244,	0.00458491,	-0.157796,	-0.407898,	-0.0172975,	-0.00284483,	-0.509088,	-0.1729,	0.53506,	-0.05488,	10837,	-286,	1,	-354,	10737,	114,	-28,	-101,	10717,	32,	-47,	-286,	
2,	15,	536032,	1.65255e+015,	1,	4,	0,	-11,	-1,	2,	-15,	-8,	1.65255e+009,	0.0157815,	-0.368368,	-0.179948,	-0.322045,	-0.258658,	-0.00611083,	-0.00102689,	0.150968,	-0.137199,	0.0848215,	0.016722,	0.00336005,	-0.456427,	0.0257244,	0.00458491,	-0.157796,	-0.407898,	-0.0172975,	-0.00284483,	-0.509088,	-0.1729,	0.53506,	-0.05488,	10847,	-283,	2,	-359,	10747,	114,	-27,	-103,	10727,	34,	-45,	-287,	
2,	15,	536110,	1.65255e+015,	4,	8,	20,	-16,	2,	12,	-21,	6,	1.65255e+009,	0.0157815,	-0.368368,	-0.179948,	-0.322045,	-0.258658,	-0.00611083,	-0.00102689,	0.150968,	-0.137199,	0.0848215,	0.016722,	0.00336005,	-0.456427,	0.0257244,	0.00458491,	-0.157796,	-0.407898,	-0.0172975,	-0.00284483,	-0.509088,	-0.1729,	0.53506,	-0.05488,	10857,	-280,	2,	-366,	10757,	114,	-28,	-104,	10737,	34,	-45,	-288,	
2,	15,	536188,	1.65255e+015,	3,	16,	1,	8,	0,	-6,	3,	-2,	1.65255e+009,	0.0157815,	-0.368368,	-0.179948,	-0.322045,	-0.258658,	-0.00611083,	-0.00102689,	0.150968,	-0.137199,	0.0848215,	0.016722,	0.00336005,	-0.456427,	0.0257244,	0.00458491,	-0.157796,	-0.407898,	-0.0172975,	-0.00284483,	-0.509088,	-0.1729,	0.53506,	-0.05488,	10867,	-277,	2,	-375,	10767,	115,	-28,	-106,	10747,	36,	-44,	-290,	
2,	15,	536266,	1.65255e+015,	-1,	11,	38,	7,	2,	9,	39,	3,	1.65255e+009,	0.0157815,	-0.368368,	-0.179948,	-0.322045,	-0.258658,	-0.00611083,	-0.00102689,	0.150968,	-0.137199,	0.0848215,	0.016722,	0.00336005,	-0.456427,	0.0257244,	0.00458491,	-0.157796,	-0.407898,	-0.0172975,	-0.00284483,	-0.509088,	-0.1729,	0.53506,	-0.05488,	10877,	-272,	0,	-384,	10777,	116,	-28,	-107,	10757,	37,	-43,	-292,	
2,	15,	536360,	1.65255e+015,	1,	-4,	-3,	-22,	-3,	1,	32,	6,	1.65255e+009,	0.0157815,	-0.368368,	-0.179948,	-0.322045,	-0.258658,	-0.00611083,	-0.00102689,	0.150968,	-0.137199,	0.0848215,	0.016722,	0.00336005,	-0.456427,	0.0257244,	0.00458491,	-0.157796,	-0.407898,	-0.0172975,	-0.00284483,	-0.509088,	-0.1729,	0.53506,	-0.05488,	10887,	-267,	0,	-392,	10787,	118,	-28,	-108,	10767,	37,	-43,	-293,	
2,	15,	536438,	1.65255e+015,	5,	2,	-6,	7,	-8,	-17,	13,	2,	1.65255e+009,	0.0157815,	-0.368368,	-0.179948,	-0.322045,	-0.258658,	-0.00611083,	-0.00102689,	0.150968,	-0.137199,	0.0848215,	0.016722,	0.00336005,	-0.456427,	0.0257244,	0.00458491,	-0.157796,	-0.407898,	-0.0172975,	-0.00284483,	-0.509088,	-0.1729,	0.53506,	-0.05488,	10897,	-262,	2,	-401,	10797,	118,	-28,	-109,	10777,	39,	-43,	-295,	
2,	15,	536516,	1.65255e+015,	6,	4,	-2,	2,	3,	7,	12,	8,	1.65255e+009,	0.0157815,	-0.368368,	-0.179948,	-0.322045,	-0.258658,	-0.00611083,	-0.00102689,	0.150968,	-0.137199,	0.0848215,	0.016722,	0.00336005,	-0.456427,	0.0257244,	0.00458491,	-0.157796,	-0.407898,	-0.0172975,	-0.00284483,	-0.509088,	-0.1729,	0.53506,	-0.05488,	10907,	-257,	3,	-409,	10807,	120,	-29,	-111,	10787,	40,	-43,	-297,	
2,	15,	536579,	1.65255e+015,	-5,	-3,	-54,	-5,	-6,	-1,	10,	3,	1.65255e+009,	0.0157815,	-0.368368,	-0.179948,	-0.322045,	-0.258658,	-0.00611083,	-0.00102689,	0.150968,	-0.137199,	0.0848215,	0.016722,	0.00336005,	-0.456427,	0.0257244,	0.00458491,	-0.157796,	-0.407898,	-0.0172975,	-0.00284483,	-0.509088,	-0.1729,	0.53506,	-0.05488,	10917,	-252,	4,	-415,	10817,	123,	-29,	-112,	10797,	41,	-43,	-299,	
2,	15,	536657,	1.65255e+015,	-5,	-4,	-6,	-25,	-5,	-2,	-2,	-2,	1.65255e+009,	0.0157815,	-0.368368,	-0.179948,	-0.322045,	-0.258658,	-0.00611083,	-0.00102689,	0.150968,	-0.137199,	0.0848215,	0.016722,	0.00336005,	-0.456427,	0.0257244,	0.00458491,	-0.157796,	-0.407898,	-0.0172975,	-0.00284483,	-0.509088,	-0.1729,	0.53506,	-0.05488,	10927,	-250,	5,	-420,	10827,	124,	-29,	-114,	10807,	42,	-43,	-301,	
2,	15,	536719,	1.65255e+015,	6,	13,	19,	3,	6,	7,	-10,	-7,	1.65255e+009,	0.0157815,	-0.368368,	-0.179948,	-0.322045,	-0.258658,	-0.00611083,	-0.00102689,	0.150968,	-0.137199,	0.0848215,	0.016722,	0.00336005,	-0.456427,	0.0257244,	0.00458491,	-0.157796,	-0.407898,	-0.0172975,	-0.00284483,	-0.509088,	-0.1729,	0.53506,	-0.05488,	10937,	-247,	7,	-427,	10837,	125,	-29,	-116,	10817,	44,	-41,	-304,	
2,	15,	536797,	1.65255e+015,	-1,	-3,	-15,	48,	1,	3,	5,	0,	1.65255e+009,	0.0157815,	-0.368368,	-0.179948,	-0.322045,	-0.258658,	-0.00611083,	-0.00102689,	0.150968,	-0.137199,	0.0848215,	0.016722,	0.00336005,	-0.456427,	0.0257244,	0.00458491,	-0.157796,	-0.407898,	-0.0172975,	-0.00284483,	-0.509088,	-0.1274,	0.53506,	-0.05488,	10947,	-244,	9,	-436,	10847,	126,	-29,	-117,	10827,	45,	-41,	-306,	
2,	15,	536875,	1.65255e+015,	3,	2,	33,	3,	5,	24,	2,	4,	1.65255e+009,	0.0157815,	-0.368368,	-0.179948,	-0.302333,	-0.338738,	-0.00611083,	-0.00102689,	0.150968,	-0.216049,	0.0848215,	0.016722,	0.00336005,	-0.456427,	0.0257244,	0.00458491,	-0.157796,	-0.407898,	-0.0172975,	-0.00284483,	-0.509088,	-0.091,	0.53506,	-0.05488,	10957,	-240,	8,	-447,	10857,	128,	-29,	-118,	10837,	48,	-41,	-309,	
2,	15,	536938,	1.65255e+015,	-1,	-5,	-10,	-19,	-1,	0,	0,	3,	1.65255e+009,	-0.0443385,	-0.491568,	-0.179948,	-0.302333,	-0.53093,	-0.00611083,	-0.00102689,	0.150968,	-0.389519,	0.0848215,	0.016722,	0.00336005,	-0.456427,	0.0257244,	0.00458491,	-0.157796,	-0.517548,	-0.0172975,	-0.00284483,	-0.509088,	-0.0455,	0.53506,	-0.05488,	10967,	-236,	9,	-459,	10867,	129,	-29,	-120,	10847,	48,	-40,	-310,	
2,	15,	537016,	1.65255e+015,	-1,	-2,	-12,	-16,	-1,	7,	0,	0,	1.65255e+009,	-0.269789,	-0.491568,	-0.179948,	-0.213629,	-0.627026,	-0.00611083,	-0.00102689,	0.143635,	-0.531449,	0.0848215,	0.016722,	-0.00397331,	-0.564842,	-0.0807216,	-0.0116376,	-0.13556,	-0.517548,	-0.171054,	-0.0197161,	-0.457281,	-0.3003,	0.57821,	-0.05488,	10977,	-229,	10,	-473,	10877,	129,	-28,	-122,	10857,	50,	-39,	-312,	
2,	15,	537079,	1.65255e+015,	-2,	-6,	3,	0,	0,	-1,	-1,	-2,	1.65255e+009,	-0.480209,	-0.491568,	-0.262493,	-0.134781,	-0.787186,	-0.0824958,	-0.0118465,	0.131096,	-0.831079,	-0.0349265,	-0.00554715,	-0.00763974,	-0.781672,	-0.169427,	-0.0196168,	-0.11557,	-0.605268,	-0.247932,	-0.0224779,	-0.437292,	-0.4095,	0.62136,	-0.05488,	10987,	-221,	10,	-488,	10887,	130,	-28,	-123,	10867,	51,	-38,	-314,	
2,	15,	537141,	1.65255e+015,	-3,	0,	15,	20,	-1,	-1,	2,	-1,	1.65255e+009,	-0.600448,	-0.368368,	-0.262493,	-0.105213,	-0.85125,	-0.0824958,	-0.0118465,	0.131096,	-0.831079,	-0.114758,	-0.0152947,	-0.00763974,	-0.781672,	-0.258132,	-0.0225602,	-0.11557,	-0.605268,	-0.311997,	-0.02189,	-0.437292,	-0.4095,	0.62136,	-0.05488,	10997,	-215,	11,	-501,	10897,	130,	-29,	-125,	10877,	51,	-37,	-316,	
2,	15,	537219,	1.65255e+015,	-3,	-3,	-1,	12,	0,	1,	0,	-1,	1.65255e+009,	-0.675599,	-0.368368,	-0.262493,	-0.0855008,	-0.85125,	-0.158881,	-0.0189319,	0.131096,	-0.909929,	-0.214548,	-0.0217433,	-0.00763974,	-0.890087,	-0.258132,	-0.0225602,	-0.11557,	-0.605268,	-0.363249,	-0.0195284,	-0.437292,	-0.364,	0.62136,	-0.05488,	11007,	-208,	10,	-515,	10907,	131,	-30,	-126,	10887,	52,	-37,	-318,	
2,	15,	537297,	1.65255e+015,	0,	4,	-1,	-16,	-2,	2,	-1,	-1,	1.65255e+009,	-0.675599,	-0.368368,	-0.262493,	-0.0855008,	-0.915314,	-0.219989,	-0.0219117,	0.131096,	-0.988779,	-0.214548,	-0.0217433,	-0.00763974,	-0.890087,	-0.329096,	-0.021289,	-0.11557,	-0.605268,	-0.414501,	-0.0154857,	-0.437292,	-0.364,	0.62136,	-0.05488,	11017,	-206,	10,	-526,	10917,	132,	-32,	-128,	10897,	53,	-36,	-320,	
2,	15,	537360,	1.65255e+015,	-2,	-10,	-11,	7,	-2,	-2,	-2,	-1,	1.65255e+009,	-0.675599,	-0.368368,	-0.262493,	-0.0855008,	-0.915314,	-0.219989,	-0.0219117,	0.131096,	-0.988779,	-0.214548,	-0.0217433,	-0.00763974,	-0.890087,	-0.329096,	-0.021289,	-0.11557,	-0.605268,	-0.414501,	-0.0154857,	-0.437292,	-0.364,	0.62136,	-0.05488,	11027,	-202,	10,	-536,	10927,	134,	-32,	-129,	10907,	53,	-37,	-322,	
2,	15,	537454,	1.65255e+015,	-1,	-1,	-6,	-10,	-3,	1,	0,	1,	1.65255e+009,	-0.675599,	-0.269808,	-0.262493,	-0.0855008,	-0.915314,	-0.219989,	-0.0219117,	0.131096,	-0.988779,	-0.214548,	-0.0217433,	-0.00763974,	-0.890087,	-0.329096,	-0.021289,	-0.11557,	-0.605268,	-0.414501,	-0.0154857,	-0.437292,	-0.364,	0.62136,	-0.05488,	11037,	-199,	11,	-544,	10937,	136,	-32,	-130,	10917,	54,	-37,	-323,	
2,	15,	537532,	1.65255e+015,	0,	-2,	0,	9,	0,	-2,	-2,	-1,	1.65255e+009,	-0.675599,	-0.269808,	-0.262493,	-0.0855008,	-0.915314,	-0.219989,	-0.0219117,	0.131096,	-0.957239,	-0.214548,	-0.0217433,	-0.00763974,	-0.890087,	-0.329096,	-0.021289,	-0.11557,	-0.605268,	-0.414501,	-0.0154857,	-0.437292,	-0.364,	0.62136,	-0.05488,	11047,	-196,	11,	-550,	10947,	139,	-32,	-131,	10927,	55,	-38,	-325,	
2,	15,	537610,	1.65255e+015,	0,	2,	0,	3,	2,	1,	-1,	-2,	1.65255e+009,	-0.675599,	-0.269808,	-0.262493,	-0.0855008,	-0.915314,	-0.219989,	-0.0219117,	0.131096,	-0.957239,	-0.214548,	-0.0217433,	-0.00763974,	-0.890087,	-0.329096,	-0.021289,	-0.11557,	-0.605268,	-0.414501,	-0.0154857,	-0.437292,	-0.364,	0.62136,	-0.05488,	11057,	-193,	12,	-554,	10957,	141,	-30,	-132,	10937,	57,	-35,	-327,	
2,	15,	537688,	1.65255e+015,	0,	0,	4,	1,	0,	0,	0,	0,	1.65255e+009,	-0.675599,	-0.269808,	-0.262493,	-0.0855008,	-0.915314,	-0.219989,	-0.0219117,	0.131096,	-0.957239,	-0.214548,	-0.0217433,	-0.00763974,	-0.890087,	-0.329096,	-0.021289,	-0.11557,	-0.605268,	-0.414501,	-0.0154857,	-0.437292,	-0.364,	0.62136,	-0.05488,	11067,	-191,	13,	-558,	10967,	143,	-31,	-133,	10947,	58,	-34,	-329,	
2,	15,	537766,	1.65255e+015,	-1,	2,	-3,	-5,	1,	0,	-1,	-1,	1.65255e+009,	-0.675599,	-0.269808,	-0.262493,	-0.0855008,	-0.915314,	-0.219989,	-0.0219117,	0.131096,	-0.957239,	-0.214548,	-0.0217433,	-0.00763974,	-0.890087,	-0.329096,	-0.021289,	-0.11557,	-0.605268,	-0.414501,	-0.0154857,	-0.437292,	-0.364,	0.62136,	-0.05488,	11077,	-190,	12,	-561,	10977,	145,	-29,	-134,	10957,	62,	-32,	-332,	
2,	15,	537844,	1.65255e+015,	-3,	-3,	-4,	3,	-5,	-1,	-2,	-1,	1.65255e+009,	-0.675599,	-0.269808,	-0.262493,	-0.0855008,	-0.915314,	-0.219989,	-0.0219117,	0.131096,	-0.957239,	-0.214548,	-0.0217433,	-0.00763974,	-0.890087,	-0.329096,	-0.021289,	-0.11557,	-0.605268,	-0.414501,	-0.0154857,	-0.437292,	-0.364,	0.62136,	-0.05488,	11087,	-190,	12,	-565,	10987,	145,	-29,	-137,	10967,	63,	-30,	-335,	
2,	15,	537907,	1.65255e+015,	-1,	1,	4,	2,	0,	-1,	1,	1,	1.65255e+009,	-0.675599,	-0.269808,	-0.262493,	-0.0855008,	-0.915314,	-0.219989,	-0.0219117,	0.131096,	-0.957239,	-0.214548,	-0.0217433,	-0.00763974,	-0.890087,	-0.329096,	-0.021289,	-0.11557,	-0.605268,	-0.414501,	-0.0154857,	-0.437292,	-0.364,	0.62136,	-0.05488,	11097,	-189,	10,	-567,	10997,	146,	-29,	-139,	10977,	65,	-29,	-338,	
2,	15,	537969,	1.65255e+015,	0,	0,	-1,	0,	-3,	-2,	-1,	-2,	1.65255e+009,	-0.675599,	-0.269808,	-0.262493,	-0.0855008,	-0.915314,	-0.219989,	-0.0219117,	0.131096,	-0.957239,	-0.214548,	-0.0217433,	-0.00763974,	-0.890087,	-0.329096,	-0.021289,	-0.11557,	-0.605268,	-0.414501,	-0.0154857,	-0.437292,	-0.364,	0.62136,	-0.05488,	11107,	-186,	9,	-569,	11007,	145,	-30,	-142,	10987,	66,	-26,	-340,	
2,	15,	538047,	1.65255e+015,	0,	3,	0,	2,	3,	-1,	1,	-2,	1.65255e+009,	-0.675599,	-0.269808,	-0.262493,	-0.0855008,	-0.915314,	-0.219989,	-0.0219117,	0.131096,	-0.957239,	-0.214548,	-0.0217433,	-0.00763974,	-0.890087,	-0.329096,	-0.021289,	-0.11557,	-0.605268,	-0.414501,	-0.0154857,	-0.437292,	-0.364,	0.62136,	-0.05488,	11117,	-184,	7,	-571,	11017,	145,	-33,	-146,	10997,	67,	-25,	-343,	
2,	15,	538110,	1.65255e+015,	-3,	-3,	-1,	4,	-1,	-2,	0,	-1,	1.65255e+009,	-0.675599,	-0.269808,	-0.262493,	-0.0855008,	-0.915314,	-0.219989,	-0.0219117,	0.131096,	-0.957239,	-0.214548,	-0.0217433,	-0.00763974,	-0.890087,	-0.329096,	-0.021289,	-0.11557,	-0.605268,	-0.414501,	-0.0154857,	-0.437292,	-0.364,	0.62136,	-0.05488,	11127,	-182,	8,	-573,	11027,	147,	-34,	-149,	11007,	67,	-24,	-344,	
2,	15,	538188,	1.65255e+015,	1,	4,	2,	-10,	1,	0,	0,	0,	1.65255e+009,	-0.675599,	-0.269808,	-0.262493,	-0.0855008,	-0.915314,	-0.219989,	-0.0219117,	0.131096,	-0.957239,	-0.214548,	-0.0217433,	-0.00763974,	-0.890087,	-0.329096,	-0.021289,	-0.11557,	-0.605268,	-0.414501,	-0.0154857,	-0.437292,	-0.364,	0.62136,	-0.05488,	11137,	-181,	9,	-575,	11037,	148,	-36,	-152,	11017,	68,	-24,	-347,	
2,	15,	538266,	1.65255e+015,	-2,	-3,	-3,	-9,	0,	0,	-2,	0,	1.65255e+009,	-0.675599,	-0.269808,	-0.262493,	-0.0657888,	-0.915314,	-0.219989,	-0.0219117,	0.131096,	-0.957239,	-0.214548,	-0.0217433,	-0.00763974,	-0.890087,	-0.329096,	-0.021289,	-0.11557,	-0.605268,	-0.414501,	-0.0154857,	-0.437292,	-0.364,	0.62136,	-0.05488,	11147,	-182,	9,	-576,	11047,	149,	-37,	-155,	11027,	69,	-22,	-349,	
2,	15,	538344,	1.65255e+015,	-2,	-3,	2,	1,	0,	-3,	0,	-1,	1.65255e+009,	-0.675599,	-0.269808,	-0.262493,	-0.0657888,	-0.915314,	-0.219989,	-0.0219117,	0.131096,	-0.957239,	-0.214548,	-0.0217433,	-0.00763974,	-0.890087,	-0.329096,	-0.021289,	-0.11557,	-0.605268,	-0.414501,	-0.0154857,	-0.437292,	-0.364,	0.62136,	-0.05488,	11157,	-183,	10,	-576,	11057,	148,	-37,	-157,	11037,	70,	-20,	-352,	
2,	15,	538422,	1.65255e+015,	-1,	2,	1,	4,	-2,	2,	-1,	-1,	1.65255e+009,	-0.675599,	-0.269808,	-0.262493,	-0.0657888,	-0.915314,	-0.219989,	-0.0219117,	0.131096,	-0.957239,	-0.214548,	-0.0217433,	-0.00763974,	-0.890087,	-0.329096,	-0.021289,	-0.11557,	-0.605268,	-0.414501,	-0.0154857,	-0.437292,	-0.364,	0.62136,	-0.05488,	11167,	-186,	11,	-575,	11067,	150,	-37,	-158,	11047,	71,	-19,	-353,	
2,	15,	538500,	1.65255e+015,	-4,	-7,	-3,	-7,	-3,	-2,	-1,	-1,	1.65255e+009,	-0.675599,	-0.269808,	-0.262493,	-0.0657888,	-0.915314,	-0.219989,	-0.0219117,	0.131096,	-0.957239,	-0.214548,	-0.0217433,	-0.00763974,	-0.890087,	-0.329096,	-0.021289,	-0.11557,	-0.605268,	-0.414501,	-0.0154857,	-0.437292,	-0.364,	0.62136,	-0.05488,	11177,	-186,	12,	-574,	11077,	150,	-36,	-159,	11057,	73,	-18,	-355,	
2,	15,	538579,	1.65255e+015,	0,	4,	0,	1,	0,	0,	1,	-1,	1.65255e+009,	-0.675599,	-0.269808,	-0.262493,	-0.0657888,	-0.915314,	-0.219989,	-0.0219117,	0.131096,	-0.957239,	-0.214548,	-0.0217433,	-0.00763974,	-0.890087,	-0.329096,	-0.021289,	-0.11557,	-0.605268,	-0.414501,	-0.0154857,	-0.437292,	-0.364,	0.62136,	-0.05488,	11187,	-185,	14,	-573,	11087,	152,	-37,	-161,	11067,	75,	-17,	-357,	
2,	15,	538641,	1.65255e+015,	0,	9,	6,	7,	-1,	-1,	-1,	0,	1.65255e+009,	-0.675599,	-0.269808,	-0.262493,	-0.0657888,	-0.915314,	-0.219989,	-0.0219117,	0.131096,	-0.957239,	-0.214548,	-0.0217433,	-0.00763974,	-0.890087,	-0.329096,	-0.021289,	-0.11557,	-0.605268,	-0.414501,	-0.0154857,	-0.437292,	-0.364,	0.62136,	-0.05488,	11197,	-185,	13,	-574,	11097,	153,	-37,	-162,	11077,	77,	-16,	-359,	
2,	15,	538719,	1.65255e+015,	0,	4,	8,	14,	0,	1,	0,	0,	1.65255e+009,	-0.675599,	-0.269808,	-0.262493,	-0.0657888,	-0.915314,	-0.219989,	-0.0219117,	0.131096,	-0.957239,	-0.214548,	-0.0217433,	-0.00763974,	-0.890087,	-0.329096,	-0.021289,	-0.11557,	-0.605268,	-0.414501,	-0.0154857,	-0.437292,	-0.364,	0.62136,	-0.05488,	11207,	-185,	13,	-575,	11107,	153,	-37,	-163,	11087,	77,	-15,	-361,	
2,	15,	538782,	1.65255e+015,	2,	2,	2,	2,	4,	1,	-1,	1,	1.65255e+009,	-0.675599,	-0.269808,	-0.262493,	-0.0657888,	-0.915314,	-0.219989,	-0.0219117,	0.131096,	-0.957239,	-0.214548,	-0.0217433,	-0.00763974,	-0.890087,	-0.329096,	-0.021289,	-0.11557,	-0.605268,	-0.414501,	-0.0154857,	-0.437292,	-0.364,	0.62136,	-0.05488,	11217,	-186,	11,	-576,	11117,	153,	-37,	-165,	11097,	77,	-14,	-362,	
