1,	6,	506266,	1.65255e+015,	-1,	5,	20,	49,	2,	0,	1,	-2,	1.65255e+009,	-0.780809,	-0.269808,	-0.328529,	-0.0312928,	-1.02743,	-0.235266,	-0.0222832,	0.117091,	-1.09917,	-0.0748425,	-0.0109308,	-0.0127728,	-1.1286,	-0.204909,	-0.0213985,	-0.0911333,	-0.890358,	-0.337623,	-0.0209194,	-0.418769,	-0.364,	0.64725,	-0.05488,	33603,	-322,	-15,	-309,	33553,	138,	-28,	-87,	33533,	46,	-56,	-289,	
1,	6,	506344,	1.65255e+015,	0,	-6,	-9,	-33,	-3,	0,	-1,	-1,	1.65255e+009,	-0.780809,	-0.269808,	-0.328529,	-0.0312928,	-1.02743,	-0.235266,	-0.0222832,	0.117091,	-1.09917,	-0.0748425,	-0.0109308,	-0.0127728,	-1.1286,	-0.204909,	-0.0213985,	-0.0911333,	-0.890358,	-0.337623,	-0.0209194,	-0.418769,	-0.364,	0.64725,	-0.05488,	33613,	-323,	-14,	-305,	33563,	138,	-28,	-85,	33543,	46,	-56,	-286,	
1,	6,	506422,	1.65255e+015,	-1,	1,	5,	41,	1,	0,	-1,	-2,	1.65255e+009,	-0.780809,	-0.269808,	-0.328529,	-0.0312928,	-1.02743,	-0.235266,	-0.0222832,	0.117091,	-1.09917,	-0.0748425,	-0.0109308,	-0.0127728,	-1.1286,	-0.204909,	-0.0213985,	-0.0911333,	-0.890358,	-0.337623,	-0.0209194,	-0.418769,	-0.4004,	0.64725,	-0.05488,	33623,	-325,	-14,	-301,	33573,	137,	-28,	-84,	33553,	43,	-57,	-284,	
1,	6,	506485,	1.65255e+015,	0,	-1,	-11,	-6,	5,	1,	0,	0,	1.65255e+009,	-0.780809,	-0.269808,	-0.328529,	-0.0312928,	-1.02743,	-0.235266,	-0.0222832,	0.117091,	-1.09917,	-0.0748425,	-0.0109308,	-0.0127728,	-1.1286,	-0.204909,	-0.0213985,	-0.0911333,	-0.890358,	-0.337623,	-0.0209194,	-0.418769,	-0.4004,	0.64725,	-0.05488,	33633,	-324,	-15,	-298,	33583,	136,	-29,	-81,	33563,	43,	-58,	-281,	
1,	6,	506547,	1.65255e+015,	-4,	-4,	6,	-1,	0,	-1,	-1,	-3,	1.65255e+009,	-0.780809,	-0.269808,	-0.328529,	-0.0312928,	-1.02743,	-0.235266,	-0.0222832,	0.117091,	-1.09917,	-0.0748425,	-0.0109308,	-0.0127728,	-1.1286,	-0.204909,	-0.0213985,	-0.0911333,	-0.890358,	-0.337623,	-0.0209194,	-0.418769,	-0.4004,	0.64725,	-0.05488,	33643,	-325,	-15,	-296,	33593,	136,	-28,	-79,	33573,	42,	-59,	-278,	
1,	6,	506625,	1.65255e+015,	-2,	-1,	-5,	-5,	-1,	-1,	0,	1,	1.65255e+009,	-0.780809,	-0.269808,	-0.328529,	-0.0312928,	-1.02743,	-0.235266,	-0.0222832,	0.117091,	-1.09917,	-0.0748425,	-0.0109308,	-0.0127728,	-1.1286,	-0.204909,	-0.0213985,	-0.0911333,	-0.890358,	-0.337623,	-0.0209194,	-0.418769,	-0.4004,	0.64725,	-0.05488,	33653,	-325,	-15,	-295,	33603,	133,	-28,	-78,	33583,	40,	-59,	-276,	
1,	6,	506688,	1.65255e+015,	1,	0,	-4,	21,	6,	0,	-1,	-1,	1.65255e+009,	-0.780809,	-0.269808,	-0.328529,	-0.0312928,	-1.02743,	-0.235266,	-0.0222832,	0.117091,	-1.09917,	-0.0748425,	-0.0109308,	-0.0127728,	-1.1286,	-0.204909,	-0.0213985,	-0.0911333,	-0.890358,	-0.337623,	-0.0209194,	-0.418769,	-0.4004,	0.64725,	-0.05488,	33663,	-326,	-15,	-293,	33613,	132,	-28,	-77,	33593,	41,	-59,	-273,	
1,	6,	506750,	1.65255e+015,	-4,	-4,	-24,	-11,	1,	1,	-1,	-5,	1.65255e+009,	-0.780809,	-0.269808,	-0.328529,	-0.0312928,	-1.02743,	-0.235266,	-0.0222832,	0.117091,	-1.09917,	-0.0748425,	-0.0109308,	-0.0127728,	-1.1286,	-0.204909,	-0.0213985,	-0.0911333,	-0.890358,	-0.337623,	-0.0209194,	-0.418769,	-0.4004,	0.64725,	-0.05488,	33673,	-326,	-15,	-292,	33623,	130,	-27,	-76,	33603,	38,	-59,	-271,	
1,	6,	506813,	1.65255e+015,	3,	11,	0,	0,	-2,	-1,	1,	2,	1.65255e+009,	-0.780809,	-0.269808,	-0.328529,	-0.0312928,	-1.02743,	-0.235266,	-0.0222832,	0.117091,	-1.09917,	-0.0748425,	-0.0109308,	-0.0127728,	-1.1286,	-0.204909,	-0.0213985,	-0.0911333,	-0.890358,	-0.337623,	-0.0209194,	-0.418769,	-0.4004,	0.64725,	-0.05488,	33683,	-326,	-14,	-291,	33633,	130,	-27,	-75,	33613,	38,	-59,	-268,	
1,	6,	506891,	1.65255e+015,	-3,	-1,	3,	-1,	2,	0,	-3,	2,	1.65255e+009,	-0.780809,	-0.269808,	-0.328529,	-0.0312928,	-1.02743,	-0.235266,	-0.0222832,	0.117091,	-1.09917,	-0.0748425,	-0.0109308,	-0.0127728,	-1.1286,	-0.204909,	-0.0213985,	-0.0911333,	-0.890358,	-0.337623,	-0.0209194,	-0.418769,	-0.4004,	0.64725,	-0.05488,	33693,	-325,	-15,	-289,	33643,	131,	-26,	-73,	33623,	37,	-60,	-267,	
1,	6,	506969,	1.65255e+015,	-1,	-7,	-3,	5,	2,	1,	0,	3,	1.65255e+009,	-0.780809,	-0.269808,	-0.328529,	-0.0312928,	-1.02743,	-0.235266,	-0.0222832,	0.117091,	-1.09917,	-0.0748425,	-0.0109308,	-0.0127728,	-1.1286,	-0.204909,	-0.0213985,	-0.0911333,	-0.890358,	-0.337623,	-0.0209194,	-0.418769,	-0.4004,	0.64725,	-0.05488,	33703,	-325,	-14,	-288,	33653,	132,	-26,	-72,	33633,	38,	-59,	-266,	
1,	6,	507047,	1.65255e+015,	0,	-7,	-13,	-22,	-3,	0,	-1,	-4,	1.65255e+009,	-0.780809,	-0.269808,	-0.328529,	-0.0312928,	-1.02743,	-0.235266,	-0.0222832,	0.117091,	-1.09917,	-0.0748425,	-0.0109308,	-0.0127728,	-1.1286,	-0.204909,	-0.0213985,	-0.0911333,	-0.890358,	-0.337623,	-0.0209194,	-0.418769,	-0.4004,	0.64725,	-0.05488,	33713,	-325,	-15,	-288,	33663,	132,	-24,	-71,	33643,	38,	-59,	-266,	
1,	6,	507125,	1.65255e+015,	1,	3,	1,	1,	0,	-1,	-2,	1,	1.65255e+009,	-0.780809,	-0.269808,	-0.328529,	-0.0312928,	-1.02743,	-0.235266,	-0.0222832,	0.117091,	-1.09917,	-0.0748425,	-0.0109308,	-0.0127728,	-1.1286,	-0.204909,	-0.0213985,	-0.0911333,	-0.890358,	-0.337623,	-0.0209194,	-0.418769,	-0.4004,	0.64725,	-0.05488,	33723,	-325,	-15,	-289,	33673,	132,	-24,	-70,	33653,	39,	-60,	-266,	
1,	6,	507204,	1.65255e+015,	0,	-2,	1,	-3,	0,	-1,	-1,	-3,	1.65255e+009,	-0.780809,	-0.269808,	-0.328529,	-0.0312928,	-1.02743,	-0.235266,	-0.0222832,	0.117091,	-1.09917,	-0.0748425,	-0.0109308,	-0.0127728,	-1.1286,	-0.204909,	-0.0213985,	-0.0911333,	-0.890358,	-0.337623,	-0.0209194,	-0.418769,	-0.4004,	0.64725,	-0.05488,	33733,	-325,	-15,	-289,	33683,	132,	-23,	-70,	33663,	40,	-59,	-267,	
1,	6,	507282,	1.65255e+015,	-3,	-7,	-17,	-54,	-6,	-1,	-2,	-2,	1.65255e+009,	-0.780809,	-0.269808,	-0.328529,	-0.0312928,	-1.02743,	-0.235266,	-0.0222832,	0.117091,	-1.09917,	-0.0748425,	-0.0109308,	-0.0127728,	-1.1286,	-0.204909,	-0.0213985,	-0.0911333,	-0.890358,	-0.337623,	-0.0209194,	-0.418769,	-0.4004,	0.64725,	-0.05488,	33743,	-324,	-15,	-289,	33693,	133,	-22,	-70,	33673,	39,	-60,	-267,	
1,	6,	507360,	1.65255e+015,	-1,	3,	22,	7,	-1,	0,	0,	0,	1.65255e+009,	-0.780809,	-0.269808,	-0.328529,	-0.0312928,	-1.02743,	-0.235266,	-0.0222832,	0.117091,	-1.09917,	-0.0748425,	-0.0109308,	-0.0127728,	-1.1286,	-0.204909,	-0.0213985,	-0.0911333,	-0.890358,	-0.337623,	-0.0209194,	-0.418769,	-0.4004,	0.64725,	-0.05488,	33753,	-323,	-14,	-289,	33703,	133,	-23,	-70,	33683,	40,	-60,	-267,	
1,	6,	507438,	1.65255e+015,	-1,	-2,	-1,	-13,	-2,	-1,	-1,	-1,	1.65255e+009,	-0.780809,	-0.269808,	-0.328529,	-0.0312928,	-1.02743,	-0.235266,	-0.0222832,	0.117091,	-1.09917,	-0.0748425,	-0.0109308,	-0.0127728,	-1.1286,	-0.204909,	-0.0213985,	-0.0911333,	-0.890358,	-0.337623,	-0.0209194,	-0.418769,	-0.4004,	0.64725,	-0.05488,	33763,	-324,	-15,	-288,	33713,	132,	-22,	-69,	33693,	38,	-60,	-266,	
1,	6,	507516,	1.65255e+015,	-2,	1,	-8,	-49,	-10,	-5,	1,	0,	1.65255e+009,	-0.780809,	-0.269808,	-0.328529,	-0.0312928,	-1.02743,	-0.235266,	-0.0222832,	0.117091,	-1.09917,	-0.0748425,	-0.0109308,	-0.0127728,	-1.1286,	-0.204909,	-0.0213985,	-0.0911333,	-0.890358,	-0.337623,	-0.0209194,	-0.418769,	-0.4004,	0.64725,	-0.05488,	33773,	-323,	-15,	-287,	33723,	132,	-22,	-69,	33703,	38,	-60,	-266,	
1,	6,	507594,	1.65255e+015,	0,	-2,	1,	7,	-3,	-2,	-1,	-2,	1.65255e+009,	-0.780809,	-0.269808,	-0.328529,	-0.0312928,	-1.02743,	-0.235266,	-0.0222832,	0.117091,	-1.09917,	-0.0748425,	-0.0109308,	-0.0127728,	-1.1286,	-0.204909,	-0.0213985,	-0.0911333,	-0.890358,	-0.337623,	-0.0209194,	-0.418769,	-0.4004,	0.64725,	-0.05488,	33783,	-325,	-15,	-286,	33733,	133,	-22,	-68,	33713,	39,	-59,	-265,	
1,	6,	507672,	1.65255e+015,	0,	7,	13,	-13,	-3,	-1,	2,	-1,	1.65255e+009,	-0.780809,	-0.269808,	-0.328529,	-0.0312928,	-1.02743,	-0.235266,	-0.0222832,	0.117091,	-1.09917,	-0.0748425,	-0.0109308,	-0.0127728,	-1.1286,	-0.204909,	-0.0213985,	-0.0911333,	-0.890358,	-0.337623,	-0.0209194,	-0.418769,	-0.4004,	0.64725,	-0.05488,	33793,	-324,	-14,	-286,	33743,	131,	-22,	-68,	33723,	38,	-60,	-265,	
1,	6,	507750,	1.65255e+015,	-1,	-1,	-18,	-24,	-5,	-2,	-1,	0,	1.65255e+009,	-0.780809,	-0.269808,	-0.328529,	-0.0312928,	-1.02743,	-0.235266,	-0.0222832,	0.117091,	-1.09917,	-0.0748425,	-0.0109308,	-0.0127728,	-1.1286,	-0.204909,	-0.0213985,	-0.0911333,	-0.890358,	-0.337623,	-0.0209194,	-0.418769,	-0.4004,	0.64725,	-0.05488,	33803,	-325,	-14,	-287,	33753,	131,	-22,	-69,	33733,	39,	-59,	-265,	
1,	6,	507844,	1.65255e+015,	-1,	-4,	-2,	-6,	-3,	0,	-1,	0,	1.65255e+009,	-0.780809,	-0.269808,	-0.328529,	-0.0312928,	-0.963362,	-0.235266,	-0.0222832,	0.117091,	-1.09917,	-0.0748425,	-0.0109308,	-0.0127728,	-1.1286,	-0.204909,	-0.0213985,	-0.0911333,	-0.890358,	-0.337623,	-0.0209194,	-0.418769,	-0.4004,	0.64725,	-0.05488,	33813,	-322,	-14,	-288,	33763,	131,	-21,	-69,	33743,	38,	-58,	-266,	
1,	6,	507922,	1.65255e+015,	-1,	-3,	3,	-2,	-3,	-3,	-3,	-1,	1.65255e+009,	-0.780809,	-0.269808,	-0.328529,	-0.0312928,	-0.963362,	-0.235266,	-0.0222832,	0.117091,	-1.09917,	-0.0748425,	-0.0109308,	-0.0127728,	-1.1286,	-0.204909,	-0.0213985,	-0.0911333,	-0.890358,	-0.337623,	-0.0209194,	-0.418769,	-0.4004,	0.64725,	-0.05488,	33823,	-322,	-13,	-289,	33773,	131,	-22,	-69,	33753,	37,	-57,	-266,	
1,	6,	508000,	1.65255e+015,	0,	3,	32,	0,	-4,	-2,	-1,	0,	1.65255e+009,	-0.780809,	-0.269808,	-0.328529,	-0.0312928,	-0.963362,	-0.235266,	-0.0222832,	0.117091,	-1.09917,	-0.0748425,	-0.0109308,	-0.0127728,	-1.1286,	-0.204909,	-0.0213985,	-0.0911333,	-0.890358,	-0.337623,	-0.0209194,	-0.418769,	-0.4004,	0.64725,	-0.05488,	33833,	-322,	-14,	-290,	33783,	132,	-21,	-69,	33763,	38,	-57,	-266,	
1,	6,	508063,	1.65255e+015,	-1,	-6,	-4,	-10,	-1,	-2,	0,	0,	1.65255e+009,	-0.780809,	-0.269808,	-0.328529,	-0.0312928,	-0.963362,	-0.235266,	-0.0222832,	0.117091,	-1.09917,	-0.0748425,	-0.0109308,	-0.0127728,	-1.1286,	-0.204909,	-0.0213985,	-0.0911333,	-0.890358,	-0.337623,	-0.0209194,	-0.418769,	-0.4004,	0.64725,	-0.05488,	33843,	-321,	-14,	-291,	33793,	132,	-21,	-68,	33773,	38,	-58,	-266,	
1,	6,	508141,	1.65255e+015,	-4,	-8,	-15,	-16,	-1,	0,	-1,	-1,	1.65255e+009,	-0.780809,	-0.269808,	-0.328529,	-0.0312928,	-0.963362,	-0.235266,	-0.0222832,	0.117091,	-1.09917,	-0.0748425,	-0.0109308,	-0.0127728,	-1.1286,	-0.204909,	-0.0213985,	-0.0911333,	-0.890358,	-0.337623,	-0.0209194,	-0.418769,	-0.4004,	0.64725,	-0.05488,	33853,	-321,	-15,	-292,	33803,	132,	-20,	-69,	33783,	39,	-58,	-266,	
1,	6,	508204,	1.65255e+015,	-1,	1,	-2,	-1,	-1,	1,	1,	0,	1.65255e+009,	-0.780809,	-0.269808,	-0.328529,	-0.0312928,	-0.963362,	-0.235266,	-0.0222832,	0.117091,	-1.09917,	-0.0748425,	-0.0109308,	-0.0127728,	-1.1286,	-0.204909,	-0.0213985,	-0.0911333,	-0.890358,	-0.337623,	-0.0209194,	-0.418769,	-0.4004,	0.64725,	-0.05488,	33863,	-321,	-15,	-293,	33813,	132,	-21,	-69,	33793,	39,	-57,	-266,	
1,	6,	508266,	1.65255e+015,	-2,	-4,	-1,	8,	0,	-4,	-1,	0,	1.65255e+009,	-0.780809,	-0.269808,	-0.328529,	-0.0312928,	-0.963362,	-0.235266,	-0.0222832,	0.117091,	-1.09917,	-0.0748425,	-0.0109308,	-0.0127728,	-1.1286,	-0.204909,	-0.0213985,	-0.0911333,	-0.890358,	-0.337623,	-0.0209194,	-0.418769,	-0.4004,	0.64725,	-0.05488,	33873,	-320,	-14,	-292,	33823,	133,	-20,	-69,	33803,	40,	-56,	-266,	
1,	6,	508344,	1.65255e+015,	-1,	-4,	2,	-7,	-4,	-2,	-1,	-1,	1.65255e+009,	-0.780809,	-0.269808,	-0.328529,	-0.0312928,	-0.963362,	-0.235266,	-0.0222832,	0.117091,	-1.09917,	-0.0748425,	-0.0109308,	-0.0127728,	-1.1286,	-0.204909,	-0.0213985,	-0.0911333,	-0.890358,	-0.337623,	-0.0209194,	-0.418769,	-0.4004,	0.64725,	-0.05488,	33883,	-320,	-14,	-291,	33833,	133,	-19,	-70,	33813,	40,	-57,	-266,	
1,	6,	508407,	1.65255e+015,	-1,	-1,	-34,	1,	1,	0,	-1,	-2,	1.65255e+009,	-0.780809,	-0.269808,	-0.328529,	-0.0312928,	-0.963362,	-0.235266,	-0.0222832,	0.117091,	-1.09917,	-0.0748425,	-0.0109308,	-0.0127728,	-1.1286,	-0.204909,	-0.0213985,	-0.0911333,	-0.890358,	-0.337623,	-0.0209194,	-0.418769,	-0.4004,	0.64725,	-0.05488,	33893,	-321,	-14,	-289,	33843,	133,	-20,	-71,	33823,	41,	-58,	-266,	
1,	6,	508469,	1.65255e+015,	3,	5,	-13,	-51,	-4,	-1,	0,	0,	1.65255e+009,	-0.780809,	-0.269808,	-0.328529,	-0.0312928,	-0.963362,	-0.235266,	-0.0222832,	0.117091,	-1.09917,	-0.0748425,	-0.0109308,	-0.0127728,	-1.1286,	-0.204909,	-0.0213985,	-0.0911333,	-0.890358,	-0.337623,	-0.0209194,	-0.418769,	-0.4004,	0.64725,	-0.05488,	33903,	-322,	-14,	-287,	33853,	133,	-19,	-72,	33833,	40,	-56,	-267,	
1,	6,	508532,	1.65255e+015,	1,	-2,	0,	5,	1,	-2,	-1,	-1,	1.65255e+009,	-0.780809,	-0.269808,	-0.328529,	-0.0312928,	-0.963362,	-0.235266,	-0.0222832,	0.117091,	-1.09917,	-0.0748425,	-0.0109308,	-0.0127728,	-1.1286,	-0.204909,	-0.0213985,	-0.0911333,	-0.890358,	-0.337623,	-0.0209194,	-0.418769,	-0.4004,	0.64725,	-0.05488,	33913,	-321,	-14,	-287,	33863,	134,	-19,	-73,	33843,	40,	-55,	-268,	
1,	6,	508594,	1.65255e+015,	1,	4,	8,	4,	0,	2,	1,	-4,	1.65255e+009,	-0.780809,	-0.269808,	-0.328529,	-0.0312928,	-0.963362,	-0.235266,	-0.0222832,	0.117091,	-1.09917,	-0.0748425,	-0.0109308,	-0.0127728,	-1.1286,	-0.204909,	-0.0213985,	-0.0911333,	-0.890358,	-0.337623,	-0.0209194,	-0.418769,	-0.4004,	0.64725,	-0.05488,	33923,	-321,	-13,	-286,	33873,	133,	-18,	-74,	33853,	41,	-55,	-268,	
1,	6,	508657,	1.65255e+015,	-2,	3,	14,	9,	1,	-1,	-1,	0,	1.65255e+009,	-0.780809,	-0.269808,	-0.328529,	-0.0312928,	-0.963362,	-0.235266,	-0.0222832,	0.117091,	-1.09917,	-0.0748425,	-0.0109308,	-0.0127728,	-1.1286,	-0.204909,	-0.0213985,	-0.0911333,	-0.890358,	-0.337623,	-0.0209194,	-0.418769,	-0.4004,	0.64725,	-0.05488,	33933,	-321,	-12,	-287,	33883,	133,	-18,	-75,	33863,	41,	-55,	-269,	
1,	6,	508735,	1.65255e+015,	-2,	0,	7,	14,	2,	-1,	-1,	-1,	1.65255e+009,	-0.780809,	-0.269808,	-0.328529,	-0.0312928,	-0.963362,	-0.235266,	-0.0222832,	0.117091,	-1.09917,	-0.0748425,	-0.0109308,	-0.0127728,	-1.1286,	-0.204909,	-0.0213985,	-0.0911333,	-0.890358,	-0.337623,	-0.0209194,	-0.418769,	-0.4004,	0.64725,	-0.05488,	33943,	-320,	-12,	-288,	33893,	133,	-20,	-76,	33873,	40,	-55,	-269,	
1,	6,	508797,	1.65255e+015,	0,	-4,	-29,	4,	2,	1,	1,	-1,	1.65255e+009,	-0.780809,	-0.269808,	-0.328529,	-0.0312928,	-0.963362,	-0.235266,	-0.0222832,	0.117091,	-1.09917,	-0.0748425,	-0.0109308,	-0.0127728,	-1.1286,	-0.204909,	-0.0213985,	-0.0911333,	-0.890358,	-0.337623,	-0.0209194,	-0.418769,	-0.4004,	0.64725,	-0.05488,	33953,	-321,	-13,	-288,	33903,	132,	-19,	-76,	33883,	40,	-55,	-269,	
1,	6,	508860,	1.65255e+015,	-1,	1,	13,	5,	1,	1,	-1,	-1,	1.65255e+009,	-0.780809,	-0.269808,	-0.328529,	-0.0312928,	-0.963362,	-0.235266,	-0.0222832,	0.117091,	-1.09917,	-0.0748425,	-0.0109308,	-0.0127728,	-1.1286,	-0.204909,	-0.0213985,	-0.0911333,	-0.890358,	-0.337623,	-0.0209194,	-0.418769,	-0.4004,	0.64725,	-0.05488,	33963,	-321,	-13,	-286,	33913,	132,	-19,	-76,	33893,	40,	-56,	-269,	
1,	6,	508938,	1.65255e+015,	-2,	-7,	-8,	2,	-2,	0,	-1,	0,	1.65255e+009,	-0.780809,	-0.269808,	-0.328529,	-0.0312928,	-0.963362,	-0.235266,	-0.0222832,	0.117091,	-1.09917,	-0.0748425,	-0.0109308,	-0.0127728,	-1.1286,	-0.204909,	-0.0213985,	-0.0911333,	-0.890358,	-0.337623,	-0.0209194,	-0.418769,	-0.4004,	0.64725,	-0.05488,	33973,	-321,	-13,	-283,	33923,	133,	-19,	-76,	33903,	39,	-55,	-270,	
1,	6,	509000,	1.65255e+015,	-2,	2,	2,	0,	-1,	2,	0,	-1,	1.65255e+009,	-0.780809,	-0.269808,	-0.328529,	-0.0312928,	-0.963362,	-0.235266,	-0.0222832,	0.117091,	-1.09917,	-0.0748425,	-0.0109308,	-0.0127728,	-1.1286,	-0.204909,	-0.0213985,	-0.0911333,	-0.890358,	-0.337623,	-0.0209194,	-0.418769,	-0.4004,	0.64725,	-0.05488,	33983,	-321,	-12,	-282,	33933,	132,	-19,	-76,	33913,	39,	-57,	-270,	
1,	6,	509063,	1.65255e+015,	-3,	-6,	-16,	4,	-2,	-2,	-3,	-2,	1.65255e+009,	-0.780809,	-0.269808,	-0.328529,	-0.0312928,	-0.963362,	-0.235266,	-0.0222832,	0.117091,	-1.09917,	-0.0748425,	-0.0109308,	-0.0127728,	-1.1286,	-0.204909,	-0.0213985,	-0.0911333,	-0.890358,	-0.337623,	-0.0209194,	-0.418769,	-0.4004,	0.64725,	-0.05488,	33993,	-322,	-12,	-281,	33943,	132,	-19,	-77,	33923,	41,	-57,	-270,	
2,	6,	509157,	1.65255e+015,	3,	6,	-7,	8,	-6,	-1,	-2,	-1,	1.65255e+009,	-0.780809,	-0.269808,	-0.328529,	-0.0312928,	-0.963362,	-0.235266,	-0.0222832,	0.117091,	-1.09917,	-0.0748425,	-0.0109308,	-0.0127728,	-1.1286,	-0.204909,	-0.0213985,	-0.0911333,	-0.890358,	-0.337623,	-0.0209194,	-0.418769,	-0.4004,	0.64725,	-0.05488,	34003,	-322,	-13,	-280,	33953,	133,	-18,	-77,	33933,	39,	-57,	-270,	
2,	6,	509235,	1.65255e+015,	-2,	-5,	-11,	-45,	-5,	-1,	-1,	-1,	1.65255e+009,	-0.780809,	-0.269808,	-0.328529,	-0.0312928,	-0.963362,	-0.235266,	-0.0222832,	0.117091,	-1.09917,	-0.0748425,	-0.0109308,	-0.0127728,	-1.1286,	-0.204909,	-0.0213985,	-0.0911333,	-0.890358,	-0.337623,	-0.0209194,	-0.418769,	-0.4004,	0.64725,	-0.05488,	34013,	-323,	-12,	-279,	33963,	133,	-19,	-77,	33943,	40,	-56,	-270,	
2,	6,	509297,	1.65255e+015,	0,	3,	0,	-10,	-2,	-1,	0,	-1,	1.65255e+009,	-0.780809,	-0.269808,	-0.328529,	-0.0312928,	-0.963362,	-0.235266,	-0.0222832,	0.117091,	-1.09917,	-0.0748425,	-0.0109308,	-0.0127728,	-1.1286,	-0.204909,	-0.0213985,	-0.0911333,	-0.890358,	-0.337623,	-0.0209194,	-0.418769,	-0.4004,	0.64725,	-0.05488,	34023,	-322,	-12,	-279,	33973,	132,	-18,	-78,	33953,	40,	-55,	-270,	
2,	6,	509360,	1.65255e+015,	0,	3,	-9,	-9,	-1,	0,	-1,	0,	1.65255e+009,	-0.780809,	-0.269808,	-0.328529,	-0.0312928,	-0.963362,	-0.235266,	-0.0222832,	0.117091,	-1.09917,	-0.0748425,	-0.0109308,	-0.0127728,	-1.1286,	-0.204909,	-0.0213985,	-0.0911333,	-0.890358,	-0.337623,	-0.0209194,	-0.418769,	-0.4004,	0.64725,	-0.05488,	34033,	-321,	-13,	-280,	33983,	131,	-18,	-79,	33963,	41,	-56,	-270,	
2,	6,	509438,	1.65255e+015,	-1,	-4,	-3,	-9,	-1,	-2,	-1,	1,	1.65255e+009,	-0.780809,	-0.269808,	-0.328529,	-0.0312928,	-0.963362,	-0.235266,	-0.0222832,	0.117091,	-1.09917,	-0.0748425,	-0.0109308,	-0.0127728,	-1.1286,	-0.204909,	-0.0213985,	-0.0911333,	-0.890358,	-0.337623,	-0.0209194,	-0.418769,	-0.4004,	0.64725,	-0.05488,	34043,	-321,	-13,	-281,	33993,	132,	-17,	-78,	33973,	40,	-57,	-270,	
2,	6,	509500,	1.65255e+015,	-1,	2,	17,	10,	-1,	-2,	-2,	-1,	1.65255e+009,	-0.780809,	-0.269808,	-0.328529,	-0.0312928,	-0.963362,	-0.235266,	-0.0222832,	0.117091,	-1.09917,	-0.0748425,	-0.0109308,	-0.0127728,	-1.1286,	-0.204909,	-0.0213985,	-0.0911333,	-0.890358,	-0.337623,	-0.0209194,	-0.418769,	-0.4004,	0.64725,	-0.05488,	34053,	-321,	-12,	-282,	34003,	132,	-18,	-78,	33983,	40,	-57,	-269,	
2,	6,	509563,	1.65255e+015,	1,	2,	16,	17,	1,	-2,	0,	0,	1.65255e+009,	-0.780809,	-0.269808,	-0.328529,	-0.0312928,	-0.963362,	-0.235266,	-0.0222832,	0.117091,	-1.09917,	-0.0748425,	-0.0109308,	-0.0127728,	-1.1286,	-0.204909,	-0.0213985,	-0.0911333,	-0.890358,	-0.337623,	-0.0209194,	-0.418769,	-0.4004,	0.64725,	-0.05488,	34063,	-322,	-12,	-282,	34013,	131,	-18,	-77,	33993,	39,	-57,	-268,	
2,	6,	509625,	1.65255e+015,	-1,	1,	-2,	-1,	0,	-1,	0,	-2,	1.65255e+009,	-0.780809,	-0.269808,	-0.328529,	-0.0312928,	-0.963362,	-0.235266,	-0.0222832,	0.117091,	-1.09917,	-0.0748425,	-0.0109308,	-0.0127728,	-1.1286,	-0.204909,	-0.0213985,	-0.0911333,	-0.890358,	-0.337623,	-0.0209194,	-0.418769,	-0.4004,	0.64725,	-0.05488,	34073,	-320,	-11,	-282,	34023,	131,	-18,	-77,	34003,	39,	-57,	-267,	
2,	6,	509704,	1.65255e+015,	-2,	-5,	-1,	-2,	-2,	-1,	-1,	-1,	1.65255e+009,	-0.780809,	-0.269808,	-0.328529,	-0.0312928,	-0.963362,	-0.235266,	-0.0222832,	0.117091,	-1.09917,	-0.0748425,	-0.0109308,	-0.0127728,	-1.1286,	-0.204909,	-0.0213985,	-0.0911333,	-0.890358,	-0.337623,	-0.0209194,	-0.418769,	-0.4004,	0.64725,	-0.05488,	34083,	-320,	-12,	-281,	34033,	131,	-18,	-77,	34013,	38,	-58,	-267,	
2,	6,	509766,	1.65255e+015,	-1,	-6,	3,	-3,	-3,	-1,	-1,	-2,	1.65255e+009,	-0.780809,	-0.269808,	-0.328529,	-0.0312928,	-0.963362,	-0.235266,	-0.0222832,	0.114158,	-1.09917,	-0.0748425,	-0.0109308,	-0.0157062,	-1.1286,	-0.204909,	-0.0213985,	-0.0822387,	-0.890358,	-0.337623,	-0.0209194,	-0.409874,	-0.4004,	0.64725,	-0.05488,	34093,	-320,	-13,	-280,	34043,	132,	-18,	-76,	34023,	39,	-58,	-267,	
2,	6,	509844,	1.65255e+015,	0,	-4,	-12,	-2,	-4,	0,	0,	-1,	1.65255e+009,	-0.780809,	-0.269808,	-0.328529,	-0.0312928,	-0.963362,	-0.235266,	-0.0222832,	0.107486,	-1.09917,	-0.0748425,	-0.0109308,	-0.0135059,	-1.1286,	-0.204909,	-0.0213985,	-0.0800384,	-0.802638,	-0.337623,	-0.0209194,	-0.407674,	-0.4004,	0.64725,	-0.05488,	34103,	-320,	-12,	-279,	34053,	131,	-19,	-77,	34033,	39,	-59,	-267,	
2,	6,	509907,	1.65255e+015,	0,	1,	-7,	-7,	-2,	-3,	-1,	-1,	1.65255e+009,	-0.780809,	-0.269808,	-0.328529,	-0.0312928,	-0.963362,	-0.235266,	-0.0222832,	0.107486,	-1.09917,	-0.0748425,	-0.0109308,	-0.0135059,	-1.1286,	-0.204909,	-0.0213985,	-0.0800384,	-0.802638,	-0.337623,	-0.0209194,	-0.407674,	-0.4368,	0.64725,	-0.05488,	34113,	-322,	-12,	-277,	34063,	132,	-18,	-77,	34043,	39,	-58,	-267,	
2,	6,	509969,	1.65255e+015,	0,	2,	-3,	0,	0,	-1,	-3,	-1,	1.65255e+009,	-0.780809,	-0.269808,	-0.328529,	-0.0312928,	-0.963362,	-0.235266,	-0.0222832,	0.107486,	-1.09917,	-0.0748425,	-0.0109308,	-0.0135059,	-1.1286,	-0.204909,	-0.0213985,	-0.0800384,	-0.802638,	-0.337623,	-0.0209194,	-0.407674,	-0.4368,	0.64725,	-0.05488,	34123,	-321,	-12,	-275,	34073,	132,	-17,	-78,	34053,	38,	-59,	-268,	
2,	6,	510047,	1.65255e+015,	-1,	2,	10,	1,	-1,	0,	-1,	-1,	1.65255e+009,	-0.780809,	-0.269808,	-0.328529,	-0.0312928,	-0.93133,	-0.235266,	-0.0222832,	0.107486,	-1.09917,	-0.0748425,	-0.0109308,	-0.0135059,	-1.1286,	-0.204909,	-0.0213985,	-0.0800384,	-0.802638,	-0.337623,	-0.0209194,	-0.407674,	-0.4368,	0.64725,	-0.05488,	34133,	-322,	-13,	-274,	34083,	131,	-19,	-78,	34063,	39,	-58,	-268,	
2,	6,	510110,	1.65255e+015,	4,	-1,	-7,	4,	-1,	-1,	-1,	2,	1.65255e+009,	-0.780809,	-0.269808,	-0.328529,	-0.0312928,	-0.93133,	-0.235266,	-0.0222832,	0.107486,	-1.09917,	-0.0748425,	-0.0109308,	-0.0135059,	-1.1286,	-0.204909,	-0.0213985,	-0.0800384,	-0.802638,	-0.337623,	-0.0209194,	-0.407674,	-0.4368,	0.64725,	-0.05488,	34143,	-321,	-14,	-274,	34093,	131,	-18,	-79,	34073,	39,	-58,	-269,	
2,	6,	510172,	1.65255e+015,	6,	15,	-1,	4,	1,	-1,	2,	1,	1.65255e+009,	-0.780809,	-0.269808,	-0.328529,	-0.0312928,	-0.93133,	-0.235266,	-0.0222832,	0.107486,	-1.09917,	-0.0748425,	-0.0109308,	-0.0135059,	-1.1286,	-0.204909,	-0.0213985,	-0.0800384,	-0.802638,	-0.337623,	-0.0209194,	-0.407674,	-0.4823,	0.64725,	-0.05488,	34153,	-322,	-13,	-273,	34103,	132,	-18,	-78,	34083,	39,	-58,	-269,	
2,	6,	510250,	1.65255e+015,	-1,	1,	12,	-1,	-2,	0,	0,	0,	1.65255e+009,	-0.780809,	-0.269808,	-0.328529,	-0.0312928,	-0.93133,	-0.235266,	-0.0222832,	0.107486,	-1.09917,	-0.0748425,	-0.0109308,	-0.0135059,	-1.1286,	-0.204909,	-0.0213985,	-0.0800384,	-0.802638,	-0.337623,	-0.0209194,	-0.407674,	-0.4823,	0.64725,	-0.05488,	34163,	-323,	-12,	-274,	34113,	132,	-18,	-78,	34093,	39,	-58,	-269,	
2,	6,	510329,	1.65255e+015,	-1,	-1,	4,	0,	2,	-1,	0,	1,	1.65255e+009,	-0.780809,	-0.269808,	-0.328529,	-0.0312928,	-0.93133,	-0.235266,	-0.0222832,	0.107486,	-1.09917,	-0.0748425,	-0.0109308,	-0.0135059,	-1.1286,	-0.204909,	-0.0213985,	-0.0800384,	-0.802638,	-0.337623,	-0.0209194,	-0.407674,	-0.4823,	0.64725,	-0.05488,	34173,	-321,	-12,	-275,	34123,	131,	-18,	-78,	34103,	39,	-59,	-268,	
2,	6,	510407,	1.65255e+015,	0,	3,	14,	7,	4,	1,	-1,	1,	1.65255e+009,	-0.780809,	-0.269808,	-0.328529,	-0.0312928,	-0.93133,	-0.235266,	-0.0222832,	0.107486,	-1.09917,	-0.0748425,	-0.0109308,	-0.0135059,	-1.1286,	-0.204909,	-0.0213985,	-0.0800384,	-0.802638,	-0.337623,	-0.0209194,	-0.407674,	-0.4823,	0.64725,	-0.05488,	34183,	-320,	-12,	-276,	34133,	131,	-19,	-78,	34113,	40,	-58,	-267,	
2,	6,	510469,	1.65255e+015,	-3,	-2,	1,	0,	-2,	-1,	0,	-1,	1.65255e+009,	-0.780809,	-0.269808,	-0.328529,	-0.0312928,	-0.93133,	-0.235266,	-0.0222832,	0.107486,	-1.09917,	-0.0748425,	-0.0109308,	-0.0135059,	-1.1286,	-0.204909,	-0.0213985,	-0.0800384,	-0.802638,	-0.337623,	-0.0209194,	-0.407674,	-0.4823,	0.64725,	-0.05488,	34193,	-320,	-13,	-276,	53613,	141,	-23,	-140,	53593,	72,	-21,	-350,	
2,	6,	510547,	1.65255e+015,	2,	-2,	-1,	-1,	-1,	0,	-2,	0,	1.65255e+009,	-0.780809,	-0.269808,	-0.328529,	-0.0312928,	-0.93133,	-0.235266,	-0.0222832,	0.107486,	-1.09917,	-0.0748425,	-0.0109308,	-0.0135059,	-1.1286,	-0.204909,	-0.0213985,	-0.0800384,	-0.802638,	-0.337623,	-0.0209194,	-0.407674,	-0.4823,	0.64725,	-0.05488,	53663,	-239,	0,	-483,	53623,	140,	-24,	-141,	53603,	72,	-20,	-350,	
2,	6,	510625,	1.65255e+015,	2,	1,	-7,	-2,	1,	0,	0,	0,	1.65255e+009,	-0.780809,	-0.269808,	-0.328529,	-0.0312928,	-0.93133,	-0.235266,	-0.0222832,	0.107486,	-1.09917,	-0.0748425,	-0.0109308,	-0.0135059,	-1.1286,	-0.204909,	-0.0213985,	-0.0800384,	-0.802638,	-0.337623,	-0.0209194,	-0.407674,	-0.4823,	0.64725,	-0.05488,	53673,	-240,	0,	-483,	53633,	142,	-24,	-141,	53613,	72,	-21,	-350,	
2,	6,	510704,	1.65255e+015,	-1,	1,	4,	-2,	1,	-1,	-1,	1,	1.65255e+009,	-0.780809,	-0.269808,	-0.328529,	-0.0312928,	-0.93133,	-0.235266,	-0.0222832,	0.107486,	-1.09917,	-0.0748425,	-0.0109308,	-0.0135059,	-1.1286,	-0.204909,	-0.0213985,	-0.0800384,	-0.802638,	-0.337623,	-0.0209194,	-0.407674,	-0.4823,	0.64725,	-0.05488,	53683,	-239,	0,	-483,	53643,	141,	-23,	-140,	53623,	73,	-21,	-350,	
2,	6,	510766,	1.65255e+015,	-1,	-2,	-11,	-25,	-1,	-1,	0,	0,	1.65255e+009,	-0.780809,	-0.269808,	-0.328529,	-0.0312928,	-0.93133,	-0.235266,	-0.0222832,	0.107486,	-1.09917,	-0.0748425,	-0.0109308,	-0.0135059,	-1.1286,	-0.204909,	-0.0213985,	-0.0800384,	-0.802638,	-0.337623,	-0.0209194,	-0.407674,	-0.4823,	0.64725,	-0.05488,	53693,	-238,	0,	-483,	53653,	141,	-23,	-140,	53633,	72,	-22,	-350,	
2,	6,	510844,	1.65255e+015,	-1,	-3,	17,	-8,	-2,	-3,	-1,	-3,	1.65255e+009,	-0.780809,	-0.269808,	-0.328529,	-0.0312928,	-0.93133,	-0.235266,	-0.0222832,	0.107486,	-1.09917,	-0.0748425,	-0.0109308,	-0.0135059,	-1.1286,	-0.204909,	-0.0213985,	-0.0800384,	-0.802638,	-0.337623,	-0.0209194,	-0.407674,	-0.4823,	0.64725,	-0.05488,	53703,	-239,	-1,	-482,	53663,	141,	-24,	-140,	53643,	73,	-21,	-350,	
2,	6,	510922,	1.65255e+015,	0,	3,	16,	5,	4,	-1,	1,	-1,	1.65255e+009,	-0.780809,	-0.269808,	-0.328529,	-0.0312928,	-0.93133,	-0.235266,	-0.0222832,	0.107486,	-1.09917,	-0.0748425,	-0.0109308,	-0.0135059,	-1.1286,	-0.204909,	-0.0213985,	-0.0800384,	-0.802638,	-0.337623,	-0.0209194,	-0.407674,	-0.4823,	0.64725,	-0.05488,	53713,	-239,	0,	-481,	53673,	142,	-23,	-140,	53653,	73,	-21,	-350,	
2,	6,	511000,	1.65255e+015,	-1,	-4,	-10,	1,	-1,	-1,	0,	-1,	1.65255e+009,	-0.780809,	-0.269808,	-0.328529,	-0.0312928,	-0.93133,	-0.235266,	-0.0222832,	0.107486,	-1.09917,	-0.0748425,	-0.0109308,	-0.0135059,	-1.1286,	-0.204909,	-0.0213985,	-0.0800384,	-0.802638,	-0.337623,	-0.0209194,	-0.407674,	-0.4823,	0.64725,	-0.05488,	53723,	-240,	0,	-481,	53683,	142,	-23,	-140,	53663,	72,	-21,	-350,	
2,	6,	511079,	1.65255e+015,	-1,	2,	11,	0,	-3,	-1,	-4,	0,	1.65255e+009,	-0.780809,	-0.269808,	-0.328529,	-0.0312928,	-0.93133,	-0.235266,	-0.0222832,	0.107486,	-1.09917,	-0.0748425,	-0.0109308,	-0.0135059,	-1.1286,	-0.204909,	-0.0213985,	-0.0800384,	-0.802638,	-0.337623,	-0.0209194,	-0.407674,	-0.4823,	0.64725,	-0.05488,	53733,	-239,	0,	-481,	53693,	142,	-24,	-140,	53673,	73,	-21,	-350,	
2,	6,	511141,	1.65255e+015,	0,	-2,	12,	3,	-1,	0,	-2,	-1,	1.65255e+009,	-0.780809,	-0.269808,	-0.328529,	-0.0312928,	-0.93133,	-0.235266,	-0.0222832,	0.107486,	-1.09917,	-0.0748425,	-0.0109308,	-0.0135059,	-1.1286,	-0.204909,	-0.0213985,	-0.0800384,	-0.802638,	-0.337623,	-0.0209194,	-0.407674,	-0.4823,	0.64725,	-0.05488,	53743,	-239,	0,	-481,	53703,	142,	-23,	-140,	53683,	72,	-21,	-350,	
2,	6,	511219,	1.65255e+015,	-1,	-7,	-7,	9,	-2,	-1,	-2,	-2,	1.65255e+009,	-0.780809,	-0.269808,	-0.328529,	-0.0312928,	-0.93133,	-0.235266,	-0.0222832,	0.107486,	-1.09917,	-0.0748425,	-0.0109308,	-0.0135059,	-1.1286,	-0.204909,	-0.0213985,	-0.0800384,	-0.802638,	-0.337623,	-0.0209194,	-0.407674,	-0.4823,	0.64725,	-0.05488,	53753,	-240,	-1,	-481,	53713,	142,	-23,	-140,	53693,	73,	-21,	-350,	
2,	6,	511297,	1.65255e+015,	-1,	3,	-1,	-9,	0,	1,	0,	-2,	1.65255e+009,	-0.780809,	-0.269808,	-0.328529,	-0.0312928,	-0.93133,	-0.235266,	-0.0222832,	0.107486,	-1.09917,	-0.0748425,	-0.0109308,	-0.0135059,	-1.1286,	-0.204909,	-0.0213985,	-0.0800384,	-0.802638,	-0.337623,	-0.0209194,	-0.407674,	-0.4823,	0.64725,	-0.05488,	53763,	-240,	0,	-481,	53723,	142,	-23,	-140,	53703,	73,	-21,	-350,	
2,	6,	511375,	1.65255e+015,	1,	1,	-5,	5,	1,	-2,	1,	-1,	1.65255e+009,	-0.780809,	-0.269808,	-0.328529,	-0.0312928,	-0.93133,	-0.235266,	-0.0222832,	0.107486,	-1.09917,	-0.0748425,	-0.0109308,	-0.0135059,	-1.1286,	-0.204909,	-0.0213985,	-0.0800384,	-0.802638,	-0.337623,	-0.0209194,	-0.407674,	-0.4823,	0.64725,	-0.05488,	53773,	-241,	-1,	-480,	53733,	142,	-23,	-140,	53713,	73,	-21,	-349,	
2,	6,	511454,	1.65255e+015,	0,	0,	5,	2,	1,	-1,	0,	-1,	1.65255e+009,	-0.780809,	-0.269808,	-0.328529,	-0.0312928,	-0.93133,	-0.235266,	-0.0222832,	0.107486,	-1.09917,	-0.0748425,	-0.0109308,	-0.0135059,	-1.1286,	-0.204909,	-0.0213985,	-0.0800384,	-0.802638,	-0.337623,	-0.0209194,	-0.407674,	-0.4823,	0.64725,	-0.05488,	53783,	-241,	0,	-480,	53743,	142,	-24,	-140,	53723,	73,	-21,	-349,	
2,	6,	511532,	1.65255e+015,	0,	-6,	-22,	-3,	-2,	-1,	-1,	0,	1.65255e+009,	-0.780809,	-0.269808,	-0.328529,	-0.0312928,	-0.93133,	-0.235266,	-0.0222832,	0.107486,	-1.09917,	-0.0748425,	-0.0109308,	-0.0135059,	-1.1286,	-0.204909,	-0.0213985,	-0.0800384,	-0.802638,	-0.337623,	-0.0209194,	-0.407674,	-0.4823,	0.64725,	-0.05488,	53793,	-241,	-1,	-480,	53753,	143,	-23,	-139,	53733,	72,	-22,	-349,	
2,	6,	511610,	1.65255e+015,	1,	-1,	1,	5,	-1,	-1,	-1,	-1,	1.65255e+009,	-0.780809,	-0.269808,	-0.328529,	-0.0312928,	-0.93133,	-0.235266,	-0.0222832,	0.107486,	-1.09917,	-0.0748425,	-0.0109308,	-0.0135059,	-1.1286,	-0.204909,	-0.0213985,	-0.0800384,	-0.802638,	-0.337623,	-0.0209194,	-0.407674,	-0.4823,	0.64725,	-0.05488,	53803,	-240,	0,	-479,	53763,	143,	-22,	-139,	53743,	73,	-21,	-349,	
2,	6,	511688,	1.65255e+015,	0,	6,	11,	2,	0,	-2,	-1,	1,	1.65255e+009,	-0.780809,	-0.269808,	-0.328529,	-0.0312928,	-0.93133,	-0.235266,	-0.0222832,	0.107486,	-1.09917,	-0.0748425,	-0.0109308,	-0.0135059,	-1.1286,	-0.204909,	-0.0213985,	-0.0800384,	-0.802638,	-0.337623,	-0.0209194,	-0.407674,	-0.4823,	0.64725,	-0.05488,	53813,	-241,	0,	-479,	53773,	142,	-22,	-139,	53753,	72,	-23,	-349,	
2,	6,	511766,	1.65255e+015,	-2,	0,	-8,	-8,	-4,	-2,	-3,	-2,	1.65255e+009,	-0.780809,	-0.269808,	-0.328529,	-0.0312928,	-0.93133,	-0.235266,	-0.0222832,	0.107486,	-1.09917,	-0.0748425,	-0.0109308,	-0.0135059,	-1.1286,	-0.204909,	-0.0213985,	-0.0800384,	-0.802638,	-0.337623,	-0.0209194,	-0.407674,	-0.4823,	0.64725,	-0.05488,	53823,	-241,	0,	-479,	53783,	142,	-23,	-139,	53763,	72,	-22,	-348,	
2,	6,	511844,	1.65255e+015,	-2,	-7,	-12,	-8,	0,	-1,	0,	-1,	1.65255e+009,	-0.780809,	-0.269808,	-0.328529,	-0.0312928,	-0.93133,	-0.235266,	-0.0222832,	0.107486,	-1.09917,	-0.0748425,	-0.0109308,	-0.0135059,	-1.1286,	-0.204909,	-0.0213985,	-0.0800384,	-0.802638,	-0.337623,	-0.0209194,	-0.407674,	-0.4823,	0.64725,	-0.05488,	53833,	-242,	0,	-478,	53793,	143,	-23,	-139,	53773,	72,	-22,	-348,	
2,	6,	511922,	1.65255e+015,	-4,	-6,	-20,	-9,	-4,	-2,	-2,	-3,	1.65255e+009,	-0.780809,	-0.269808,	-0.328529,	-0.0312928,	-0.93133,	-0.235266,	-0.0222832,	0.107486,	-1.09917,	-0.0748425,	-0.0109308,	-0.0135059,	-1.1286,	-0.204909,	-0.0213985,	-0.0800384,	-0.802638,	-0.337623,	-0.0209194,	-0.407674,	-0.4823,	0.64725,	-0.05488,	53843,	-243,	-1,	-478,	53803,	142,	-22,	-138,	53783,	72,	-23,	-348,	
2,	6,	512016,	1.65255e+015,	-1,	-4,	-11,	-3,	-2,	0,	-1,	0,	1.65255e+009,	-0.780809,	-0.269808,	-0.328529,	-0.0312928,	-0.93133,	-0.235266,	-0.0222832,	0.107486,	-1.09917,	-0.0748425,	-0.0109308,	-0.0135059,	-1.1286,	-0.204909,	-0.0213985,	-0.0800384,	-0.802638,	-0.337623,	-0.0209194,	-0.407674,	-0.4823,	0.64725,	-0.05488,	53853,	-242,	-1,	-477,	53813,	141,	-23,	-138,	53793,	72,	-23,	-348,	
2,	6,	512094,	1.65255e+015,	-1,	-8,	1,	-1,	-1,	-2,	-2,	-1,	1.65255e+009,	-0.780809,	-0.269808,	-0.328529,	-0.0312928,	-0.93133,	-0.235266,	-0.0222832,	0.107486,	-1.09917,	-0.0748425,	-0.0109308,	-0.0135059,	-1.1286,	-0.204909,	-0.0213985,	-0.0800384,	-0.802638,	-0.337623,	-0.0209194,	-0.407674,	-0.4823,	0.64725,	-0.05488,	53863,	-244,	-1,	-477,	53823,	141,	-24,	-138,	53803,	72,	-24,	-348,	
2,	6,	512172,	1.65255e+015,	-2,	-2,	3,	0,	1,	0,	-2,	0,	1.65255e+009,	-0.780809,	-0.269808,	-0.328529,	-0.0312928,	-0.93133,	-0.235266,	-0.0222832,	0.107486,	-1.09917,	-0.0748425,	-0.0109308,	-0.0135059,	-1.1286,	-0.204909,	-0.0213985,	-0.0800384,	-0.802638,	-0.337623,	-0.0209194,	-0.407674,	-0.4823,	0.64725,	-0.05488,	53873,	-243,	-1,	-477,	53833,	142,	-24,	-138,	53813,	72,	-23,	-348,	
2,	6,	512250,	1.65255e+015,	-4,	-8,	-10,	10,	1,	-1,	-1,	-2,	1.65255e+009,	-0.780809,	-0.269808,	-0.328529,	-0.0312928,	-0.93133,	-0.235266,	-0.0222832,	0.107486,	-1.09917,	-0.0748425,	-0.0109308,	-0.0135059,	-1.1286,	-0.204909,	-0.0213985,	-0.0800384,	-0.802638,	-0.337623,	-0.0209194,	-0.407674,	-0.4823,	0.64725,	-0.05488,	53883,	-243,	0,	-477,	53843,	143,	-23,	-138,	53823,	72,	-24,	-347,	
2,	6,	512329,	1.65255e+015,	-4,	-7,	-8,	4,	0,	0,	-1,	-3,	1.65255e+009,	-0.780809,	-0.269808,	-0.328529,	-0.0312928,	-0.93133,	-0.235266,	-0.0222832,	0.107486,	-1.09917,	-0.0748425,	-0.0109308,	-0.0135059,	-1.1286,	-0.204909,	-0.0213985,	-0.0800384,	-0.802638,	-0.337623,	-0.0209194,	-0.407674,	-0.4823,	0.64725,	-0.05488,	53893,	-242,	0,	-477,	53853,	143,	-24,	-137,	53833,	72,	-23,	-347,	
2,	6,	512407,	1.65255e+015,	1,	-4,	-29,	-4,	1,	1,	6,	5,	1.65255e+009,	-0.780809,	-0.269808,	-0.328529,	-0.0312928,	-0.93133,	-0.235266,	-0.0222832,	0.107486,	-1.09917,	-0.0748425,	-0.0109308,	-0.0135059,	-1.1286,	-0.204909,	-0.0213985,	-0.0800384,	-0.802638,	-0.337623,	-0.0209194,	-0.407674,	-0.4823,	0.64725,	-0.05488,	53903,	-243,	0,	-477,	53863,	143,	-23,	-137,	53843,	71,	-23,	-347,	
2,	6,	512485,	1.65255e+015,	-7,	-5,	-7,	-9,	-2,	2,	5,	8,	1.65255e+009,	-0.855959,	-0.269808,	-0.328529,	-0.0312928,	-0.93133,	-0.235266,	-0.0222832,	0.107486,	-1.17802,	-0.174633,	-0.0199286,	-0.0135059,	-1.1286,	-0.204909,	-0.0213985,	-0.0800384,	-0.802638,	-0.337623,	-0.0209194,	-0.407674,	-0.4823,	0.64725,	-0.05488,	53913,	-243,	0,	-477,	53873,	142,	-22,	-137,	53853,	72,	-24,	-347,	
2,	6,	512563,	1.65255e+015,	-7,	2,	50,	-14,	1,	3,	5,	-15,	1.65255e+009,	-0.855959,	-0.269808,	-0.328529,	-0.0312928,	-0.93133,	-0.235266,	-0.0222832,	0.107486,	-1.25687,	-0.414129,	-0.0155211,	-0.0135059,	-1.1286,	-0.204909,	-0.0213985,	-0.0800384,	-0.802638,	-0.337623,	-0.0209194,	-0.407674,	-0.4823,	0.64725,	-0.05488,	53923,	-242,	0,	-478,	53883,	142,	-23,	-136,	53863,	73,	-23,	-346,	
2,	6,	512641,	1.65255e+015,	-3,	-4,	2,	7,	0,	2,	4,	3,	1.65255e+009,	-0.855959,	-0.269808,	-0.328529,	-0.0312928,	-0.93133,	-0.235266,	-0.0222832,	0.10208,	-1.31995,	-0.533876,	-0.000448713,	-0.00782227,	-1.1286,	-0.204909,	-0.0213985,	-0.0861828,	-0.802638,	-0.337623,	-0.0209194,	-0.413818,	-0.4823,	0.64725,	-0.05488,	53933,	-242,	-2,	-478,	53893,	142,	-22,	-136,	53873,	72,	-24,	-347,	
2,	6,	512719,	1.65255e+015,	1,	-8,	-53,	-10,	-2,	-2,	-2,	-3,	1.65255e+009,	-0.855959,	-0.269808,	-0.328529,	-0.0312928,	-0.93133,	-0.235266,	-0.0222832,	0.10208,	-1.31995,	-0.79333,	-0.0665333,	-0.00782227,	-1.1286,	-0.204909,	-0.0213985,	-0.0861828,	-0.802638,	-0.337623,	-0.0209194,	-0.413818,	-0.4823,	0.64725,	-0.05488,	53943,	-243,	-1,	-478,	53903,	141,	-22,	-136,	53883,	72,	-22,	-347,	
2,	6,	512797,	1.65255e+015,	-4,	-4,	22,	1,	2,	-1,	0,	4,	1.65255e+009,	-0.855959,	-0.269808,	-0.328529,	-0.0312928,	-0.93133,	-0.235266,	-0.0222832,	0.10208,	-1.31995,	-0.893121,	-0.103422,	-0.00782227,	-1.1286,	-0.204909,	-0.0213985,	-0.0861828,	-0.802638,	-0.337623,	-0.0209194,	-0.413818,	-0.4823,	0.64725,	-0.05488,	53953,	-243,	0,	-478,	53913,	142,	-23,	-136,	53893,	71,	-23,	-347,	
2,	6,	512875,	1.65255e+015,	-2,	-2,	-24,	-1,	-3,	-1,	0,	-1,	1.65255e+009,	-0.855959,	-0.269808,	-0.328529,	-0.0312928,	-0.93133,	-0.235266,	-0.0222832,	0.10208,	-1.31995,	-0.893121,	-0.103422,	-0.00782227,	-1.1286,	-0.204909,	-0.0213985,	-0.0861828,	-0.802638,	-0.337623,	-0.0209194,	-0.413818,	-0.4823,	0.64725,	-0.05488,	53963,	-243,	0,	-478,	53923,	142,	-22,	-137,	53903,	72,	-23,	-347,	
2,	6,	512954,	1.65255e+015,	-1,	2,	-37,	-9,	0,	0,	1,	1,	1.65255e+009,	-0.855959,	-0.269808,	-0.328529,	-0.0312928,	-0.93133,	-0.235266,	-0.0222832,	0.10208,	-1.31995,	-0.893121,	-0.103422,	-0.00782227,	-1.1286,	-0.204909,	-0.0213985,	-0.0861828,	-0.802638,	-0.337623,	-0.0209194,	-0.413818,	-0.4823,	0.64725,	-0.05488,	53973,	-243,	0,	-478,	53933,	142,	-23,	-137,	53913,	71,	-24,	-347,	
2,	6,	513032,	1.65255e+015,	-7,	-2,	11,	-12,	-2,	-4,	0,	13,	1.65255e+009,	-0.855959,	-0.269808,	-0.328529,	-0.0312928,	-0.93133,	-0.235266,	-0.0222832,	0.10208,	-1.31995,	-0.972952,	-0.137522,	-0.00782227,	-1.1286,	-0.204909,	-0.0213985,	-0.0861828,	-0.802638,	-0.337623,	-0.0209194,	-0.413818,	-0.4823,	0.64725,	-0.05488,	53983,	-243,	0,	-478,	53943,	142,	-22,	-137,	53923,	71,	-24,	-347,	
2,	6,	513110,	1.65255e+015,	-2,	2,	23,	-2,	0,	1,	0,	-2,	1.65255e+009,	-0.855959,	-0.269808,	-0.328529,	-0.0312928,	-0.93133,	-0.235266,	-0.0222832,	0.10208,	-1.31995,	-1.0927,	-0.196319,	-0.00782227,	-1.1286,	-0.204909,	-0.0213985,	-0.0861828,	-0.802638,	-0.337623,	-0.0209194,	-0.413818,	-0.4823,	0.64725,	-0.05488,	53993,	-241,	0,	-479,	53953,	142,	-22,	-137,	53933,	72,	-23,	-347,	
2,	6,	513188,	1.65255e+015,	1,	-6,	1,	6,	-4,	-1,	1,	5,	1.65255e+009,	-0.855959,	-0.269808,	-0.328529,	-0.0312928,	-0.93133,	-0.235266,	-0.0222832,	0.0991463,	-1.31995,	-1.31224,	-0.32795,	-0.0107556,	-1.1286,	-0.204909,	-0.0213985,	-0.0772881,	-0.802638,	-0.337623,	-0.0209194,	-0.404924,	-0.4823,	0.64725,	-0.05488,	54003,	-242,	0,	-479,	53963,	142,	-22,	-137,	53943,	72,	-24,	-347,	
2,	6,	513297,	1.65255e+015,	-3,	1,	-10,	-11,	-4,	-8,	-7,	-5,	1.65255e+009,	-0.855959,	-0.269808,	-0.328529,	-0.0312928,	-0.93133,	-0.235266,	-0.0222832,	0.0991463,	-1.25687,	-1.43199,	-0.41275,	-0.0107556,	-1.1286,	-0.204909,	-0.0213985,	-0.0772881,	-0.802638,	-0.337623,	-0.0209194,	-0.404924,	-0.4823,	0.64725,	-0.05488,	54013,	-243,	-1,	-479,	53973,	142,	-21,	-137,	53953,	73,	-23,	-346,	
2,	6,	513375,	1.65255e+015,	2,	-1,	7,	3,	2,	0,	-2,	-4,	1.65255e+009,	-0.855959,	-0.269808,	-0.328529,	-0.0312928,	-0.93133,	-0.235266,	-0.0222832,	0.0991463,	-1.25687,	-1.51182,	-0.474381,	-0.0107556,	-1.1286,	-0.204909,	-0.0213985,	-0.0772881,	-0.802638,	-0.337623,	-0.0209194,	-0.404924,	-0.4823,	0.64725,	-0.05488,	54023,	-243,	-1,	-479,	53983,	143,	-22,	-136,	53963,	72,	-23,	-347,	
2,	6,	513454,	1.65255e+015,	2,	-2,	-60,	-5,	1,	0,	1,	-2,	1.65255e+009,	-0.855959,	-0.269808,	-0.328529,	-0.0312928,	-0.93133,	-0.235266,	-0.0222832,	0.0991463,	-1.25687,	-1.51182,	-0.474381,	-0.0107556,	-1.1286,	-0.204909,	-0.0213985,	-0.0772881,	-0.802638,	-0.337623,	-0.0209194,	-0.404924,	-0.4823,	0.64725,	-0.05488,	54033,	-243,	-1,	-478,	53993,	141,	-22,	-136,	53973,	72,	-23,	-347,	
2,	6,	513532,	1.65255e+015,	-5,	1,	-9,	5,	-2,	0,	3,	-2,	1.65255e+009,	-0.855959,	-0.269808,	-0.328529,	-0.0312928,	-0.93133,	-0.235266,	-0.0222832,	0.0991463,	-1.25687,	-1.51182,	-0.474381,	-0.0107556,	-1.1286,	-0.204909,	-0.0213985,	-0.0772881,	-0.802638,	-0.337623,	-0.0209194,	-0.404924,	-0.4823,	0.64725,	-0.05488,	54043,	-242,	-1,	-477,	54003,	142,	-22,	-136,	53983,	72,	-24,	-347,	
2,	6,	513610,	1.65255e+015,	-11,	-6,	15,	-6,	-1,	-1,	-7,	-1,	1.65255e+009,	-0.855959,	-0.269808,	-0.328529,	-0.0312928,	-0.93133,	-0.235266,	-0.0222832,	0.0991463,	-1.25687,	-1.51182,	-0.474381,	-0.0107556,	-1.1286,	-0.204909,	-0.0213985,	-0.0772881,	-0.802638,	-0.337623,	-0.0209194,	-0.404924,	-0.4823,	0.64725,	-0.05488,	54053,	-243,	0,	-477,	54013,	142,	-21,	-137,	53993,	72,	-24,	-347,	
2,	6,	513688,	1.65255e+015,	2,	9,	37,	13,	3,	2,	-3,	1,	1.65255e+009,	-0.855959,	-0.269808,	-0.328529,	-0.0312928,	-0.93133,	-0.235266,	-0.0222832,	0.0991463,	-1.25687,	-1.51182,	-0.474381,	-0.0107556,	-1.1286,	-0.204909,	-0.0213985,	-0.0772881,	-0.802638,	-0.337623,	-0.0209194,	-0.404924,	-0.4823,	0.64725,	-0.05488,	54063,	-242,	-1,	-478,	54023,	142,	-23,	-137,	54003,	73,	-23,	-347,	
2,	6,	513766,	1.65255e+015,	-4,	-5,	8,	10,	0,	-2,	-2,	-3,	1.65255e+009,	-0.855959,	-0.269808,	-0.328529,	-0.0312928,	-0.93133,	-0.235266,	-0.0222832,	0.0991463,	-1.25687,	-1.51182,	-0.474381,	-0.0107556,	-1.1286,	-0.204909,	-0.0213985,	-0.0772881,	-0.802638,	-0.337623,	-0.0209194,	-0.404924,	-0.4823,	0.64725,	-0.05488,	54073,	-242,	-1,	-479,	54033,	142,	-22,	-137,	54013,	72,	-24,	-347,	
2,	6,	513844,	1.65255e+015,	0,	-2,	-1,	0,	-3,	-2,	-2,	-1,	1.65255e+009,	-0.855959,	-0.269808,	-0.328529,	-0.0312928,	-0.93133,	-0.235266,	-0.0222832,	0.0991463,	-1.25687,	-1.51182,	-0.474381,	-0.0107556,	-1.1286,	-0.204909,	-0.0213985,	-0.0772881,	-0.802638,	-0.337623,	-0.0209194,	-0.404924,	-0.4823,	0.64725,	-0.05488,	54083,	-242,	-1,	-479,	54043,	142,	-22,	-137,	54023,	73,	-23,	-347,	
2,	6,	513907,	1.65255e+015,	3,	-1,	-34,	4,	3,	-1,	-2,	0,	1.65255e+009,	-0.780809,	-0.269808,	-0.328529,	-0.0312928,	-0.867266,	-0.235266,	-0.0222832,	0.0932796,	-1.14648,	-0.853204,	-0.0879018,	-0.0166223,	-1.1286,	-0.204909,	-0.0213985,	-0.0594988,	-0.802638,	-0.337623,	-0.0209194,	-0.387134,	-0.4823,	0.64725,	-0.05488,	54093,	-242,	0,	-479,	54053,	141,	-22,	-137,	54033,	72,	-24,	-347,	
2,	6,	513969,	1.65255e+015,	0,	2,	-11,	-3,	0,	0,	-1,	-1,	1.65255e+009,	-0.780809,	-0.269808,	-0.328529,	-0.0312928,	-0.787186,	-0.235266,	-0.0222832,	0.0932796,	-0.988779,	-0.374213,	-0.0188049,	-0.0166223,	-1.1286,	-0.204909,	-0.0213985,	-0.0594988,	-0.802638,	-0.337623,	-0.0209194,	-0.387134,	-0.5187,	0.64725,	-0.05488,	54103,	-242,	0,	-480,	54063,	142,	-23,	-137,	54043,	73,	-23,	-347,	
2,	6,	514032,	1.65255e+015,	1,	5,	4,	-1,	2,	0,	0,	-1,	1.65255e+009,	-0.780809,	-0.269808,	-0.328529,	-0.0312928,	-0.787186,	-0.235266,	-0.0222832,	0.0932796,	-0.941469,	-0.29438,	-0.0223135,	-0.0166223,	-1.02019,	-0.204909,	-0.0213985,	-0.0594988,	-0.802638,	-0.337623,	-0.0209194,	-0.387134,	-0.5187,	0.64725,	-0.05488,	54113,	-241,	0,	-480,	54073,	143,	-23,	-137,	54053,	72,	-24,	-347,	
2,	6,	514094,	1.65255e+015,	0,	-4,	-7,	0,	-2,	-2,	-1,	-1,	1.65255e+009,	-0.780809,	-0.269808,	-0.328529,	-0.0312928,	-0.787186,	-0.235266,	-0.0222832,	0.0932796,	-0.862619,	-0.29438,	-0.0223135,	-0.0166223,	-1.02019,	-0.204909,	-0.0213985,	-0.0594988,	-0.802638,	-0.337623,	-0.0209194,	-0.387134,	-0.5187,	0.64725,	-0.05488,	54123,	-241,	0,	-480,	54083,	143,	-23,	-137,	54063,	73,	-24,	-347,	
2,	6,	514157,	1.65255e+015,	-1,	2,	-34,	3,	1,	-2,	-1,	-1,	1.65255e+009,	-0.780809,	-0.269808,	-0.328529,	-0.0312928,	-0.787186,	-0.235266,	-0.0222832,	0.0932796,	-0.862619,	-0.29438,	-0.0223135,	-0.0166223,	-1.02019,	-0.204909,	-0.0213985,	-0.0594988,	-0.802638,	-0.337623,	-0.0209194,	-0.387134,	-0.5187,	0.64725,	-0.05488,	54133,	-240,	-1,	-480,	54093,	143,	-23,	-136,	54073,	73,	-24,	-347,	
2,	6,	514219,	1.65255e+015,	1,	-7,	-20,	7,	3,	0,	0,	1,	1.65255e+009,	-0.780809,	-0.269808,	-0.328529,	-0.0510048,	-0.787186,	-0.235266,	-0.0222832,	0.0932796,	-0.862619,	-0.29438,	-0.0223135,	-0.0166223,	-1.02019,	-0.204909,	-0.0213985,	-0.0594988,	-0.802638,	-0.337623,	-0.0209194,	-0.387134,	-0.5187,	0.64725,	-0.05488,	54143,	-241,	-1,	-480,	54103,	143,	-24,	-136,	54083,	72,	-24,	-347,	
2,	6,	514297,	1.65255e+015,	0,	1,	-1,	-7,	0,	0,	1,	-1,	1.65255e+009,	-0.780809,	-0.269808,	-0.328529,	-0.0510048,	-0.787186,	-0.235266,	-0.0222832,	0.0932796,	-0.862619,	-0.29438,	-0.0223135,	-0.0166223,	-1.02019,	-0.204909,	-0.0213985,	-0.0594988,	-0.802638,	-0.337623,	-0.0209194,	-0.387134,	-0.5187,	0.64725,	-0.05488,	54153,	-242,	-1,	-479,	54113,	143,	-23,	-136,	54093,	72,	-24,	-347,	
