1,	7,	514407,	1.65255e+015,	1,	2,	10,	-2,	-1,	-1,	-1,	0,	1.65255e+009,	-0.780809,	-0.269808,	-0.328529,	-0.0510048,	-0.787186,	-0.235266,	-0.0222832,	0.0932796,	-0.862619,	-0.29438,	-0.0223135,	-0.0166223,	-1.02019,	-0.204909,	-0.0213985,	-0.0594988,	-0.802638,	-0.337623,	-0.0209194,	-0.387134,	-0.5187,	0.61273,	-0.05488,	54163,	-242,	0,	-479,	54123,	143,	-24,	-137,	54103,	73,	-23,	-347,	
1,	7,	514469,	1.65255e+015,	3,	5,	14,	16,	-2,	-3,	0,	0,	1.65255e+009,	-0.780809,	-0.269808,	-0.328529,	-0.0510048,	-0.787186,	-0.235266,	-0.0222832,	0.0932796,	-0.862619,	-0.29438,	-0.0223135,	-0.0166223,	-1.02019,	-0.204909,	-0.0213985,	-0.0594988,	-0.802638,	-0.337623,	-0.0209194,	-0.387134,	-0.5187,	0.61273,	-0.05488,	54173,	-242,	-1,	-478,	54133,	142,	-23,	-137,	54113,	72,	-24,	-347,	
1,	7,	514532,	1.65255e+015,	-4,	-5,	-16,	-11,	-5,	-3,	0,	-1,	1.65255e+009,	-0.780809,	-0.269808,	-0.328529,	-0.0510048,	-0.787186,	-0.235266,	-0.0222832,	0.0932796,	-0.862619,	-0.29438,	-0.0223135,	-0.0166223,	-1.02019,	-0.204909,	-0.0213985,	-0.0594988,	-0.802638,	-0.337623,	-0.0209194,	-0.387134,	-0.5187,	0.61273,	-0.05488,	54183,	-242,	0,	-478,	54143,	143,	-25,	-137,	54123,	72,	-23,	-347,	
1,	7,	514594,	1.65255e+015,	-1,	6,	27,	10,	3,	-3,	-1,	0,	1.65255e+009,	-0.780809,	-0.269808,	-0.328529,	-0.0510048,	-0.787186,	-0.235266,	-0.0222832,	0.0932796,	-0.862619,	-0.29438,	-0.0223135,	-0.0166223,	-1.02019,	-0.204909,	-0.0213985,	-0.0594988,	-0.802638,	-0.337623,	-0.0209194,	-0.387134,	-0.5187,	0.61273,	-0.05488,	54193,	-243,	-1,	-477,	54153,	143,	-24,	-136,	54133,	72,	-24,	-347,	
1,	7,	514657,	1.65255e+015,	1,	0,	-9,	1,	0,	0,	-1,	0,	1.65255e+009,	-0.780809,	-0.269808,	-0.328529,	-0.0510048,	-0.787186,	-0.235266,	-0.0222832,	0.0932796,	-0.862619,	-0.29438,	-0.0223135,	-0.0166223,	-1.02019,	-0.204909,	-0.0213985,	-0.0594988,	-0.802638,	-0.337623,	-0.0209194,	-0.387134,	-0.5187,	0.61273,	-0.05488,	54203,	-243,	-2,	-476,	54163,	143,	-23,	-137,	54143,	73,	-23,	-346,	
1,	7,	514735,	1.65255e+015,	-3,	-1,	22,	4,	-1,	-1,	-1,	0,	1.65255e+009,	-0.780809,	-0.269808,	-0.328529,	-0.0510048,	-0.787186,	-0.235266,	-0.0222832,	0.0932796,	-0.862619,	-0.29438,	-0.0223135,	-0.0166223,	-1.02019,	-0.204909,	-0.0213985,	-0.0594988,	-0.802638,	-0.337623,	-0.0209194,	-0.387134,	-0.5187,	0.61273,	-0.05488,	54213,	-245,	-2,	-476,	54173,	143,	-23,	-136,	54153,	72,	-23,	-346,	
1,	7,	514797,	1.65255e+015,	-1,	-1,	-28,	-1,	-3,	-3,	-2,	0,	1.65255e+009,	-0.780809,	-0.269808,	-0.328529,	-0.0510048,	-0.787186,	-0.235266,	-0.0222832,	0.0932796,	-0.862619,	-0.29438,	-0.0223135,	-0.0166223,	-1.02019,	-0.204909,	-0.0213985,	-0.0594988,	-0.802638,	-0.337623,	-0.0209194,	-0.387134,	-0.5187,	0.61273,	-0.05488,	54223,	-245,	-3,	-475,	54183,	143,	-24,	-136,	54163,	73,	-23,	-347,	
1,	7,	514860,	1.65255e+015,	-2,	-3,	-6,	-3,	-3,	-1,	-1,	1,	1.65255e+009,	-0.780809,	-0.269808,	-0.328529,	-0.0510048,	-0.787186,	-0.235266,	-0.0222832,	0.0932796,	-0.862619,	-0.29438,	-0.0223135,	-0.0166223,	-1.02019,	-0.204909,	-0.0213985,	-0.0594988,	-0.802638,	-0.337623,	-0.0209194,	-0.387134,	-0.5187,	0.61273,	-0.05488,	54233,	-245,	-2,	-475,	54193,	143,	-23,	-136,	54173,	72,	-23,	-347,	
1,	7,	514922,	1.65255e+015,	-1,	-4,	10,	-3,	0,	0,	-1,	0,	1.65255e+009,	-0.780809,	-0.269808,	-0.328529,	-0.0510048,	-0.787186,	-0.235266,	-0.0222832,	0.0932796,	-0.862619,	-0.29438,	-0.0223135,	-0.0166223,	-1.02019,	-0.204909,	-0.0213985,	-0.0594988,	-0.802638,	-0.337623,	-0.0209194,	-0.387134,	-0.5187,	0.61273,	-0.05488,	54243,	-247,	-2,	-475,	54203,	143,	-23,	-136,	54183,	73,	-23,	-346,	
1,	7,	514985,	1.65255e+015,	-1,	-3,	-12,	-4,	-2,	-2,	-1,	0,	1.65255e+009,	-0.780809,	-0.269808,	-0.328529,	-0.0510048,	-0.787186,	-0.235266,	-0.0222832,	0.0932796,	-0.862619,	-0.29438,	-0.0223135,	-0.0166223,	-1.02019,	-0.204909,	-0.0213985,	-0.0594988,	-0.802638,	-0.337623,	-0.0209194,	-0.387134,	-0.5187,	0.61273,	-0.05488,	54253,	-246,	-1,	-475,	54213,	143,	-23,	-136,	54193,	73,	-23,	-346,	
1,	7,	515063,	1.65255e+015,	-2,	-5,	11,	6,	-2,	-2,	0,	-3,	1.65255e+009,	-0.780809,	-0.269808,	-0.328529,	-0.0510048,	-0.787186,	-0.235266,	-0.0222832,	0.0932796,	-0.862619,	-0.29438,	-0.0223135,	-0.0166223,	-1.02019,	-0.204909,	-0.0213985,	-0.0594988,	-0.802638,	-0.337623,	-0.0209194,	-0.387134,	-0.5187,	0.61273,	-0.05488,	54263,	-247,	-1,	-476,	54223,	143,	-22,	-136,	54203,	72,	-24,	-346,	
1,	7,	515125,	1.65255e+015,	-2,	1,	22,	2,	-2,	-2,	-2,	-1,	1.65255e+009,	-0.780809,	-0.269808,	-0.328529,	-0.0510048,	-0.787186,	-0.235266,	-0.0222832,	0.0932796,	-0.862619,	-0.29438,	-0.0223135,	-0.0166223,	-1.02019,	-0.204909,	-0.0213985,	-0.0594988,	-0.802638,	-0.337623,	-0.0209194,	-0.387134,	-0.5187,	0.61273,	-0.05488,	54273,	-245,	-2,	-477,	54233,	142,	-24,	-135,	54213,	72,	-23,	-345,	
1,	7,	515188,	1.65255e+015,	2,	4,	27,	8,	-1,	0,	-1,	1,	1.65255e+009,	-0.780809,	-0.269808,	-0.328529,	-0.0510048,	-0.787186,	-0.235266,	-0.0222832,	0.0932796,	-0.862619,	-0.29438,	-0.0223135,	-0.0166223,	-1.02019,	-0.204909,	-0.0213985,	-0.0594988,	-0.802638,	-0.337623,	-0.0209194,	-0.387134,	-0.5187,	0.61273,	-0.05488,	54283,	-243,	-1,	-477,	54243,	143,	-23,	-135,	54223,	71,	-25,	-346,	
1,	7,	515250,	1.65255e+015,	2,	6,	-2,	9,	3,	-2,	0,	-1,	1.65255e+009,	-0.780809,	-0.269808,	-0.328529,	-0.0510048,	-0.787186,	-0.235266,	-0.0222832,	0.0932796,	-0.862619,	-0.29438,	-0.0223135,	-0.0166223,	-1.02019,	-0.204909,	-0.0213985,	-0.0594988,	-0.802638,	-0.337623,	-0.0209194,	-0.387134,	-0.5187,	0.61273,	-0.05488,	54293,	-243,	-2,	-478,	54253,	143,	-24,	-134,	54233,	72,	-25,	-345,	
1,	7,	515313,	1.65255e+015,	1,	-4,	4,	-6,	-3,	-2,	1,	0,	1.65255e+009,	-0.780809,	-0.269808,	-0.328529,	-0.0510048,	-0.787186,	-0.235266,	-0.0222832,	0.0932796,	-0.862619,	-0.29438,	-0.0223135,	-0.0166223,	-1.02019,	-0.204909,	-0.0213985,	-0.0594988,	-0.802638,	-0.337623,	-0.0209194,	-0.387134,	-0.5187,	0.61273,	-0.05488,	54303,	-243,	-2,	-478,	54263,	144,	-25,	-134,	54243,	71,	-25,	-345,	
1,	7,	515391,	1.65255e+015,	-1,	-4,	-68,	-8,	-1,	1,	0,	0,	1.65255e+009,	-0.780809,	-0.269808,	-0.328529,	-0.0510048,	-0.787186,	-0.235266,	-0.0222832,	0.0932796,	-0.862619,	-0.29438,	-0.0223135,	-0.0166223,	-1.02019,	-0.204909,	-0.0213985,	-0.0594988,	-0.802638,	-0.337623,	-0.0209194,	-0.387134,	-0.5187,	0.61273,	-0.05488,	54313,	-244,	-3,	-479,	54273,	143,	-24,	-134,	54253,	71,	-26,	-345,	
1,	7,	515454,	1.65255e+015,	-1,	2,	-6,	1,	0,	-1,	-1,	-1,	1.65255e+009,	-0.780809,	-0.269808,	-0.328529,	-0.0510048,	-0.787186,	-0.235266,	-0.0222832,	0.0932796,	-0.862619,	-0.29438,	-0.0223135,	-0.0166223,	-1.02019,	-0.204909,	-0.0213985,	-0.0594988,	-0.802638,	-0.337623,	-0.0209194,	-0.387134,	-0.5187,	0.61273,	-0.05488,	54323,	-244,	-2,	-478,	54283,	143,	-24,	-134,	54263,	72,	-25,	-345,	
1,	7,	515532,	1.65255e+015,	0,	3,	12,	0,	-3,	-1,	0,	-1,	1.65255e+009,	-0.780809,	-0.269808,	-0.328529,	-0.0510048,	-0.787186,	-0.235266,	-0.0222832,	0.0932796,	-0.862619,	-0.29438,	-0.0223135,	-0.0166223,	-1.02019,	-0.204909,	-0.0213985,	-0.0594988,	-0.802638,	-0.337623,	-0.0209194,	-0.387134,	-0.5187,	0.61273,	-0.05488,	54333,	-243,	-1,	-479,	54293,	143,	-24,	-134,	54273,	71,	-26,	-345,	
1,	7,	515610,	1.65255e+015,	-1,	-3,	-12,	-10,	-3,	-4,	-1,	-4,	1.65255e+009,	-0.780809,	-0.269808,	-0.328529,	-0.0510048,	-0.787186,	-0.235266,	-0.0222832,	0.0932796,	-0.862619,	-0.29438,	-0.0223135,	-0.0166223,	-1.02019,	-0.204909,	-0.0213985,	-0.0594988,	-0.802638,	-0.337623,	-0.0209194,	-0.387134,	-0.5187,	0.61273,	-0.05488,	54343,	-242,	-1,	-479,	54303,	143,	-24,	-135,	54283,	71,	-25,	-345,	
1,	7,	515688,	1.65255e+015,	3,	-1,	-7,	14,	4,	1,	0,	16,	1.65255e+009,	-0.780809,	-0.269808,	-0.328529,	-0.0510048,	-0.787186,	-0.235266,	-0.0222832,	0.0932796,	-0.862619,	-0.29438,	-0.0223135,	-0.0166223,	-1.02019,	-0.204909,	-0.0213985,	-0.0594988,	-0.802638,	-0.337623,	-0.0209194,	-0.387134,	-0.5187,	0.61273,	-0.05488,	54353,	-243,	-1,	-479,	54313,	144,	-23,	-135,	54293,	71,	-26,	-345,	
1,	7,	515766,	1.65255e+015,	0,	5,	-3,	-1,	-3,	-1,	-2,	-5,	1.65255e+009,	-0.780809,	-0.269808,	-0.328529,	-0.0510048,	-0.787186,	-0.235266,	-0.0222832,	0.0932796,	-0.862619,	-0.19459,	-0.0209634,	-0.0166223,	-1.02019,	-0.204909,	-0.0213985,	-0.0594988,	-0.802638,	-0.337623,	-0.0209194,	-0.387134,	-0.5187,	0.61273,	-0.05488,	54363,	-242,	-1,	-480,	54323,	143,	-23,	-135,	54303,	72,	-25,	-345,	
1,	7,	515844,	1.65255e+015,	0,	-5,	-15,	9,	0,	-1,	-1,	2,	1.65255e+009,	-0.780809,	-0.269808,	-0.328529,	-0.0510048,	-0.787186,	-0.235266,	-0.0222832,	0.0932796,	-0.862619,	-0.19459,	-0.0209634,	-0.0166223,	-1.02019,	-0.204909,	-0.0213985,	-0.0594988,	-0.802638,	-0.337623,	-0.0209194,	-0.387134,	-0.5005,	0.61273,	-0.05488,	54373,	-240,	-1,	-481,	54333,	144,	-24,	-135,	54313,	71,	-25,	-345,	
1,	7,	515922,	1.65255e+015,	4,	-3,	-14,	11,	3,	-1,	0,	0,	1.65255e+009,	-0.780809,	-0.269808,	-0.328529,	-0.0510048,	-0.787186,	-0.235266,	-0.0222832,	0.0932796,	-0.862619,	-0.19459,	-0.0209634,	-0.0166223,	-1.02019,	-0.204909,	-0.0213985,	-0.0594988,	-0.802638,	-0.337623,	-0.0209194,	-0.387134,	-0.5005,	0.61273,	-0.05488,	54383,	-242,	-2,	-481,	54343,	143,	-23,	-135,	54323,	72,	-25,	-346,	
1,	7,	516000,	1.65255e+015,	1,	3,	17,	8,	0,	2,	1,	2,	1.65255e+009,	-0.780809,	-0.269808,	-0.328529,	-0.0510048,	-0.787186,	-0.235266,	-0.0222832,	0.0932796,	-0.862619,	-0.19459,	-0.0209634,	-0.0166223,	-1.02019,	-0.204909,	-0.0213985,	-0.0594988,	-0.802638,	-0.337623,	-0.0209194,	-0.387134,	-0.5005,	0.61273,	-0.05488,	54393,	-241,	-2,	-481,	54353,	143,	-24,	-135,	54333,	72,	-24,	-345,	
1,	7,	516079,	1.65255e+015,	0,	3,	2,	-9,	0,	0,	1,	7,	1.65255e+009,	-0.780809,	-0.269808,	-0.328529,	-0.0510048,	-0.787186,	-0.235266,	-0.0222832,	0.0932796,	-0.862619,	-0.19459,	-0.0209634,	-0.0166223,	-1.02019,	-0.204909,	-0.0213985,	-0.0594988,	-0.802638,	-0.337623,	-0.0209194,	-0.387134,	-0.5005,	0.61273,	-0.05488,	54403,	-241,	-2,	-481,	54363,	143,	-23,	-135,	54343,	71,	-24,	-345,	
1,	7,	516157,	1.65255e+015,	-3,	-6,	-12,	-4,	-3,	-2,	-1,	-2,	1.65255e+009,	-0.780809,	-0.269808,	-0.328529,	-0.0510048,	-0.787186,	-0.235266,	-0.0222832,	0.0932796,	-0.862619,	-0.19459,	-0.0209634,	-0.0166223,	-1.02019,	-0.204909,	-0.0213985,	-0.0594988,	-0.802638,	-0.337623,	-0.0209194,	-0.387134,	-0.5005,	0.61273,	-0.05488,	54413,	-241,	-2,	-481,	54373,	142,	-23,	-136,	54353,	71,	-22,	-346,	
1,	7,	516235,	1.65255e+015,	2,	0,	-16,	7,	1,	-1,	0,	1,	1.65255e+009,	-0.780809,	-0.269808,	-0.328529,	-0.0510048,	-0.787186,	-0.235266,	-0.0222832,	0.0932796,	-0.862619,	-0.19459,	-0.0209634,	-0.0166223,	-1.02019,	-0.204909,	-0.0213985,	-0.0594988,	-0.802638,	-0.337623,	-0.0209194,	-0.387134,	-0.5005,	0.61273,	-0.05488,	54423,	-240,	-1,	-481,	54383,	143,	-22,	-136,	54363,	71,	-23,	-346,	
1,	7,	516329,	1.65255e+015,	2,	0,	-13,	8,	0,	1,	-1,	1,	1.65255e+009,	-0.780809,	-0.269808,	-0.328529,	-0.0510048,	-0.787186,	-0.235266,	-0.0222832,	0.0932796,	-0.862619,	-0.19459,	-0.0209634,	-0.0166223,	-1.02019,	-0.204909,	-0.0213985,	-0.0594988,	-0.802638,	-0.337623,	-0.0209194,	-0.387134,	-0.5005,	0.61273,	-0.05488,	54433,	-241,	-1,	-481,	54393,	144,	-22,	-136,	54373,	73,	-23,	-346,	
1,	7,	516407,	1.65255e+015,	-2,	-6,	-24,	-3,	-2,	-2,	-2,	-4,	1.65255e+009,	-0.780809,	-0.269808,	-0.328529,	-0.0510048,	-0.787186,	-0.235266,	-0.0222832,	0.0932796,	-0.862619,	-0.19459,	-0.0209634,	-0.0166223,	-1.02019,	-0.204909,	-0.0213985,	-0.0594988,	-0.802638,	-0.337623,	-0.0209194,	-0.387134,	-0.5005,	0.61273,	-0.05488,	54443,	-240,	0,	-481,	54403,	143,	-22,	-136,	54383,	73,	-23,	-346,	
1,	7,	516485,	1.65255e+015,	1,	-2,	-15,	-16,	-2,	-3,	-2,	-1,	1.65255e+009,	-0.780809,	-0.269808,	-0.328529,	-0.0510048,	-0.787186,	-0.235266,	-0.0222832,	0.0932796,	-0.862619,	-0.19459,	-0.0209634,	-0.0166223,	-1.02019,	-0.204909,	-0.0213985,	-0.0594988,	-0.802638,	-0.337623,	-0.0209194,	-0.387134,	-0.5005,	0.61273,	-0.05488,	54453,	-241,	-1,	-481,	54413,	144,	-23,	-136,	54393,	73,	-23,	-346,	
1,	7,	516563,	1.65255e+015,	0,	2,	-11,	-5,	2,	2,	1,	2,	1.65255e+009,	-0.780809,	-0.269808,	-0.328529,	-0.0510048,	-0.787186,	-0.235266,	-0.0222832,	0.0932796,	-0.862619,	-0.19459,	-0.0209634,	-0.0166223,	-1.02019,	-0.204909,	-0.0213985,	-0.0594988,	-0.802638,	-0.337623,	-0.0209194,	-0.387134,	-0.5005,	0.61273,	-0.05488,	54463,	-240,	-2,	-481,	54423,	143,	-23,	-136,	54403,	72,	-22,	-346,	
1,	7,	516641,	1.65255e+015,	1,	-6,	5,	0,	-2,	-2,	1,	-1,	1.65255e+009,	-0.780809,	-0.269808,	-0.328529,	-0.0510048,	-0.787186,	-0.235266,	-0.0222832,	0.0932796,	-0.862619,	-0.19459,	-0.0209634,	-0.0166223,	-1.02019,	-0.204909,	-0.0213985,	-0.0594988,	-0.802638,	-0.337623,	-0.0209194,	-0.387134,	-0.5005,	0.61273,	-0.05488,	54473,	-241,	-2,	-480,	54433,	144,	-22,	-136,	54413,	72,	-23,	-346,	
1,	7,	516719,	1.65255e+015,	0,	-2,	3,	10,	1,	0,	0,	-2,	1.65255e+009,	-0.780809,	-0.269808,	-0.328529,	-0.0510048,	-0.787186,	-0.235266,	-0.0222832,	0.0932796,	-0.862619,	-0.19459,	-0.0209634,	-0.0166223,	-1.02019,	-0.204909,	-0.0213985,	-0.0594988,	-0.802638,	-0.337623,	-0.0209194,	-0.387134,	-0.5005,	0.61273,	-0.05488,	54483,	-240,	-2,	-480,	54443,	144,	-23,	-136,	54423,	74,	-23,	-346,	
1,	7,	516797,	1.65255e+015,	2,	5,	-2,	-1,	3,	1,	1,	0,	1.65255e+009,	-0.780809,	-0.269808,	-0.328529,	-0.0510048,	-0.787186,	-0.235266,	-0.0222832,	0.0932796,	-0.862619,	-0.19459,	-0.0209634,	-0.0166223,	-1.02019,	-0.204909,	-0.0213985,	-0.0594988,	-0.802638,	-0.337623,	-0.0209194,	-0.387134,	-0.5005,	0.61273,	-0.05488,	54493,	-241,	-2,	-480,	54453,	144,	-22,	-136,	54433,	73,	-22,	-346,	
1,	7,	516875,	1.65255e+015,	2,	0,	-10,	-12,	0,	-1,	-1,	3,	1.65255e+009,	-0.780809,	-0.269808,	-0.328529,	-0.0510048,	-0.787186,	-0.235266,	-0.0222832,	0.0932796,	-0.862619,	-0.19459,	-0.0209634,	-0.0166223,	-1.02019,	-0.204909,	-0.0213985,	-0.0594988,	-0.802638,	-0.337623,	-0.0209194,	-0.387134,	-0.5005,	0.61273,	-0.05488,	54503,	-241,	-2,	-480,	54463,	144,	-22,	-136,	54443,	73,	-23,	-345,	
1,	7,	516954,	1.65255e+015,	-2,	0,	-10,	8,	1,	0,	0,	1,	1.65255e+009,	-0.780809,	-0.269808,	-0.328529,	-0.0510048,	-0.787186,	-0.235266,	-0.0222832,	0.0932796,	-0.862619,	-0.19459,	-0.0209634,	-0.0166223,	-1.02019,	-0.204909,	-0.0213985,	-0.0594988,	-0.802638,	-0.337623,	-0.0209194,	-0.387134,	-0.5005,	0.61273,	-0.05488,	54513,	-240,	-1,	-480,	54473,	144,	-22,	-136,	54453,	73,	-22,	-346,	
1,	7,	517032,	1.65255e+015,	0,	4,	-16,	7,	1,	0,	1,	0,	1.65255e+009,	-0.780809,	-0.269808,	-0.328529,	-0.0510048,	-0.787186,	-0.235266,	-0.0222832,	0.0932796,	-0.862619,	-0.19459,	-0.0209634,	-0.0166223,	-1.02019,	-0.204909,	-0.0213985,	-0.0594988,	-0.802638,	-0.337623,	-0.0209194,	-0.387134,	-0.5005,	0.61273,	-0.05488,	54523,	-242,	-2,	-481,	54483,	144,	-21,	-135,	54463,	72,	-22,	-345,	
1,	7,	517110,	1.65255e+015,	-1,	-1,	1,	5,	-1,	-2,	-2,	-1,	1.65255e+009,	-0.780809,	-0.269808,	-0.328529,	-0.0510048,	-0.787186,	-0.235266,	-0.0222832,	0.0932796,	-0.862619,	-0.19459,	-0.0209634,	-0.0166223,	-1.02019,	-0.204909,	-0.0213985,	-0.0594988,	-0.802638,	-0.337623,	-0.0209194,	-0.387134,	-0.5005,	0.61273,	-0.05488,	54533,	-241,	-2,	-481,	54493,	144,	-21,	-136,	54473,	73,	-21,	-345,	
1,	7,	517188,	1.65255e+015,	-6,	-6,	-2,	-1,	-3,	-3,	-2,	-2,	1.65255e+009,	-0.780809,	-0.269808,	-0.328529,	-0.0510048,	-0.787186,	-0.235266,	-0.0222832,	0.0932796,	-0.862619,	-0.19459,	-0.0209634,	-0.0166223,	-1.02019,	-0.204909,	-0.0213985,	-0.0594988,	-0.802638,	-0.337623,	-0.0209194,	-0.387134,	-0.5005,	0.61273,	-0.05488,	54543,	-240,	-2,	-480,	54503,	144,	-21,	-136,	54483,	73,	-22,	-345,	
1,	7,	517266,	1.65255e+015,	-5,	-5,	-4,	-15,	-3,	0,	-2,	0,	1.65255e+009,	-0.780809,	-0.269808,	-0.328529,	-0.0510048,	-0.787186,	-0.235266,	-0.0222832,	0.0932796,	-0.862619,	-0.19459,	-0.0209634,	-0.0166223,	-1.02019,	-0.204909,	-0.0213985,	-0.0594988,	-0.802638,	-0.337623,	-0.0209194,	-0.387134,	-0.5005,	0.61273,	-0.05488,	54553,	-240,	-2,	-481,	54513,	145,	-21,	-135,	54493,	73,	-21,	-345,	
2,	7,	517375,	1.65255e+015,	-4,	-5,	-5,	-3,	-6,	-4,	-6,	-53,	1.65255e+009,	-0.780809,	-0.269808,	-0.328529,	-0.0510048,	-0.787186,	-0.235266,	-0.0222832,	0.0932796,	-0.862619,	-0.19459,	-0.0209634,	-0.0166223,	-1.02019,	-0.204909,	-0.0213985,	-0.0594988,	-0.802638,	-0.337623,	-0.0209194,	-0.387134,	-0.5005,	0.61273,	-0.05488,	54563,	-240,	-2,	-481,	54523,	144,	-22,	-136,	54503,	72,	-22,	-345,	
2,	7,	517454,	1.65255e+015,	2,	13,	15,	9,	0,	0,	0,	2,	1.65255e+009,	-0.780809,	-0.269808,	-0.328529,	-0.0510048,	-0.787186,	-0.235266,	-0.0222832,	0.0932796,	-0.862619,	-0.19459,	-0.0209634,	-0.0166223,	-1.02019,	-0.204909,	-0.0213985,	-0.0594988,	-0.802638,	-0.337623,	-0.0209194,	-0.387134,	-0.5005,	0.61273,	-0.05488,	54573,	-240,	-1,	-481,	54533,	144,	-22,	-136,	54513,	74,	-22,	-345,	
2,	7,	517532,	1.65255e+015,	-4,	-1,	14,	2,	-3,	-2,	-1,	-3,	1.65255e+009,	-0.780809,	-0.269808,	-0.328529,	-0.0510048,	-0.787186,	-0.235266,	-0.0222832,	0.0932796,	-0.862619,	-0.19459,	-0.0209634,	-0.0166223,	-1.02019,	-0.204909,	-0.0213985,	-0.0594988,	-0.802638,	-0.337623,	-0.0209194,	-0.387134,	-0.5005,	0.61273,	-0.05488,	54583,	-239,	-1,	-482,	54543,	143,	-22,	-136,	54523,	73,	-22,	-345,	
2,	7,	517610,	1.65255e+015,	3,	-6,	-21,	6,	1,	0,	0,	6,	1.65255e+009,	-0.780809,	-0.269808,	-0.328529,	-0.0510048,	-0.787186,	-0.235266,	-0.0222832,	0.0932796,	-0.862619,	-0.19459,	-0.0209634,	-0.0166223,	-1.02019,	-0.204909,	-0.0213985,	-0.0594988,	-0.802638,	-0.337623,	-0.0209194,	-0.387134,	-0.5005,	0.61273,	-0.05488,	54593,	-239,	-1,	-482,	54553,	144,	-20,	-136,	54533,	73,	-22,	-345,	
2,	7,	517688,	1.65255e+015,	-3,	-2,	-20,	0,	-1,	-4,	-2,	4,	1.65255e+009,	-0.780809,	-0.269808,	-0.328529,	-0.0510048,	-0.787186,	-0.235266,	-0.0222832,	0.0932796,	-0.862619,	-0.19459,	-0.0209634,	-0.0166223,	-1.02019,	-0.204909,	-0.0213985,	-0.0594988,	-0.802638,	-0.337623,	-0.0209194,	-0.387134,	-0.5005,	0.61273,	-0.05488,	54603,	-240,	-1,	-483,	54563,	144,	-21,	-136,	54543,	72,	-22,	-345,	
2,	7,	517750,	1.65255e+015,	1,	0,	0,	2,	1,	1,	2,	1,	1.65255e+009,	-0.780809,	-0.269808,	-0.328529,	-0.0510048,	-0.787186,	-0.235266,	-0.0222832,	0.0932796,	-0.862619,	-0.19459,	-0.0209634,	-0.0166223,	-1.02019,	-0.204909,	-0.0213985,	-0.0594988,	-0.802638,	-0.337623,	-0.0209194,	-0.387134,	-0.5005,	0.61273,	-0.05488,	54613,	-239,	-1,	-483,	54573,	144,	-21,	-135,	54553,	73,	-22,	-345,	
2,	7,	517813,	1.65255e+015,	-5,	5,	35,	8,	-3,	-2,	-3,	-3,	1.65255e+009,	-0.780809,	-0.269808,	-0.328529,	-0.0510048,	-0.787186,	-0.235266,	-0.0222832,	0.0932796,	-0.862619,	-0.19459,	-0.0209634,	-0.0166223,	-1.02019,	-0.204909,	-0.0213985,	-0.0594988,	-0.802638,	-0.337623,	-0.0209194,	-0.387134,	-0.5005,	0.61273,	-0.05488,	54623,	-239,	-2,	-483,	54583,	144,	-22,	-136,	54563,	74,	-21,	-346,	
2,	7,	517875,	1.65255e+015,	2,	5,	15,	-2,	0,	-1,	1,	-10,	1.65255e+009,	-0.780809,	-0.269808,	-0.328529,	-0.0510048,	-0.787186,	-0.235266,	-0.0222832,	0.0932796,	-0.862619,	-0.19459,	-0.0209634,	-0.0166223,	-1.02019,	-0.364578,	-0.0194448,	-0.0594988,	-0.802638,	-0.337623,	-0.0209194,	-0.387134,	-0.5005,	0.61273,	-0.05488,	54633,	-239,	-1,	-482,	54593,	144,	-22,	-136,	54573,	73,	-21,	-346,	
2,	7,	517938,	1.65255e+015,	-2,	4,	16,	-1,	-3,	0,	2,	20,	1.65255e+009,	-0.720689,	-0.269808,	-0.328529,	-0.0510048,	-0.787186,	-0.235266,	-0.0222832,	0.0859462,	-0.862619,	-0.19459,	-0.0209634,	-0.0239557,	-1.02019,	-0.719398,	-0.0433129,	-0.0372622,	-0.802638,	-0.337623,	-0.0209194,	-0.364898,	-0.5278,	0.61273,	-0.05488,	54643,	-240,	-1,	-482,	54603,	143,	-22,	-137,	54583,	73,	-22,	-346,	
2,	7,	518032,	1.65255e+015,	-11,	7,	13,	5,	-5,	-6,	-19,	-87,	1.65255e+009,	-0.720689,	-0.269808,	-0.328529,	-0.0510048,	-0.787186,	-0.235266,	-0.0222832,	0.0859462,	-0.862619,	-0.19459,	-0.0209634,	-0.0239557,	-1.02019,	-1.05648,	-0.177565,	-0.0372622,	-0.802638,	-0.337623,	-0.0209194,	-0.364898,	-0.6188,	0.61273,	-0.05488,	54653,	-240,	-1,	-482,	54613,	143,	-22,	-136,	54593,	72,	-22,	-346,	
2,	7,	518110,	1.65255e+015,	-4,	-2,	13,	-3,	0,	-1,	0,	8,	1.65255e+009,	-0.720689,	-0.269808,	-0.328529,	-0.0510048,	-0.787186,	-0.235266,	-0.0222832,	0.0800796,	-0.862619,	-0.19459,	-0.0209634,	-0.0298223,	-1.02019,	-1.34033,	-0.347021,	-0.0194728,	-0.802638,	-0.337623,	-0.0209194,	-0.347108,	-0.6552,	0.61273,	-0.05488,	54663,	-240,	-1,	-482,	54623,	143,	-21,	-137,	54603,	72,	-22,	-346,	
2,	7,	518172,	1.65255e+015,	0,	3,	19,	4,	-1,	0,	2,	-4,	1.65255e+009,	-0.660569,	-0.269808,	-0.328529,	-0.0510048,	-0.787186,	-0.235266,	-0.0222832,	0.0800796,	-0.862619,	-0.19459,	-0.0209634,	-0.0298223,	-1.10692,	-1.44678,	-0.423862,	-0.0194728,	-0.802638,	-0.337623,	-0.0209194,	-0.347108,	-0.7007,	0.61273,	-0.05488,	54673,	-240,	-2,	-482,	54633,	144,	-23,	-137,	54613,	73,	-21,	-346,	
2,	7,	518235,	1.65255e+015,	2,	0,	-14,	1,	0,	0,	-3,	0,	1.65255e+009,	-0.660569,	-0.269808,	-0.328529,	-0.0510048,	-0.787186,	-0.235266,	-0.0222832,	0.0800796,	-0.862619,	-0.19459,	-0.0209634,	-0.0298223,	-1.10692,	-1.53548,	-0.493435,	-0.0194728,	-0.802638,	-0.337623,	-0.0209194,	-0.347108,	-0.7007,	0.61273,	-0.05488,	54683,	-240,	-1,	-482,	54643,	144,	-22,	-137,	54623,	73,	-22,	-347,	
2,	7,	518297,	1.65255e+015,	5,	5,	-36,	-12,	0,	2,	10,	46,	1.65255e+009,	-0.660569,	-0.269808,	-0.328529,	-0.0510048,	-0.787186,	-0.235266,	-0.0222832,	0.0800796,	-0.862619,	-0.19459,	-0.0209634,	-0.0298223,	-1.17197,	-1.60645,	-0.55272,	-0.0194728,	-0.802638,	-0.337623,	-0.0209194,	-0.347108,	-0.7371,	0.61273,	-0.05488,	54693,	-241,	-2,	-483,	54653,	143,	-21,	-137,	54633,	73,	-21,	-347,	
2,	7,	518360,	1.65255e+015,	-5,	1,	-18,	-1,	-1,	-1,	-13,	-41,	1.65255e+009,	-0.660569,	-0.269808,	-0.328529,	-0.0510048,	-0.787186,	-0.235266,	-0.0222832,	0.0800796,	-0.799539,	-0.19459,	-0.0209634,	-0.0298223,	-1.17197,	-1.60645,	-0.55272,	-0.0194728,	-0.802638,	-0.337623,	-0.0209194,	-0.347108,	-0.7371,	0.61273,	-0.05488,	54703,	-240,	-1,	-483,	54663,	143,	-22,	-137,	54643,	73,	-22,	-347,	
2,	7,	518438,	1.65255e+015,	1,	-1,	10,	-3,	-2,	1,	0,	3,	1.65255e+009,	-0.660569,	-0.269808,	-0.328529,	-0.0510048,	-0.787186,	-0.235266,	-0.0222832,	0.0742129,	-0.799539,	-0.19459,	-0.0209634,	-0.035689,	-1.17197,	-1.60645,	-0.55272,	-0.00168354,	-0.802638,	-0.337623,	-0.0209194,	-0.329319,	-0.7735,	0.61273,	-0.05488,	54713,	-241,	-2,	-483,	54673,	143,	-22,	-137,	54653,	73,	-22,	-346,	
2,	7,	518500,	1.65255e+015,	-5,	-3,	-16,	-5,	-2,	0,	-3,	-30,	1.65255e+009,	-0.660569,	-0.269808,	-0.328529,	-0.0510048,	-0.787186,	-0.235266,	-0.0222832,	0.0742129,	-0.799539,	-0.19459,	-0.0209634,	-0.035689,	-1.17197,	-1.60645,	-0.55272,	-0.00168354,	-0.802638,	-0.337623,	-0.0209194,	-0.329319,	-0.7735,	0.61273,	-0.05488,	54723,	-241,	-2,	-483,	54683,	143,	-22,	-137,	54663,	73,	-22,	-347,	
2,	7,	518579,	1.65255e+015,	1,	6,	-16,	12,	0,	0,	0,	9,	1.65255e+009,	-0.660569,	-0.269808,	-0.328529,	-0.0510048,	-0.787186,	-0.235266,	-0.0222832,	0.0742129,	-0.799539,	-0.19459,	-0.0209634,	-0.035689,	-1.17197,	-1.60645,	-0.55272,	-0.00168354,	-0.802638,	-0.337623,	-0.0209194,	-0.329319,	-0.7735,	0.61273,	-0.05488,	54733,	-241,	-3,	-483,	54693,	143,	-22,	-137,	54673,	73,	-22,	-347,	
2,	7,	518641,	1.65255e+015,	2,	0,	2,	0,	-2,	-1,	3,	10,	1.65255e+009,	-0.660569,	-0.269808,	-0.328529,	-0.0510048,	-0.787186,	-0.235266,	-0.0222832,	0.0742129,	-0.799539,	-0.19459,	-0.0209634,	-0.035689,	-1.17197,	-1.60645,	-0.55272,	-0.00168354,	-0.802638,	-0.337623,	-0.0209194,	-0.329319,	-0.7735,	0.61273,	-0.05488,	54743,	-241,	-3,	-483,	54703,	144,	-22,	-137,	54683,	74,	-20,	-347,	
2,	7,	518704,	1.65255e+015,	1,	1,	-40,	-11,	-3,	-3,	-2,	0,	1.65255e+009,	-0.660569,	-0.269808,	-0.328529,	-0.0510048,	-0.787186,	-0.235266,	-0.0222832,	0.0742129,	-0.799539,	-0.19459,	-0.0209634,	-0.035689,	-1.17197,	-1.60645,	-0.55272,	-0.00168354,	-0.802638,	-0.337623,	-0.0209194,	-0.329319,	-0.7735,	0.61273,	-0.05488,	54753,	-242,	-3,	-483,	54713,	144,	-21,	-137,	54693,	73,	-21,	-347,	
2,	7,	518782,	1.65255e+015,	-1,	0,	-5,	-2,	2,	1,	-4,	0,	1.65255e+009,	-0.660569,	-0.269808,	-0.328529,	-0.0510048,	-0.787186,	-0.235266,	-0.0222832,	0.0742129,	-0.799539,	-0.19459,	-0.0209634,	-0.035689,	-1.17197,	-1.60645,	-0.55272,	-0.00168354,	-0.802638,	-0.337623,	-0.0209194,	-0.329319,	-0.7735,	0.61273,	-0.05488,	54763,	-242,	-2,	-483,	54723,	143,	-22,	-137,	54703,	74,	-20,	-347,	
2,	7,	518844,	1.65255e+015,	-3,	0,	-29,	0,	-3,	-2,	-5,	-5,	1.65255e+009,	-0.660569,	-0.269808,	-0.328529,	-0.0510048,	-0.787186,	-0.235266,	-0.0222832,	0.0742129,	-0.799539,	-0.19459,	-0.0209634,	-0.035689,	-1.17197,	-1.60645,	-0.55272,	-0.00168354,	-0.802638,	-0.337623,	-0.0209194,	-0.329319,	-0.7735,	0.61273,	-0.05488,	54773,	-242,	-2,	-483,	54733,	143,	-22,	-137,	54713,	73,	-21,	-347,	
2,	7,	518907,	1.65255e+015,	-1,	5,	14,	-1,	-3,	-1,	1,	12,	1.65255e+009,	-0.660569,	-0.269808,	-0.328529,	-0.0510048,	-0.787186,	-0.235266,	-0.0222832,	0.0742129,	-0.799539,	-0.19459,	-0.0209634,	-0.035689,	-1.17197,	-1.60645,	-0.55272,	-0.00168354,	-0.802638,	-0.337623,	-0.0209194,	-0.329319,	-0.7735,	0.61273,	-0.05488,	54783,	-243,	-2,	-484,	54743,	143,	-21,	-137,	54723,	73,	-21,	-347,	
2,	7,	518969,	1.65255e+015,	-1,	-16,	-29,	-12,	-2,	-2,	-3,	-14,	1.65255e+009,	-0.660569,	-0.269808,	-0.328529,	-0.0510048,	-0.787186,	-0.235266,	-0.0222832,	0.0742129,	-0.799539,	-0.19459,	-0.0209634,	-0.035689,	-1.17197,	-1.60645,	-0.55272,	-0.00168354,	-0.802638,	-0.337623,	-0.0209194,	-0.329319,	-0.7735,	0.61273,	-0.05488,	54793,	-241,	-2,	-484,	54753,	142,	-21,	-137,	54733,	73,	-21,	-347,	
2,	7,	519047,	1.65255e+015,	-2,	-4,	2,	-6,	-1,	-1,	-1,	-25,	1.65255e+009,	-0.600448,	-0.269808,	-0.328529,	-0.0510048,	-0.787186,	-0.235266,	-0.0222832,	0.0742129,	-0.799539,	-0.19459,	-0.0209634,	-0.035689,	-1.2587,	-1.60645,	-0.55272,	-0.00168354,	-0.802638,	-0.337623,	-0.0209194,	-0.329319,	-0.7735,	0.61273,	-0.05488,	54803,	-241,	-2,	-485,	54763,	142,	-22,	-137,	54743,	73,	-22,	-347,	
2,	7,	519125,	1.65255e+015,	-4,	2,	24,	28,	-2,	-3,	6,	24,	1.65255e+009,	-0.600448,	-0.269808,	-0.328529,	-0.0510048,	-0.787186,	-0.235266,	-0.0222832,	0.0742129,	-0.799539,	-0.19459,	-0.0209634,	-0.035689,	-1.2587,	-1.60645,	-0.55272,	-0.00168354,	-0.802638,	-0.337623,	-0.0209194,	-0.329319,	-0.8099,	0.61273,	-0.05488,	54813,	-241,	-3,	-485,	54773,	142,	-22,	-137,	54753,	73,	-22,	-348,	
2,	7,	519188,	1.65255e+015,	-5,	-17,	-85,	-18,	-6,	-1,	-1,	2,	1.65255e+009,	-0.600448,	-0.269808,	-0.328529,	-0.0510048,	-0.787186,	-0.235266,	-0.0222832,	0.0742129,	-0.799539,	-0.19459,	-0.0209634,	-0.035689,	-1.2587,	-1.60645,	-0.55272,	-0.00168354,	-0.802638,	-0.337623,	-0.0209194,	-0.329319,	-0.8099,	0.61273,	-0.05488,	54823,	-240,	-2,	-485,	54783,	141,	-22,	-137,	54763,	73,	-22,	-348,	
2,	7,	519250,	1.65255e+015,	1,	9,	28,	2,	0,	-1,	-6,	-4,	1.65255e+009,	-0.600448,	-0.269808,	-0.328529,	-0.0510048,	-0.787186,	-0.235266,	-0.0222832,	0.0742129,	-0.799539,	-0.19459,	-0.0209634,	-0.035689,	-1.2587,	-1.60645,	-0.55272,	-0.00168354,	-0.802638,	-0.337623,	-0.0209194,	-0.329319,	-0.8099,	0.61273,	-0.05488,	54833,	-240,	-2,	-486,	54793,	142,	-21,	-137,	54773,	72,	-21,	-348,	
2,	7,	519329,	1.65255e+015,	1,	-4,	-35,	-4,	1,	-1,	-1,	8,	1.65255e+009,	-0.600448,	-0.269808,	-0.328529,	-0.0510048,	-0.787186,	-0.235266,	-0.0222832,	0.0742129,	-0.799539,	-0.19459,	-0.0209634,	-0.035689,	-1.2587,	-1.60645,	-0.55272,	-0.00168354,	-0.802638,	-0.337623,	-0.0209194,	-0.329319,	-0.8099,	0.61273,	-0.05488,	54843,	-239,	-2,	-487,	54803,	142,	-22,	-137,	54783,	72,	-22,	-347,	
2,	7,	519391,	1.65255e+015,	7,	8,	21,	4,	2,	1,	2,	13,	1.65255e+009,	-0.600448,	-0.269808,	-0.328529,	-0.0510048,	-0.787186,	-0.235266,	-0.0222832,	0.0742129,	-0.799539,	-0.19459,	-0.0209634,	-0.035689,	-1.2587,	-1.60645,	-0.55272,	-0.00168354,	-0.802638,	-0.337623,	-0.0209194,	-0.329319,	-0.8099,	0.61273,	-0.05488,	54853,	-240,	-2,	-487,	54813,	141,	-21,	-137,	54793,	72,	-22,	-347,	
2,	7,	519454,	1.65255e+015,	-1,	-4,	-16,	-5,	-1,	-2,	-8,	-28,	1.65255e+009,	-0.600448,	-0.269808,	-0.328529,	-0.0510048,	-0.787186,	-0.235266,	-0.0222832,	0.0742129,	-0.799539,	-0.19459,	-0.0209634,	-0.035689,	-1.2587,	-1.60645,	-0.55272,	-0.00168354,	-0.802638,	-0.337623,	-0.0209194,	-0.329319,	-0.8099,	0.61273,	-0.05488,	54863,	-240,	-1,	-487,	54823,	142,	-22,	-138,	54803,	73,	-21,	-347,	
2,	7,	519532,	1.65255e+015,	1,	6,	12,	9,	-2,	-1,	-1,	0,	1.65255e+009,	-0.600448,	-0.269808,	-0.328529,	-0.0510048,	-0.787186,	-0.235266,	-0.0222832,	0.0742129,	-0.799539,	-0.19459,	-0.0209634,	-0.035689,	-1.2587,	-1.60645,	-0.55272,	-0.00168354,	-0.802638,	-0.337623,	-0.0209194,	-0.329319,	-0.8099,	0.61273,	-0.05488,	54873,	-240,	-1,	-486,	54833,	142,	-22,	-137,	54813,	72,	-21,	-348,	
2,	7,	519610,	1.65255e+015,	0,	-8,	-31,	6,	-2,	0,	3,	22,	1.65255e+009,	-0.600448,	-0.269808,	-0.328529,	-0.0510048,	-0.787186,	-0.235266,	-0.0222832,	0.0742129,	-0.799539,	-0.19459,	-0.0209634,	-0.035689,	-1.2587,	-1.60645,	-0.55272,	-0.00168354,	-0.802638,	-0.337623,	-0.0209194,	-0.329319,	-0.8099,	0.61273,	-0.05488,	54883,	-240,	-2,	-486,	54843,	143,	-22,	-138,	54823,	73,	-21,	-348,	
2,	7,	519688,	1.65255e+015,	-5,	-12,	-35,	-10,	-1,	-2,	0,	-3,	1.65255e+009,	-0.600448,	-0.269808,	-0.328529,	-0.0510048,	-0.787186,	-0.235266,	-0.0222832,	0.0742129,	-0.799539,	-0.19459,	-0.0209634,	-0.035689,	-1.2587,	-1.60645,	-0.55272,	-0.00168354,	-0.802638,	-0.337623,	-0.0209194,	-0.329319,	-0.8099,	0.61273,	-0.05488,	54893,	-239,	-1,	-486,	54853,	142,	-22,	-138,	54833,	73,	-20,	-348,	
2,	7,	519750,	1.65255e+015,	-3,	-2,	-23,	0,	0,	-3,	0,	6,	1.65255e+009,	-0.600448,	-0.269808,	-0.328529,	-0.0510048,	-0.787186,	-0.235266,	-0.0222832,	0.0742129,	-0.799539,	-0.19459,	-0.0209634,	-0.035689,	-1.2587,	-1.60645,	-0.55272,	-0.00168354,	-0.802638,	-0.337623,	-0.0209194,	-0.329319,	-0.8099,	0.61273,	-0.05488,	54903,	-239,	-1,	-486,	54863,	143,	-22,	-138,	54843,	73,	-21,	-348,	
2,	7,	519829,	1.65255e+015,	-4,	0,	41,	3,	-1,	-2,	-3,	-11,	1.65255e+009,	-0.600448,	-0.269808,	-0.328529,	-0.0510048,	-0.787186,	-0.235266,	-0.0222832,	0.0742129,	-0.799539,	-0.19459,	-0.0209634,	-0.035689,	-1.2587,	-1.60645,	-0.55272,	-0.00168354,	-0.802638,	-0.337623,	-0.0209194,	-0.329319,	-0.8099,	0.61273,	-0.05488,	54913,	-238,	-1,	-486,	54873,	144,	-23,	-138,	54853,	73,	-20,	-348,	
2,	7,	519907,	1.65255e+015,	1,	-3,	2,	-6,	-1,	-2,	4,	30,	1.65255e+009,	-0.600448,	-0.269808,	-0.328529,	-0.0510048,	-0.787186,	-0.235266,	-0.0222832,	0.0742129,	-0.799539,	-0.19459,	-0.0209634,	-0.035689,	-1.2587,	-1.60645,	-0.55272,	-0.00168354,	-0.802638,	-0.337623,	-0.0209194,	-0.329319,	-0.8099,	0.61273,	-0.05488,	54923,	-238,	-1,	-486,	54883,	143,	-22,	-138,	54863,	73,	-20,	-348,	
2,	7,	519969,	1.65255e+015,	0,	3,	24,	3,	0,	0,	0,	1,	1.65255e+009,	-0.600448,	-0.269808,	-0.328529,	-0.0510048,	-0.787186,	-0.235266,	-0.0222832,	0.0742129,	-0.799539,	-0.19459,	-0.0209634,	-0.035689,	-1.2587,	-1.60645,	-0.55272,	-0.00168354,	-0.802638,	-0.337623,	-0.0209194,	-0.329319,	-0.8099,	0.61273,	-0.05488,	54933,	-239,	-2,	-486,	54893,	143,	-22,	-138,	54873,	73,	-20,	-349,	
2,	7,	520047,	1.65255e+015,	-3,	-7,	-53,	-10,	-7,	1,	-1,	-1,	1.65255e+009,	-0.675599,	-0.269808,	-0.328529,	-0.0510048,	-0.787186,	-0.235266,	-0.0222832,	0.0742129,	-0.799539,	-0.19459,	-0.0209634,	-0.035689,	-1.15028,	-1.28711,	-0.31132,	-0.00168354,	-0.802638,	-0.337623,	-0.0209194,	-0.299749,	-0.6097,	0.61273,	-0.05488,	54943,	-238,	-1,	-486,	54903,	143,	-22,	-138,	54883,	73,	-22,	-348,	
2,	7,	520125,	1.65255e+015,	-4,	-15,	-8,	-3,	-3,	-3,	-2,	-3,	1.65255e+009,	-0.675599,	-0.269808,	-0.328529,	-0.0510048,	-0.787186,	-0.235266,	-0.0222832,	0.100153,	-0.894159,	-0.19459,	-0.0209634,	-0.0208393,	-1.06355,	-0.648434,	-0.0243155,	-0.0578018,	-0.802638,	-0.337623,	-0.0209194,	-0.355867,	-0.5005,	0.61273,	-0.05488,	54953,	-240,	-1,	-486,	54913,	142,	-23,	-138,	54893,	74,	-21,	-348,	
2,	7,	520204,	1.65255e+015,	1,	-1,	-7,	8,	3,	-1,	0,	0,	1.65255e+009,	-0.675599,	-0.269808,	-0.328529,	-0.0510048,	-0.787186,	-0.235266,	-0.0222832,	0.107486,	-0.894159,	-0.19459,	-0.0209634,	-0.0135059,	-1.06355,	-0.311355,	-0.0219089,	-0.0800384,	-0.802638,	-0.337623,	-0.0209194,	-0.378104,	-0.5005,	0.61273,	-0.05488,	54963,	-238,	-1,	-486,	54923,	142,	-23,	-138,	54903,	73,	-20,	-348,	
2,	7,	520282,	1.65255e+015,	0,	-5,	14,	7,	-1,	2,	-1,	-1,	1.65255e+009,	-0.675599,	-0.269808,	-0.328529,	-0.0510048,	-0.787186,	-0.235266,	-0.0222832,	0.110419,	-0.894159,	-0.19459,	-0.0209634,	-0.0105726,	-1.06355,	-0.22265,	-0.0219871,	-0.0889331,	-0.802638,	-0.337623,	-0.0209194,	-0.386999,	-0.5005,	0.61273,	-0.05488,	54973,	-239,	-1,	-486,	54933,	142,	-22,	-138,	54913,	73,	-21,	-348,	
2,	7,	520360,	1.65255e+015,	2,	5,	2,	2,	0,	-1,	0,	0,	1.65255e+009,	-0.675599,	-0.269808,	-0.328529,	-0.0510048,	-0.787186,	-0.235266,	-0.0222832,	0.110419,	-0.894159,	-0.19459,	-0.0209634,	-0.0105726,	-1.06355,	-0.22265,	-0.0219871,	-0.0889331,	-0.802638,	-0.337623,	-0.0209194,	-0.386999,	-0.5005,	0.61273,	-0.05488,	54983,	-239,	-2,	-486,	54943,	143,	-22,	-138,	54923,	73,	-20,	-348,	
2,	7,	520438,	1.65255e+015,	-1,	-4,	25,	9,	0,	1,	0,	1,	1.65255e+009,	-0.675599,	-0.269808,	-0.328529,	-0.0510048,	-0.787186,	-0.235266,	-0.0222832,	0.110419,	-0.894159,	-0.19459,	-0.0209634,	-0.0105726,	-1.06355,	-0.22265,	-0.0219871,	-0.0889331,	-0.802638,	-0.337623,	-0.0209194,	-0.386999,	-0.5005,	0.61273,	-0.05488,	54993,	-239,	-1,	-486,	54953,	143,	-21,	-138,	54933,	73,	-21,	-348,	
2,	7,	520516,	1.65255e+015,	2,	2,	23,	3,	0,	-2,	0,	2,	1.65255e+009,	-0.675599,	-0.269808,	-0.328529,	-0.0510048,	-0.787186,	-0.235266,	-0.0222832,	0.110419,	-0.894159,	-0.19459,	-0.0209634,	-0.0105726,	-1.06355,	-0.22265,	-0.0219871,	-0.0889331,	-0.802638,	-0.337623,	-0.0209194,	-0.386999,	-0.5005,	0.61273,	-0.05488,	55003,	-240,	-1,	-485,	54963,	143,	-23,	-138,	54943,	73,	-21,	-348,	
2,	7,	520594,	1.65255e+015,	-1,	-4,	-27,	-17,	-2,	0,	0,	0,	1.65255e+009,	-0.675599,	-0.269808,	-0.328529,	-0.0510048,	-0.787186,	-0.235266,	-0.0222832,	0.110419,	-0.894159,	-0.19459,	-0.0209634,	-0.0105726,	-0.955136,	-0.22265,	-0.0219871,	-0.0889331,	-0.802638,	-0.337623,	-0.0209194,	-0.386999,	-0.5005,	0.61273,	-0.05488,	55013,	-240,	0,	-485,	54973,	143,	-21,	-138,	54953,	72,	-21,	-348,	
2,	7,	520672,	1.65255e+015,	0,	-1,	14,	11,	2,	0,	-1,	0,	1.65255e+009,	-0.675599,	-0.269808,	-0.328529,	-0.0510048,	-0.787186,	-0.235266,	-0.0222832,	0.110419,	-0.894159,	-0.19459,	-0.0209634,	-0.0105726,	-0.955136,	-0.22265,	-0.0219871,	-0.0889331,	-0.802638,	-0.337623,	-0.0209194,	-0.386999,	-0.5005,	0.61273,	-0.05488,	55023,	-240,	-1,	-485,	54983,	142,	-22,	-138,	54963,	73,	-20,	-348,	
2,	7,	520750,	1.65255e+015,	-2,	-3,	-10,	11,	0,	-1,	-1,	1,	1.65255e+009,	-0.675599,	-0.269808,	-0.328529,	-0.0510048,	-0.787186,	-0.235266,	-0.0222832,	0.110419,	-0.894159,	-0.19459,	-0.0209634,	-0.0105726,	-0.955136,	-0.22265,	-0.0219871,	-0.0889331,	-0.802638,	-0.337623,	-0.0209194,	-0.386999,	-0.5005,	0.61273,	-0.05488,	55033,	-239,	0,	-485,	54993,	143,	-23,	-138,	54973,	73,	-21,	-348,	
2,	7,	520829,	1.65255e+015,	0,	5,	19,	11,	2,	-1,	-2,	-2,	1.65255e+009,	-0.675599,	-0.269808,	-0.328529,	-0.0510048,	-0.787186,	-0.235266,	-0.0222832,	0.110419,	-0.894159,	-0.19459,	-0.0209634,	-0.0105726,	-0.955136,	-0.22265,	-0.0219871,	-0.0889331,	-0.802638,	-0.337623,	-0.0209194,	-0.386999,	-0.5005,	0.61273,	-0.05488,	55043,	-240,	-1,	-485,	55003,	143,	-22,	-137,	54983,	73,	-21,	-348,	
2,	7,	520907,	1.65255e+015,	-1,	1,	-1,	-5,	1,	0,	-1,	0,	1.65255e+009,	-0.675599,	-0.269808,	-0.328529,	-0.0510048,	-0.787186,	-0.235266,	-0.0222832,	0.110419,	-0.894159,	-0.19459,	-0.0209634,	-0.0105726,	-0.955136,	-0.22265,	-0.0219871,	-0.0889331,	-0.802638,	-0.337623,	-0.0209194,	-0.386999,	-0.5005,	0.61273,	-0.05488,	55053,	-240,	-1,	-485,	55013,	144,	-23,	-138,	54993,	72,	-21,	-348,	
2,	7,	520985,	1.65255e+015,	3,	3,	27,	6,	4,	3,	0,	1,	1.65255e+009,	-0.675599,	-0.269808,	-0.328529,	-0.0510048,	-0.787186,	-0.235266,	-0.0222832,	0.110419,	-0.894159,	-0.19459,	-0.0209634,	-0.0105726,	-0.955136,	-0.22265,	-0.0219871,	-0.0889331,	-0.802638,	-0.337623,	-0.0209194,	-0.386999,	-0.5005,	0.61273,	-0.05488,	55063,	-240,	0,	-485,	55023,	143,	-23,	-137,	55003,	72,	-21,	-348,	
2,	7,	521063,	1.65255e+015,	-2,	-5,	21,	3,	-3,	-1,	-2,	-2,	1.65255e+009,	-0.675599,	-0.269808,	-0.328529,	-0.0510048,	-0.787186,	-0.235266,	-0.0222832,	0.110419,	-0.894159,	-0.19459,	-0.0209634,	-0.0105726,	-0.955136,	-0.22265,	-0.0219871,	-0.0889331,	-0.802638,	-0.337623,	-0.0209194,	-0.386999,	-0.5005,	0.61273,	-0.05488,	55073,	-241,	-1,	-485,	55033,	143,	-23,	-137,	55013,	73,	-21,	-347,	
2,	7,	521141,	1.65255e+015,	0,	1,	2,	8,	-1,	1,	-2,	0,	1.65255e+009,	-0.675599,	-0.269808,	-0.328529,	-0.0510048,	-0.787186,	-0.235266,	-0.0222832,	0.110419,	-0.894159,	-0.19459,	-0.0209634,	-0.0105726,	-0.955136,	-0.22265,	-0.0219871,	-0.0889331,	-0.802638,	-0.337623,	-0.0209194,	-0.386999,	-0.5005,	0.61273,	-0.05488,	55083,	-240,	-1,	-484,	55043,	143,	-22,	-137,	55023,	73,	-21,	-347,	
2,	7,	521219,	1.65255e+015,	0,	2,	5,	6,	0,	0,	1,	0,	1.65255e+009,	-0.675599,	-0.269808,	-0.328529,	-0.0510048,	-0.787186,	-0.235266,	-0.0222832,	0.110419,	-0.894159,	-0.19459,	-0.0209634,	-0.0105726,	-0.955136,	-0.22265,	-0.0219871,	-0.0889331,	-0.802638,	-0.337623,	-0.0209194,	-0.386999,	-0.5005,	0.61273,	-0.05488,	55093,	-240,	-1,	-484,	55053,	144,	-22,	-137,	55033,	72,	-22,	-348,	
2,	7,	521297,	1.65255e+015,	-2,	-4,	2,	0,	0,	-1,	0,	-1,	1.65255e+009,	-0.675599,	-0.269808,	-0.328529,	-0.0510048,	-0.787186,	-0.235266,	-0.0222832,	0.107486,	-0.894159,	-0.19459,	-0.0209634,	-0.0135059,	-0.955136,	-0.22265,	-0.0219871,	-0.0800384,	-0.802638,	-0.337623,	-0.0209194,	-0.378104,	-0.5005,	0.61273,	-0.05488,	55103,	-240,	-1,	-484,	55063,	144,	-22,	-137,	55043,	71,	-22,	-347,	
2,	7,	521375,	1.65255e+015,	-2,	-1,	12,	-4,	-2,	-1,	0,	-1,	1.65255e+009,	-0.675599,	-0.269808,	-0.328529,	-0.0510048,	-0.787186,	-0.235266,	-0.0222832,	0.107486,	-0.894159,	-0.19459,	-0.0209634,	-0.0135059,	-0.955136,	-0.22265,	-0.0219871,	-0.0800384,	-0.802638,	-0.337623,	-0.0209194,	-0.378104,	-0.5005,	0.61273,	-0.05488,	55113,	-240,	-1,	-483,	55073,	143,	-23,	-137,	55053,	72,	-21,	-347,	
2,	7,	521454,	1.65255e+015,	1,	-7,	-14,	2,	-1,	-1,	-1,	0,	1.65255e+009,	-0.675599,	-0.269808,	-0.328529,	-0.0510048,	-0.787186,	-0.235266,	-0.0222832,	0.107486,	-0.894159,	-0.19459,	-0.0209634,	-0.0135059,	-0.955136,	-0.22265,	-0.0219871,	-0.0800384,	-0.802638,	-0.337623,	-0.0209194,	-0.378104,	-0.5005,	0.61273,	-0.05488,	55123,	-240,	-2,	-483,	55083,	142,	-23,	-137,	55063,	72,	-21,	-347,	
2,	7,	521532,	1.65255e+015,	-3,	-4,	5,	-28,	-6,	-3,	0,	0,	1.65255e+009,	-0.675599,	-0.269808,	-0.328529,	-0.0510048,	-0.787186,	-0.235266,	-0.0222832,	0.107486,	-0.894159,	-0.19459,	-0.0209634,	-0.0135059,	-0.955136,	-0.22265,	-0.0219871,	-0.0800384,	-0.802638,	-0.337623,	-0.0209194,	-0.378104,	-0.5005,	0.61273,	-0.05488,	55133,	-240,	-1,	-483,	55093,	143,	-22,	-137,	55073,	72,	-22,	-347,	
2,	7,	521610,	1.65255e+015,	-1,	3,	1,	-1,	-1,	-3,	0,	0,	1.65255e+009,	-0.675599,	-0.269808,	-0.328529,	-0.0510048,	-0.787186,	-0.235266,	-0.0222832,	0.107486,	-0.894159,	-0.19459,	-0.0209634,	-0.0135059,	-0.955136,	-0.22265,	-0.0219871,	-0.0800384,	-0.802638,	-0.337623,	-0.0209194,	-0.378104,	-0.5005,	0.61273,	-0.05488,	55143,	-240,	-1,	-484,	55103,	144,	-22,	-137,	55083,	73,	-22,	-347,	
2,	7,	521672,	1.65255e+015,	-2,	-3,	-9,	-18,	-3,	-2,	0,	-2,	1.65255e+009,	-0.675599,	-0.269808,	-0.328529,	-0.0510048,	-0.787186,	-0.235266,	-0.0222832,	0.107486,	-0.894159,	-0.19459,	-0.0209634,	-0.0135059,	-0.955136,	-0.22265,	-0.0219871,	-0.0800384,	-0.802638,	-0.337623,	-0.0209194,	-0.378104,	-0.5005,	0.61273,	-0.05488,	55153,	-239,	-1,	-484,	55113,	144,	-22,	-137,	55093,	73,	-23,	-347,	
2,	7,	521750,	1.65255e+015,	-2,	-1,	-3,	-2,	1,	-1,	2,	0,	1.65255e+009,	-0.675599,	-0.269808,	-0.328529,	-0.0510048,	-0.787186,	-0.235266,	-0.0222832,	0.107486,	-0.894159,	-0.19459,	-0.0209634,	-0.0135059,	-0.955136,	-0.22265,	-0.0219871,	-0.0800384,	-0.802638,	-0.337623,	-0.0209194,	-0.378104,	-0.5005,	0.61273,	-0.05488,	55163,	-239,	-1,	-484,	55123,	143,	-22,	-137,	55103,	73,	-21,	-347,	
2,	7,	521813,	1.65255e+015,	-1,	1,	10,	3,	-1,	2,	1,	0,	1.65255e+009,	-0.675599,	-0.269808,	-0.328529,	-0.0510048,	-0.787186,	-0.235266,	-0.0222832,	0.107486,	-0.894159,	-0.19459,	-0.0209634,	-0.0135059,	-0.955136,	-0.22265,	-0.0219871,	-0.0800384,	-0.802638,	-0.337623,	-0.0209194,	-0.378104,	-0.5005,	0.61273,	-0.05488,	55173,	-239,	-2,	-484,	55133,	143,	-23,	-137,	55113,	72,	-21,	-347,	
2,	7,	521891,	1.65255e+015,	-1,	1,	8,	-6,	2,	0,	0,	-1,	1.65255e+009,	-0.675599,	-0.269808,	-0.328529,	-0.0510048,	-0.787186,	-0.235266,	-0.0222832,	0.107486,	-0.894159,	-0.19459,	-0.0209634,	-0.0135059,	-0.955136,	-0.22265,	-0.0219871,	-0.0800384,	-0.802638,	-0.337623,	-0.0209194,	-0.378104,	-0.5005,	0.61273,	-0.05488,	55183,	-240,	-2,	-484,	55143,	142,	-23,	-137,	55123,	73,	-22,	-347,	
2,	7,	521954,	1.65255e+015,	-4,	-7,	1,	-16,	-3,	1,	-1,	-3,	1.65255e+009,	-0.675599,	-0.269808,	-0.328529,	-0.0510048,	-0.787186,	-0.235266,	-0.0222832,	0.107486,	-0.894159,	-0.19459,	-0.0209634,	-0.0135059,	-0.955136,	-0.22265,	-0.0219871,	-0.0800384,	-0.802638,	-0.337623,	-0.0209194,	-0.378104,	-0.5005,	0.61273,	-0.05488,	55193,	-240,	-1,	-484,	55153,	143,	-23,	-137,	55133,	73,	-21,	-347,	
2,	7,	522016,	1.65255e+015,	0,	3,	8,	7,	-1,	-2,	-2,	-2,	1.65255e+009,	-0.675599,	-0.269808,	-0.328529,	-0.0510048,	-0.787186,	-0.235266,	-0.0222832,	0.107486,	-0.894159,	-0.19459,	-0.0209634,	-0.0135059,	-0.955136,	-0.22265,	-0.0219871,	-0.0800384,	-0.802638,	-0.337623,	-0.0209194,	-0.378104,	-0.5005,	0.61273,	-0.05488,	55203,	-240,	0,	-484,	55163,	143,	-22,	-137,	55143,	72,	-22,	-347,	
2,	7,	522094,	1.65255e+015,	0,	4,	29,	6,	-2,	-3,	-1,	-1,	1.65255e+009,	-0.675599,	-0.269808,	-0.328529,	-0.0510048,	-0.787186,	-0.235266,	-0.0222832,	0.107486,	-0.894159,	-0.19459,	-0.0209634,	-0.0135059,	-0.955136,	-0.22265,	-0.0219871,	-0.0800384,	-0.802638,	-0.337623,	-0.0209194,	-0.378104,	-0.5005,	0.61273,	-0.05488,	55213,	-240,	-1,	-485,	55173,	144,	-22,	-136,	55153,	74,	-21,	-347,	
2,	7,	522172,	1.65255e+015,	-1,	-3,	-5,	-7,	-2,	1,	-1,	0,	1.65255e+009,	-0.675599,	-0.269808,	-0.328529,	-0.0510048,	-0.787186,	-0.235266,	-0.0222832,	0.107486,	-0.894159,	-0.19459,	-0.0209634,	-0.0135059,	-0.955136,	-0.22265,	-0.0219871,	-0.0800384,	-0.802638,	-0.337623,	-0.0209194,	-0.378104,	-0.5005,	0.61273,	-0.05488,	55223,	-240,	0,	-486,	55183,	144,	-23,	-137,	55163,	74,	-22,	-347,	
2,	7,	522235,	1.65255e+015,	-3,	-4,	-8,	-5,	-3,	-1,	-1,	-2,	1.65255e+009,	-0.675599,	-0.269808,	-0.328529,	-0.0510048,	-0.787186,	-0.235266,	-0.0222832,	0.107486,	-0.894159,	-0.19459,	-0.0209634,	-0.0135059,	-0.955136,	-0.22265,	-0.0219871,	-0.0800384,	-0.802638,	-0.337623,	-0.0209194,	-0.378104,	-0.5005,	0.61273,	-0.05488,	55233,	-239,	-1,	-486,	55193,	143,	-23,	-137,	55173,	74,	-22,	-347,	
2,	7,	522297,	1.65255e+015,	0,	-1,	-12,	-3,	0,	0,	-1,	0,	1.65255e+009,	-0.675599,	-0.269808,	-0.328529,	-0.0510048,	-0.787186,	-0.235266,	-0.0222832,	0.107486,	-0.894159,	-0.19459,	-0.0209634,	-0.0135059,	-0.955136,	-0.22265,	-0.0219871,	-0.0800384,	-0.802638,	-0.337623,	-0.0209194,	-0.378104,	-0.5005,	0.61273,	-0.05488,	55243,	-238,	-2,	-486,	55203,	143,	-24,	-137,	55183,	74,	-21,	-347,	
2,	7,	522375,	1.65255e+015,	-1,	3,	-1,	19,	2,	-1,	-2,	0,	1.65255e+009,	-0.675599,	-0.269808,	-0.328529,	-0.0510048,	-0.787186,	-0.235266,	-0.0222832,	0.107486,	-0.894159,	-0.19459,	-0.0209634,	-0.0135059,	-0.955136,	-0.22265,	-0.0219871,	-0.0800384,	-0.802638,	-0.337623,	-0.0209194,	-0.378104,	-0.5005,	0.61273,	-0.05488,	55253,	-238,	-1,	-487,	55213,	144,	-23,	-136,	55193,	73,	-22,	-347,	
