1,	3,	498063,	1.65255e+015,	-1,	-9,	-1,	-12,	-3,	0,	0,	0,	1.65255e+009,	-0.840928,	-0.368368,	-0.361547,	-0.0510048,	-1.12352,	-0.235266,	-0.0222832,	0.109758,	-1.14648,	-0.274422,	-0.0225534,	-0.0201062,	-1.02019,	-0.258132,	-0.0225602,	-0.0688967,	-0.824568,	-0.350436,	-0.0202764,	-0.366962,	-0.3185,	0.61273,	-0.0392,	32503,	-218,	1,	-514,	32453,	149,	-37,	-151,	32433,	73,	-24,	-359,	
1,	3,	498141,	1.65255e+015,	-3,	-3,	-3,	-10,	1,	4,	1,	0,	1.65255e+009,	-0.840928,	-0.368368,	-0.361547,	-0.0510048,	-1.12352,	-0.235266,	-0.0222832,	0.109758,	-1.14648,	-0.274422,	-0.0225534,	-0.0201062,	-1.02019,	-0.258132,	-0.0225602,	-0.0688967,	-0.824568,	-0.401688,	-0.016654,	-0.366962,	-0.3185,	0.61273,	-0.0392,	32513,	-217,	1,	-514,	32463,	149,	-37,	-151,	32443,	73,	-25,	-359,	
1,	3,	498204,	1.65255e+015,	0,	-2,	-1,	-1,	-1,	2,	1,	-1,	1.65255e+009,	-0.840928,	-0.269808,	-0.361547,	-0.0510048,	-1.12352,	-0.235266,	-0.0222832,	0.109758,	-1.14648,	-0.274422,	-0.0225534,	-0.0201062,	-1.02019,	-0.258132,	-0.0225602,	-0.0688967,	-0.824568,	-0.401688,	-0.016654,	-0.366962,	-0.3185,	0.61273,	-0.0392,	32523,	-217,	1,	-514,	32473,	149,	-37,	-151,	32453,	73,	-25,	-358,	
1,	3,	498266,	1.65255e+015,	-4,	-6,	10,	25,	3,	1,	-1,	1,	1.65255e+009,	-0.840928,	-0.269808,	-0.361547,	-0.0510048,	-1.12352,	-0.235266,	-0.0222832,	0.109758,	-1.14648,	-0.274422,	-0.0225534,	-0.0201062,	-1.02019,	-0.258132,	-0.0225602,	-0.0688967,	-0.824568,	-0.401688,	-0.016654,	-0.366962,	-0.3185,	0.61273,	-0.0392,	32533,	-219,	0,	-515,	32483,	150,	-36,	-151,	32463,	72,	-25,	-358,	
1,	3,	498329,	1.65255e+015,	0,	4,	4,	4,	3,	-1,	0,	-2,	1.65255e+009,	-0.840928,	-0.269808,	-0.361547,	-0.0510048,	-1.12352,	-0.235266,	-0.0222832,	0.109758,	-1.14648,	-0.274422,	-0.0225534,	-0.0201062,	-1.02019,	-0.258132,	-0.0225602,	-0.0688967,	-0.824568,	-0.401688,	-0.016654,	-0.366962,	-0.3185,	0.61273,	-0.0392,	32543,	-218,	1,	-515,	32493,	150,	-36,	-151,	32473,	72,	-25,	-358,	
1,	3,	498407,	1.65255e+015,	1,	5,	3,	1,	0,	-2,	2,	0,	1.65255e+009,	-0.840928,	-0.269808,	-0.361547,	-0.0510048,	-1.12352,	-0.235266,	-0.0222832,	0.109758,	-1.14648,	-0.274422,	-0.0225534,	-0.0201062,	-1.02019,	-0.258132,	-0.0225602,	-0.0688967,	-0.824568,	-0.401688,	-0.016654,	-0.366962,	-0.3185,	0.61273,	-0.0392,	32553,	-219,	0,	-515,	32503,	150,	-36,	-151,	32483,	73,	-25,	-358,	
1,	3,	498485,	1.65255e+015,	-1,	-5,	-6,	-15,	-4,	-3,	-3,	-2,	1.65255e+009,	-0.840928,	-0.269808,	-0.361547,	-0.0510048,	-1.12352,	-0.235266,	-0.0222832,	0.109758,	-1.14648,	-0.274422,	-0.0225534,	-0.0201062,	-1.02019,	-0.258132,	-0.0225602,	-0.0688967,	-0.824568,	-0.401688,	-0.016654,	-0.366962,	-0.3185,	0.61273,	-0.0392,	32563,	-217,	0,	-515,	32513,	149,	-37,	-151,	32493,	72,	-25,	-358,	
1,	3,	498563,	1.65255e+015,	0,	0,	1,	25,	6,	1,	-2,	-1,	1.65255e+009,	-0.840928,	-0.269808,	-0.361547,	-0.0510048,	-1.12352,	-0.235266,	-0.0222832,	0.109758,	-1.14648,	-0.274422,	-0.0225534,	-0.0201062,	-1.02019,	-0.258132,	-0.0225602,	-0.0688967,	-0.824568,	-0.401688,	-0.016654,	-0.366962,	-0.3185,	0.61273,	-0.0392,	32573,	-218,	0,	-516,	32523,	150,	-37,	-151,	32503,	72,	-25,	-358,	
1,	3,	498641,	1.65255e+015,	2,	5,	2,	3,	0,	-1,	-1,	1,	1.65255e+009,	-0.840928,	-0.269808,	-0.361547,	-0.0510048,	-1.12352,	-0.235266,	-0.0222832,	0.109758,	-1.14648,	-0.274422,	-0.0225534,	-0.0201062,	-1.02019,	-0.258132,	-0.0225602,	-0.0688967,	-0.824568,	-0.401688,	-0.016654,	-0.366962,	-0.3185,	0.61273,	-0.0392,	32583,	-218,	0,	-515,	32533,	150,	-36,	-151,	32513,	73,	-24,	-358,	
1,	3,	498719,	1.65255e+015,	-3,	-5,	-5,	-16,	-5,	-3,	-2,	-2,	1.65255e+009,	-0.840928,	-0.269808,	-0.361547,	-0.0510048,	-1.12352,	-0.235266,	-0.0222832,	0.109758,	-1.14648,	-0.274422,	-0.0225534,	-0.0201062,	-1.02019,	-0.258132,	-0.0225602,	-0.0688967,	-0.824568,	-0.401688,	-0.016654,	-0.366962,	-0.3185,	0.61273,	-0.0392,	32593,	-218,	1,	-515,	32543,	149,	-36,	-151,	32523,	73,	-24,	-358,	
1,	3,	498797,	1.65255e+015,	0,	-4,	0,	12,	2,	0,	-1,	0,	1.65255e+009,	-0.840928,	-0.269808,	-0.361547,	-0.0510048,	-1.12352,	-0.235266,	-0.0222832,	0.109758,	-1.14648,	-0.274422,	-0.0225534,	-0.0201062,	-1.02019,	-0.258132,	-0.0225602,	-0.0688967,	-0.824568,	-0.401688,	-0.016654,	-0.366962,	-0.3185,	0.61273,	-0.0392,	32603,	-217,	1,	-516,	32553,	150,	-36,	-151,	32533,	72,	-24,	-358,	
1,	3,	498875,	1.65255e+015,	-4,	-25,	-19,	-45,	-5,	0,	-2,	0,	1.65255e+009,	-0.840928,	-0.269808,	-0.361547,	-0.0510048,	-1.12352,	-0.235266,	-0.0222832,	0.109758,	-1.14648,	-0.274422,	-0.0225534,	-0.0201062,	-1.02019,	-0.258132,	-0.0225602,	-0.0688967,	-0.824568,	-0.401688,	-0.016654,	-0.366962,	-0.3185,	0.61273,	-0.0392,	32613,	-218,	1,	-516,	32563,	150,	-36,	-151,	32543,	73,	-25,	-359,	
1,	3,	498954,	1.65255e+015,	-1,	-4,	-4,	10,	0,	1,	1,	-2,	1.65255e+009,	-0.840928,	-0.269808,	-0.361547,	-0.0510048,	-1.12352,	-0.235266,	-0.0222832,	0.109758,	-1.14648,	-0.274422,	-0.0225534,	-0.0201062,	-1.02019,	-0.258132,	-0.0225602,	-0.0688967,	-0.824568,	-0.401688,	-0.016654,	-0.366962,	-0.3185,	0.61273,	-0.0392,	32623,	-217,	0,	-517,	32573,	150,	-37,	-152,	32553,	74,	-24,	-359,	
1,	3,	499032,	1.65255e+015,	-1,	5,	3,	3,	1,	-1,	-1,	-1,	1.65255e+009,	-0.840928,	-0.269808,	-0.361547,	-0.0510048,	-1.12352,	-0.235266,	-0.0222832,	0.109758,	-1.14648,	-0.274422,	-0.0225534,	-0.0201062,	-1.02019,	-0.258132,	-0.0225602,	-0.0688967,	-0.824568,	-0.401688,	-0.016654,	-0.366962,	-0.3185,	0.61273,	-0.0392,	32633,	-216,	1,	-517,	32583,	149,	-36,	-152,	32563,	73,	-25,	-359,	
1,	3,	499110,	1.65255e+015,	0,	-4,	2,	1,	-2,	-2,	-1,	0,	1.65255e+009,	-0.840928,	-0.269808,	-0.361547,	-0.0510048,	-1.12352,	-0.235266,	-0.0222832,	0.109758,	-1.14648,	-0.274422,	-0.0225534,	-0.0201062,	-1.02019,	-0.329096,	-0.021289,	-0.0688967,	-0.824568,	-0.401688,	-0.016654,	-0.366962,	-0.3185,	0.61273,	-0.0392,	32643,	-217,	1,	-517,	32593,	150,	-37,	-152,	32573,	73,	-25,	-359,	
1,	3,	499172,	1.65255e+015,	0,	3,	-2,	-3,	1,	0,	1,	0,	1.65255e+009,	-0.840928,	-0.269808,	-0.361547,	-0.0510048,	-1.12352,	-0.235266,	-0.0222832,	0.109758,	-1.14648,	-0.274422,	-0.0225534,	-0.0201062,	-1.02019,	-0.329096,	-0.021289,	-0.0688967,	-0.824568,	-0.401688,	-0.016654,	-0.366962,	-0.3185,	0.61273,	-0.0392,	32653,	-218,	0,	-517,	32603,	149,	-37,	-152,	32583,	73,	-24,	-359,	
1,	3,	499235,	1.65255e+015,	1,	-1,	7,	40,	6,	0,	-1,	-1,	1.65255e+009,	-0.840928,	-0.269808,	-0.361547,	-0.0510048,	-1.12352,	-0.235266,	-0.0222832,	0.109758,	-1.14648,	-0.274422,	-0.0225534,	-0.0201062,	-1.02019,	-0.329096,	-0.021289,	-0.0688967,	-0.824568,	-0.401688,	-0.016654,	-0.366962,	-0.3185,	0.61273,	-0.0392,	32663,	-217,	1,	-517,	32613,	149,	-36,	-152,	32593,	73,	-24,	-359,	
1,	3,	499297,	1.65255e+015,	0,	0,	1,	-7,	-2,	-2,	0,	0,	1.65255e+009,	-0.840928,	-0.269808,	-0.361547,	-0.0510048,	-1.12352,	-0.235266,	-0.0222832,	0.109758,	-1.14648,	-0.274422,	-0.0225534,	-0.0201062,	-1.02019,	-0.329096,	-0.021289,	-0.0688967,	-0.824568,	-0.401688,	-0.016654,	-0.366962,	-0.3185,	0.61273,	-0.0392,	32673,	-218,	1,	-517,	32623,	150,	-36,	-152,	32603,	74,	-23,	-359,	
1,	3,	499360,	1.65255e+015,	-3,	-4,	-2,	-2,	1,	2,	1,	-1,	1.65255e+009,	-0.840928,	-0.269808,	-0.361547,	-0.0510048,	-1.12352,	-0.235266,	-0.0222832,	0.109758,	-1.14648,	-0.274422,	-0.0225534,	-0.0201062,	-1.02019,	-0.329096,	-0.021289,	-0.0688967,	-0.824568,	-0.401688,	-0.016654,	-0.366962,	-0.3185,	0.61273,	-0.0392,	32683,	-217,	1,	-518,	32633,	150,	-35,	-152,	32613,	73,	-24,	-359,	
1,	3,	499438,	1.65255e+015,	-1,	-3,	-3,	-10,	1,	-1,	0,	0,	1.65255e+009,	-0.840928,	-0.269808,	-0.361547,	-0.0510048,	-1.12352,	-0.235266,	-0.0222832,	0.109758,	-1.14648,	-0.274422,	-0.0225534,	-0.0201062,	-1.02019,	-0.329096,	-0.021289,	-0.0688967,	-0.824568,	-0.401688,	-0.016654,	-0.366962,	-0.3185,	0.61273,	-0.0392,	32693,	-217,	1,	-518,	32643,	150,	-36,	-152,	32623,	74,	-24,	-359,	
1,	3,	499516,	1.65255e+015,	0,	-4,	-1,	-1,	0,	1,	-1,	-3,	1.65255e+009,	-0.840928,	-0.269808,	-0.361547,	-0.0510048,	-1.12352,	-0.235266,	-0.0222832,	0.109758,	-1.14648,	-0.274422,	-0.0225534,	-0.0201062,	-1.02019,	-0.329096,	-0.021289,	-0.0688967,	-0.824568,	-0.401688,	-0.016654,	-0.366962,	-0.3185,	0.61273,	-0.0392,	32703,	-217,	1,	-518,	32653,	150,	-36,	-152,	32633,	72,	-23,	-359,	
1,	3,	499579,	1.65255e+015,	-3,	-4,	2,	14,	0,	0,	-1,	0,	1.65255e+009,	-0.840928,	-0.269808,	-0.361547,	-0.0510048,	-1.12352,	-0.235266,	-0.0222832,	0.109758,	-1.14648,	-0.274422,	-0.0225534,	-0.0201062,	-1.02019,	-0.329096,	-0.021289,	-0.0688967,	-0.824568,	-0.401688,	-0.016654,	-0.366962,	-0.3185,	0.61273,	-0.0392,	32713,	-216,	1,	-518,	32663,	150,	-37,	-152,	32643,	73,	-24,	-360,	
1,	3,	499657,	1.65255e+015,	1,	0,	2,	2,	-2,	-2,	-1,	-1,	1.65255e+009,	-0.840928,	-0.269808,	-0.361547,	-0.0510048,	-1.12352,	-0.235266,	-0.0222832,	0.109758,	-1.14648,	-0.274422,	-0.0225534,	-0.0201062,	-1.02019,	-0.329096,	-0.021289,	-0.0688967,	-0.824568,	-0.401688,	-0.016654,	-0.366962,	-0.3185,	0.61273,	-0.0392,	32723,	-216,	1,	-519,	32673,	149,	-37,	-152,	32653,	73,	-23,	-360,	
1,	3,	499719,	1.65255e+015,	-2,	-1,	-4,	-2,	-1,	-3,	-2,	0,	1.65255e+009,	-0.840928,	-0.269808,	-0.361547,	-0.0510048,	-1.12352,	-0.235266,	-0.0222832,	0.109758,	-1.14648,	-0.274422,	-0.0225534,	-0.0201062,	-1.02019,	-0.329096,	-0.021289,	-0.0688967,	-0.824568,	-0.401688,	-0.016654,	-0.366962,	-0.3185,	0.61273,	-0.0392,	32733,	-215,	1,	-519,	32683,	149,	-37,	-152,	32663,	73,	-25,	-360,	
1,	3,	499782,	1.65255e+015,	2,	6,	5,	21,	-2,	1,	0,	2,	1.65255e+009,	-0.840928,	-0.269808,	-0.361547,	-0.0510048,	-1.12352,	-0.235266,	-0.0222832,	0.109758,	-1.14648,	-0.274422,	-0.0225534,	-0.0201062,	-1.02019,	-0.329096,	-0.021289,	-0.0688967,	-0.824568,	-0.401688,	-0.016654,	-0.366962,	-0.3185,	0.61273,	-0.0392,	32743,	-216,	0,	-519,	32693,	150,	-36,	-152,	32673,	74,	-24,	-360,	
1,	3,	499844,	1.65255e+015,	-4,	-4,	6,	-5,	-2,	-2,	-2,	-3,	1.65255e+009,	-0.840928,	-0.269808,	-0.361547,	-0.0510048,	-1.12352,	-0.235266,	-0.0222832,	0.109758,	-1.14648,	-0.274422,	-0.0225534,	-0.0201062,	-1.02019,	-0.329096,	-0.021289,	-0.0688967,	-0.824568,	-0.401688,	-0.016654,	-0.366962,	-0.3185,	0.61273,	-0.0392,	32753,	-216,	1,	-519,	32703,	150,	-37,	-152,	32683,	73,	-25,	-360,	
1,	3,	499922,	1.65255e+015,	0,	0,	0,	4,	-2,	-2,	-2,	-2,	1.65255e+009,	-0.840928,	-0.269808,	-0.361547,	-0.0510048,	-1.12352,	-0.235266,	-0.0222832,	0.109758,	-1.14648,	-0.274422,	-0.0225534,	-0.0201062,	-1.02019,	-0.329096,	-0.021289,	-0.0688967,	-0.824568,	-0.401688,	-0.016654,	-0.366962,	-0.3185,	0.61273,	-0.0392,	32763,	-216,	2,	-519,	32713,	150,	-37,	-152,	32693,	74,	-24,	-360,	
1,	3,	500000,	1.65255e+015,	-2,	-1,	-3,	-15,	-5,	0,	-2,	-13,	1.65255e+009,	-0.840928,	-0.269808,	-0.361547,	-0.0510048,	-1.12352,	-0.235266,	-0.0222832,	0.109758,	-1.14648,	-0.274422,	-0.0225534,	-0.0201062,	-1.02019,	-0.329096,	-0.021289,	-0.0688967,	-0.824568,	-0.401688,	-0.016654,	-0.366962,	-0.3185,	0.61273,	-0.0392,	32773,	-216,	1,	-520,	32723,	149,	-37,	-152,	32703,	73,	-24,	-360,	
1,	3,	500063,	1.65255e+015,	-3,	-5,	-3,	-8,	-2,	-1,	-1,	-4,	1.65255e+009,	-0.840928,	-0.269808,	-0.361547,	-0.0510048,	-1.12352,	-0.235266,	-0.0222832,	0.109758,	-1.14648,	-0.274422,	-0.0225534,	-0.0201062,	-1.02019,	-0.329096,	-0.021289,	-0.0688967,	-0.824568,	-0.401688,	-0.016654,	-0.366962,	-0.3185,	0.61273,	-0.0392,	32783,	-216,	1,	-520,	32733,	150,	-37,	-152,	32713,	74,	-23,	-359,	
1,	3,	500141,	1.65255e+015,	-2,	-5,	-5,	-12,	-3,	-2,	-2,	-2,	1.65255e+009,	-0.840928,	-0.269808,	-0.361547,	-0.0510048,	-1.12352,	-0.235266,	-0.0222832,	0.109758,	-1.14648,	-0.274422,	-0.0225534,	-0.0201062,	-1.02019,	-0.329096,	-0.021289,	-0.0688967,	-0.824568,	-0.401688,	-0.016654,	-0.366962,	-0.3185,	0.61273,	-0.0392,	32793,	-216,	2,	-521,	32743,	151,	-36,	-152,	32723,	73,	-24,	-360,	
1,	3,	500204,	1.65255e+015,	-2,	0,	1,	-4,	1,	0,	-2,	-2,	1.65255e+009,	-0.840928,	-0.269808,	-0.361547,	-0.0510048,	-1.12352,	-0.235266,	-0.0222832,	0.109758,	-1.14648,	-0.274422,	-0.0225534,	-0.0201062,	-1.02019,	-0.329096,	-0.021289,	-0.0688967,	-0.824568,	-0.401688,	-0.016654,	-0.366962,	-0.3185,	0.61273,	-0.0392,	32803,	-215,	1,	-521,	32753,	150,	-37,	-153,	32733,	73,	-24,	-360,	
1,	3,	500282,	1.65255e+015,	-3,	-2,	0,	0,	0,	0,	-1,	-4,	1.65255e+009,	-0.840928,	-0.269808,	-0.361547,	-0.0510048,	-1.12352,	-0.235266,	-0.0222832,	0.109758,	-1.14648,	-0.274422,	-0.0225534,	-0.0201062,	-1.02019,	-0.329096,	-0.021289,	-0.0688967,	-0.824568,	-0.401688,	-0.016654,	-0.366962,	-0.3185,	0.61273,	-0.0392,	32813,	-216,	1,	-522,	32763,	149,	-36,	-153,	32743,	74,	-24,	-360,	
1,	3,	500344,	1.65255e+015,	-2,	-4,	-1,	9,	1,	-1,	-2,	-2,	1.65255e+009,	-0.840928,	-0.269808,	-0.361547,	-0.0510048,	-1.12352,	-0.235266,	-0.0222832,	0.109758,	-1.14648,	-0.274422,	-0.0225534,	-0.0201062,	-1.02019,	-0.329096,	-0.021289,	-0.0688967,	-0.824568,	-0.401688,	-0.016654,	-0.366962,	-0.3185,	0.61273,	-0.0392,	32823,	-215,	0,	-522,	32773,	149,	-36,	-153,	32753,	74,	-24,	-360,	
1,	3,	500407,	1.65255e+015,	-1,	2,	4,	12,	0,	-1,	-1,	-7,	1.65255e+009,	-0.840928,	-0.269808,	-0.361547,	-0.0510048,	-1.12352,	-0.235266,	-0.0222832,	0.109758,	-1.14648,	-0.274422,	-0.0225534,	-0.0201062,	-1.02019,	-0.329096,	-0.021289,	-0.0688967,	-0.824568,	-0.401688,	-0.016654,	-0.366962,	-0.3185,	0.61273,	-0.0392,	32833,	-215,	2,	-522,	32783,	148,	-36,	-153,	32763,	74,	-23,	-360,	
1,	3,	500469,	1.65255e+015,	-1,	5,	1,	-9,	-1,	-1,	0,	4,	1.65255e+009,	-0.840928,	-0.269808,	-0.361547,	-0.0510048,	-1.12352,	-0.235266,	-0.0222832,	0.109758,	-1.14648,	-0.274422,	-0.0225534,	-0.0201062,	-1.02019,	-0.329096,	-0.021289,	-0.0688967,	-0.824568,	-0.401688,	-0.016654,	-0.366962,	-0.3185,	0.61273,	-0.0392,	32843,	-216,	1,	-523,	32793,	149,	-37,	-153,	32773,	74,	-23,	-360,	
1,	3,	500532,	1.65255e+015,	1,	0,	-1,	6,	0,	-1,	-1,	-4,	1.65255e+009,	-0.840928,	-0.269808,	-0.361547,	-0.0510048,	-1.12352,	-0.235266,	-0.0222832,	0.109758,	-1.14648,	-0.274422,	-0.0225534,	-0.0201062,	-1.02019,	-0.329096,	-0.021289,	-0.0688967,	-0.824568,	-0.401688,	-0.016654,	-0.366962,	-0.3185,	0.61273,	-0.0392,	32853,	-215,	1,	-523,	32803,	150,	-37,	-153,	32783,	74,	-24,	-360,	
1,	3,	500610,	1.65255e+015,	-1,	0,	5,	14,	2,	-1,	-3,	-2,	1.65255e+009,	-0.840928,	-0.269808,	-0.328529,	-0.0510048,	-1.12352,	-0.235266,	-0.0222832,	0.109758,	-1.14648,	-0.274422,	-0.0225534,	-0.0201062,	-1.02019,	-0.329096,	-0.021289,	-0.0688967,	-0.824568,	-0.401688,	-0.016654,	-0.366962,	-0.3185,	0.61273,	-0.0392,	32863,	-215,	0,	-523,	32813,	152,	-37,	-153,	32793,	74,	-24,	-360,	
1,	3,	500704,	1.65255e+015,	-2,	2,	-5,	-3,	-6,	-4,	-2,	-12,	1.65255e+009,	-0.840928,	-0.269808,	-0.328529,	-0.0510048,	-1.12352,	-0.235266,	-0.0222832,	0.109758,	-1.14648,	-0.274422,	-0.0225534,	-0.0201062,	-1.02019,	-0.329096,	-0.021289,	-0.0688967,	-0.824568,	-0.401688,	-0.016654,	-0.366962,	-0.3185,	0.61273,	-0.0392,	32873,	-215,	1,	-524,	32823,	151,	-37,	-153,	32803,	74,	-23,	-360,	
1,	3,	500782,	1.65255e+015,	0,	2,	5,	2,	-1,	0,	0,	3,	1.65255e+009,	-0.840928,	-0.269808,	-0.328529,	-0.0510048,	-1.12352,	-0.235266,	-0.0222832,	0.109758,	-1.14648,	-0.274422,	-0.0225534,	-0.0201062,	-1.02019,	-0.329096,	-0.021289,	-0.0688967,	-0.824568,	-0.401688,	-0.016654,	-0.366962,	-0.3185,	0.61273,	-0.0392,	32883,	-215,	0,	-524,	32833,	150,	-37,	-153,	32813,	74,	-22,	-360,	
1,	3,	500860,	1.65255e+015,	-3,	-2,	-16,	-59,	-6,	-1,	0,	-3,	1.65255e+009,	-0.840928,	-0.269808,	-0.328529,	-0.0510048,	-1.12352,	-0.235266,	-0.0222832,	0.109758,	-1.14648,	-0.274422,	-0.0225534,	-0.0201062,	-1.02019,	-0.329096,	-0.021289,	-0.0688967,	-0.824568,	-0.401688,	-0.016654,	-0.366962,	-0.3185,	0.61273,	-0.0392,	32893,	-214,	1,	-524,	32843,	149,	-37,	-153,	32823,	74,	-24,	-361,	
2,	3,	500969,	1.65255e+015,	-3,	-15,	-10,	-8,	-2,	-2,	-2,	-1,	1.65255e+009,	-0.840928,	-0.269808,	-0.328529,	-0.0510048,	-1.12352,	-0.235266,	-0.0222832,	0.115624,	-1.14648,	-0.274422,	-0.0225534,	-0.0142395,	-1.02019,	-0.329096,	-0.021289,	-0.086686,	-0.824568,	-0.401688,	-0.016654,	-0.384752,	-0.3185,	0.61273,	-0.0392,	32903,	-214,	1,	-524,	32853,	150,	-36,	-153,	32833,	74,	-24,	-361,	
2,	3,	501063,	1.65255e+015,	1,	-4,	-8,	-11,	-1,	-1,	0,	1,	1.65255e+009,	-0.840928,	-0.269808,	-0.328529,	-0.0510048,	-1.12352,	-0.235266,	-0.0222832,	0.115624,	-1.14648,	-0.274422,	-0.0225534,	-0.0142395,	-1.02019,	-0.329096,	-0.021289,	-0.086686,	-0.824568,	-0.401688,	-0.016654,	-0.384752,	-0.364,	0.61273,	-0.0392,	32913,	-214,	0,	-523,	32863,	150,	-37,	-153,	32843,	74,	-23,	-360,	
2,	3,	501125,	1.65255e+015,	-3,	-3,	5,	23,	5,	0,	-2,	2,	1.65255e+009,	-0.840928,	-0.269808,	-0.328529,	-0.0510048,	-1.12352,	-0.235266,	-0.0222832,	0.115624,	-1.14648,	-0.274422,	-0.0225534,	-0.0142395,	-1.02019,	-0.329096,	-0.021289,	-0.086686,	-0.824568,	-0.401688,	-0.016654,	-0.384752,	-0.364,	0.61273,	-0.0392,	32923,	-214,	1,	-524,	32873,	150,	-36,	-154,	32853,	74,	-23,	-360,	
2,	3,	501188,	1.65255e+015,	1,	2,	7,	-11,	0,	0,	1,	-7,	1.65255e+009,	-0.840928,	-0.269808,	-0.328529,	-0.0510048,	-1.12352,	-0.235266,	-0.0222832,	0.115624,	-1.14648,	-0.274422,	-0.0225534,	-0.0142395,	-1.02019,	-0.329096,	-0.021289,	-0.086686,	-0.824568,	-0.401688,	-0.016654,	-0.384752,	-0.364,	0.61273,	-0.0392,	32933,	-214,	1,	-524,	32883,	151,	-37,	-154,	32863,	75,	-22,	-361,	
2,	3,	501266,	1.65255e+015,	1,	0,	-8,	-8,	1,	1,	0,	12,	1.65255e+009,	-0.840928,	-0.269808,	-0.328529,	-0.0510048,	-1.12352,	-0.235266,	-0.0222832,	0.115624,	-1.14648,	-0.274422,	-0.0225534,	-0.0142395,	-1.1286,	-0.329096,	-0.021289,	-0.086686,	-0.824568,	-0.401688,	-0.016654,	-0.384752,	-0.364,	0.61273,	-0.0392,	32943,	-213,	2,	-525,	32893,	151,	-37,	-154,	32873,	74,	-23,	-361,	
2,	3,	501344,	1.65255e+015,	0,	-5,	-13,	6,	0,	-1,	1,	15,	1.65255e+009,	-0.840928,	-0.269808,	-0.328529,	-0.0510048,	-1.05946,	-0.235266,	-0.0222832,	0.101418,	-1.06763,	-0.174633,	-0.0199286,	-0.0173559,	-1.17197,	-0.329096,	-0.021289,	-0.0661464,	-0.824568,	-0.350436,	-0.0202764,	-0.364212,	-0.4641,	0.61273,	-0.0392,	32953,	-214,	2,	-525,	32903,	150,	-38,	-154,	32883,	74,	-22,	-361,	
2,	3,	501422,	1.65255e+015,	-9,	-3,	-29,	5,	0,	-6,	-7,	12,	1.65255e+009,	-0.840928,	-0.269808,	-0.328529,	-0.0510048,	-0.93133,	-0.235266,	-0.0222832,	0.0694103,	-0.988779,	-0.0748425,	-0.0109308,	-0.0360556,	-1.41048,	-0.329096,	-0.021289,	0.00386392,	-0.912288,	-0.350436,	-0.0202764,	-0.317858,	-0.6188,	0.61273,	-0.0392,	32963,	-214,	0,	-525,	32913,	151,	-38,	-154,	32893,	73,	-23,	-361,	
2,	3,	501485,	1.65255e+015,	0,	6,	23,	12,	-1,	0,	2,	-3,	1.65255e+009,	-0.840928,	-0.269808,	-0.328529,	-0.0510048,	-0.93133,	-0.235266,	-0.0222832,	0.0480719,	-1.05186,	0.0049895,	0.000856181,	-0.048522,	-1.71404,	-0.329096,	-0.021289,	0.0505375,	-1.02194,	-0.286371,	-0.0224404,	-0.300754,	-0.7826,	0.61273,	-0.0392,	32973,	-213,	1,	-525,	32923,	151,	-38,	-154,	32903,	74,	-22,	-361,	
2,	3,	501563,	1.65255e+015,	3,	4,	-10,	-2,	0,	0,	2,	7,	1.65255e+009,	-0.840928,	-0.269808,	-0.328529,	-0.0510048,	-0.93133,	-0.235266,	-0.0222832,	0.0414001,	-1.11494,	0.0049895,	0.000856181,	-0.0463218,	-1.93087,	-0.329096,	-0.021289,	0.0527377,	-1.10966,	-0.286371,	-0.0224404,	-0.298554,	-0.8281,	0.61273,	-0.0392,	32983,	-214,	1,	-525,	32933,	151,	-37,	-154,	32913,	74,	-22,	-361,	
2,	3,	501625,	1.65255e+015,	1,	6,	-4,	-1,	-2,	0,	1,	6,	1.65255e+009,	-0.780809,	-0.269808,	-0.328529,	-0.0510048,	-0.93133,	-0.235266,	-0.0222832,	0.0340668,	-1.11494,	0.0049895,	0.000856181,	-0.0536551,	-1.93087,	-0.417801,	-0.0151678,	0.0749744,	-1.21931,	-0.286371,	-0.0224404,	-0.276317,	-0.8736,	0.61273,	-0.0392,	32993,	-214,	1,	-524,	32943,	151,	-38,	-154,	32923,	73,	-23,	-361,	
2,	3,	501688,	1.65255e+015,	20,	0,	-33,	-16,	6,	10,	43,	127,	1.65255e+009,	-0.780809,	-0.269808,	-0.328529,	-0.0510048,	-0.93133,	-0.235266,	-0.0222832,	0.0257271,	-1.19379,	0.0049895,	0.000856181,	-0.0509048,	-2.03929,	-0.524247,	-0.00117488,	0.0777247,	-1.21931,	-0.286371,	-0.0224404,	-0.273567,	-0.8736,	0.61273,	-0.05488,	33003,	-214,	1,	-525,	32953,	152,	-38,	-154,	32933,	75,	-22,	-361,	
2,	3,	501750,	1.65255e+015,	4,	1,	12,	-10,	0,	1,	11,	22,	1.65255e+009,	-0.780809,	-0.269808,	-0.328529,	-0.0312928,	-0.93133,	-0.158881,	-0.0189319,	0.0257271,	-1.25687,	0.0049895,	0.000856181,	-0.0509048,	-2.1477,	-0.630693,	-0.0200697,	0.0777247,	-1.26317,	-0.235119,	-0.0222803,	-0.273567,	-0.9191,	0.64725,	-0.05488,	33013,	-214,	1,	-525,	32963,	151,	-37,	-154,	32943,	73,	-22,	-361,	
2,	3,	501829,	1.65255e+015,	-5,	-4,	-13,	-3,	1,	-1,	-10,	-51,	1.65255e+009,	-0.720689,	-0.269808,	-0.328529,	-0.0312928,	-0.93133,	-0.158881,	-0.0189319,	0.0257271,	-1.25687,	0.0049895,	0.000856181,	-0.0509048,	-2.1477,	-0.630693,	-0.0200697,	0.0777247,	-1.26317,	-0.235119,	-0.0222803,	-0.273567,	-0.9191,	0.64725,	-0.05488,	33023,	-214,	1,	-525,	32973,	150,	-38,	-154,	32953,	75,	-23,	-361,	
2,	3,	501891,	1.65255e+015,	1,	1,	3,	-2,	-3,	-2,	1,	8,	1.65255e+009,	-0.720689,	-0.269808,	-0.328529,	-0.0312928,	-0.93133,	-0.158881,	-0.0189319,	0.0257271,	-1.25687,	0.0049895,	0.000856181,	-0.0509048,	-2.1477,	-0.630693,	-0.0200697,	0.0777247,	-1.26317,	-0.235119,	-0.0222803,	-0.297223,	-0.9191,	0.64725,	-0.05488,	33033,	-215,	1,	-525,	32983,	151,	-37,	-154,	32963,	73,	-23,	-361,	
2,	3,	501985,	1.65255e+015,	1,	1,	8,	2,	0,	-1,	-1,	11,	1.65255e+009,	-0.720689,	-0.269808,	-0.328529,	-0.0312928,	-0.93133,	-0.158881,	-0.0189319,	0.0257271,	-1.25687,	0.0049895,	0.000856181,	-0.0509048,	-2.1477,	-0.630693,	-0.0200697,	0.0777247,	-1.26317,	-0.235119,	-0.0222803,	-0.297223,	-0.9191,	0.64725,	-0.05488,	33043,	-214,	2,	-526,	32993,	150,	-37,	-154,	32973,	74,	-23,	-361,	
2,	3,	502063,	1.65255e+015,	-1,	4,	0,	12,	3,	1,	-4,	-16,	1.65255e+009,	-0.720689,	-0.269808,	-0.328529,	-0.0312928,	-0.93133,	-0.158881,	-0.0189319,	0.0257271,	-1.25687,	0.0049895,	0.000856181,	-0.0509048,	-2.1477,	-0.630693,	-0.0200697,	0.0777247,	-1.26317,	-0.235119,	-0.0222803,	-0.297223,	-0.9191,	0.64725,	-0.05488,	33053,	-215,	1,	-526,	33003,	151,	-37,	-154,	32983,	74,	-23,	-361,	
2,	3,	502141,	1.65255e+015,	-1,	0,	-5,	2,	-1,	1,	-2,	-15,	1.65255e+009,	-0.720689,	-0.269808,	-0.328529,	-0.0312928,	-0.93133,	-0.158881,	-0.0189319,	0.0257271,	-1.25687,	0.0049895,	0.000856181,	-0.0509048,	-2.1477,	-0.630693,	-0.0200697,	0.0777247,	-1.26317,	-0.235119,	-0.0222803,	-0.297223,	-0.9191,	0.64725,	-0.05488,	33063,	-214,	1,	-527,	33013,	151,	-37,	-154,	32993,	74,	-23,	-361,	
2,	3,	502219,	1.65255e+015,	0,	5,	-7,	-17,	-4,	-3,	-1,	-5,	1.65255e+009,	-0.720689,	-0.269808,	-0.328529,	-0.0312928,	-0.93133,	-0.158881,	-0.0189319,	0.0257271,	-1.25687,	0.0049895,	0.000856181,	-0.0509048,	-2.1477,	-0.630693,	-0.0200697,	0.0777247,	-1.26317,	-0.235119,	-0.0222803,	-0.297223,	-0.9191,	0.64725,	-0.05488,	33073,	-214,	0,	-526,	33023,	151,	-37,	-154,	33003,	74,	-22,	-361,	
2,	3,	502297,	1.65255e+015,	-1,	-5,	-3,	-10,	1,	1,	1,	2,	1.65255e+009,	-0.720689,	-0.269808,	-0.328529,	-0.0312928,	-0.93133,	-0.158881,	-0.0189319,	0.0257271,	-1.25687,	0.0049895,	0.000856181,	-0.0509048,	-2.1477,	-0.630693,	-0.0200697,	0.0777247,	-1.26317,	-0.235119,	-0.0222803,	-0.297223,	-0.9191,	0.64725,	-0.05488,	33083,	-214,	1,	-526,	33033,	151,	-37,	-154,	33013,	74,	-23,	-361,	
2,	3,	502375,	1.65255e+015,	2,	3,	6,	-3,	-3,	0,	0,	-1,	1.65255e+009,	-0.720689,	-0.269808,	-0.328529,	-0.0312928,	-0.93133,	-0.158881,	-0.0189319,	0.0257271,	-1.25687,	0.0049895,	0.000856181,	-0.0509048,	-2.1477,	-0.630693,	-0.0200697,	0.0777247,	-1.26317,	-0.235119,	-0.0222803,	-0.297223,	-0.9191,	0.64725,	-0.05488,	33093,	-214,	1,	-526,	33043,	151,	-37,	-154,	33023,	74,	-23,	-361,	
2,	3,	502454,	1.65255e+015,	-3,	-3,	-2,	-2,	-1,	-1,	-1,	-4,	1.65255e+009,	-0.720689,	-0.269808,	-0.328529,	-0.0312928,	-0.93133,	-0.158881,	-0.0189319,	0.0257271,	-1.25687,	0.0049895,	0.000856181,	-0.0509048,	-2.1477,	-0.630693,	-0.0200697,	0.0777247,	-1.26317,	-0.235119,	-0.0222803,	-0.297223,	-0.8827,	0.64725,	-0.05488,	33103,	-214,	0,	-526,	33053,	151,	-37,	-154,	33033,	73,	-23,	-361,	
2,	3,	502532,	1.65255e+015,	-3,	-9,	-15,	0,	-3,	-3,	-2,	-6,	1.65255e+009,	-0.720689,	-0.269808,	-0.328529,	-0.0312928,	-0.93133,	-0.158881,	-0.0189319,	0.0257271,	-1.25687,	0.0049895,	0.000856181,	-0.0509048,	-2.1477,	-0.630693,	-0.0200697,	0.0777247,	-1.26317,	-0.235119,	-0.0222803,	-0.297223,	-0.8008,	0.64725,	-0.05488,	33113,	-214,	1,	-526,	33063,	151,	-38,	-154,	33043,	74,	-24,	-362,	
2,	3,	502610,	1.65255e+015,	0,	-1,	-21,	26,	13,	3,	0,	1,	1.65255e+009,	-0.780809,	-0.269808,	-0.328529,	-0.0312928,	-0.93133,	-0.158881,	-0.0189319,	0.0403938,	-1.25687,	0.0049895,	0.000856181,	-0.0362381,	-1.86582,	-0.559729,	-0.00510089,	0.0332514,	-1.19738,	-0.235119,	-0.0222803,	-0.341696,	-0.5824,	0.64725,	-0.05488,	33123,	-214,	0,	-526,	33073,	151,	-37,	-155,	33053,	74,	-23,	-361,	
2,	3,	502704,	1.65255e+015,	-1,	-4,	-4,	-6,	0,	0,	-1,	-1,	1.65255e+009,	-0.780809,	-0.269808,	-0.328529,	-0.0312928,	-0.93133,	-0.158881,	-0.0189319,	0.0864066,	-1.17802,	0.0049895,	0.000856181,	-0.0124053,	-1.56226,	-0.133945,	-0.0170294,	-0.0611958,	-0.978078,	-0.235119,	-0.0222803,	-0.436143,	-0.5369,	0.64725,	-0.05488,	33133,	-214,	0,	-526,	33083,	150,	-38,	-155,	33063,	74,	-23,	-362,	
2,	3,	502782,	1.65255e+015,	-1,	-4,	5,	-22,	2,	1,	-3,	1,	1.65255e+009,	-0.780809,	-0.269808,	-0.328529,	-0.0312928,	-0.963362,	-0.158881,	-0.0189319,	0.0947463,	-1.17802,	0.0049895,	0.000856181,	-0.0151556,	-1.32375,	-0.0452396,	-0.00703581,	-0.0639461,	-0.890358,	-0.235119,	-0.0222803,	-0.415238,	-0.5824,	0.64725,	-0.05488,	33143,	-215,	0,	-526,	33093,	151,	-37,	-155,	33073,	75,	-22,	-361,	
2,	3,	502875,	1.65255e+015,	-1,	-4,	-34,	2,	-2,	-1,	0,	-2,	1.65255e+009,	-0.780809,	-0.269808,	-0.328529,	-0.0312928,	-0.963362,	-0.158881,	-0.0189319,	0.10208,	-1.17802,	0.0049895,	0.000856181,	-0.00782227,	-1.21533,	-0.0452396,	-0.00703581,	-0.0861828,	-0.890358,	-0.286371,	-0.0224404,	-0.413818,	-0.5278,	0.64725,	-0.05488,	33153,	-214,	0,	-526,	33103,	151,	-37,	-155,	33083,	75,	-23,	-361,	
2,	3,	502969,	1.65255e+015,	-4,	-8,	-30,	-41,	-12,	-6,	-2,	-2,	1.65255e+009,	-0.780809,	-0.269808,	-0.328529,	-0.0312928,	-0.963362,	-0.158881,	-0.0189319,	0.110419,	-1.17802,	-0.0748425,	-0.0109308,	-0.0105726,	-1.1286,	-0.0452396,	-0.00703581,	-0.0889331,	-0.890358,	-0.286371,	-0.0224404,	-0.416569,	-0.455,	0.64725,	-0.05488,	33163,	-213,	0,	-526,	33113,	151,	-38,	-154,	33093,	75,	-23,	-361,	
2,	3,	503047,	1.65255e+015,	-1,	0,	-10,	-3,	0,	0,	0,	-1,	1.65255e+009,	-0.780809,	-0.269808,	-0.328529,	-0.0312928,	-1.02743,	-0.158881,	-0.0189319,	0.110419,	-1.17802,	-0.0748425,	-0.0109308,	-0.0105726,	-1.1286,	-0.0452396,	-0.00703581,	-0.0889331,	-0.890358,	-0.286371,	-0.0224404,	-0.416569,	-0.4095,	0.64725,	-0.05488,	33173,	-214,	0,	-526,	33123,	150,	-36,	-154,	33103,	75,	-22,	-361,	
2,	3,	503125,	1.65255e+015,	0,	-5,	-6,	7,	2,	2,	0,	1,	1.65255e+009,	-0.780809,	-0.269808,	-0.328529,	-0.0312928,	-1.02743,	-0.158881,	-0.0189319,	0.110419,	-1.17802,	-0.0748425,	-0.0109308,	-0.0105726,	-1.1286,	-0.0452396,	-0.00703581,	-0.0889331,	-0.890358,	-0.286371,	-0.0224404,	-0.416569,	-0.364,	0.64725,	-0.05488,	33183,	-213,	0,	-526,	33133,	150,	-37,	-154,	33113,	75,	-23,	-361,	
2,	3,	503188,	1.65255e+015,	1,	2,	14,	13,	-1,	-1,	-1,	1,	1.65255e+009,	-0.780809,	-0.269808,	-0.328529,	-0.0312928,	-1.02743,	-0.158881,	-0.0189319,	0.117091,	-1.17802,	-0.0748425,	-0.0109308,	-0.0127728,	-1.1286,	-0.0452396,	-0.00703581,	-0.0911333,	-0.890358,	-0.286371,	-0.0224404,	-0.418769,	-0.364,	0.64725,	-0.05488,	33193,	-214,	1,	-526,	33143,	151,	-37,	-153,	33123,	75,	-23,	-361,	
2,	3,	503250,	1.65255e+015,	3,	8,	6,	17,	0,	1,	0,	0,	1.65255e+009,	-0.780809,	-0.269808,	-0.328529,	-0.0312928,	-1.02743,	-0.158881,	-0.0189319,	0.117091,	-1.17802,	-0.0748425,	-0.0109308,	-0.0127728,	-1.1286,	-0.133945,	-0.0170294,	-0.0911333,	-0.890358,	-0.286371,	-0.0224404,	-0.418769,	-0.364,	0.64725,	-0.05488,	33203,	-213,	2,	-526,	33153,	150,	-37,	-153,	33133,	75,	-24,	-360,	
2,	3,	503329,	1.65255e+015,	-2,	0,	21,	13,	3,	2,	1,	7,	1.65255e+009,	-0.780809,	-0.269808,	-0.328529,	-0.0312928,	-1.02743,	-0.158881,	-0.0189319,	0.117091,	-1.09917,	-0.0748425,	-0.0109308,	-0.0127728,	-1.1286,	-0.133945,	-0.0170294,	-0.0911333,	-0.890358,	-0.286371,	-0.0224404,	-0.418769,	-0.364,	0.64725,	-0.05488,	33213,	-214,	1,	-526,	33163,	151,	-37,	-153,	33143,	76,	-23,	-360,	
2,	3,	503407,	1.65255e+015,	-4,	1,	2,	-3,	-3,	-2,	-3,	-11,	1.65255e+009,	-0.780809,	-0.269808,	-0.328529,	-0.0312928,	-1.02743,	-0.158881,	-0.0189319,	0.117091,	-1.09917,	-0.0748425,	-0.0109308,	-0.0127728,	-1.1286,	-0.133945,	-0.0170294,	-0.0911333,	-0.890358,	-0.286371,	-0.0224404,	-0.418769,	-0.364,	0.64725,	-0.05488,	33223,	-213,	0,	-526,	33173,	151,	-37,	-153,	33153,	74,	-23,	-361,	
2,	3,	503485,	1.65255e+015,	-3,	-8,	-20,	-3,	-4,	-1,	0,	-1,	1.65255e+009,	-0.780809,	-0.269808,	-0.328529,	-0.0312928,	-1.02743,	-0.158881,	-0.0189319,	0.117091,	-1.09917,	-0.0748425,	-0.0109308,	-0.0127728,	-1.1286,	-0.133945,	-0.0170294,	-0.0911333,	-0.890358,	-0.286371,	-0.0224404,	-0.418769,	-0.364,	0.64725,	-0.05488,	33233,	-214,	0,	-526,	33183,	151,	-36,	-153,	33163,	75,	-24,	-360,	
2,	3,	503563,	1.65255e+015,	0,	-1,	3,	-10,	-4,	-4,	-1,	1,	1.65255e+009,	-0.780809,	-0.269808,	-0.328529,	-0.0312928,	-1.02743,	-0.235266,	-0.0222832,	0.117091,	-1.09917,	-0.0748425,	-0.0109308,	-0.0127728,	-1.1286,	-0.133945,	-0.0170294,	-0.0911333,	-0.890358,	-0.286371,	-0.0224404,	-0.418769,	-0.364,	0.64725,	-0.05488,	33243,	-215,	0,	-525,	33193,	151,	-37,	-153,	33173,	75,	-23,	-360,	
2,	3,	503641,	1.65255e+015,	0,	2,	18,	7,	-1,	-2,	0,	0,	1.65255e+009,	-0.780809,	-0.269808,	-0.328529,	-0.0312928,	-1.02743,	-0.235266,	-0.0222832,	0.117091,	-1.09917,	-0.0748425,	-0.0109308,	-0.0127728,	-1.1286,	-0.133945,	-0.0170294,	-0.0911333,	-0.890358,	-0.286371,	-0.0224404,	-0.418769,	-0.364,	0.64725,	-0.05488,	33253,	-215,	0,	-523,	33203,	151,	-37,	-153,	33183,	74,	-24,	-361,	
2,	3,	503735,	1.65255e+015,	0,	1,	-3,	9,	3,	1,	-1,	0,	1.65255e+009,	-0.780809,	-0.269808,	-0.328529,	-0.0312928,	-1.02743,	-0.235266,	-0.0222832,	0.117091,	-1.09917,	-0.0748425,	-0.0109308,	-0.0127728,	-1.1286,	-0.133945,	-0.0170294,	-0.0911333,	-0.890358,	-0.286371,	-0.0224404,	-0.418769,	-0.364,	0.64725,	-0.05488,	33263,	-218,	0,	-520,	33213,	152,	-37,	-153,	33193,	75,	-24,	-360,	
2,	3,	503813,	1.65255e+015,	2,	6,	-9,	-25,	2,	1,	1,	1,	1.65255e+009,	-0.780809,	-0.269808,	-0.328529,	-0.0312928,	-1.02743,	-0.235266,	-0.0222832,	0.117091,	-1.09917,	-0.0748425,	-0.0109308,	-0.0127728,	-1.1286,	-0.133945,	-0.0170294,	-0.0911333,	-0.890358,	-0.286371,	-0.0224404,	-0.418769,	-0.364,	0.64725,	-0.05488,	33273,	-219,	0,	-518,	33223,	151,	-37,	-153,	33203,	74,	-24,	-360,	
2,	3,	503891,	1.65255e+015,	1,	1,	-3,	8,	-1,	-1,	1,	0,	1.65255e+009,	-0.780809,	-0.269808,	-0.328529,	-0.0312928,	-1.02743,	-0.235266,	-0.0222832,	0.117091,	-1.09917,	-0.0748425,	-0.0109308,	-0.0127728,	-1.1286,	-0.133945,	-0.0170294,	-0.0911333,	-0.890358,	-0.286371,	-0.0224404,	-0.418769,	-0.364,	0.64725,	-0.05488,	33283,	-220,	-1,	-515,	33233,	152,	-37,	-154,	33213,	76,	-23,	-360,	
2,	3,	503954,	1.65255e+015,	-2,	-7,	-15,	-7,	-2,	-3,	-2,	-2,	1.65255e+009,	-0.780809,	-0.269808,	-0.328529,	-0.0312928,	-1.02743,	-0.235266,	-0.0222832,	0.117091,	-1.09917,	-0.0748425,	-0.0109308,	-0.0127728,	-1.1286,	-0.204909,	-0.0213985,	-0.0911333,	-0.890358,	-0.286371,	-0.0224404,	-0.418769,	-0.364,	0.64725,	-0.05488,	33293,	-221,	-3,	-513,	33243,	150,	-36,	-153,	33223,	75,	-24,	-360,	
2,	3,	504032,	1.65255e+015,	-1,	-1,	-9,	2,	-2,	-1,	0,	-1,	1.65255e+009,	-0.780809,	-0.269808,	-0.328529,	-0.0312928,	-1.02743,	-0.235266,	-0.0222832,	0.117091,	-1.09917,	-0.0748425,	-0.0109308,	-0.0127728,	-1.1286,	-0.204909,	-0.0213985,	-0.0911333,	-0.890358,	-0.286371,	-0.0224404,	-0.418769,	-0.364,	0.64725,	-0.05488,	33303,	-224,	-3,	-510,	33253,	150,	-36,	-153,	33233,	74,	-23,	-360,	
2,	3,	504110,	1.65255e+015,	-2,	-2,	-5,	-6,	2,	1,	-1,	-1,	1.65255e+009,	-0.780809,	-0.269808,	-0.328529,	-0.0312928,	-1.02743,	-0.235266,	-0.0222832,	0.117091,	-1.09917,	-0.0748425,	-0.0109308,	-0.0127728,	-1.1286,	-0.204909,	-0.0213985,	-0.0911333,	-0.890358,	-0.286371,	-0.0224404,	-0.418769,	-0.364,	0.64725,	-0.05488,	33313,	-227,	-3,	-505,	33263,	152,	-36,	-153,	33243,	74,	-23,	-360,	
2,	3,	504188,	1.65255e+015,	0,	0,	-1,	12,	1,	0,	0,	-1,	1.65255e+009,	-0.780809,	-0.269808,	-0.328529,	-0.0312928,	-1.02743,	-0.235266,	-0.0222832,	0.117091,	-1.09917,	-0.0748425,	-0.0109308,	-0.0127728,	-1.1286,	-0.204909,	-0.0213985,	-0.0911333,	-0.890358,	-0.337623,	-0.0209194,	-0.418769,	-0.364,	0.64725,	-0.05488,	33323,	-229,	-2,	-501,	33273,	151,	-36,	-153,	33253,	73,	-24,	-360,	
2,	3,	504250,	1.65255e+015,	0,	2,	-18,	-1,	0,	-3,	-1,	-2,	1.65255e+009,	-0.780809,	-0.269808,	-0.328529,	-0.0312928,	-1.02743,	-0.235266,	-0.0222832,	0.117091,	-1.09917,	-0.0748425,	-0.0109308,	-0.0127728,	-1.1286,	-0.204909,	-0.0213985,	-0.0911333,	-0.890358,	-0.337623,	-0.0209194,	-0.418769,	-0.364,	0.64725,	-0.05488,	33333,	-233,	-3,	-496,	33283,	151,	-37,	-153,	33263,	74,	-22,	-360,	
2,	3,	504329,	1.65255e+015,	-2,	-2,	2,	2,	0,	-1,	-1,	-2,	1.65255e+009,	-0.780809,	-0.269808,	-0.328529,	-0.0312928,	-1.02743,	-0.235266,	-0.0222832,	0.117091,	-1.09917,	-0.0748425,	-0.0109308,	-0.0127728,	-1.1286,	-0.204909,	-0.0213985,	-0.0911333,	-0.890358,	-0.337623,	-0.0209194,	-0.418769,	-0.364,	0.64725,	-0.05488,	33343,	-236,	-4,	-491,	33293,	152,	-35,	-152,	33273,	74,	-24,	-360,	
2,	3,	504391,	1.65255e+015,	1,	1,	3,	13,	2,	0,	0,	1,	1.65255e+009,	-0.780809,	-0.269808,	-0.328529,	-0.0312928,	-1.02743,	-0.235266,	-0.0222832,	0.117091,	-1.09917,	-0.0748425,	-0.0109308,	-0.0127728,	-1.1286,	-0.204909,	-0.0213985,	-0.0911333,	-0.890358,	-0.337623,	-0.0209194,	-0.418769,	-0.364,	0.64725,	-0.05488,	33353,	-241,	-4,	-483,	33303,	151,	-35,	-152,	33283,	75,	-24,	-359,	
2,	3,	504469,	1.65255e+015,	0,	0,	0,	-9,	-6,	-5,	-1,	1,	1.65255e+009,	-0.780809,	-0.269808,	-0.328529,	-0.0312928,	-1.02743,	-0.235266,	-0.0222832,	0.117091,	-1.09917,	-0.0748425,	-0.0109308,	-0.0127728,	-1.1286,	-0.204909,	-0.0213985,	-0.0911333,	-0.890358,	-0.337623,	-0.0209194,	-0.418769,	-0.364,	0.64725,	-0.05488,	33363,	-247,	-6,	-476,	33313,	151,	-34,	-152,	33293,	74,	-25,	-358,	
2,	3,	504547,	1.65255e+015,	-2,	-4,	5,	0,	-2,	1,	2,	-2,	1.65255e+009,	-0.780809,	-0.269808,	-0.328529,	-0.0312928,	-1.02743,	-0.235266,	-0.0222832,	0.117091,	-1.09917,	-0.0748425,	-0.0109308,	-0.0127728,	-1.1286,	-0.204909,	-0.0213985,	-0.0911333,	-0.890358,	-0.337623,	-0.0209194,	-0.418769,	-0.364,	0.64725,	-0.05488,	33373,	-251,	-6,	-466,	33323,	150,	-35,	-151,	33303,	73,	-26,	-358,	
2,	3,	504610,	1.65255e+015,	-2,	1,	1,	5,	5,	1,	0,	-2,	1.65255e+009,	-0.780809,	-0.269808,	-0.328529,	-0.0312928,	-1.02743,	-0.235266,	-0.0222832,	0.117091,	-1.09917,	-0.0748425,	-0.0109308,	-0.0127728,	-1.1286,	-0.204909,	-0.0213985,	-0.0911333,	-0.890358,	-0.337623,	-0.0209194,	-0.418769,	-0.364,	0.64725,	-0.05488,	33383,	-257,	-7,	-457,	33333,	150,	-35,	-150,	33313,	72,	-28,	-357,	
2,	3,	504688,	1.65255e+015,	-1,	-6,	-38,	-13,	-4,	-1,	-2,	0,	1.65255e+009,	-0.780809,	-0.269808,	-0.328529,	-0.0312928,	-1.02743,	-0.235266,	-0.0222832,	0.117091,	-1.09917,	-0.0748425,	-0.0109308,	-0.0127728,	-1.1286,	-0.204909,	-0.0213985,	-0.0911333,	-0.890358,	-0.337623,	-0.0209194,	-0.418769,	-0.364,	0.64725,	-0.05488,	33393,	-261,	-9,	-450,	33343,	150,	-35,	-148,	33323,	72,	-30,	-355,	
2,	3,	504750,	1.65255e+015,	2,	3,	-1,	-10,	-2,	0,	-1,	2,	1.65255e+009,	-0.780809,	-0.269808,	-0.328529,	-0.0312928,	-1.02743,	-0.235266,	-0.0222832,	0.117091,	-1.09917,	-0.0748425,	-0.0109308,	-0.0127728,	-1.1286,	-0.204909,	-0.0213985,	-0.0911333,	-0.890358,	-0.337623,	-0.0209194,	-0.418769,	-0.364,	0.64725,	-0.05488,	33403,	-266,	-9,	-443,	33353,	151,	-34,	-147,	33333,	72,	-31,	-353,	
2,	3,	504829,	1.65255e+015,	-2,	1,	1,	-10,	1,	1,	-2,	-2,	1.65255e+009,	-0.780809,	-0.269808,	-0.328529,	-0.0312928,	-1.02743,	-0.235266,	-0.0222832,	0.117091,	-1.09917,	-0.0748425,	-0.0109308,	-0.0127728,	-1.1286,	-0.204909,	-0.0213985,	-0.0911333,	-0.890358,	-0.337623,	-0.0209194,	-0.418769,	-0.364,	0.64725,	-0.05488,	33413,	-269,	-9,	-435,	33363,	150,	-35,	-144,	33343,	72,	-33,	-351,	
2,	3,	504907,	1.65255e+015,	-1,	-3,	-4,	-35,	1,	0,	0,	-1,	1.65255e+009,	-0.780809,	-0.269808,	-0.328529,	-0.0312928,	-1.02743,	-0.235266,	-0.0222832,	0.117091,	-1.09917,	-0.0748425,	-0.0109308,	-0.0127728,	-1.1286,	-0.204909,	-0.0213985,	-0.0911333,	-0.890358,	-0.337623,	-0.0209194,	-0.418769,	-0.364,	0.64725,	-0.05488,	33423,	-273,	-9,	-427,	33373,	150,	-35,	-141,	33353,	71,	-35,	-347,	
2,	3,	504985,	1.65255e+015,	1,	4,	2,	8,	-1,	-1,	1,	1,	1.65255e+009,	-0.780809,	-0.269808,	-0.328529,	-0.0312928,	-1.02743,	-0.235266,	-0.0222832,	0.117091,	-1.09917,	-0.0748425,	-0.0109308,	-0.0127728,	-1.1286,	-0.204909,	-0.0213985,	-0.0911333,	-0.890358,	-0.337623,	-0.0209194,	-0.418769,	-0.364,	0.64725,	-0.05488,	33433,	-277,	-10,	-419,	33383,	150,	-34,	-137,	33363,	69,	-37,	-344,	
2,	3,	505063,	1.65255e+015,	-1,	-4,	-6,	10,	3,	1,	-1,	1,	1.65255e+009,	-0.780809,	-0.269808,	-0.328529,	-0.0312928,	-1.02743,	-0.235266,	-0.0222832,	0.117091,	-1.09917,	-0.0748425,	-0.0109308,	-0.0127728,	-1.1286,	-0.204909,	-0.0213985,	-0.0911333,	-0.890358,	-0.337623,	-0.0209194,	-0.418769,	-0.364,	0.64725,	-0.05488,	33443,	-281,	-9,	-411,	33393,	149,	-33,	-133,	33373,	69,	-38,	-339,	
2,	3,	505141,	1.65255e+015,	1,	3,	0,	25,	2,	1,	0,	-1,	1.65255e+009,	-0.780809,	-0.269808,	-0.328529,	-0.0312928,	-1.02743,	-0.235266,	-0.0222832,	0.117091,	-1.09917,	-0.0748425,	-0.0109308,	-0.0127728,	-1.1286,	-0.204909,	-0.0213985,	-0.0911333,	-0.890358,	-0.337623,	-0.0209194,	-0.418769,	-0.364,	0.64725,	-0.05488,	33453,	-285,	-9,	-402,	33403,	148,	-32,	-129,	33383,	67,	-40,	-335,	
2,	3,	505219,	1.65255e+015,	1,	2,	9,	10,	1,	0,	0,	2,	1.65255e+009,	-0.780809,	-0.269808,	-0.328529,	-0.0312928,	-1.02743,	-0.235266,	-0.0222832,	0.117091,	-1.09917,	-0.0748425,	-0.0109308,	-0.0127728,	-1.1286,	-0.204909,	-0.0213985,	-0.0911333,	-0.890358,	-0.337623,	-0.0209194,	-0.418769,	-0.364,	0.64725,	-0.05488,	33463,	-287,	-8,	-395,	33413,	147,	-30,	-125,	33393,	65,	-42,	-330,	
2,	3,	505297,	1.65255e+015,	-1,	-1,	0,	-7,	-2,	-3,	0,	-3,	1.65255e+009,	-0.780809,	-0.269808,	-0.328529,	-0.0312928,	-1.02743,	-0.235266,	-0.0222832,	0.117091,	-1.09917,	-0.0748425,	-0.0109308,	-0.0127728,	-1.1286,	-0.204909,	-0.0213985,	-0.0911333,	-0.890358,	-0.337623,	-0.0209194,	-0.418769,	-0.364,	0.64725,	-0.05488,	33473,	-291,	-8,	-387,	33423,	146,	-31,	-123,	33403,	63,	-44,	-326,	
2,	3,	505375,	1.65255e+015,	-1,	-1,	-29,	-4,	-2,	-2,	0,	-1,	1.65255e+009,	-0.780809,	-0.269808,	-0.328529,	-0.0312928,	-1.02743,	-0.235266,	-0.0222832,	0.117091,	-1.09917,	-0.0748425,	-0.0109308,	-0.0127728,	-1.1286,	-0.204909,	-0.0213985,	-0.0911333,	-0.890358,	-0.337623,	-0.0209194,	-0.418769,	-0.364,	0.64725,	-0.05488,	33483,	-295,	-9,	-379,	33433,	144,	-30,	-120,	33413,	62,	-45,	-322,	
2,	3,	505454,	1.65255e+015,	-1,	-5,	-6,	0,	-3,	1,	-2,	-1,	1.65255e+009,	-0.780809,	-0.269808,	-0.328529,	-0.0312928,	-1.02743,	-0.235266,	-0.0222832,	0.117091,	-1.09917,	-0.0748425,	-0.0109308,	-0.0127728,	-1.1286,	-0.204909,	-0.0213985,	-0.0911333,	-0.890358,	-0.337623,	-0.0209194,	-0.418769,	-0.364,	0.64725,	-0.05488,	33493,	-297,	-7,	-371,	33443,	143,	-32,	-117,	33423,	61,	-47,	-318,	
2,	3,	505532,	1.65255e+015,	-1,	1,	11,	15,	1,	-1,	0,	-1,	1.65255e+009,	-0.780809,	-0.269808,	-0.328529,	-0.0312928,	-1.02743,	-0.235266,	-0.0222832,	0.117091,	-1.09917,	-0.0748425,	-0.0109308,	-0.0127728,	-1.1286,	-0.204909,	-0.0213985,	-0.0911333,	-0.890358,	-0.337623,	-0.0209194,	-0.418769,	-0.364,	0.64725,	-0.05488,	33503,	-301,	-7,	-364,	33453,	144,	-33,	-114,	33433,	59,	-48,	-315,	
2,	3,	505610,	1.65255e+015,	-1,	-2,	-2,	10,	0,	-1,	-2,	1,	1.65255e+009,	-0.780809,	-0.269808,	-0.328529,	-0.0312928,	-1.02743,	-0.235266,	-0.0222832,	0.117091,	-1.09917,	-0.0748425,	-0.0109308,	-0.0127728,	-1.1286,	-0.204909,	-0.0213985,	-0.0911333,	-0.890358,	-0.337623,	-0.0209194,	-0.418769,	-0.364,	0.64725,	-0.05488,	33513,	-304,	-7,	-356,	33463,	143,	-32,	-110,	33443,	58,	-50,	-312,	
2,	3,	505672,	1.65255e+015,	-1,	-4,	-3,	-15,	1,	-1,	0,	1,	1.65255e+009,	-0.780809,	-0.269808,	-0.328529,	-0.0312928,	-1.02743,	-0.235266,	-0.0222832,	0.117091,	-1.09917,	-0.0748425,	-0.0109308,	-0.0127728,	-1.1286,	-0.204909,	-0.0213985,	-0.0911333,	-0.890358,	-0.337623,	-0.0209194,	-0.418769,	-0.364,	0.64725,	-0.05488,	33523,	-306,	-7,	-350,	33473,	143,	-31,	-108,	33453,	57,	-51,	-310,	
2,	3,	505750,	1.65255e+015,	-2,	-3,	2,	18,	-4,	-3,	-2,	0,	1.65255e+009,	-0.780809,	-0.269808,	-0.328529,	-0.0312928,	-1.02743,	-0.235266,	-0.0222832,	0.117091,	-1.09917,	-0.0748425,	-0.0109308,	-0.0127728,	-1.1286,	-0.204909,	-0.0213985,	-0.0911333,	-0.890358,	-0.337623,	-0.0209194,	-0.418769,	-0.364,	0.64725,	-0.05488,	33533,	-309,	-8,	-344,	33483,	142,	-31,	-104,	33463,	55,	-53,	-307,	
2,	3,	505813,	1.65255e+015,	2,	2,	-1,	9,	0,	0,	1,	6,	1.65255e+009,	-0.780809,	-0.269808,	-0.328529,	-0.0312928,	-1.02743,	-0.235266,	-0.0222832,	0.117091,	-1.09917,	-0.0748425,	-0.0109308,	-0.0127728,	-1.1286,	-0.204909,	-0.0213985,	-0.0911333,	-0.890358,	-0.337623,	-0.0209194,	-0.418769,	-0.364,	0.64725,	-0.05488,	33543,	-312,	-10,	-337,	33493,	143,	-30,	-102,	33473,	55,	-52,	-304,	
2,	3,	505891,	1.65255e+015,	1,	8,	10,	14,	1,	-3,	0,	-2,	1.65255e+009,	-0.780809,	-0.269808,	-0.328529,	-0.0312928,	-1.02743,	-0.235266,	-0.0222832,	0.117091,	-1.09917,	-0.0748425,	-0.0109308,	-0.0127728,	-1.1286,	-0.204909,	-0.0213985,	-0.0911333,	-0.890358,	-0.337623,	-0.0209194,	-0.418769,	-0.364,	0.64725,	-0.05488,	33553,	-315,	-11,	-330,	33503,	141,	-30,	-100,	33483,	53,	-54,	-302,	
2,	3,	505954,	1.65255e+015,	-1,	-2,	-8,	-25,	-2,	0,	1,	3,	1.65255e+009,	-0.780809,	-0.269808,	-0.328529,	-0.0312928,	-1.02743,	-0.235266,	-0.0222832,	0.117091,	-1.09917,	-0.0748425,	-0.0109308,	-0.0127728,	-1.1286,	-0.204909,	-0.0213985,	-0.0911333,	-0.890358,	-0.337623,	-0.0209194,	-0.418769,	-0.364,	0.64725,	-0.05488,	33563,	-316,	-10,	-323,	33513,	140,	-29,	-96,	33493,	52,	-54,	-297,	
2,	3,	506032,	1.65255e+015,	1,	3,	-3,	-6,	0,	0,	1,	-2,	1.65255e+009,	-0.780809,	-0.269808,	-0.328529,	-0.0312928,	-1.02743,	-0.235266,	-0.0222832,	0.117091,	-1.09917,	-0.0748425,	-0.0109308,	-0.0127728,	-1.1286,	-0.204909,	-0.0213985,	-0.0911333,	-0.890358,	-0.337623,	-0.0209194,	-0.418769,	-0.364,	0.64725,	-0.05488,	33573,	-318,	-11,	-318,	33523,	140,	-27,	-93,	33503,	50,	-53,	-295,	
2,	3,	506094,	1.65255e+015,	0,	-4,	8,	6,	-1,	1,	0,	-2,	1.65255e+009,	-0.780809,	-0.269808,	-0.328529,	-0.0312928,	-1.02743,	-0.235266,	-0.0222832,	0.117091,	-1.09917,	-0.0748425,	-0.0109308,	-0.0127728,	-1.1286,	-0.204909,	-0.0213985,	-0.0911333,	-0.890358,	-0.337623,	-0.0209194,	-0.418769,	-0.364,	0.64725,	-0.05488,	33583,	-318,	-13,	-315,	33533,	139,	-27,	-91,	33513,	49,	-54,	-293,	
2,	3,	506157,	1.65255e+015,	0,	-4,	-7,	-20,	-7,	-2,	-1,	4,	1.65255e+009,	-0.780809,	-0.269808,	-0.328529,	-0.0312928,	-1.02743,	-0.235266,	-0.0222832,	0.117091,	-1.09917,	-0.0748425,	-0.0109308,	-0.0127728,	-1.1286,	-0.204909,	-0.0213985,	-0.0911333,	-0.890358,	-0.337623,	-0.0209194,	-0.418769,	-0.364,	0.64725,	-0.05488,	33593,	-320,	-15,	-312,	33543,	139,	-27,	-89,	33523,	48,	-53,	-291,	
