1,	8,	606563,	1.65255e+015,	0,	-2,	7,	-1,	0,	1,	0,	1,	1.65255e+009,	-0.810869,	0.00123207,	-0.31202,	-0.0312928,	-1.2036,	-0.219989,	-0.0219117,	0.129629,	-1.09917,	-0.0349265,	-0.00554715,	-0.00910641,	-0.91177,	-0.275873,	-0.0225445,	-0.111123,	-0.714918,	-0.491379,	-0.00626944,	-0.385533,	-0.364,	0.62136,	-0.07056,	11721,	-248,	5,	-499,	11621,	134,	-18,	-165,	11611,	73,	-9,	-378,	
1,	8,	606641,	1.65255e+015,	3,	5,	2,	-1,	0,	1,	1,	-1,	1.65255e+009,	-0.810869,	0.00123207,	-0.31202,	-0.0312928,	-0.899298,	-0.219989,	-0.0219117,	0.105416,	-1.00455,	-0.134716,	-0.0170943,	-0.0089224,	-0.803355,	-0.275873,	-0.0225445,	-0.0872829,	-0.714918,	-0.491379,	-0.00626944,	-0.361693,	-0.4186,	0.62136,	-0.07056,	11731,	-247,	7,	-497,	11631,	133,	-19,	-164,	11621,	72,	-10,	-377,	
1,	8,	606719,	1.65255e+015,	1,	6,	19,	1,	-3,	-3,	-1,	-2,	1.65255e+009,	-0.810869,	0.00123207,	-0.31202,	-0.0312928,	-0.819218,	-0.219989,	-0.0219117,	0.105416,	-0.925699,	-0.134716,	-0.0170943,	-0.0089224,	-0.803355,	-0.275873,	-0.0225445,	-0.0872829,	-0.714918,	-0.491379,	-0.00626944,	-0.361693,	-0.4641,	0.62136,	-0.07056,	11741,	-247,	6,	-496,	11641,	132,	-21,	-165,	11631,	71,	-11,	-377,	
1,	8,	606797,	1.65255e+015,	1,	-1,	-13,	-3,	0,	2,	0,	0,	1.65255e+009,	-0.810869,	0.00123207,	-0.31202,	-0.0559328,	-0.819218,	-0.219989,	-0.0219117,	0.105416,	-0.925699,	-0.134716,	-0.0170943,	-0.0089224,	-0.803355,	-0.275873,	-0.0225445,	-0.0872829,	-0.714918,	-0.491379,	-0.00626944,	-0.361693,	-0.4641,	0.62136,	-0.07056,	11751,	-247,	7,	-495,	11651,	132,	-22,	-165,	11641,	71,	-10,	-377,	
1,	8,	606875,	1.65255e+015,	-1,	-5,	2,	1,	-1,	-1,	-2,	-2,	1.65255e+009,	-0.810869,	0.00123207,	-0.31202,	-0.0559328,	-0.755154,	-0.219989,	-0.0219117,	0.105416,	-0.925699,	-0.134716,	-0.0170943,	-0.0089224,	-0.803355,	-0.275873,	-0.0225445,	-0.0872829,	-0.714918,	-0.491379,	-0.00626944,	-0.361693,	-0.4641,	0.62136,	-0.07056,	11761,	-248,	7,	-493,	11661,	132,	-22,	-165,	11651,	70,	-10,	-377,	
1,	8,	606954,	1.65255e+015,	1,	3,	-2,	-1,	-1,	-3,	0,	-1,	1.65255e+009,	-0.810869,	0.00123207,	-0.31202,	-0.0559328,	-0.755154,	-0.219989,	-0.0219117,	0.105416,	-0.925699,	-0.134716,	-0.0170943,	-0.0089224,	-0.803355,	-0.275873,	-0.0225445,	-0.0872829,	-0.714918,	-0.491379,	-0.00626944,	-0.361693,	-0.4641,	0.62136,	-0.07056,	11771,	-248,	9,	-491,	11671,	131,	-21,	-165,	11661,	71,	-9,	-377,	
1,	8,	607032,	1.65255e+015,	-3,	-8,	4,	-4,	-1,	-2,	-3,	-1,	1.65255e+009,	-0.810869,	0.00123207,	-0.31202,	-0.0559328,	-0.755154,	-0.219989,	-0.0219117,	0.105416,	-0.925699,	-0.134716,	-0.0170943,	-0.0089224,	-0.803355,	-0.275873,	-0.0225445,	-0.0872829,	-0.714918,	-0.491379,	-0.00626944,	-0.361693,	-0.4641,	0.62136,	-0.07056,	11781,	-248,	10,	-490,	11681,	131,	-19,	-164,	11671,	71,	-10,	-377,	
1,	8,	607110,	1.65255e+015,	0,	4,	2,	-3,	0,	1,	-2,	0,	1.65255e+009,	-0.810869,	0.00123207,	-0.31202,	-0.0559328,	-0.755154,	-0.219989,	-0.0219117,	0.105416,	-0.925699,	-0.134716,	-0.0170943,	-0.0089224,	-0.803355,	-0.275873,	-0.0225445,	-0.0872829,	-0.714918,	-0.491379,	-0.00626944,	-0.361693,	-0.4641,	0.62136,	-0.07056,	11791,	-247,	10,	-490,	11691,	130,	-18,	-163,	11681,	71,	-9,	-376,	
1,	8,	607204,	1.65255e+015,	-3,	-6,	-19,	-7,	-1,	0,	0,	-1,	1.65255e+009,	-0.810869,	0.00123207,	-0.31202,	-0.0559328,	-0.755154,	-0.219989,	-0.0219117,	0.105416,	-0.925699,	-0.134716,	-0.0170943,	-0.0089224,	-0.803355,	-0.275873,	-0.0225445,	-0.0872829,	-0.714918,	-0.491379,	-0.00626944,	-0.361693,	-0.4641,	0.62136,	-0.07056,	11801,	-247,	11,	-490,	11701,	131,	-16,	-162,	11691,	69,	-8,	-375,	
1,	8,	607282,	1.65255e+015,	-1,	0,	-4,	-1,	-3,	-2,	-2,	-2,	1.65255e+009,	-0.810869,	0.00123207,	-0.31202,	-0.0559328,	-0.755154,	-0.219989,	-0.0219117,	0.105416,	-0.925699,	-0.134716,	-0.0170943,	-0.0089224,	-0.803355,	-0.275873,	-0.0225445,	-0.0872829,	-0.714918,	-0.491379,	-0.00626944,	-0.361693,	-0.4641,	0.62136,	-0.07056,	11811,	-246,	11,	-490,	11711,	129,	-16,	-161,	11701,	69,	-7,	-374,	
1,	8,	607360,	1.65255e+015,	-1,	4,	13,	-4,	1,	1,	0,	-1,	1.65255e+009,	-0.810869,	0.00123207,	-0.31202,	-0.0559328,	-0.755154,	-0.219989,	-0.0219117,	0.105416,	-0.925699,	-0.134716,	-0.0170943,	-0.0089224,	-0.803355,	-0.275873,	-0.0225445,	-0.0872829,	-0.714918,	-0.491379,	-0.00626944,	-0.361693,	-0.4641,	0.62136,	-0.07056,	11821,	-246,	12,	-490,	11721,	128,	-17,	-161,	11711,	69,	-8,	-373,	
1,	8,	607438,	1.65255e+015,	-4,	-9,	-9,	-5,	0,	0,	-1,	0,	1.65255e+009,	-0.810869,	0.00123207,	-0.31202,	-0.0559328,	-0.755154,	-0.219989,	-0.0219117,	0.105416,	-0.925699,	-0.134716,	-0.0170943,	-0.0089224,	-0.803355,	-0.275873,	-0.0225445,	-0.0872829,	-0.714918,	-0.491379,	-0.00626944,	-0.361693,	-0.4641,	0.62136,	-0.07056,	11831,	-246,	11,	-490,	11731,	128,	-19,	-161,	11721,	66,	-10,	-373,	
1,	8,	607516,	1.65255e+015,	-2,	6,	16,	5,	-4,	-3,	1,	0,	1.65255e+009,	-0.810869,	0.00123207,	-0.31202,	-0.0559328,	-0.755154,	-0.219989,	-0.0219117,	0.105416,	-0.925699,	-0.134716,	-0.0170943,	-0.0089224,	-0.803355,	-0.275873,	-0.0225445,	-0.0872829,	-0.714918,	-0.491379,	-0.00626944,	-0.361693,	-0.4641,	0.62136,	-0.07056,	11841,	-246,	13,	-491,	11741,	129,	-19,	-161,	11731,	68,	-11,	-372,	
1,	8,	607594,	1.65255e+015,	-1,	0,	-5,	-8,	-2,	-2,	-2,	-2,	1.65255e+009,	-0.810869,	0.00123207,	-0.31202,	-0.0559328,	-0.755154,	-0.219989,	-0.0219117,	0.105416,	-0.925699,	-0.134716,	-0.0170943,	-0.0089224,	-0.803355,	-0.275873,	-0.0225445,	-0.0872829,	-0.714918,	-0.491379,	-0.00626944,	-0.361693,	-0.4641,	0.62136,	-0.07056,	11851,	-247,	15,	-492,	11751,	129,	-21,	-161,	11741,	66,	-12,	-372,	
1,	8,	607657,	1.65255e+015,	-1,	-5,	-3,	-8,	-2,	-1,	0,	1,	1.65255e+009,	-0.810869,	0.00123207,	-0.31202,	-0.0559328,	-0.755154,	-0.219989,	-0.0219117,	0.105416,	-0.925699,	-0.134716,	-0.0170943,	-0.0089224,	-0.803355,	-0.275873,	-0.0225445,	-0.0872829,	-0.714918,	-0.491379,	-0.00626944,	-0.361693,	-0.4641,	0.62136,	-0.07056,	11861,	-246,	15,	-494,	11761,	129,	-23,	-161,	11751,	67,	-13,	-372,	
1,	8,	607735,	1.65255e+015,	0,	-3,	-44,	-3,	-3,	-2,	0,	-2,	1.65255e+009,	-0.810869,	0.00123207,	-0.31202,	-0.0559328,	-0.755154,	-0.219989,	-0.0219117,	0.105416,	-0.925699,	-0.134716,	-0.0170943,	-0.0089224,	-0.803355,	-0.275873,	-0.0225445,	-0.0872829,	-0.714918,	-0.491379,	-0.00626944,	-0.361693,	-0.4641,	0.62136,	-0.07056,	11871,	-244,	15,	-496,	11771,	131,	-23,	-161,	11761,	68,	-14,	-372,	
1,	8,	607813,	1.65255e+015,	-1,	-1,	-2,	0,	1,	-1,	-2,	-2,	1.65255e+009,	-0.810869,	0.00123207,	-0.31202,	-0.0559328,	-0.755154,	-0.219989,	-0.0219117,	0.105416,	-0.925699,	-0.134716,	-0.0170943,	-0.0089224,	-0.803355,	-0.275873,	-0.0225445,	-0.0872829,	-0.714918,	-0.491379,	-0.00626944,	-0.361693,	-0.4641,	0.62136,	-0.07056,	11881,	-244,	16,	-498,	11781,	132,	-23,	-160,	11771,	69,	-13,	-372,	
1,	8,	607875,	1.65255e+015,	0,	5,	3,	8,	1,	-2,	-1,	1,	1.65255e+009,	-0.810869,	0.00123207,	-0.31202,	-0.0559328,	-0.755154,	-0.219989,	-0.0219117,	0.105416,	-0.925699,	-0.134716,	-0.0170943,	-0.0089224,	-0.803355,	-0.275873,	-0.0225445,	-0.0872829,	-0.714918,	-0.491379,	-0.00626944,	-0.361693,	-0.4641,	0.62136,	-0.07056,	11891,	-242,	16,	-500,	11791,	133,	-25,	-160,	11781,	68,	-15,	-372,	
1,	8,	607954,	1.65255e+015,	-1,	-7,	-20,	-3,	-1,	0,	-2,	-2,	1.65255e+009,	-0.810869,	0.00123207,	-0.31202,	-0.0559328,	-0.755154,	-0.219989,	-0.0219117,	0.105416,	-0.925699,	-0.134716,	-0.0170943,	-0.0089224,	-0.803355,	-0.275873,	-0.0225445,	-0.0872829,	-0.714918,	-0.491379,	-0.00626944,	-0.361693,	-0.4641,	0.62136,	-0.07056,	11901,	-241,	15,	-501,	11801,	132,	-23,	-159,	11791,	68,	-15,	-372,	
1,	8,	608032,	1.65255e+015,	1,	-5,	-48,	0,	0,	0,	-1,	-1,	1.65255e+009,	-0.810869,	0.00123207,	-0.31202,	-0.0559328,	-0.755154,	-0.219989,	-0.0219117,	0.105416,	-0.925699,	-0.134716,	-0.0170943,	-0.0089224,	-0.803355,	-0.275873,	-0.0225445,	-0.0872829,	-0.714918,	-0.491379,	-0.00626944,	-0.361693,	-0.4641,	0.62136,	-0.07056,	11911,	-239,	15,	-503,	11811,	132,	-24,	-159,	11801,	69,	-16,	-372,	
1,	8,	608110,	1.65255e+015,	-4,	-4,	-7,	-6,	-3,	-1,	0,	-1,	1.65255e+009,	-0.810869,	0.00123207,	-0.31202,	-0.0559328,	-0.755154,	-0.219989,	-0.0219117,	0.105416,	-0.925699,	-0.134716,	-0.0170943,	-0.0089224,	-0.803355,	-0.275873,	-0.0225445,	-0.0872829,	-0.714918,	-0.491379,	-0.00626944,	-0.361693,	-0.4641,	0.62136,	-0.07056,	11921,	-237,	16,	-506,	11821,	132,	-26,	-160,	11811,	69,	-16,	-372,	
1,	8,	608188,	1.65255e+015,	-3,	5,	8,	3,	-2,	0,	-1,	-1,	1.65255e+009,	-0.810869,	0.00123207,	-0.31202,	-0.0559328,	-0.755154,	-0.219989,	-0.0219117,	0.105416,	-0.925699,	-0.134716,	-0.0170943,	-0.0089224,	-0.803355,	-0.275873,	-0.0225445,	-0.0872829,	-0.714918,	-0.491379,	-0.00626944,	-0.361693,	-0.4641,	0.62136,	-0.07056,	11931,	-236,	14,	-508,	11831,	133,	-26,	-160,	11821,	70,	-17,	-372,	
1,	8,	608266,	1.65255e+015,	-1,	-3,	0,	-8,	-1,	0,	-2,	1,	1.65255e+009,	-0.810869,	0.00123207,	-0.31202,	-0.0559328,	-0.755154,	-0.219989,	-0.0219117,	0.105416,	-0.925699,	-0.134716,	-0.0170943,	-0.0089224,	-0.803355,	-0.275873,	-0.0225445,	-0.0872829,	-0.714918,	-0.491379,	-0.00626944,	-0.361693,	-0.4641,	0.62136,	-0.07056,	11941,	-236,	14,	-509,	11841,	133,	-28,	-160,	11831,	71,	-17,	-373,	
1,	8,	608344,	1.65255e+015,	-4,	-3,	18,	-2,	-2,	-2,	-2,	-1,	1.65255e+009,	-0.810869,	0.00123207,	-0.31202,	-0.0559328,	-0.755154,	-0.219989,	-0.0219117,	0.105416,	-0.925699,	-0.134716,	-0.0170943,	-0.0089224,	-0.803355,	-0.275873,	-0.0225445,	-0.0872829,	-0.714918,	-0.491379,	-0.00626944,	-0.361693,	-0.4641,	0.62136,	-0.07056,	11951,	-235,	16,	-510,	11851,	135,	-28,	-160,	11841,	70,	-18,	-373,	
1,	8,	608422,	1.65255e+015,	4,	7,	28,	11,	0,	1,	-1,	1,	1.65255e+009,	-0.810869,	0.00123207,	-0.31202,	-0.0559328,	-0.755154,	-0.219989,	-0.0219117,	0.105416,	-0.925699,	-0.134716,	-0.0170943,	-0.0089224,	-0.803355,	-0.275873,	-0.0225445,	-0.0872829,	-0.714918,	-0.491379,	-0.00626944,	-0.361693,	-0.4641,	0.62136,	-0.07056,	11961,	-233,	16,	-509,	11861,	135,	-28,	-160,	11851,	71,	-17,	-373,	
1,	8,	608500,	1.65255e+015,	-1,	-3,	-7,	-1,	-2,	0,	0,	-2,	1.65255e+009,	-0.810869,	0.00123207,	-0.31202,	-0.0559328,	-0.755154,	-0.219989,	-0.0219117,	0.105416,	-0.925699,	-0.134716,	-0.0170943,	-0.0089224,	-0.803355,	-0.275873,	-0.0225445,	-0.0872829,	-0.714918,	-0.491379,	-0.00626944,	-0.361693,	-0.4641,	0.62136,	-0.07056,	11971,	-234,	17,	-509,	11871,	135,	-27,	-160,	11861,	70,	-17,	-373,	
1,	8,	608579,	1.65255e+015,	0,	-2,	-12,	6,	1,	0,	-1,	1,	1.65255e+009,	-0.810869,	0.00123207,	-0.31202,	-0.0559328,	-0.755154,	-0.219989,	-0.0219117,	0.105416,	-0.925699,	-0.134716,	-0.0170943,	-0.0089224,	-0.803355,	-0.275873,	-0.0225445,	-0.0872829,	-0.714918,	-0.491379,	-0.00626944,	-0.361693,	-0.4641,	0.62136,	-0.07056,	11981,	-234,	17,	-509,	11881,	135,	-25,	-160,	11871,	71,	-16,	-372,	
1,	8,	608657,	1.65255e+015,	-4,	-12,	-23,	-2,	2,	1,	0,	0,	1.65255e+009,	-0.810869,	0.00123207,	-0.31202,	-0.0559328,	-0.755154,	-0.219989,	-0.0219117,	0.105416,	-0.925699,	-0.134716,	-0.0170943,	-0.0089224,	-0.803355,	-0.275873,	-0.0225445,	-0.0872829,	-0.714918,	-0.491379,	-0.00626944,	-0.361693,	-0.4641,	0.62136,	-0.07056,	11991,	-233,	16,	-510,	11891,	136,	-25,	-160,	11881,	71,	-17,	-372,	
1,	8,	608735,	1.65255e+015,	-2,	-11,	-34,	-13,	-3,	-2,	-3,	-1,	1.65255e+009,	-0.810869,	0.00123207,	-0.31202,	-0.0559328,	-0.755154,	-0.219989,	-0.0219117,	0.105416,	-0.925699,	-0.134716,	-0.0170943,	-0.0089224,	-0.803355,	-0.275873,	-0.0225445,	-0.0872829,	-0.714918,	-0.491379,	-0.00626944,	-0.361693,	-0.4641,	0.62136,	-0.07056,	12001,	-233,	15,	-509,	11901,	136,	-25,	-160,	11891,	71,	-16,	-373,	
1,	8,	608813,	1.65255e+015,	-1,	-2,	0,	-1,	0,	-1,	-1,	0,	1.65255e+009,	-0.810869,	0.00123207,	-0.31202,	-0.0559328,	-0.755154,	-0.219989,	-0.0219117,	0.105416,	-0.925699,	-0.134716,	-0.0170943,	-0.0089224,	-0.803355,	-0.275873,	-0.0225445,	-0.0872829,	-0.714918,	-0.491379,	-0.00626944,	-0.361693,	-0.4641,	0.62136,	-0.07056,	12011,	-232,	15,	-509,	11911,	136,	-25,	-160,	11901,	71,	-15,	-372,	
1,	8,	608891,	1.65255e+015,	-1,	-1,	-10,	4,	0,	-1,	0,	0,	1.65255e+009,	-0.810869,	0.00123207,	-0.31202,	-0.0559328,	-0.755154,	-0.219989,	-0.0219117,	0.105416,	-0.925699,	-0.134716,	-0.0170943,	-0.0089224,	-0.803355,	-0.275873,	-0.0225445,	-0.0872829,	-0.714918,	-0.491379,	-0.00626944,	-0.361693,	-0.4641,	0.62136,	-0.07056,	12021,	-233,	15,	-511,	11921,	137,	-25,	-160,	11911,	71,	-15,	-372,	
1,	8,	608969,	1.65255e+015,	0,	-3,	-26,	-10,	0,	-1,	-1,	-1,	1.65255e+009,	-0.810869,	0.00123207,	-0.31202,	-0.0559328,	-0.755154,	-0.219989,	-0.0219117,	0.105416,	-0.925699,	-0.134716,	-0.0170943,	-0.0089224,	-0.803355,	-0.275873,	-0.0225445,	-0.0872829,	-0.714918,	-0.491379,	-0.00626944,	-0.361693,	-0.4641,	0.62136,	-0.07056,	12031,	-231,	15,	-511,	11931,	136,	-25,	-160,	11921,	72,	-14,	-373,	
1,	8,	609047,	1.65255e+015,	-1,	0,	24,	9,	2,	2,	0,	2,	1.65255e+009,	-0.810869,	0.00123207,	-0.31202,	-0.0559328,	-0.755154,	-0.219989,	-0.0219117,	0.105416,	-0.925699,	-0.134716,	-0.0170943,	-0.0089224,	-0.803355,	-0.275873,	-0.0225445,	-0.0872829,	-0.714918,	-0.491379,	-0.00626944,	-0.361693,	-0.4641,	0.62136,	-0.07056,	12041,	-231,	15,	-512,	11941,	137,	-26,	-160,	11931,	73,	-15,	-373,	
1,	8,	609125,	1.65255e+015,	-3,	-3,	18,	3,	-2,	1,	0,	-3,	1.65255e+009,	-0.810869,	0.00123207,	-0.31202,	-0.0559328,	-0.755154,	-0.219989,	-0.0219117,	0.105416,	-0.925699,	-0.134716,	-0.0170943,	-0.0089224,	-0.803355,	-0.275873,	-0.0225445,	-0.0872829,	-0.714918,	-0.491379,	-0.00626944,	-0.361693,	-0.4641,	0.62136,	-0.07056,	12051,	-230,	16,	-513,	11951,	137,	-26,	-160,	11941,	72,	-15,	-373,	
1,	8,	609204,	1.65255e+015,	-4,	-6,	3,	-1,	2,	2,	0,	-1,	1.65255e+009,	-0.810869,	0.00123207,	-0.31202,	-0.0559328,	-0.755154,	-0.219989,	-0.0219117,	0.105416,	-0.925699,	-0.134716,	-0.0170943,	-0.0089224,	-0.803355,	-0.275873,	-0.0225445,	-0.0872829,	-0.714918,	-0.491379,	-0.00626944,	-0.361693,	-0.4641,	0.62136,	-0.07056,	12061,	-230,	15,	-514,	11961,	138,	-26,	-160,	11951,	73,	-14,	-373,	
1,	8,	609266,	1.65255e+015,	-2,	-1,	-4,	0,	-2,	-2,	0,	-1,	1.65255e+009,	-0.810869,	0.00123207,	-0.31202,	-0.0559328,	-0.755154,	-0.219989,	-0.0219117,	0.105416,	-0.862619,	-0.134716,	-0.0170943,	-0.0089224,	-0.803355,	-0.275873,	-0.0225445,	-0.0872829,	-0.714918,	-0.491379,	-0.00626944,	-0.361693,	-0.4641,	0.62136,	-0.07056,	12071,	-230,	14,	-513,	11971,	138,	-27,	-161,	11961,	73,	-15,	-373,	
1,	8,	609344,	1.65255e+015,	-1,	5,	8,	-4,	-2,	1,	0,	0,	1.65255e+009,	-0.810869,	0.00123207,	-0.31202,	-0.0559328,	-0.755154,	-0.219989,	-0.0219117,	0.105416,	-0.862619,	-0.134716,	-0.0170943,	-0.0089224,	-0.803355,	-0.275873,	-0.0225445,	-0.0872829,	-0.714918,	-0.491379,	-0.00626944,	-0.361693,	-0.4641,	0.62136,	-0.07056,	12081,	-230,	14,	-512,	11981,	139,	-29,	-161,	11971,	74,	-16,	-373,	
1,	8,	609422,	1.65255e+015,	1,	-1,	-23,	-6,	0,	-1,	0,	0,	1.65255e+009,	-0.810869,	0.00123207,	-0.31202,	-0.0559328,	-0.755154,	-0.219989,	-0.0219117,	0.105416,	-0.862619,	-0.134716,	-0.0170943,	-0.0089224,	-0.803355,	-0.275873,	-0.0225445,	-0.0872829,	-0.714918,	-0.491379,	-0.00626944,	-0.361693,	-0.4641,	0.62136,	-0.07056,	12091,	-230,	14,	-511,	11991,	140,	-28,	-160,	11981,	74,	-16,	-372,	
1,	8,	609485,	1.65255e+015,	-2,	-1,	21,	-2,	-1,	1,	0,	-2,	1.65255e+009,	-0.810869,	0.00123207,	-0.31202,	-0.0559328,	-0.755154,	-0.219989,	-0.0219117,	0.105416,	-0.862619,	-0.134716,	-0.0170943,	-0.0089224,	-0.803355,	-0.275873,	-0.0225445,	-0.0872829,	-0.714918,	-0.491379,	-0.00626944,	-0.361693,	-0.4641,	0.62136,	-0.07056,	12101,	-231,	14,	-511,	12001,	140,	-29,	-160,	11991,	74,	-16,	-372,	
1,	8,	609547,	1.65255e+015,	0,	1,	0,	-1,	2,	0,	1,	0,	1.65255e+009,	-0.810869,	0.00123207,	-0.31202,	-0.0559328,	-0.755154,	-0.219989,	-0.0219117,	0.105416,	-0.862619,	-0.134716,	-0.0170943,	-0.0089224,	-0.803355,	-0.275873,	-0.0225445,	-0.0872829,	-0.714918,	-0.491379,	-0.00626944,	-0.361693,	-0.4641,	0.62136,	-0.07056,	12111,	-231,	14,	-510,	12011,	140,	-28,	-159,	12001,	73,	-15,	-372,	
2,	8,	609672,	1.65255e+015,	2,	-1,	22,	6,	1,	0,	-2,	-1,	1.65255e+009,	-0.810869,	0.00123207,	-0.31202,	-0.0559328,	-0.755154,	-0.219989,	-0.0219117,	0.105416,	-0.862619,	-0.134716,	-0.0170943,	-0.0089224,	-0.803355,	-0.275873,	-0.0225445,	-0.0872829,	-0.714918,	-0.491379,	-0.00626944,	-0.361693,	-0.4641,	0.62136,	-0.07056,	12121,	-231,	13,	-511,	12021,	140,	-28,	-159,	12011,	73,	-16,	-371,	
2,	8,	609750,	1.65255e+015,	-2,	0,	16,	1,	-3,	0,	0,	-1,	1.65255e+009,	-0.810869,	0.00123207,	-0.31202,	-0.0559328,	-0.755154,	-0.219989,	-0.0219117,	0.105416,	-0.862619,	-0.134716,	-0.0170943,	-0.0089224,	-0.803355,	-0.275873,	-0.0225445,	-0.0872829,	-0.714918,	-0.491379,	-0.00626944,	-0.361693,	-0.4641,	0.62136,	-0.07056,	12131,	-230,	14,	-512,	12031,	141,	-27,	-159,	12021,	74,	-16,	-371,	
2,	8,	609829,	1.65255e+015,	1,	2,	-1,	-1,	0,	-1,	-1,	-1,	1.65255e+009,	-0.810869,	0.00123207,	-0.31202,	-0.0559328,	-0.755154,	-0.219989,	-0.0219117,	0.105416,	-0.862619,	-0.134716,	-0.0170943,	-0.0089224,	-0.803355,	-0.275873,	-0.0225445,	-0.0872829,	-0.714918,	-0.491379,	-0.00626944,	-0.361693,	-0.4641,	0.62136,	-0.07056,	12141,	-230,	14,	-513,	12041,	142,	-27,	-159,	12031,	74,	-16,	-371,	
2,	8,	609907,	1.65255e+015,	-1,	-2,	-1,	2,	-2,	-4,	-3,	-2,	1.65255e+009,	-0.810869,	0.00123207,	-0.31202,	-0.0559328,	-0.755154,	-0.219989,	-0.0219117,	0.105416,	-0.862619,	-0.134716,	-0.0170943,	-0.0089224,	-0.803355,	-0.275873,	-0.0225445,	-0.0872829,	-0.714918,	-0.491379,	-0.00626944,	-0.361693,	-0.4641,	0.62136,	-0.07056,	12151,	-229,	14,	-514,	12051,	141,	-27,	-158,	12041,	73,	-15,	-370,	
2,	8,	609969,	1.65255e+015,	-5,	-5,	12,	-2,	-4,	1,	1,	0,	1.65255e+009,	-0.810869,	0.00123207,	-0.31202,	-0.0559328,	-0.755154,	-0.219989,	-0.0219117,	0.105416,	-0.862619,	-0.134716,	-0.0170943,	-0.0089224,	-0.803355,	-0.275873,	-0.0225445,	-0.0872829,	-0.714918,	-0.491379,	-0.00626944,	-0.361693,	-0.4641,	0.62136,	-0.07056,	12161,	-229,	13,	-515,	12061,	140,	-28,	-158,	12051,	73,	-15,	-370,	
2,	8,	610047,	1.65255e+015,	0,	-1,	-2,	1,	-1,	1,	0,	-1,	1.65255e+009,	-0.810869,	0.00123207,	-0.31202,	-0.0559328,	-0.755154,	-0.219989,	-0.0219117,	0.105416,	-0.862619,	-0.134716,	-0.0170943,	-0.0089224,	-0.803355,	-0.275873,	-0.0225445,	-0.0872829,	-0.714918,	-0.491379,	-0.00626944,	-0.361693,	-0.4641,	0.62136,	-0.07056,	12171,	-229,	15,	-516,	12071,	142,	-28,	-159,	12061,	74,	-16,	-371,	
2,	8,	610125,	1.65255e+015,	-5,	-4,	-12,	-4,	-1,	-2,	-1,	-3,	1.65255e+009,	-0.810869,	0.00123207,	-0.31202,	-0.0559328,	-0.755154,	-0.219989,	-0.0219117,	0.105416,	-0.862619,	-0.134716,	-0.0170943,	-0.0089224,	-0.803355,	-0.275873,	-0.0225445,	-0.0872829,	-0.714918,	-0.491379,	-0.00626944,	-0.361693,	-0.4641,	0.62136,	-0.07056,	12181,	-227,	16,	-518,	12081,	142,	-28,	-159,	12071,	73,	-15,	-370,	
2,	8,	610188,	1.65255e+015,	-1,	2,	6,	3,	0,	-1,	0,	-1,	1.65255e+009,	-0.810869,	0.00123207,	-0.31202,	-0.0559328,	-0.755154,	-0.219989,	-0.0219117,	0.105416,	-0.862619,	-0.134716,	-0.0170943,	-0.0089224,	-0.803355,	-0.275873,	-0.0225445,	-0.0872829,	-0.714918,	-0.491379,	-0.00626944,	-0.361693,	-0.4641,	0.62136,	-0.07056,	12191,	-226,	16,	-520,	12091,	142,	-29,	-158,	12081,	75,	-16,	-370,	
2,	8,	610266,	1.65255e+015,	-1,	-8,	-24,	1,	-1,	0,	0,	3,	1.65255e+009,	-0.810869,	0.00123207,	-0.31202,	-0.0559328,	-0.755154,	-0.219989,	-0.0219117,	0.105416,	-0.862619,	-0.134716,	-0.0170943,	-0.0089224,	-0.803355,	-0.275873,	-0.0225445,	-0.0872829,	-0.714918,	-0.568256,	-0.00672934,	-0.361693,	-0.4641,	0.62136,	-0.07056,	12201,	-226,	17,	-519,	12101,	143,	-30,	-158,	12091,	74,	-16,	-370,	
2,	8,	610344,	1.65255e+015,	-3,	-10,	12,	-7,	-2,	-5,	-9,	4,	1.65255e+009,	-0.810869,	0.00123207,	-0.31202,	-0.0559328,	-0.755154,	-0.219989,	-0.0219117,	0.102482,	-0.862619,	-0.134716,	-0.0170943,	-0.0118557,	-0.803355,	-0.275873,	-0.0225445,	-0.0783882,	-0.714918,	-0.7092,	-0.0403845,	-0.352798,	-0.4186,	0.58684,	-0.07056,	12211,	-227,	15,	-519,	12111,	143,	-29,	-158,	12101,	74,	-16,	-370,	
2,	8,	610422,	1.65255e+015,	2,	-4,	-17,	-1,	-1,	-1,	-5,	0,	1.65255e+009,	-0.750749,	-0.0973279,	-0.31202,	-0.0559328,	-0.755154,	-0.219989,	-0.0219117,	0.102482,	-0.799539,	-0.134716,	-0.0170943,	-0.0118557,	-0.716623,	-0.275873,	-0.0225445,	-0.0783882,	-0.714918,	-0.901395,	-0.106767,	-0.352798,	-0.4186,	0.58684,	-0.07056,	12221,	-226,	16,	-518,	12121,	144,	-29,	-158,	12111,	74,	-15,	-370,	
2,	8,	610485,	1.65255e+015,	-4,	-4,	-8,	-26,	-7,	-4,	4,	-1,	1.65255e+009,	-0.750749,	-0.0973279,	-0.31202,	-0.0559328,	-0.755154,	-0.219989,	-0.0219117,	0.102482,	-0.799539,	-0.214548,	-0.0217433,	-0.0118557,	-0.716623,	-0.346837,	-0.0204676,	-0.0783882,	-0.714918,	-1.04234,	-0.170472,	-0.352798,	-0.3822,	0.58684,	-0.07056,	12231,	-227,	16,	-518,	12131,	144,	-28,	-157,	12121,	74,	-15,	-370,	
2,	8,	610563,	1.65255e+015,	3,	4,	-4,	5,	1,	0,	0,	1,	1.65255e+009,	-0.750749,	-0.0973279,	-0.31202,	-0.0559328,	-0.755154,	-0.219989,	-0.0219117,	0.102482,	-0.720689,	-0.214548,	-0.0217433,	-0.0118557,	-0.716623,	-0.346837,	-0.0204676,	-0.0783882,	-0.714918,	-1.24735,	-0.28583,	-0.352798,	-0.3367,	0.58684,	-0.07056,	12241,	-228,	16,	-519,	12141,	143,	-28,	-157,	12131,	74,	-16,	-370,	
2,	8,	610641,	1.65255e+015,	-7,	-11,	-10,	-10,	-4,	-3,	-5,	1,	1.65255e+009,	-0.750749,	-0.0973279,	-0.31202,	-0.0559328,	-0.755154,	-0.219989,	-0.0219117,	0.102482,	-0.720689,	-0.214548,	-0.0217433,	-0.0118557,	-0.716623,	-0.346837,	-0.0204676,	-0.0783882,	-0.714918,	-1.38829,	-0.380741,	-0.352798,	-0.3367,	0.58684,	-0.07056,	12251,	-227,	16,	-520,	12151,	144,	-27,	-157,	12141,	73,	-16,	-369,	
2,	8,	610704,	1.65255e+015,	-3,	3,	-14,	2,	-2,	-2,	0,	-5,	1.65255e+009,	-0.750749,	-0.0973279,	-0.31202,	-0.0559328,	-0.755154,	-0.219989,	-0.0219117,	0.0966155,	-0.720689,	-0.214548,	-0.0217433,	-0.0177224,	-0.629891,	-0.346837,	-0.0204676,	-0.0605989,	-0.714918,	-1.38829,	-0.380741,	-0.335009,	-0.3367,	0.58684,	-0.07056,	12261,	-226,	15,	-521,	12161,	143,	-27,	-157,	12151,	74,	-16,	-369,	
2,	8,	610766,	1.65255e+015,	-2,	-10,	-14,	-6,	0,	-2,	-3,	1,	1.65255e+009,	-0.750749,	-0.0973279,	-0.31202,	-0.0559328,	-0.755154,	-0.219989,	-0.0219117,	0.0966155,	-0.720689,	-0.214548,	-0.0217433,	-0.0177224,	-0.629891,	-0.346837,	-0.0204676,	-0.0605989,	-0.714918,	-1.38829,	-0.380741,	-0.335009,	-0.3367,	0.58684,	-0.07056,	12271,	-226,	16,	-522,	12171,	142,	-28,	-157,	12161,	74,	-16,	-369,	
2,	8,	610844,	1.65255e+015,	1,	-6,	4,	-6,	1,	-1,	-1,	-1,	1.65255e+009,	-0.750749,	-0.0973279,	-0.31202,	-0.0559328,	-0.755154,	-0.219989,	-0.0219117,	0.0966155,	-0.720689,	-0.214548,	-0.0217433,	-0.0177224,	-0.629891,	-0.346837,	-0.0204676,	-0.0605989,	-0.714918,	-1.38829,	-0.380741,	-0.335009,	-0.3367,	0.58684,	-0.07056,	12281,	-225,	17,	-523,	12181,	142,	-27,	-157,	12171,	74,	-16,	-369,	
2,	8,	610907,	1.65255e+015,	0,	2,	33,	0,	1,	1,	-2,	-3,	1.65255e+009,	-0.750749,	-0.0973279,	-0.31202,	-0.0559328,	-0.755154,	-0.219989,	-0.0219117,	0.0966155,	-0.720689,	-0.214548,	-0.0217433,	-0.0177224,	-0.629891,	-0.346837,	-0.0204676,	-0.0605989,	-0.714918,	-1.38829,	-0.380741,	-0.335009,	-0.3367,	0.58684,	-0.07056,	12291,	-224,	18,	-524,	12191,	143,	-28,	-157,	12181,	75,	-15,	-369,	
2,	8,	610969,	1.65255e+015,	-2,	7,	1,	5,	0,	-4,	2,	-8,	1.65255e+009,	-0.750749,	-0.0973279,	-0.31202,	-0.0559328,	-0.755154,	-0.219989,	-0.0219117,	0.0966155,	-0.720689,	-0.214548,	-0.0217433,	-0.0177224,	-0.629891,	-0.346837,	-0.0204676,	-0.0605989,	-0.714918,	-1.38829,	-0.380741,	-0.335009,	-0.3367,	0.58684,	-0.07056,	12301,	-224,	18,	-525,	12201,	143,	-28,	-157,	12191,	74,	-16,	-369,	
2,	8,	611032,	1.65255e+015,	0,	8,	42,	6,	1,	-1,	-4,	-4,	1.65255e+009,	-0.750749,	-0.0973279,	-0.31202,	-0.0559328,	-0.755154,	-0.219989,	-0.0219117,	0.0966155,	-0.720689,	-0.214548,	-0.0217433,	-0.0177224,	-0.629891,	-0.346837,	-0.0204676,	-0.0605989,	-0.714918,	-1.38829,	-0.380741,	-0.335009,	-0.3367,	0.58684,	-0.07056,	12311,	-223,	16,	-526,	12211,	143,	-29,	-157,	12201,	74,	-16,	-369,	
2,	8,	611094,	1.65255e+015,	-1,	0,	-59,	-20,	-2,	-3,	1,	-3,	1.65255e+009,	-0.750749,	-0.0973279,	-0.31202,	-0.0559328,	-0.755154,	-0.219989,	-0.0219117,	0.0966155,	-0.720689,	-0.214548,	-0.0217433,	-0.0177224,	-0.629891,	-0.346837,	-0.0204676,	-0.0605989,	-0.714918,	-1.38829,	-0.380741,	-0.335009,	-0.3367,	0.58684,	-0.07056,	12321,	-223,	16,	-525,	12221,	144,	-30,	-158,	12211,	74,	-15,	-369,	
2,	8,	611172,	1.65255e+015,	-6,	-9,	12,	-6,	-3,	-3,	-1,	-4,	1.65255e+009,	-0.750749,	-0.0973279,	-0.31202,	-0.0559328,	-0.755154,	-0.219989,	-0.0219117,	0.0966155,	-0.720689,	-0.214548,	-0.0217433,	-0.0177224,	-0.629891,	-0.346837,	-0.0204676,	-0.0605989,	-0.714918,	-1.38829,	-0.380741,	-0.335009,	-0.3367,	0.58684,	-0.07056,	12331,	-223,	15,	-525,	12231,	144,	-29,	-157,	12221,	74,	-16,	-369,	
2,	8,	611250,	1.65255e+015,	0,	6,	8,	6,	2,	-1,	-2,	-4,	1.65255e+009,	-0.750749,	-0.0973279,	-0.31202,	-0.0559328,	-0.755154,	-0.219989,	-0.0219117,	0.0966155,	-0.720689,	-0.214548,	-0.0217433,	-0.0177224,	-0.629891,	-0.346837,	-0.0204676,	-0.0605989,	-0.714918,	-1.38829,	-0.380741,	-0.335009,	-0.3367,	0.58684,	-0.07056,	12341,	-223,	17,	-526,	12241,	145,	-30,	-157,	12231,	74,	-15,	-369,	
2,	8,	611329,	1.65255e+015,	3,	3,	-4,	15,	0,	0,	0,	1,	1.65255e+009,	-0.750749,	-0.0973279,	-0.31202,	-0.0559328,	-0.755154,	-0.219989,	-0.0219117,	0.0966155,	-0.720689,	-0.214548,	-0.0217433,	-0.0177224,	-0.629891,	-0.346837,	-0.0204676,	-0.0605989,	-0.714918,	-1.43954,	-0.418407,	-0.358665,	-0.3367,	0.58684,	-0.07056,	12351,	-223,	17,	-526,	12251,	145,	-30,	-157,	12241,	73,	-16,	-369,	
2,	8,	611391,	1.65255e+015,	-1,	4,	4,	4,	0,	0,	-4,	-14,	1.65255e+009,	-0.750749,	-0.0973279,	-0.31202,	-0.0559328,	-0.755154,	-0.219989,	-0.0219117,	0.0966155,	-0.720689,	-0.214548,	-0.0217433,	-0.0177224,	-0.629891,	-0.346837,	-0.0204676,	-0.0605989,	-0.714918,	-1.43954,	-0.418407,	-0.358665,	-0.3367,	0.58684,	-0.07056,	12361,	-223,	17,	-527,	12261,	143,	-30,	-157,	12251,	74,	-16,	-369,	
2,	8,	611469,	1.65255e+015,	-1,	2,	-71,	-22,	-5,	-4,	-2,	-2,	1.65255e+009,	-0.750749,	-0.0973279,	-0.31202,	-0.0559328,	-0.755154,	-0.219989,	-0.0219117,	0.0966155,	-0.720689,	-0.214548,	-0.0217433,	-0.0177224,	-0.629891,	-0.346837,	-0.0204676,	-0.0605989,	-0.714918,	-1.43954,	-0.418407,	-0.358665,	-0.3367,	0.58684,	-0.07056,	12371,	-223,	17,	-528,	12271,	144,	-29,	-157,	12261,	73,	-16,	-369,	
2,	8,	611547,	1.65255e+015,	0,	5,	42,	6,	-1,	0,	-2,	-5,	1.65255e+009,	-0.750749,	-0.0973279,	-0.31202,	-0.0559328,	-0.755154,	-0.219989,	-0.0219117,	0.0966155,	-0.720689,	-0.214548,	-0.0217433,	-0.0177224,	-0.629891,	-0.346837,	-0.0204676,	-0.0605989,	-0.714918,	-1.43954,	-0.418407,	-0.358665,	-0.3367,	0.58684,	-0.07056,	12381,	-222,	16,	-528,	12281,	143,	-30,	-157,	12271,	74,	-16,	-369,	
2,	8,	611610,	1.65255e+015,	-3,	2,	16,	-1,	0,	-1,	-3,	-1,	1.65255e+009,	-0.750749,	-0.0973279,	-0.31202,	-0.0559328,	-0.755154,	-0.219989,	-0.0219117,	0.0966155,	-0.720689,	-0.214548,	-0.0217433,	-0.0177224,	-0.629891,	-0.346837,	-0.0204676,	-0.0605989,	-0.714918,	-1.43954,	-0.418407,	-0.358665,	-0.3367,	0.58684,	-0.07056,	12391,	-221,	17,	-529,	12291,	143,	-30,	-157,	12281,	74,	-15,	-369,	
2,	8,	611688,	1.65255e+015,	-1,	-8,	-8,	0,	-2,	-2,	-2,	-1,	1.65255e+009,	-0.750749,	-0.0973279,	-0.31202,	-0.0559328,	-0.755154,	-0.219989,	-0.0219117,	0.0966155,	-0.720689,	-0.214548,	-0.0217433,	-0.0177224,	-0.629891,	-0.346837,	-0.0204676,	-0.0605989,	-0.714918,	-1.43954,	-0.418407,	-0.358665,	-0.3367,	0.58684,	-0.07056,	12401,	-220,	16,	-530,	12301,	144,	-29,	-157,	12291,	73,	-16,	-369,	
2,	8,	611766,	1.65255e+015,	-3,	-17,	-55,	-5,	-2,	-2,	0,	0,	1.65255e+009,	-0.750749,	-0.0973279,	-0.31202,	-0.0559328,	-0.755154,	-0.219989,	-0.0219117,	0.0966155,	-0.720689,	-0.214548,	-0.0217433,	-0.0177224,	-0.629891,	-0.346837,	-0.0204676,	-0.0605989,	-0.714918,	-0.914208,	-0.112033,	-0.335009,	-0.3913,	0.58684,	-0.07056,	12411,	-220,	17,	-530,	12311,	144,	-29,	-157,	12301,	75,	-15,	-369,	
2,	8,	611829,	1.65255e+015,	-3,	-3,	10,	-7,	-4,	-1,	-1,	-2,	1.65255e+009,	-0.750749,	-0.0973279,	-0.31202,	-0.0559328,	-0.755154,	-0.219989,	-0.0219117,	0.0966155,	-0.720689,	-0.214548,	-0.0217433,	-0.0177224,	-0.629891,	-0.346837,	-0.0204676,	-0.0605989,	-0.714918,	-0.58107,	-0.00926355,	-0.335009,	-0.4459,	0.58684,	-0.07056,	12421,	-222,	17,	-530,	12321,	145,	-29,	-157,	12311,	75,	-15,	-369,	
2,	8,	611891,	1.65255e+015,	-3,	0,	11,	2,	0,	0,	0,	2,	1.65255e+009,	-0.750749,	-0.0973279,	-0.31202,	-0.0559328,	-0.755154,	-0.219989,	-0.0219117,	0.0966155,	-0.720689,	-0.214548,	-0.0217433,	-0.0177224,	-0.629891,	-0.346837,	-0.0204676,	-0.0605989,	-0.714918,	-0.517005,	-0.00235679,	-0.335009,	-0.4459,	0.58684,	-0.07056,	12431,	-220,	18,	-530,	12331,	145,	-30,	-157,	12321,	75,	-15,	-369,	
2,	8,	611969,	1.65255e+015,	3,	10,	13,	10,	0,	-1,	1,	0,	1.65255e+009,	-0.750749,	-0.0973279,	-0.31202,	-0.0559328,	-0.755154,	-0.219989,	-0.0219117,	0.0966155,	-0.720689,	-0.214548,	-0.0217433,	-0.0177224,	-0.629891,	-0.346837,	-0.0204676,	-0.0605989,	-0.714918,	-0.517005,	-0.00235679,	-0.335009,	-0.4823,	0.58684,	-0.07056,	12441,	-220,	18,	-530,	12341,	145,	-31,	-157,	12331,	74,	-16,	-369,	
2,	8,	612032,	1.65255e+015,	2,	6,	-4,	-1,	-1,	-3,	0,	2,	1.65255e+009,	-0.750749,	-0.0973279,	-0.31202,	-0.0559328,	-0.755154,	-0.219989,	-0.0219117,	0.0966155,	-0.720689,	-0.214548,	-0.0217433,	-0.0177224,	-0.629891,	-0.346837,	-0.0204676,	-0.0605989,	-0.714918,	-0.517005,	-0.00235679,	-0.335009,	-0.4823,	0.58684,	-0.07056,	12451,	-221,	16,	-530,	12351,	146,	-30,	-157,	12341,	75,	-15,	-369,	
2,	8,	612110,	1.65255e+015,	-2,	-5,	-11,	-11,	-1,	-1,	-2,	-2,	1.65255e+009,	-0.750749,	-0.0973279,	-0.31202,	-0.0559328,	-0.755154,	-0.219989,	-0.0219117,	0.0966155,	-0.720689,	-0.214548,	-0.0217433,	-0.0177224,	-0.629891,	-0.346837,	-0.0204676,	-0.0605989,	-0.714918,	-0.517005,	-0.00235679,	-0.335009,	-0.4823,	0.58684,	-0.07056,	12461,	-221,	18,	-530,	12361,	146,	-31,	-157,	12351,	75,	-16,	-369,	
2,	8,	612188,	1.65255e+015,	-1,	-2,	8,	5,	-1,	0,	-2,	0,	1.65255e+009,	-0.750749,	-0.0973279,	-0.31202,	-0.0559328,	-0.755154,	-0.219989,	-0.0219117,	0.0966155,	-0.720689,	-0.214548,	-0.0217433,	-0.0177224,	-0.629891,	-0.346837,	-0.0204676,	-0.0605989,	-0.714918,	-0.517005,	-0.00235679,	-0.335009,	-0.4823,	0.58684,	-0.07056,	12471,	-220,	18,	-531,	12371,	146,	-30,	-157,	12361,	75,	-16,	-369,	
2,	8,	612266,	1.65255e+015,	-2,	-2,	3,	0,	4,	2,	0,	-1,	1.65255e+009,	-0.750749,	-0.0973279,	-0.31202,	-0.0559328,	-0.755154,	-0.219989,	-0.0219117,	0.0966155,	-0.720689,	-0.214548,	-0.0217433,	-0.0177224,	-0.629891,	-0.346837,	-0.0204676,	-0.0605989,	-0.714918,	-0.517005,	-0.00235679,	-0.335009,	-0.4823,	0.58684,	-0.07056,	12481,	-220,	17,	-532,	12381,	147,	-30,	-157,	12371,	76,	-15,	-369,	
2,	8,	612344,	1.65255e+015,	0,	7,	-2,	-2,	-4,	-4,	0,	-1,	1.65255e+009,	-0.750749,	-0.0973279,	-0.31202,	-0.0559328,	-0.755154,	-0.219989,	-0.0219117,	0.0966155,	-0.720689,	-0.214548,	-0.0217433,	-0.0177224,	-0.629891,	-0.346837,	-0.0204676,	-0.0605989,	-0.714918,	-0.517005,	-0.00235679,	-0.335009,	-0.4823,	0.58684,	-0.07056,	12491,	-219,	17,	-533,	12391,	147,	-29,	-158,	12381,	75,	-15,	-369,	
2,	8,	612422,	1.65255e+015,	0,	-3,	-5,	-5,	-1,	0,	-1,	-1,	1.65255e+009,	-0.750749,	-0.0973279,	-0.31202,	-0.0559328,	-0.755154,	-0.219989,	-0.0219117,	0.0966155,	-0.720689,	-0.214548,	-0.0217433,	-0.0177224,	-0.629891,	-0.346837,	-0.0204676,	-0.0605989,	-0.714918,	-0.517005,	-0.00235679,	-0.335009,	-0.4823,	0.58684,	-0.07056,	12501,	-219,	17,	-534,	12401,	145,	-30,	-158,	12391,	76,	-17,	-370,	
2,	8,	612500,	1.65255e+015,	-1,	-10,	-12,	-5,	2,	3,	-2,	-2,	1.65255e+009,	-0.750749,	-0.0973279,	-0.31202,	-0.0559328,	-0.755154,	-0.219989,	-0.0219117,	0.0966155,	-0.720689,	-0.214548,	-0.0217433,	-0.0177224,	-0.629891,	-0.346837,	-0.0204676,	-0.0605989,	-0.714918,	-0.517005,	-0.00235679,	-0.335009,	-0.4823,	0.58684,	-0.07056,	12511,	-219,	17,	-534,	12411,	146,	-31,	-157,	12401,	76,	-16,	-370,	
2,	8,	612579,	1.65255e+015,	0,	-7,	-36,	-9,	-4,	-1,	0,	0,	1.65255e+009,	-0.750749,	-0.0973279,	-0.31202,	-0.0559328,	-0.755154,	-0.219989,	-0.0219117,	0.0966155,	-0.720689,	-0.214548,	-0.0217433,	-0.0177224,	-0.629891,	-0.346837,	-0.0204676,	-0.0605989,	-0.714918,	-0.517005,	-0.00235679,	-0.335009,	-0.4823,	0.58684,	-0.07056,	12521,	-219,	16,	-534,	12421,	146,	-29,	-158,	12411,	75,	-16,	-370,	
2,	8,	612657,	1.65255e+015,	-1,	-2,	-13,	0,	2,	0,	0,	2,	1.65255e+009,	-0.750749,	-0.0973279,	-0.31202,	-0.0559328,	-0.755154,	-0.219989,	-0.0219117,	0.0966155,	-0.720689,	-0.214548,	-0.0217433,	-0.0177224,	-0.629891,	-0.346837,	-0.0204676,	-0.0605989,	-0.714918,	-0.517005,	-0.00235679,	-0.335009,	-0.4823,	0.58684,	-0.07056,	12531,	-218,	17,	-534,	12431,	146,	-30,	-158,	12421,	75,	-15,	-369,	
2,	8,	612735,	1.65255e+015,	-2,	-8,	-4,	-12,	-3,	-4,	-5,	-2,	1.65255e+009,	-0.750749,	-0.0973279,	-0.31202,	-0.0559328,	-0.755154,	-0.219989,	-0.0219117,	0.0966155,	-0.720689,	-0.214548,	-0.0217433,	-0.0177224,	-0.629891,	-0.346837,	-0.0204676,	-0.0605989,	-0.714918,	-0.517005,	-0.00235679,	-0.335009,	-0.4823,	0.58684,	-0.07056,	12541,	-218,	18,	-534,	12441,	146,	-30,	-158,	12431,	75,	-16,	-369,	
2,	8,	612813,	1.65255e+015,	2,	13,	26,	15,	1,	-2,	0,	1,	1.65255e+009,	-0.750749,	-0.0973279,	-0.31202,	-0.0559328,	-0.755154,	-0.219989,	-0.0219117,	0.0966155,	-0.720689,	-0.214548,	-0.0217433,	-0.0177224,	-0.629891,	-0.346837,	-0.0204676,	-0.0605989,	-0.714918,	-0.517005,	-0.00235679,	-0.335009,	-0.4823,	0.58684,	-0.07056,	12551,	-218,	18,	-535,	12451,	146,	-30,	-157,	12441,	76,	-16,	-369,	
2,	8,	612891,	1.65255e+015,	-1,	-3,	8,	11,	0,	-2,	0,	0,	1.65255e+009,	-0.750749,	-0.0973279,	-0.31202,	-0.0559328,	-0.755154,	-0.219989,	-0.0219117,	0.0966155,	-0.720689,	-0.214548,	-0.0217433,	-0.0177224,	-0.629891,	-0.346837,	-0.0204676,	-0.0605989,	-0.714918,	-0.517005,	-0.00235679,	-0.335009,	-0.4823,	0.58684,	-0.07056,	12561,	-218,	19,	-535,	12461,	147,	-30,	-157,	12451,	75,	-16,	-369,	
2,	8,	612969,	1.65255e+015,	0,	-5,	-1,	-3,	-2,	0,	-1,	-2,	1.65255e+009,	-0.750749,	-0.0973279,	-0.31202,	-0.0559328,	-0.755154,	-0.219989,	-0.0219117,	0.0966155,	-0.720689,	-0.214548,	-0.0217433,	-0.0177224,	-0.629891,	-0.346837,	-0.0204676,	-0.0605989,	-0.714918,	-0.517005,	-0.00235679,	-0.335009,	-0.4823,	0.58684,	-0.07056,	12571,	-218,	18,	-535,	12471,	147,	-31,	-157,	12461,	76,	-16,	-369,	
2,	8,	613063,	1.65255e+015,	-1,	-2,	-3,	-3,	-2,	0,	0,	-2,	1.65255e+009,	-0.750749,	-0.0973279,	-0.31202,	-0.0559328,	-0.755154,	-0.219989,	-0.0219117,	0.0966155,	-0.720689,	-0.214548,	-0.0217433,	-0.0177224,	-0.629891,	-0.346837,	-0.0204676,	-0.0605989,	-0.714918,	-0.517005,	-0.00235679,	-0.335009,	-0.4823,	0.58684,	-0.07056,	12581,	-217,	19,	-535,	12481,	147,	-31,	-157,	12471,	75,	-15,	-370,	
2,	8,	613141,	1.65255e+015,	0,	-4,	-4,	1,	-1,	-1,	-2,	0,	1.65255e+009,	-0.750749,	-0.0973279,	-0.31202,	-0.0559328,	-0.755154,	-0.219989,	-0.0219117,	0.0966155,	-0.720689,	-0.214548,	-0.0217433,	-0.0177224,	-0.629891,	-0.346837,	-0.0204676,	-0.0605989,	-0.714918,	-0.517005,	-0.00235679,	-0.335009,	-0.4823,	0.58684,	-0.07056,	12591,	-217,	18,	-535,	12491,	148,	-30,	-158,	12481,	75,	-16,	-369,	
2,	8,	613219,	1.65255e+015,	-3,	-7,	-6,	-3,	0,	0,	1,	-1,	1.65255e+009,	-0.750749,	-0.0973279,	-0.31202,	-0.0559328,	-0.755154,	-0.219989,	-0.0219117,	0.0966155,	-0.720689,	-0.214548,	-0.0217433,	-0.0177224,	-0.629891,	-0.346837,	-0.0204676,	-0.0605989,	-0.714918,	-0.517005,	-0.00235679,	-0.335009,	-0.4823,	0.58684,	-0.07056,	12601,	-217,	18,	-535,	12501,	146,	-31,	-158,	12491,	75,	-15,	-370,	
2,	8,	613297,	1.65255e+015,	-2,	-2,	11,	5,	0,	-2,	-2,	-1,	1.65255e+009,	-0.750749,	-0.0973279,	-0.31202,	-0.0559328,	-0.755154,	-0.219989,	-0.0219117,	0.0966155,	-0.720689,	-0.214548,	-0.0217433,	-0.0177224,	-0.629891,	-0.346837,	-0.0204676,	-0.0605989,	-0.714918,	-0.517005,	-0.00235679,	-0.335009,	-0.4823,	0.58684,	-0.07056,	12611,	-217,	17,	-535,	12511,	146,	-30,	-158,	12501,	75,	-15,	-370,	
2,	8,	613375,	1.65255e+015,	-3,	-5,	14,	-2,	-2,	-1,	-1,	-1,	1.65255e+009,	-0.750749,	-0.0973279,	-0.31202,	-0.0559328,	-0.755154,	-0.219989,	-0.0219117,	0.0966155,	-0.720689,	-0.214548,	-0.0217433,	-0.0177224,	-0.629891,	-0.346837,	-0.0204676,	-0.0605989,	-0.714918,	-0.517005,	-0.00235679,	-0.335009,	-0.4823,	0.58684,	-0.07056,	12621,	-216,	18,	-536,	12521,	146,	-30,	-158,	12511,	75,	-16,	-370,	
2,	8,	613454,	1.65255e+015,	3,	9,	0,	0,	2,	0,	-1,	1,	1.65255e+009,	-0.750749,	-0.0973279,	-0.31202,	-0.0559328,	-0.755154,	-0.219989,	-0.0219117,	0.0966155,	-0.720689,	-0.214548,	-0.0217433,	-0.0177224,	-0.629891,	-0.346837,	-0.0204676,	-0.0605989,	-0.714918,	-0.517005,	-0.00235679,	-0.335009,	-0.4823,	0.58684,	-0.07056,	12631,	-217,	18,	-536,	12531,	146,	-30,	-158,	12521,	75,	-16,	-370,	
2,	8,	613532,	1.65255e+015,	0,	5,	5,	1,	1,	2,	1,	0,	1.65255e+009,	-0.750749,	-0.0973279,	-0.31202,	-0.0559328,	-0.755154,	-0.219989,	-0.0219117,	0.0966155,	-0.720689,	-0.214548,	-0.0217433,	-0.0177224,	-0.629891,	-0.346837,	-0.0204676,	-0.0605989,	-0.714918,	-0.517005,	-0.00235679,	-0.335009,	-0.4823,	0.58684,	-0.07056,	12641,	-217,	17,	-537,	12541,	144,	-32,	-158,	12531,	76,	-16,	-370,	
2,	8,	613625,	1.65255e+015,	-3,	-3,	10,	4,	0,	-2,	-2,	-2,	1.65255e+009,	-0.750749,	-0.0973279,	-0.31202,	-0.0559328,	-0.755154,	-0.219989,	-0.0219117,	0.0966155,	-0.720689,	-0.214548,	-0.0217433,	-0.0177224,	-0.629891,	-0.346837,	-0.0204676,	-0.0605989,	-0.714918,	-0.517005,	-0.00235679,	-0.335009,	-0.4823,	0.58684,	-0.07056,	12651,	-218,	18,	-537,	12551,	147,	-31,	-158,	12541,	76,	-15,	-370,	
2,	8,	613719,	1.65255e+015,	-5,	-10,	-40,	-15,	-5,	-3,	-1,	-2,	1.65255e+009,	-0.750749,	-0.0973279,	-0.31202,	-0.0559328,	-0.755154,	-0.219989,	-0.0219117,	0.0966155,	-0.720689,	-0.214548,	-0.0217433,	-0.0177224,	-0.629891,	-0.346837,	-0.0204676,	-0.0605989,	-0.714918,	-0.517005,	-0.00235679,	-0.335009,	-0.4823,	0.58684,	-0.07056,	12661,	-216,	18,	-538,	12561,	148,	-31,	-158,	12551,	76,	-16,	-370,	
2,	8,	613782,	1.65255e+015,	1,	5,	6,	7,	2,	0,	-1,	1,	1.65255e+009,	-0.750749,	-0.0973279,	-0.31202,	-0.0559328,	-0.755154,	-0.219989,	-0.0219117,	0.0966155,	-0.720689,	-0.214548,	-0.0217433,	-0.0177224,	-0.629891,	-0.346837,	-0.0204676,	-0.0605989,	-0.714918,	-0.517005,	-0.00235679,	-0.335009,	-0.4823,	0.58684,	-0.07056,	12671,	-215,	19,	-538,	12571,	147,	-31,	-158,	12561,	77,	-16,	-370,	
2,	8,	613860,	1.65255e+015,	0,	-4,	21,	7,	-1,	0,	1,	-1,	1.65255e+009,	-0.750749,	-0.0973279,	-0.31202,	-0.0559328,	-0.755154,	-0.219989,	-0.0219117,	0.0966155,	-0.720689,	-0.214548,	-0.0217433,	-0.0177224,	-0.629891,	-0.346837,	-0.0204676,	-0.0605989,	-0.714918,	-0.517005,	-0.00235679,	-0.335009,	-0.4823,	0.58684,	-0.07056,	12681,	-215,	17,	-538,	12581,	147,	-31,	-158,	12571,	76,	-16,	-371,	
2,	8,	613938,	1.65255e+015,	-1,	1,	19,	-5,	-2,	-3,	-1,	-2,	1.65255e+009,	-0.750749,	-0.0973279,	-0.31202,	-0.0559328,	-0.755154,	-0.219989,	-0.0219117,	0.0966155,	-0.720689,	-0.214548,	-0.0217433,	-0.0177224,	-0.629891,	-0.346837,	-0.0204676,	-0.0605989,	-0.714918,	-0.517005,	-0.00235679,	-0.335009,	-0.4823,	0.58684,	-0.07056,	12691,	-214,	17,	-539,	12591,	147,	-31,	-158,	12581,	77,	-15,	-370,	
2,	8,	614016,	1.65255e+015,	0,	-4,	-1,	-1,	1,	-1,	0,	-1,	1.65255e+009,	-0.750749,	-0.0973279,	-0.31202,	-0.0559328,	-0.755154,	-0.219989,	-0.0219117,	0.0966155,	-0.720689,	-0.214548,	-0.0217433,	-0.0177224,	-0.629891,	-0.346837,	-0.0204676,	-0.0605989,	-0.714918,	-0.517005,	-0.00235679,	-0.335009,	-0.4823,	0.58684,	-0.07056,	12701,	-214,	18,	-539,	12601,	148,	-31,	-158,	12591,	75,	-16,	-371,	
2,	8,	614094,	1.65255e+015,	-2,	-9,	-8,	-17,	0,	1,	-4,	-3,	1.65255e+009,	-0.750749,	-0.0973279,	-0.31202,	-0.0559328,	-0.755154,	-0.219989,	-0.0219117,	0.0966155,	-0.720689,	-0.214548,	-0.0217433,	-0.0177224,	-0.629891,	-0.346837,	-0.0204676,	-0.0605989,	-0.714918,	-0.517005,	-0.00235679,	-0.335009,	-0.4823,	0.58684,	-0.07056,	12711,	-214,	17,	-541,	12611,	147,	-30,	-158,	12601,	76,	-16,	-371,	
2,	8,	614172,	1.65255e+015,	-2,	-10,	-43,	-12,	-3,	-1,	-2,	0,	1.65255e+009,	-0.750749,	-0.0973279,	-0.31202,	-0.0559328,	-0.755154,	-0.219989,	-0.0219117,	0.0966155,	-0.720689,	-0.214548,	-0.0217433,	-0.0177224,	-0.629891,	-0.346837,	-0.0204676,	-0.0605989,	-0.714918,	-0.517005,	-0.00235679,	-0.335009,	-0.4823,	0.58684,	-0.07056,	12721,	-213,	18,	-541,	12621,	147,	-31,	-158,	12611,	76,	-16,	-371,	
2,	8,	614266,	1.65255e+015,	-1,	2,	-28,	-1,	-3,	-5,	-2,	-1,	1.65255e+009,	-0.750749,	-0.0973279,	-0.31202,	-0.0559328,	-0.755154,	-0.219989,	-0.0219117,	0.0966155,	-0.720689,	-0.214548,	-0.0217433,	-0.0177224,	-0.629891,	-0.346837,	-0.0204676,	-0.0605989,	-0.714918,	-0.517005,	-0.00235679,	-0.335009,	-0.4823,	0.58684,	-0.07056,	12731,	-213,	17,	-541,	12631,	148,	-31,	-159,	12621,	76,	-16,	-371,	
2,	8,	614344,	1.65255e+015,	-3,	-5,	-3,	-13,	-3,	-4,	0,	-2,	1.65255e+009,	-0.750749,	-0.0973279,	-0.31202,	-0.0559328,	-0.755154,	-0.219989,	-0.0219117,	0.0966155,	-0.720689,	-0.214548,	-0.0217433,	-0.0177224,	-0.629891,	-0.346837,	-0.0204676,	-0.0605989,	-0.714918,	-0.517005,	-0.00235679,	-0.335009,	-0.4823,	0.58684,	-0.07056,	12741,	-213,	17,	-542,	12641,	147,	-30,	-158,	12631,	77,	-15,	-371,	
2,	8,	614422,	1.65255e+015,	1,	-2,	-14,	4,	0,	0,	-1,	-1,	1.65255e+009,	-0.750749,	-0.0973279,	-0.31202,	-0.0559328,	-0.755154,	-0.219989,	-0.0219117,	0.0966155,	-0.720689,	-0.214548,	-0.0217433,	-0.0177224,	-0.629891,	-0.346837,	-0.0204676,	-0.0605989,	-0.714918,	-0.517005,	-0.00235679,	-0.335009,	-0.4823,	0.58684,	-0.07056,	12751,	-212,	17,	-542,	12651,	148,	-30,	-159,	12641,	76,	-14,	-371,	
2,	8,	614500,	1.65255e+015,	-2,	-3,	1,	1,	-3,	-1,	0,	-1,	1.65255e+009,	-0.750749,	-0.0973279,	-0.31202,	-0.0559328,	-0.755154,	-0.219989,	-0.0219117,	0.0966155,	-0.720689,	-0.214548,	-0.0217433,	-0.0177224,	-0.629891,	-0.346837,	-0.0204676,	-0.0605989,	-0.714918,	-0.517005,	-0.00235679,	-0.335009,	-0.4823,	0.58684,	-0.07056,	12761,	-214,	16,	-543,	12661,	147,	-30,	-159,	12651,	77,	-15,	-371,	
2,	8,	614579,	1.65255e+015,	-4,	-2,	-2,	2,	-1,	0,	0,	0,	1.65255e+009,	-0.750749,	-0.0973279,	-0.31202,	-0.0559328,	-0.755154,	-0.219989,	-0.0219117,	0.0966155,	-0.720689,	-0.214548,	-0.0217433,	-0.0177224,	-0.629891,	-0.346837,	-0.0204676,	-0.0605989,	-0.714918,	-0.517005,	-0.00235679,	-0.335009,	-0.4823,	0.58684,	-0.07056,	12771,	-213,	16,	-544,	12671,	148,	-30,	-159,	12661,	76,	-14,	-371,	
2,	8,	614657,	1.65255e+015,	0,	-3,	9,	4,	0,	1,	-1,	-1,	1.65255e+009,	-0.750749,	-0.0973279,	-0.31202,	-0.0559328,	-0.755154,	-0.219989,	-0.0219117,	0.0966155,	-0.720689,	-0.214548,	-0.0217433,	-0.0177224,	-0.629891,	-0.346837,	-0.0204676,	-0.0605989,	-0.714918,	-0.517005,	-0.00235679,	-0.335009,	-0.4823,	0.58684,	-0.07056,	12781,	-212,	15,	-544,	12681,	147,	-29,	-160,	12671,	77,	-13,	-372,	
2,	8,	614735,	1.65255e+015,	1,	9,	-22,	-11,	-1,	0,	-1,	-1,	1.65255e+009,	-0.750749,	-0.0973279,	-0.31202,	-0.0559328,	-0.755154,	-0.219989,	-0.0219117,	0.0966155,	-0.720689,	-0.214548,	-0.0217433,	-0.0177224,	-0.629891,	-0.346837,	-0.0204676,	-0.0605989,	-0.714918,	-0.517005,	-0.00235679,	-0.335009,	-0.4823,	0.58684,	-0.07056,	12791,	-212,	15,	-544,	12691,	147,	-31,	-160,	12681,	78,	-13,	-372,	
2,	8,	614813,	1.65255e+015,	2,	8,	32,	7,	0,	0,	-1,	0,	1.65255e+009,	-0.750749,	-0.0973279,	-0.31202,	-0.0559328,	-0.755154,	-0.219989,	-0.0219117,	0.0966155,	-0.720689,	-0.214548,	-0.0217433,	-0.0177224,	-0.629891,	-0.346837,	-0.0204676,	-0.0605989,	-0.714918,	-0.517005,	-0.00235679,	-0.335009,	-0.4823,	0.58684,	-0.07056,	12801,	-213,	15,	-545,	12701,	148,	-30,	-160,	12691,	77,	-13,	-373,	
2,	8,	614891,	1.65255e+015,	-3,	-7,	-7,	-5,	-1,	0,	2,	1,	1.65255e+009,	-0.750749,	-0.0973279,	-0.31202,	-0.0559328,	-0.755154,	-0.219989,	-0.0219117,	0.0966155,	-0.720689,	-0.214548,	-0.0217433,	-0.0177224,	-0.629891,	-0.346837,	-0.0204676,	-0.0605989,	-0.714918,	-0.517005,	-0.00235679,	-0.335009,	-0.4823,	0.58684,	-0.07056,	12811,	-213,	16,	-545,	12711,	148,	-31,	-161,	12701,	79,	-13,	-373,	
