1,	10,	615000,	1.65255e+015,	2,	9,	27,	9,	1,	1,	1,	1,	1.65255e+009,	-0.750749,	-0.0973279,	-0.31202,	-0.0559328,	-0.755154,	-0.219989,	-0.0219117,	0.0966155,	-0.720689,	-0.214548,	-0.0217433,	-0.0177224,	-0.629891,	-0.346837,	-0.0204676,	-0.0605989,	-0.714918,	-0.517005,	-0.00235679,	-0.335009,	-0.4823,	0.58684,	-0.07056,	12821,	-213,	14,	-545,	12721,	149,	-31,	-161,	12711,	79,	-13,	-373,	
1,	10,	615079,	1.65255e+015,	0,	2,	-8,	-5,	0,	0,	0,	-2,	1.65255e+009,	-0.750749,	-0.0973279,	-0.31202,	-0.0559328,	-0.755154,	-0.219989,	-0.0219117,	0.0966155,	-0.720689,	-0.214548,	-0.0217433,	-0.0177224,	-0.629891,	-0.346837,	-0.0204676,	-0.0605989,	-0.714918,	-0.517005,	-0.00235679,	-0.335009,	-0.4823,	0.58684,	-0.07056,	12831,	-212,	15,	-546,	12731,	147,	-31,	-161,	12721,	78,	-13,	-373,	
1,	10,	615157,	1.65255e+015,	-1,	5,	0,	7,	-2,	-2,	-1,	-1,	1.65255e+009,	-0.750749,	-0.0973279,	-0.31202,	-0.0559328,	-0.755154,	-0.219989,	-0.0219117,	0.0966155,	-0.720689,	-0.214548,	-0.0217433,	-0.0177224,	-0.629891,	-0.346837,	-0.0204676,	-0.0605989,	-0.714918,	-0.517005,	-0.00235679,	-0.335009,	-0.4823,	0.58684,	-0.07056,	12841,	-213,	14,	-546,	12741,	148,	-32,	-161,	12731,	79,	-13,	-374,	
1,	10,	615235,	1.65255e+015,	-2,	-6,	-15,	-18,	-4,	-2,	-1,	-2,	1.65255e+009,	-0.750749,	-0.0973279,	-0.31202,	-0.0559328,	-0.755154,	-0.219989,	-0.0219117,	0.0966155,	-0.720689,	-0.214548,	-0.0217433,	-0.0177224,	-0.629891,	-0.346837,	-0.0204676,	-0.0605989,	-0.714918,	-0.517005,	-0.00235679,	-0.335009,	-0.4823,	0.58684,	-0.07056,	12851,	-213,	13,	-545,	12751,	148,	-31,	-162,	12741,	79,	-14,	-374,	
1,	10,	615313,	1.65255e+015,	-6,	-5,	-15,	-3,	-3,	-3,	-1,	-3,	1.65255e+009,	-0.750749,	-0.0973279,	-0.31202,	-0.0559328,	-0.755154,	-0.219989,	-0.0219117,	0.0966155,	-0.720689,	-0.214548,	-0.0217433,	-0.0177224,	-0.629891,	-0.346837,	-0.0204676,	-0.0605989,	-0.714918,	-0.517005,	-0.00235679,	-0.335009,	-0.4823,	0.58684,	-0.07056,	12861,	-213,	13,	-545,	12761,	148,	-32,	-162,	12751,	79,	-13,	-374,	
1,	10,	615391,	1.65255e+015,	-1,	1,	-6,	-2,	3,	2,	1,	-1,	1.65255e+009,	-0.750749,	-0.0973279,	-0.31202,	-0.0559328,	-0.755154,	-0.219989,	-0.0219117,	0.0966155,	-0.720689,	-0.214548,	-0.0217433,	-0.0177224,	-0.629891,	-0.346837,	-0.0204676,	-0.0605989,	-0.714918,	-0.517005,	-0.00235679,	-0.335009,	-0.4823,	0.58684,	-0.07056,	12871,	-214,	13,	-545,	12771,	148,	-33,	-163,	12761,	79,	-13,	-375,	
1,	10,	615469,	1.65255e+015,	-2,	-3,	-6,	-6,	-2,	-1,	0,	-1,	1.65255e+009,	-0.750749,	-0.0973279,	-0.31202,	-0.0559328,	-0.755154,	-0.219989,	-0.0219117,	0.0966155,	-0.720689,	-0.214548,	-0.0217433,	-0.0177224,	-0.629891,	-0.346837,	-0.0204676,	-0.0605989,	-0.714918,	-0.517005,	-0.00235679,	-0.335009,	-0.4823,	0.58684,	-0.07056,	12881,	-214,	14,	-546,	12781,	148,	-33,	-163,	12771,	79,	-12,	-374,	
1,	10,	615547,	1.65255e+015,	-2,	1,	-6,	11,	-2,	-3,	0,	-1,	1.65255e+009,	-0.750749,	-0.0973279,	-0.31202,	-0.0559328,	-0.755154,	-0.219989,	-0.0219117,	0.0966155,	-0.720689,	-0.214548,	-0.0217433,	-0.0177224,	-0.629891,	-0.346837,	-0.0204676,	-0.0605989,	-0.714918,	-0.517005,	-0.00235679,	-0.335009,	-0.4823,	0.58684,	-0.07056,	12891,	-214,	13,	-546,	12791,	148,	-33,	-163,	12781,	79,	-12,	-374,	
1,	10,	615625,	1.65255e+015,	-1,	-1,	1,	8,	-1,	1,	-2,	-1,	1.65255e+009,	-0.750749,	-0.0973279,	-0.31202,	-0.0559328,	-0.755154,	-0.219989,	-0.0219117,	0.0966155,	-0.720689,	-0.214548,	-0.0217433,	-0.0177224,	-0.629891,	-0.346837,	-0.0204676,	-0.0605989,	-0.714918,	-0.517005,	-0.00235679,	-0.335009,	-0.4823,	0.58684,	-0.07056,	12901,	-213,	13,	-546,	12801,	148,	-34,	-163,	12791,	79,	-12,	-374,	
1,	10,	615688,	1.65255e+015,	1,	4,	-2,	8,	0,	0,	-1,	-1,	1.65255e+009,	-0.750749,	-0.0973279,	-0.31202,	-0.0559328,	-0.755154,	-0.219989,	-0.0219117,	0.0966155,	-0.720689,	-0.214548,	-0.0217433,	-0.0177224,	-0.629891,	-0.346837,	-0.0204676,	-0.0605989,	-0.714918,	-0.517005,	-0.00235679,	-0.335009,	-0.4823,	0.58684,	-0.07056,	12911,	-214,	13,	-546,	12811,	149,	-34,	-163,	12801,	80,	-11,	-374,	
1,	10,	615782,	1.65255e+015,	-3,	-8,	-53,	-4,	-4,	-3,	-2,	-3,	1.65255e+009,	-0.750749,	-0.0973279,	-0.31202,	-0.0559328,	-0.755154,	-0.219989,	-0.0219117,	0.0966155,	-0.720689,	-0.214548,	-0.0217433,	-0.0177224,	-0.629891,	-0.346837,	-0.0204676,	-0.0605989,	-0.714918,	-0.517005,	-0.00235679,	-0.335009,	-0.4823,	0.58684,	-0.07056,	12921,	-215,	11,	-546,	12821,	148,	-34,	-163,	12811,	79,	-12,	-374,	
1,	10,	615860,	1.65255e+015,	-1,	4,	-1,	-5,	0,	1,	1,	-1,	1.65255e+009,	-0.750749,	-0.0973279,	-0.31202,	-0.0559328,	-0.755154,	-0.219989,	-0.0219117,	0.0966155,	-0.720689,	-0.214548,	-0.0217433,	-0.0177224,	-0.629891,	-0.346837,	-0.0204676,	-0.0605989,	-0.714918,	-0.517005,	-0.00235679,	-0.335009,	-0.4823,	0.58684,	-0.07056,	12931,	-214,	12,	-546,	12831,	149,	-34,	-163,	12821,	80,	-11,	-374,	
1,	10,	615938,	1.65255e+015,	1,	4,	-5,	-4,	-3,	-2,	0,	0,	1.65255e+009,	-0.750749,	-0.0973279,	-0.31202,	-0.0559328,	-0.755154,	-0.219989,	-0.0219117,	0.0966155,	-0.720689,	-0.214548,	-0.0217433,	-0.0177224,	-0.629891,	-0.346837,	-0.0204676,	-0.0605989,	-0.714918,	-0.517005,	-0.00235679,	-0.335009,	-0.4823,	0.58684,	-0.07056,	12941,	-216,	12,	-546,	12841,	149,	-33,	-163,	12831,	79,	-12,	-374,	
1,	10,	616016,	1.65255e+015,	2,	10,	-11,	7,	0,	2,	1,	0,	1.65255e+009,	-0.750749,	-0.0973279,	-0.31202,	-0.0559328,	-0.755154,	-0.219989,	-0.0219117,	0.0966155,	-0.720689,	-0.214548,	-0.0217433,	-0.0177224,	-0.629891,	-0.346837,	-0.0204676,	-0.0605989,	-0.714918,	-0.517005,	-0.00235679,	-0.335009,	-0.4823,	0.58684,	-0.07056,	12951,	-216,	13,	-546,	12851,	148,	-33,	-163,	12841,	80,	-11,	-375,	
1,	10,	616079,	1.65255e+015,	1,	-3,	-11,	-5,	1,	1,	-2,	-2,	1.65255e+009,	-0.750749,	-0.0973279,	-0.31202,	-0.0559328,	-0.755154,	-0.219989,	-0.0219117,	0.0966155,	-0.720689,	-0.214548,	-0.0217433,	-0.0177224,	-0.629891,	-0.346837,	-0.0204676,	-0.0605989,	-0.714918,	-0.517005,	-0.00235679,	-0.335009,	-0.4823,	0.58684,	-0.07056,	12961,	-216,	13,	-546,	12861,	148,	-31,	-163,	12851,	79,	-10,	-374,	
1,	10,	616172,	1.65255e+015,	0,	4,	-5,	2,	2,	1,	1,	0,	1.65255e+009,	-0.750749,	-0.0973279,	-0.31202,	-0.0559328,	-0.755154,	-0.219989,	-0.0219117,	0.0966155,	-0.720689,	-0.214548,	-0.0217433,	-0.0177224,	-0.629891,	-0.346837,	-0.0204676,	-0.0605989,	-0.714918,	-0.517005,	-0.00235679,	-0.335009,	-0.4823,	0.58684,	-0.07056,	12971,	-216,	13,	-546,	12871,	148,	-31,	-163,	12861,	80,	-10,	-375,	
1,	10,	616250,	1.65255e+015,	-2,	-2,	-9,	-4,	-1,	-1,	-1,	-2,	1.65255e+009,	-0.750749,	-0.0973279,	-0.31202,	-0.0559328,	-0.755154,	-0.219989,	-0.0219117,	0.0966155,	-0.720689,	-0.214548,	-0.0217433,	-0.0177224,	-0.629891,	-0.346837,	-0.0204676,	-0.0605989,	-0.714918,	-0.517005,	-0.00235679,	-0.335009,	-0.4823,	0.58684,	-0.07056,	12981,	-215,	14,	-547,	12881,	149,	-31,	-163,	12871,	80,	-11,	-374,	
1,	10,	616329,	1.65255e+015,	-5,	-17,	-26,	-20,	-3,	-3,	-2,	-2,	1.65255e+009,	-0.750749,	-0.0973279,	-0.31202,	-0.0559328,	-0.755154,	-0.219989,	-0.0219117,	0.0966155,	-0.720689,	-0.214548,	-0.0217433,	-0.0177224,	-0.629891,	-0.346837,	-0.0204676,	-0.0605989,	-0.714918,	-0.517005,	-0.00235679,	-0.335009,	-0.4823,	0.58684,	-0.07056,	12991,	-215,	13,	-547,	12891,	149,	-31,	-163,	12881,	79,	-11,	-375,	
1,	10,	616407,	1.65255e+015,	0,	1,	-2,	10,	2,	1,	-1,	0,	1.65255e+009,	-0.750749,	-0.0973279,	-0.31202,	-0.0559328,	-0.755154,	-0.219989,	-0.0219117,	0.0882758,	-0.720689,	-0.214548,	-0.0217433,	-0.0149721,	-0.629891,	-0.346837,	-0.0204676,	-0.0578486,	-0.714918,	-0.517005,	-0.00235679,	-0.332258,	-0.4823,	0.58684,	-0.07056,	13001,	-216,	12,	-547,	12901,	148,	-32,	-163,	12891,	79,	-10,	-375,	
1,	10,	616485,	1.65255e+015,	1,	3,	-25,	-5,	-1,	-1,	-1,	-1,	1.65255e+009,	-0.750749,	-0.0973279,	-0.31202,	-0.0559328,	-0.755154,	-0.219989,	-0.0219117,	0.0882758,	-0.720689,	-0.214548,	-0.0217433,	-0.0149721,	-0.629891,	-0.346837,	-0.0204676,	-0.0578486,	-0.714918,	-0.517005,	-0.00235679,	-0.332258,	-0.4823,	0.58684,	-0.07056,	13011,	-216,	12,	-547,	12911,	148,	-31,	-163,	12901,	79,	-10,	-375,	
1,	10,	616563,	1.65255e+015,	-2,	0,	27,	-7,	-2,	-2,	0,	-1,	1.65255e+009,	-0.750749,	-0.0973279,	-0.31202,	-0.0559328,	-0.755154,	-0.219989,	-0.0219117,	0.0882758,	-0.720689,	-0.214548,	-0.0217433,	-0.0149721,	-0.629891,	-0.346837,	-0.0204676,	-0.0578486,	-0.714918,	-0.517005,	-0.00235679,	-0.332258,	-0.4823,	0.58684,	-0.07056,	13021,	-217,	12,	-547,	12921,	147,	-33,	-164,	12911,	79,	-10,	-375,	
1,	10,	616641,	1.65255e+015,	3,	2,	-27,	-14,	-2,	2,	0,	0,	1.65255e+009,	-0.750749,	-0.0973279,	-0.31202,	-0.0559328,	-0.755154,	-0.219989,	-0.0219117,	0.0882758,	-0.720689,	-0.214548,	-0.0217433,	-0.0149721,	-0.629891,	-0.346837,	-0.0204676,	-0.0578486,	-0.714918,	-0.517005,	-0.00235679,	-0.332258,	-0.4823,	0.58684,	-0.07056,	13031,	-216,	12,	-547,	12931,	147,	-33,	-164,	12921,	78,	-9,	-375,	
1,	10,	616719,	1.65255e+015,	-3,	-11,	-6,	8,	1,	-1,	-1,	-1,	1.65255e+009,	-0.750749,	-0.0973279,	-0.31202,	-0.0559328,	-0.755154,	-0.219989,	-0.0219117,	0.0882758,	-0.720689,	-0.214548,	-0.0217433,	-0.0149721,	-0.629891,	-0.346837,	-0.0204676,	-0.0578486,	-0.714918,	-0.517005,	-0.00235679,	-0.332258,	-0.4823,	0.58684,	-0.07056,	13041,	-217,	12,	-547,	12941,	148,	-33,	-164,	12931,	78,	-10,	-375,	
1,	10,	616813,	1.65255e+015,	-1,	-2,	-26,	-2,	0,	-2,	0,	0,	1.65255e+009,	-0.750749,	-0.0973279,	-0.31202,	-0.0559328,	-0.755154,	-0.219989,	-0.0219117,	0.0882758,	-0.720689,	-0.214548,	-0.0217433,	-0.0149721,	-0.629891,	-0.346837,	-0.0204676,	-0.0578486,	-0.714918,	-0.517005,	-0.00235679,	-0.332258,	-0.4823,	0.58684,	-0.07056,	13051,	-217,	12,	-546,	12951,	148,	-33,	-164,	12941,	79,	-9,	-375,	
1,	10,	616891,	1.65255e+015,	2,	5,	23,	11,	1,	-3,	-1,	1,	1.65255e+009,	-0.750749,	-0.0973279,	-0.31202,	-0.0559328,	-0.755154,	-0.219989,	-0.0219117,	0.0882758,	-0.720689,	-0.214548,	-0.0217433,	-0.0149721,	-0.629891,	-0.346837,	-0.0204676,	-0.0578486,	-0.714918,	-0.517005,	-0.00235679,	-0.332258,	-0.4823,	0.58684,	-0.07056,	13061,	-218,	12,	-545,	12961,	147,	-31,	-163,	12951,	78,	-10,	-375,	
1,	10,	616969,	1.65255e+015,	-2,	-3,	-11,	4,	-5,	-3,	0,	-2,	1.65255e+009,	-0.750749,	-0.0973279,	-0.31202,	-0.0559328,	-0.755154,	-0.219989,	-0.0219117,	0.0882758,	-0.720689,	-0.214548,	-0.0217433,	-0.0149721,	-0.629891,	-0.346837,	-0.0204676,	-0.0578486,	-0.714918,	-0.517005,	-0.00235679,	-0.332258,	-0.4823,	0.58684,	-0.07056,	13071,	-217,	12,	-545,	12971,	146,	-32,	-163,	12961,	78,	-9,	-375,	
1,	10,	617047,	1.65255e+015,	-2,	-15,	10,	-1,	1,	-1,	-1,	0,	1.65255e+009,	-0.750749,	-0.0973279,	-0.31202,	-0.0559328,	-0.755154,	-0.219989,	-0.0219117,	0.0882758,	-0.720689,	-0.214548,	-0.0217433,	-0.0149721,	-0.629891,	-0.346837,	-0.0204676,	-0.0578486,	-0.714918,	-0.517005,	-0.00235679,	-0.332258,	-0.4823,	0.58684,	-0.07056,	13081,	-218,	13,	-545,	12981,	146,	-31,	-163,	12971,	78,	-9,	-375,	
1,	10,	617110,	1.65255e+015,	-1,	-2,	-13,	-1,	-3,	2,	0,	0,	1.65255e+009,	-0.750749,	-0.0973279,	-0.31202,	-0.0559328,	-0.755154,	-0.219989,	-0.0219117,	0.0882758,	-0.720689,	-0.214548,	-0.0217433,	-0.0149721,	-0.629891,	-0.346837,	-0.0204676,	-0.0578486,	-0.714918,	-0.517005,	-0.00235679,	-0.332258,	-0.4823,	0.58684,	-0.07056,	13091,	-218,	11,	-545,	12991,	146,	-31,	-163,	12981,	79,	-10,	-375,	
1,	10,	617172,	1.65255e+015,	-4,	-9,	-16,	-9,	-2,	-1,	-1,	-2,	1.65255e+009,	-0.750749,	-0.0973279,	-0.31202,	-0.0559328,	-0.755154,	-0.219989,	-0.0219117,	0.0882758,	-0.720689,	-0.214548,	-0.0217433,	-0.0149721,	-0.629891,	-0.346837,	-0.0204676,	-0.0578486,	-0.714918,	-0.517005,	-0.00235679,	-0.332258,	-0.4823,	0.58684,	-0.07056,	13101,	-218,	12,	-545,	13001,	146,	-32,	-163,	12991,	78,	-9,	-375,	
1,	10,	617235,	1.65255e+015,	-1,	3,	5,	0,	1,	-1,	-3,	-1,	1.65255e+009,	-0.750749,	-0.0973279,	-0.31202,	-0.0559328,	-0.755154,	-0.219989,	-0.0219117,	0.0882758,	-0.720689,	-0.214548,	-0.0217433,	-0.0149721,	-0.629891,	-0.346837,	-0.0204676,	-0.0578486,	-0.714918,	-0.517005,	-0.00235679,	-0.332258,	-0.4823,	0.58684,	-0.07056,	13111,	-219,	11,	-544,	13011,	146,	-31,	-163,	13001,	78,	-10,	-375,	
1,	10,	617297,	1.65255e+015,	-4,	-2,	2,	-10,	0,	-1,	-1,	0,	1.65255e+009,	-0.750749,	-0.0973279,	-0.31202,	-0.0559328,	-0.755154,	-0.219989,	-0.0219117,	0.0882758,	-0.720689,	-0.214548,	-0.0217433,	-0.0149721,	-0.629891,	-0.346837,	-0.0204676,	-0.0578486,	-0.714918,	-0.517005,	-0.00235679,	-0.332258,	-0.4823,	0.58684,	-0.07056,	13121,	-219,	13,	-544,	13021,	146,	-32,	-163,	13011,	77,	-9,	-375,	
1,	10,	617375,	1.65255e+015,	-1,	1,	12,	0,	-3,	-3,	0,	-1,	1.65255e+009,	-0.750749,	-0.0973279,	-0.31202,	-0.0559328,	-0.755154,	-0.219989,	-0.0219117,	0.0882758,	-0.720689,	-0.214548,	-0.0217433,	-0.0149721,	-0.629891,	-0.346837,	-0.0204676,	-0.0578486,	-0.714918,	-0.517005,	-0.00235679,	-0.332258,	-0.4823,	0.58684,	-0.07056,	13131,	-220,	13,	-543,	13031,	147,	-31,	-163,	13021,	78,	-9,	-375,	
1,	10,	617438,	1.65255e+015,	-2,	-1,	11,	-2,	-2,	-3,	-3,	-2,	1.65255e+009,	-0.750749,	-0.0973279,	-0.31202,	-0.0559328,	-0.755154,	-0.219989,	-0.0219117,	0.0882758,	-0.720689,	-0.214548,	-0.0217433,	-0.0149721,	-0.629891,	-0.346837,	-0.0204676,	-0.0578486,	-0.714918,	-0.517005,	-0.00235679,	-0.332258,	-0.4823,	0.58684,	-0.07056,	13141,	-219,	13,	-543,	13041,	146,	-32,	-163,	13031,	78,	-9,	-374,	
1,	10,	617500,	1.65255e+015,	3,	-3,	-6,	11,	0,	-1,	1,	1,	1.65255e+009,	-0.750749,	-0.0973279,	-0.31202,	-0.0559328,	-0.755154,	-0.219989,	-0.0219117,	0.0882758,	-0.720689,	-0.214548,	-0.0217433,	-0.0149721,	-0.629891,	-0.346837,	-0.0204676,	-0.0578486,	-0.714918,	-0.517005,	-0.00235679,	-0.332258,	-0.4823,	0.58684,	-0.07056,	13151,	-220,	13,	-544,	13051,	146,	-32,	-163,	13041,	78,	-8,	-374,	
1,	10,	617579,	1.65255e+015,	-4,	-3,	-19,	-10,	-6,	-2,	0,	-1,	1.65255e+009,	-0.750749,	-0.0973279,	-0.31202,	-0.0559328,	-0.755154,	-0.219989,	-0.0219117,	0.0882758,	-0.720689,	-0.214548,	-0.0217433,	-0.0149721,	-0.629891,	-0.346837,	-0.0204676,	-0.0578486,	-0.714918,	-0.517005,	-0.00235679,	-0.332258,	-0.4823,	0.58684,	-0.07056,	13161,	-219,	12,	-544,	13061,	146,	-32,	-163,	13051,	78,	-9,	-374,	
1,	10,	617641,	1.65255e+015,	-4,	-11,	-3,	-8,	-4,	0,	-1,	-1,	1.65255e+009,	-0.750749,	-0.0973279,	-0.31202,	-0.0559328,	-0.755154,	-0.219989,	-0.0219117,	0.0882758,	-0.720689,	-0.214548,	-0.0217433,	-0.0149721,	-0.629891,	-0.346837,	-0.0204676,	-0.0578486,	-0.714918,	-0.517005,	-0.00235679,	-0.332258,	-0.4823,	0.58684,	-0.07056,	13171,	-218,	12,	-543,	13071,	146,	-33,	-162,	13061,	79,	-8,	-373,	
1,	10,	617704,	1.65255e+015,	1,	-1,	-12,	-3,	-2,	-2,	-1,	-1,	1.65255e+009,	-0.750749,	-0.0973279,	-0.31202,	-0.0559328,	-0.755154,	-0.219989,	-0.0219117,	0.0882758,	-0.720689,	-0.214548,	-0.0217433,	-0.0149721,	-0.629891,	-0.346837,	-0.0204676,	-0.0578486,	-0.714918,	-0.517005,	-0.00235679,	-0.332258,	-0.4823,	0.58684,	-0.07056,	13181,	-220,	12,	-543,	13081,	146,	-33,	-161,	13071,	78,	-10,	-373,	
1,	10,	617782,	1.65255e+015,	-2,	-2,	-11,	-5,	0,	-1,	-1,	0,	1.65255e+009,	-0.750749,	-0.0973279,	-0.31202,	-0.0559328,	-0.755154,	-0.219989,	-0.0219117,	0.0882758,	-0.720689,	-0.214548,	-0.0217433,	-0.0149721,	-0.629891,	-0.346837,	-0.0204676,	-0.0578486,	-0.714918,	-0.517005,	-0.00235679,	-0.332258,	-0.4823,	0.58684,	-0.07056,	13191,	-220,	11,	-543,	13091,	146,	-34,	-161,	13081,	78,	-9,	-373,	
1,	10,	617844,	1.65255e+015,	-3,	-7,	8,	1,	-2,	-2,	0,	-3,	1.65255e+009,	-0.750749,	-0.0973279,	-0.31202,	-0.0559328,	-0.755154,	-0.219989,	-0.0219117,	0.0882758,	-0.720689,	-0.214548,	-0.0217433,	-0.0149721,	-0.629891,	-0.346837,	-0.0204676,	-0.0578486,	-0.714918,	-0.517005,	-0.00235679,	-0.332258,	-0.4823,	0.58684,	-0.07056,	13201,	-221,	11,	-542,	13101,	147,	-33,	-161,	13091,	78,	-10,	-373,	
1,	10,	617907,	1.65255e+015,	0,	-5,	-1,	-8,	-2,	-1,	-1,	-1,	1.65255e+009,	-0.750749,	-0.0973279,	-0.31202,	-0.0559328,	-0.755154,	-0.219989,	-0.0219117,	0.0882758,	-0.720689,	-0.214548,	-0.0217433,	-0.0149721,	-0.629891,	-0.346837,	-0.0204676,	-0.0578486,	-0.714918,	-0.517005,	-0.00235679,	-0.332258,	-0.4823,	0.58684,	-0.07056,	13211,	-220,	12,	-542,	13111,	146,	-33,	-161,	13101,	77,	-10,	-372,	
2,	10,	618000,	1.65255e+015,	-3,	-9,	-9,	0,	0,	-3,	-1,	-2,	1.65255e+009,	-0.750749,	-0.0973279,	-0.31202,	-0.0559328,	-0.755154,	-0.219989,	-0.0219117,	0.0882758,	-0.720689,	-0.214548,	-0.0217433,	-0.0149721,	-0.629891,	-0.346837,	-0.0204676,	-0.0578486,	-0.714918,	-0.517005,	-0.00235679,	-0.332258,	-0.4823,	0.58684,	-0.07056,	13221,	-221,	13,	-542,	13121,	147,	-33,	-160,	13111,	77,	-10,	-372,	
2,	10,	618079,	1.65255e+015,	-3,	-6,	-1,	0,	-3,	-1,	-3,	-1,	1.65255e+009,	-0.750749,	-0.0973279,	-0.31202,	-0.0559328,	-0.755154,	-0.219989,	-0.0219117,	0.0882758,	-0.720689,	-0.214548,	-0.0217433,	-0.0149721,	-0.629891,	-0.346837,	-0.0204676,	-0.0578486,	-0.714918,	-0.517005,	-0.00235679,	-0.332258,	-0.4823,	0.58684,	-0.07056,	13231,	-221,	13,	-542,	13131,	147,	-33,	-160,	13121,	77,	-10,	-372,	
2,	10,	618141,	1.65255e+015,	2,	1,	-3,	0,	1,	-2,	-1,	-1,	1.65255e+009,	-0.750749,	-0.0973279,	-0.31202,	-0.0559328,	-0.755154,	-0.219989,	-0.0219117,	0.0882758,	-0.720689,	-0.214548,	-0.0217433,	-0.0149721,	-0.629891,	-0.346837,	-0.0204676,	-0.0578486,	-0.714918,	-0.517005,	-0.00235679,	-0.332258,	-0.4823,	0.58684,	-0.07056,	13241,	-220,	11,	-542,	13141,	146,	-34,	-160,	13131,	76,	-10,	-372,	
2,	10,	618204,	1.65255e+015,	-2,	0,	8,	7,	-4,	-2,	-2,	0,	1.65255e+009,	-0.750749,	-0.0973279,	-0.31202,	-0.0559328,	-0.755154,	-0.219989,	-0.0219117,	0.0882758,	-0.720689,	-0.214548,	-0.0217433,	-0.0149721,	-0.629891,	-0.346837,	-0.0204676,	-0.0578486,	-0.714918,	-0.517005,	-0.00235679,	-0.332258,	-0.4823,	0.58684,	-0.07056,	13251,	-220,	10,	-542,	13151,	147,	-34,	-161,	13141,	76,	-10,	-372,	
2,	10,	618282,	1.65255e+015,	-4,	-7,	-11,	-6,	-3,	-1,	-1,	0,	1.65255e+009,	-0.750749,	-0.0973279,	-0.31202,	-0.0559328,	-0.755154,	-0.219989,	-0.0219117,	0.0882758,	-0.720689,	-0.214548,	-0.0217433,	-0.0149721,	-0.629891,	-0.346837,	-0.0204676,	-0.0578486,	-0.714918,	-0.517005,	-0.00235679,	-0.332258,	-0.4823,	0.58684,	-0.07056,	13261,	-220,	10,	-543,	13161,	146,	-34,	-161,	13151,	77,	-10,	-372,	
2,	10,	618360,	1.65255e+015,	2,	12,	18,	9,	2,	-1,	0,	1,	1.65255e+009,	-0.750749,	-0.0973279,	-0.31202,	-0.0559328,	-0.755154,	-0.219989,	-0.0219117,	0.0882758,	-0.720689,	-0.214548,	-0.0217433,	-0.0149721,	-0.629891,	-0.346837,	-0.0204676,	-0.0578486,	-0.714918,	-0.517005,	-0.00235679,	-0.332258,	-0.4823,	0.58684,	-0.07056,	13271,	-220,	10,	-543,	13171,	147,	-34,	-161,	13161,	77,	-10,	-372,	
2,	10,	618438,	1.65255e+015,	0,	1,	-3,	-4,	-1,	-2,	-1,	0,	1.65255e+009,	-0.750749,	-0.0973279,	-0.31202,	-0.0559328,	-0.755154,	-0.219989,	-0.0219117,	0.0882758,	-0.720689,	-0.214548,	-0.0217433,	-0.0149721,	-0.629891,	-0.346837,	-0.0204676,	-0.0578486,	-0.714918,	-0.517005,	-0.00235679,	-0.332258,	-0.4823,	0.58684,	-0.07056,	13281,	-220,	10,	-544,	13181,	146,	-34,	-161,	13171,	76,	-10,	-372,	
2,	10,	618516,	1.65255e+015,	0,	9,	1,	0,	-1,	0,	0,	0,	1.65255e+009,	-0.750749,	-0.0973279,	-0.31202,	-0.0559328,	-0.755154,	-0.219989,	-0.0219117,	0.0882758,	-0.720689,	-0.214548,	-0.0217433,	-0.0149721,	-0.629891,	-0.346837,	-0.0204676,	-0.0578486,	-0.714918,	-0.517005,	-0.00235679,	-0.332258,	-0.4823,	0.58684,	-0.07056,	13291,	-221,	11,	-544,	13191,	146,	-34,	-160,	13181,	76,	-10,	-372,	
2,	10,	618594,	1.65255e+015,	-5,	-13,	-16,	-4,	-2,	-1,	0,	-2,	1.65255e+009,	-0.750749,	-0.0973279,	-0.31202,	-0.0559328,	-0.755154,	-0.219989,	-0.0219117,	0.0882758,	-0.720689,	-0.214548,	-0.0217433,	-0.0149721,	-0.629891,	-0.346837,	-0.0204676,	-0.0578486,	-0.714918,	-0.517005,	-0.00235679,	-0.332258,	-0.4823,	0.58684,	-0.07056,	13301,	-221,	10,	-545,	13201,	146,	-34,	-160,	13191,	75,	-11,	-372,	
2,	10,	618672,	1.65255e+015,	0,	1,	6,	-9,	-1,	0,	-1,	-1,	1.65255e+009,	-0.750749,	-0.0973279,	-0.31202,	-0.0559328,	-0.755154,	-0.219989,	-0.0219117,	0.0882758,	-0.720689,	-0.214548,	-0.0217433,	-0.0149721,	-0.629891,	-0.346837,	-0.0204676,	-0.0578486,	-0.714918,	-0.517005,	-0.00235679,	-0.332258,	-0.4823,	0.58684,	-0.07056,	13311,	-220,	11,	-545,	13211,	146,	-35,	-161,	13201,	76,	-10,	-372,	
2,	10,	618750,	1.65255e+015,	1,	-3,	-9,	1,	0,	1,	0,	-2,	1.65255e+009,	-0.750749,	-0.0973279,	-0.31202,	-0.0559328,	-0.755154,	-0.219989,	-0.0219117,	0.0882758,	-0.720689,	-0.214548,	-0.0217433,	-0.0149721,	-0.629891,	-0.346837,	-0.0204676,	-0.0578486,	-0.714918,	-0.517005,	-0.00235679,	-0.332258,	-0.4823,	0.58684,	-0.07056,	13321,	-219,	10,	-545,	13221,	146,	-34,	-160,	13211,	75,	-10,	-372,	
2,	10,	618829,	1.65255e+015,	2,	-1,	-19,	-2,	-2,	-1,	-2,	-1,	1.65255e+009,	-0.750749,	-0.0973279,	-0.31202,	-0.0559328,	-0.755154,	-0.219989,	-0.0219117,	0.0882758,	-0.720689,	-0.214548,	-0.0217433,	-0.0149721,	-0.629891,	-0.346837,	-0.0204676,	-0.0578486,	-0.714918,	-0.517005,	-0.00235679,	-0.332258,	-0.4823,	0.58684,	-0.07056,	13331,	-218,	12,	-545,	13231,	146,	-35,	-160,	13221,	76,	-10,	-372,	
2,	10,	618907,	1.65255e+015,	-1,	-1,	-1,	16,	1,	0,	-1,	0,	1.65255e+009,	-0.750749,	-0.0973279,	-0.31202,	-0.0559328,	-0.755154,	-0.219989,	-0.0219117,	0.0882758,	-0.720689,	-0.214548,	-0.0217433,	-0.0149721,	-0.629891,	-0.346837,	-0.0204676,	-0.0578486,	-0.714918,	-0.517005,	-0.00235679,	-0.332258,	-0.4823,	0.58684,	-0.07056,	13341,	-219,	11,	-546,	13241,	146,	-34,	-160,	13231,	75,	-11,	-372,	
2,	10,	618985,	1.65255e+015,	-4,	-2,	-11,	-1,	-2,	0,	-2,	0,	1.65255e+009,	-0.750749,	-0.0973279,	-0.31202,	-0.0559328,	-0.755154,	-0.219989,	-0.0219117,	0.0882758,	-0.720689,	-0.214548,	-0.0217433,	-0.0149721,	-0.629891,	-0.346837,	-0.0204676,	-0.0578486,	-0.714918,	-0.517005,	-0.00235679,	-0.332258,	-0.4823,	0.58684,	-0.07056,	13351,	-219,	11,	-546,	13251,	146,	-35,	-159,	13241,	74,	-12,	-372,	
2,	10,	619079,	1.65255e+015,	1,	6,	16,	3,	0,	0,	0,	1,	1.65255e+009,	-0.750749,	-0.0973279,	-0.31202,	-0.0559328,	-0.755154,	-0.219989,	-0.0219117,	0.0882758,	-0.720689,	-0.214548,	-0.0217433,	-0.0149721,	-0.629891,	-0.346837,	-0.0204676,	-0.0578486,	-0.714918,	-0.517005,	-0.00235679,	-0.332258,	-0.4823,	0.58684,	-0.07056,	13361,	-219,	11,	-546,	13261,	146,	-36,	-159,	13251,	76,	-11,	-371,	
2,	10,	619157,	1.65255e+015,	-4,	-5,	6,	0,	-3,	-1,	1,	-1,	1.65255e+009,	-0.750749,	-0.0973279,	-0.31202,	-0.0559328,	-0.755154,	-0.219989,	-0.0219117,	0.0882758,	-0.720689,	-0.214548,	-0.0217433,	-0.0149721,	-0.629891,	-0.346837,	-0.0204676,	-0.0578486,	-0.714918,	-0.517005,	-0.00235679,	-0.332258,	-0.4823,	0.58684,	-0.07056,	13371,	-219,	11,	-546,	13271,	147,	-35,	-159,	13261,	74,	-12,	-371,	
2,	10,	619235,	1.65255e+015,	-2,	-4,	-1,	-6,	0,	-1,	0,	-1,	1.65255e+009,	-0.750749,	-0.0973279,	-0.31202,	-0.0559328,	-0.755154,	-0.219989,	-0.0219117,	0.0882758,	-0.720689,	-0.214548,	-0.0217433,	-0.0149721,	-0.629891,	-0.346837,	-0.0204676,	-0.0578486,	-0.714918,	-0.517005,	-0.00235679,	-0.332258,	-0.4823,	0.58684,	-0.07056,	13381,	-219,	12,	-546,	13281,	146,	-36,	-158,	13271,	75,	-11,	-371,	
2,	10,	619313,	1.65255e+015,	-3,	-3,	0,	-3,	1,	-1,	-1,	-1,	1.65255e+009,	-0.750749,	-0.0973279,	-0.31202,	-0.0559328,	-0.755154,	-0.219989,	-0.0219117,	0.0882758,	-0.720689,	-0.214548,	-0.0217433,	-0.0149721,	-0.629891,	-0.346837,	-0.0204676,	-0.0578486,	-0.714918,	-0.517005,	-0.00235679,	-0.332258,	-0.4823,	0.58684,	-0.07056,	13391,	-219,	10,	-546,	13291,	146,	-35,	-158,	13281,	73,	-11,	-371,	
2,	10,	619391,	1.65255e+015,	1,	5,	3,	8,	1,	0,	0,	-1,	1.65255e+009,	-0.750749,	-0.0973279,	-0.31202,	-0.0559328,	-0.755154,	-0.219989,	-0.0219117,	0.0882758,	-0.720689,	-0.214548,	-0.0217433,	-0.0149721,	-0.629891,	-0.346837,	-0.0204676,	-0.0578486,	-0.714918,	-0.517005,	-0.00235679,	-0.332258,	-0.4823,	0.58684,	-0.07056,	13401,	-217,	10,	-545,	13301,	145,	-36,	-158,	13291,	74,	-10,	-371,	
2,	10,	619469,	1.65255e+015,	0,	3,	6,	-3,	-3,	0,	0,	0,	1.65255e+009,	-0.750749,	-0.0973279,	-0.31202,	-0.0559328,	-0.755154,	-0.219989,	-0.0219117,	0.0882758,	-0.720689,	-0.214548,	-0.0217433,	-0.0149721,	-0.629891,	-0.346837,	-0.0204676,	-0.0578486,	-0.714918,	-0.517005,	-0.00235679,	-0.332258,	-0.4823,	0.58684,	-0.07056,	13411,	-217,	11,	-545,	13311,	145,	-35,	-158,	13301,	75,	-10,	-371,	
2,	10,	619532,	1.65255e+015,	-3,	-5,	-6,	-12,	-4,	-1,	0,	-2,	1.65255e+009,	-0.750749,	-0.0973279,	-0.31202,	-0.0559328,	-0.755154,	-0.219989,	-0.0219117,	0.0882758,	-0.720689,	-0.214548,	-0.0217433,	-0.0149721,	-0.629891,	-0.346837,	-0.0204676,	-0.0578486,	-0.714918,	-0.517005,	-0.00235679,	-0.332258,	-0.4823,	0.58684,	-0.07056,	13421,	-217,	11,	-544,	13321,	145,	-37,	-158,	13311,	74,	-10,	-371,	
2,	10,	619594,	1.65255e+015,	4,	4,	-2,	5,	2,	0,	-1,	1,	1.65255e+009,	-0.750749,	-0.0973279,	-0.31202,	-0.0559328,	-0.755154,	-0.219989,	-0.0219117,	0.0882758,	-0.720689,	-0.214548,	-0.0217433,	-0.0149721,	-0.629891,	-0.346837,	-0.0204676,	-0.0578486,	-0.714918,	-0.517005,	-0.00235679,	-0.332258,	-0.4823,	0.58684,	-0.07056,	13431,	-217,	10,	-544,	13331,	146,	-37,	-159,	13321,	76,	-10,	-371,	
2,	10,	619672,	1.65255e+015,	-3,	-2,	0,	1,	-1,	-1,	0,	0,	1.65255e+009,	-0.750749,	-0.0973279,	-0.31202,	-0.0559328,	-0.755154,	-0.219989,	-0.0219117,	0.0882758,	-0.720689,	-0.214548,	-0.0217433,	-0.0149721,	-0.629891,	-0.346837,	-0.0204676,	-0.0578486,	-0.714918,	-0.517005,	-0.00235679,	-0.332258,	-0.4823,	0.58684,	-0.07056,	13441,	-218,	11,	-543,	13341,	146,	-36,	-158,	13331,	75,	-11,	-372,	
2,	10,	619735,	1.65255e+015,	-1,	5,	13,	7,	0,	-2,	1,	0,	1.65255e+009,	-0.750749,	-0.0973279,	-0.31202,	-0.0559328,	-0.755154,	-0.219989,	-0.0219117,	0.0882758,	-0.720689,	-0.214548,	-0.0217433,	-0.0149721,	-0.629891,	-0.346837,	-0.0204676,	-0.0578486,	-0.714918,	-0.517005,	-0.00235679,	-0.332258,	-0.4823,	0.58684,	-0.07056,	13451,	-217,	12,	-543,	13351,	145,	-37,	-158,	13341,	76,	-10,	-372,	
2,	10,	619797,	1.65255e+015,	0,	4,	12,	5,	-2,	-1,	1,	0,	1.65255e+009,	-0.750749,	-0.0973279,	-0.31202,	-0.0559328,	-0.755154,	-0.219989,	-0.0219117,	0.0882758,	-0.720689,	-0.214548,	-0.0217433,	-0.0149721,	-0.629891,	-0.346837,	-0.0204676,	-0.0578486,	-0.714918,	-0.517005,	-0.00235679,	-0.332258,	-0.4823,	0.58684,	-0.07056,	13461,	-217,	13,	-544,	13361,	146,	-36,	-158,	13351,	74,	-11,	-371,	
2,	10,	619875,	1.65255e+015,	2,	5,	0,	1,	-1,	-1,	1,	0,	1.65255e+009,	-0.750749,	-0.0973279,	-0.31202,	-0.0559328,	-0.755154,	-0.219989,	-0.0219117,	0.0882758,	-0.720689,	-0.214548,	-0.0217433,	-0.0149721,	-0.629891,	-0.346837,	-0.0204676,	-0.0578486,	-0.714918,	-0.517005,	-0.00235679,	-0.332258,	-0.4823,	0.58684,	-0.07056,	13471,	-215,	12,	-544,	13371,	145,	-37,	-158,	13361,	74,	-11,	-372,	
2,	10,	619954,	1.65255e+015,	1,	4,	16,	2,	-1,	-3,	-1,	-1,	1.65255e+009,	-0.750749,	-0.0973279,	-0.31202,	-0.0559328,	-0.755154,	-0.219989,	-0.0219117,	0.0882758,	-0.720689,	-0.214548,	-0.0217433,	-0.0149721,	-0.629891,	-0.346837,	-0.0204676,	-0.0578486,	-0.714918,	-0.517005,	-0.00235679,	-0.332258,	-0.4823,	0.58684,	-0.07056,	13481,	-214,	12,	-543,	13381,	145,	-37,	-159,	13371,	75,	-11,	-371,	
2,	10,	620032,	1.65255e+015,	-1,	3,	3,	1,	-2,	-1,	-1,	-1,	1.65255e+009,	-0.750749,	-0.0973279,	-0.31202,	-0.0559328,	-0.755154,	-0.219989,	-0.0219117,	0.0882758,	-0.720689,	-0.214548,	-0.0217433,	-0.0149721,	-0.629891,	-0.346837,	-0.0204676,	-0.0578486,	-0.714918,	-0.517005,	-0.00235679,	-0.332258,	-0.4823,	0.58684,	-0.07056,	13491,	-215,	11,	-543,	13391,	145,	-38,	-159,	13381,	75,	-12,	-371,	
2,	10,	620110,	1.65255e+015,	2,	3,	-2,	-4,	0,	0,	-2,	0,	1.65255e+009,	-0.750749,	-0.0973279,	-0.31202,	-0.0559328,	-0.755154,	-0.219989,	-0.0219117,	0.0882758,	-0.720689,	-0.214548,	-0.0217433,	-0.0149721,	-0.629891,	-0.346837,	-0.0204676,	-0.0578486,	-0.714918,	-0.517005,	-0.00235679,	-0.332258,	-0.4823,	0.58684,	-0.07056,	13501,	-215,	12,	-544,	13401,	144,	-38,	-159,	13391,	75,	-12,	-371,	
2,	10,	620188,	1.65255e+015,	0,	1,	3,	0,	-2,	0,	-1,	0,	1.65255e+009,	-0.750749,	-0.0973279,	-0.31202,	-0.0559328,	-0.755154,	-0.219989,	-0.0219117,	0.0882758,	-0.720689,	-0.214548,	-0.0217433,	-0.0149721,	-0.629891,	-0.346837,	-0.0204676,	-0.0578486,	-0.714918,	-0.517005,	-0.00235679,	-0.332258,	-0.4823,	0.58684,	-0.07056,	13511,	-215,	13,	-544,	13411,	146,	-37,	-158,	13401,	76,	-11,	-371,	
2,	10,	620266,	1.65255e+015,	-1,	5,	4,	3,	-3,	-1,	1,	0,	1.65255e+009,	-0.750749,	-0.0973279,	-0.31202,	-0.0559328,	-0.755154,	-0.219989,	-0.0219117,	0.0882758,	-0.720689,	-0.214548,	-0.0217433,	-0.0149721,	-0.629891,	-0.346837,	-0.0204676,	-0.0578486,	-0.714918,	-0.517005,	-0.00235679,	-0.332258,	-0.4823,	0.58684,	-0.07056,	13521,	-213,	12,	-544,	13421,	145,	-38,	-158,	13411,	75,	-11,	-371,	
2,	10,	620344,	1.65255e+015,	-2,	0,	-5,	-4,	-1,	-1,	-2,	0,	1.65255e+009,	-0.750749,	-0.0973279,	-0.31202,	-0.0559328,	-0.755154,	-0.219989,	-0.0219117,	0.0882758,	-0.720689,	-0.214548,	-0.0217433,	-0.0149721,	-0.629891,	-0.346837,	-0.0204676,	-0.0578486,	-0.714918,	-0.517005,	-0.00235679,	-0.332258,	-0.4823,	0.58684,	-0.07056,	13531,	-214,	12,	-543,	13431,	145,	-37,	-158,	13421,	75,	-11,	-370,	
2,	10,	620422,	1.65255e+015,	3,	6,	11,	0,	-1,	0,	1,	0,	1.65255e+009,	-0.750749,	-0.0973279,	-0.31202,	-0.0559328,	-0.755154,	-0.219989,	-0.0219117,	0.0882758,	-0.720689,	-0.214548,	-0.0217433,	-0.0149721,	-0.629891,	-0.346837,	-0.0204676,	-0.0578486,	-0.714918,	-0.517005,	-0.00235679,	-0.332258,	-0.4823,	0.58684,	-0.07056,	13541,	-213,	12,	-544,	13441,	145,	-38,	-158,	13431,	74,	-12,	-370,	
2,	10,	620500,	1.65255e+015,	-4,	-6,	34,	7,	-4,	-2,	-1,	-2,	1.65255e+009,	-0.750749,	-0.0973279,	-0.31202,	-0.0559328,	-0.755154,	-0.219989,	-0.0219117,	0.0882758,	-0.720689,	-0.214548,	-0.0217433,	-0.0149721,	-0.629891,	-0.346837,	-0.0204676,	-0.0578486,	-0.714918,	-0.517005,	-0.00235679,	-0.332258,	-0.4823,	0.58684,	-0.07056,	13551,	-214,	12,	-543,	13451,	147,	-38,	-158,	13441,	75,	-10,	-370,	
2,	10,	620579,	1.65255e+015,	-1,	2,	0,	2,	-1,	-1,	-1,	-2,	1.65255e+009,	-0.750749,	-0.0973279,	-0.31202,	-0.0559328,	-0.755154,	-0.219989,	-0.0219117,	0.0882758,	-0.720689,	-0.214548,	-0.0217433,	-0.0149721,	-0.629891,	-0.346837,	-0.0204676,	-0.0578486,	-0.714918,	-0.517005,	-0.00235679,	-0.332258,	-0.4823,	0.58684,	-0.07056,	13561,	-214,	11,	-543,	13461,	147,	-37,	-157,	13451,	75,	-12,	-369,	
2,	10,	620657,	1.65255e+015,	-1,	-5,	-9,	-1,	-1,	-2,	0,	0,	1.65255e+009,	-0.750749,	-0.0973279,	-0.31202,	-0.0559328,	-0.755154,	-0.219989,	-0.0219117,	0.0882758,	-0.720689,	-0.214548,	-0.0217433,	-0.0149721,	-0.629891,	-0.346837,	-0.0204676,	-0.0578486,	-0.714918,	-0.517005,	-0.00235679,	-0.332258,	-0.4823,	0.58684,	-0.07056,	13571,	-213,	10,	-543,	13471,	147,	-36,	-157,	13461,	76,	-11,	-370,	
2,	10,	620735,	1.65255e+015,	0,	2,	-2,	2,	1,	1,	-1,	0,	1.65255e+009,	-0.750749,	-0.0973279,	-0.31202,	-0.0559328,	-0.755154,	-0.219989,	-0.0219117,	0.0882758,	-0.720689,	-0.214548,	-0.0217433,	-0.0149721,	-0.629891,	-0.346837,	-0.0204676,	-0.0578486,	-0.714918,	-0.517005,	-0.00235679,	-0.332258,	-0.4823,	0.58684,	-0.07056,	13581,	-214,	10,	-543,	13481,	148,	-35,	-157,	13471,	76,	-11,	-370,	
2,	10,	620813,	1.65255e+015,	-2,	-1,	-1,	-2,	0,	-3,	-2,	-1,	1.65255e+009,	-0.750749,	-0.0973279,	-0.31202,	-0.0559328,	-0.755154,	-0.219989,	-0.0219117,	0.0882758,	-0.720689,	-0.214548,	-0.0217433,	-0.0149721,	-0.629891,	-0.346837,	-0.0204676,	-0.0578486,	-0.714918,	-0.517005,	-0.00235679,	-0.332258,	-0.4823,	0.58684,	-0.07056,	13591,	-214,	10,	-543,	13491,	148,	-34,	-157,	13481,	76,	-11,	-370,	
2,	10,	620891,	1.65255e+015,	-2,	-10,	-12,	-3,	-1,	-2,	-2,	-1,	1.65255e+009,	-0.750749,	-0.0973279,	-0.31202,	-0.0559328,	-0.755154,	-0.219989,	-0.0219117,	0.0882758,	-0.720689,	-0.214548,	-0.0217433,	-0.0149721,	-0.629891,	-0.346837,	-0.0204676,	-0.0578486,	-0.714918,	-0.517005,	-0.00235679,	-0.332258,	-0.4823,	0.58684,	-0.07056,	13601,	-215,	10,	-543,	13501,	149,	-33,	-157,	13491,	77,	-11,	-370,	
2,	10,	620969,	1.65255e+015,	1,	4,	8,	3,	1,	-2,	0,	0,	1.65255e+009,	-0.750749,	-0.0973279,	-0.31202,	-0.0559328,	-0.755154,	-0.219989,	-0.0219117,	0.0882758,	-0.720689,	-0.214548,	-0.0217433,	-0.0149721,	-0.629891,	-0.346837,	-0.0204676,	-0.0578486,	-0.714918,	-0.517005,	-0.00235679,	-0.332258,	-0.4823,	0.58684,	-0.07056,	13611,	-214,	10,	-543,	13511,	148,	-34,	-157,	13501,	77,	-12,	-370,	
2,	10,	621047,	1.65255e+015,	-2,	1,	33,	20,	-2,	-4,	-2,	-1,	1.65255e+009,	-0.750749,	-0.0973279,	-0.31202,	-0.0559328,	-0.755154,	-0.219989,	-0.0219117,	0.0882758,	-0.720689,	-0.214548,	-0.0217433,	-0.0149721,	-0.629891,	-0.346837,	-0.0204676,	-0.0578486,	-0.714918,	-0.517005,	-0.00235679,	-0.332258,	-0.4823,	0.58684,	-0.07056,	13621,	-214,	10,	-543,	13521,	149,	-35,	-157,	13511,	77,	-12,	-370,	
2,	10,	621141,	1.65255e+015,	2,	6,	5,	16,	2,	-1,	0,	0,	1.65255e+009,	-0.750749,	-0.0973279,	-0.31202,	-0.0559328,	-0.755154,	-0.219989,	-0.0219117,	0.0882758,	-0.720689,	-0.214548,	-0.0217433,	-0.0149721,	-0.629891,	-0.346837,	-0.0204676,	-0.0578486,	-0.714918,	-0.517005,	-0.00235679,	-0.332258,	-0.4823,	0.58684,	-0.07056,	13631,	-214,	9,	-544,	13531,	150,	-35,	-157,	13521,	77,	-13,	-370,	
2,	10,	621219,	1.65255e+015,	-1,	-3,	-1,	-2,	-2,	0,	0,	0,	1.65255e+009,	-0.750749,	-0.0973279,	-0.31202,	-0.0559328,	-0.755154,	-0.219989,	-0.0219117,	0.0882758,	-0.720689,	-0.214548,	-0.0217433,	-0.0149721,	-0.629891,	-0.346837,	-0.0204676,	-0.0578486,	-0.714918,	-0.517005,	-0.00235679,	-0.332258,	-0.4823,	0.58684,	-0.07056,	13641,	-212,	10,	-543,	13541,	149,	-36,	-158,	13531,	77,	-13,	-371,	
2,	10,	621297,	1.65255e+015,	0,	1,	-11,	-2,	-2,	-1,	0,	-2,	1.65255e+009,	-0.750749,	-0.0973279,	-0.31202,	-0.0559328,	-0.755154,	-0.219989,	-0.0219117,	0.0882758,	-0.720689,	-0.214548,	-0.0217433,	-0.0149721,	-0.629891,	-0.346837,	-0.0204676,	-0.0578486,	-0.714918,	-0.517005,	-0.00235679,	-0.332258,	-0.4823,	0.58684,	-0.07056,	13651,	-213,	9,	-543,	13551,	150,	-37,	-158,	13541,	76,	-13,	-370,	
2,	10,	621360,	1.65255e+015,	-1,	1,	-3,	8,	1,	0,	-1,	0,	1.65255e+009,	-0.750749,	-0.0973279,	-0.31202,	-0.0559328,	-0.755154,	-0.219989,	-0.0219117,	0.0882758,	-0.720689,	-0.214548,	-0.0217433,	-0.0149721,	-0.629891,	-0.346837,	-0.0204676,	-0.0578486,	-0.714918,	-0.517005,	-0.00235679,	-0.332258,	-0.4823,	0.58684,	-0.07056,	13661,	-214,	8,	-543,	13561,	150,	-37,	-158,	13551,	78,	-14,	-370,	
2,	10,	621438,	1.65255e+015,	2,	2,	7,	-2,	-2,	0,	0,	1,	1.65255e+009,	-0.750749,	-0.0973279,	-0.31202,	-0.0559328,	-0.755154,	-0.219989,	-0.0219117,	0.0882758,	-0.720689,	-0.214548,	-0.0217433,	-0.0149721,	-0.629891,	-0.346837,	-0.0204676,	-0.0578486,	-0.714918,	-0.517005,	-0.00235679,	-0.332258,	-0.4823,	0.58684,	-0.07056,	13671,	-214,	9,	-542,	13571,	150,	-37,	-158,	13561,	78,	-12,	-370,	
2,	10,	621500,	1.65255e+015,	2,	6,	0,	-3,	-1,	0,	0,	2,	1.65255e+009,	-0.750749,	-0.0973279,	-0.31202,	-0.0559328,	-0.755154,	-0.219989,	-0.0219117,	0.0882758,	-0.720689,	-0.214548,	-0.0217433,	-0.0149721,	-0.629891,	-0.346837,	-0.0204676,	-0.0578486,	-0.714918,	-0.517005,	-0.00235679,	-0.332258,	-0.4823,	0.58684,	-0.07056,	13681,	-212,	10,	-543,	33191,	137,	-15,	-148,	33181,	67,	-12,	-358,	
2,	10,	621579,	1.65255e+015,	-1,	-3,	3,	6,	-2,	-1,	-1,	-1,	1.65255e+009,	-0.750749,	-0.0973279,	-0.31202,	-0.0559328,	-0.755154,	-0.219989,	-0.0219117,	0.0882758,	-0.720689,	-0.214548,	-0.0217433,	-0.0149721,	-0.629891,	-0.346837,	-0.0204676,	-0.0578486,	-0.714918,	-0.517005,	-0.00235679,	-0.332258,	-0.4823,	0.58684,	-0.07056,	13691,	-213,	11,	-543,	33201,	138,	-14,	-149,	33191,	67,	-11,	-358,	
2,	10,	621657,	1.65255e+015,	-1,	3,	2,	-16,	-5,	0,	0,	-2,	1.65255e+009,	-0.750749,	-0.0973279,	-0.31202,	-0.0559328,	-0.755154,	-0.219989,	-0.0219117,	0.0882758,	-0.720689,	-0.214548,	-0.0217433,	-0.0149721,	-0.629891,	-0.346837,	-0.0204676,	-0.0578486,	-0.714918,	-0.517005,	-0.00235679,	-0.332258,	-0.4823,	0.58684,	-0.07056,	33301,	-251,	-4,	-493,	33211,	139,	-15,	-149,	33201,	67,	-10,	-358,	
2,	10,	621735,	1.65255e+015,	-1,	-3,	-2,	5,	-1,	-2,	-3,	0,	1.65255e+009,	-0.750749,	-0.0973279,	-0.31202,	-0.0559328,	-0.755154,	-0.219989,	-0.0219117,	0.0882758,	-0.720689,	-0.214548,	-0.0217433,	-0.0149721,	-0.629891,	-0.346837,	-0.0204676,	-0.0578486,	-0.714918,	-0.517005,	-0.00235679,	-0.332258,	-0.4823,	0.58684,	-0.07056,	33311,	-252,	-5,	-493,	33221,	139,	-15,	-150,	33211,	67,	-11,	-358,	
2,	10,	621813,	1.65255e+015,	2,	4,	1,	3,	0,	0,	1,	0,	1.65255e+009,	-0.750749,	-0.0973279,	-0.31202,	-0.0559328,	-0.755154,	-0.219989,	-0.0219117,	0.0882758,	-0.720689,	-0.214548,	-0.0217433,	-0.0149721,	-0.629891,	-0.346837,	-0.0204676,	-0.0578486,	-0.714918,	-0.517005,	-0.00235679,	-0.332258,	-0.4823,	0.58684,	-0.07056,	33321,	-253,	-4,	-492,	33231,	137,	-15,	-149,	33221,	68,	-11,	-358,	
2,	10,	621907,	1.65255e+015,	-3,	-14,	-14,	-4,	1,	0,	1,	1,	1.65255e+009,	-0.750749,	-0.0973279,	-0.31202,	-0.0559328,	-0.755154,	-0.219989,	-0.0219117,	0.0882758,	-0.720689,	-0.214548,	-0.0217433,	-0.0149721,	-0.629891,	-0.346837,	-0.0204676,	-0.0578486,	-0.714918,	-0.517005,	-0.00235679,	-0.332258,	-0.4823,	0.58684,	-0.07056,	33331,	-254,	-5,	-491,	33241,	137,	-15,	-148,	33231,	67,	-12,	-357,	
2,	10,	621985,	1.65255e+015,	-1,	2,	4,	5,	0,	-3,	-1,	0,	1.65255e+009,	-0.750749,	-0.0973279,	-0.31202,	-0.0559328,	-0.755154,	-0.219989,	-0.0219117,	0.0882758,	-0.720689,	-0.214548,	-0.0217433,	-0.0149721,	-0.629891,	-0.346837,	-0.0204676,	-0.0578486,	-0.714918,	-0.517005,	-0.00235679,	-0.332258,	-0.4823,	0.58684,	-0.07056,	33341,	-254,	-5,	-490,	33251,	137,	-15,	-147,	33241,	68,	-13,	-357,	
2,	10,	622063,	1.65255e+015,	1,	1,	7,	7,	1,	0,	0,	1,	1.65255e+009,	-0.750749,	-0.0973279,	-0.31202,	-0.0559328,	-0.755154,	-0.219989,	-0.0219117,	0.0882758,	-0.720689,	-0.214548,	-0.0217433,	-0.0149721,	-0.629891,	-0.346837,	-0.0204676,	-0.0578486,	-0.714918,	-0.517005,	-0.00235679,	-0.332258,	-0.4823,	0.58684,	-0.07056,	33351,	-254,	-4,	-490,	33261,	139,	-15,	-147,	33251,	66,	-13,	-357,	
2,	10,	622141,	1.65255e+015,	-2,	-6,	5,	-3,	-4,	-2,	-1,	-2,	1.65255e+009,	-0.750749,	-0.0973279,	-0.31202,	-0.0559328,	-0.755154,	-0.219989,	-0.0219117,	0.0882758,	-0.720689,	-0.214548,	-0.0217433,	-0.0149721,	-0.629891,	-0.346837,	-0.0204676,	-0.0578486,	-0.714918,	-0.517005,	-0.00235679,	-0.332258,	-0.4823,	0.58684,	-0.07056,	33361,	-254,	-4,	-489,	33271,	140,	-16,	-147,	33261,	67,	-13,	-357,	
2,	10,	622219,	1.65255e+015,	-1,	-2,	-7,	5,	1,	0,	0,	0,	1.65255e+009,	-0.750749,	-0.0973279,	-0.31202,	-0.0559328,	-0.755154,	-0.219989,	-0.0219117,	0.0882758,	-0.720689,	-0.214548,	-0.0217433,	-0.0149721,	-0.629891,	-0.346837,	-0.0204676,	-0.0578486,	-0.714918,	-0.517005,	-0.00235679,	-0.332258,	-0.4823,	0.58684,	-0.07056,	33371,	-255,	-4,	-488,	33281,	138,	-16,	-147,	33271,	67,	-14,	-357,	
2,	10,	622297,	1.65255e+015,	-1,	2,	2,	1,	0,	-1,	-1,	-1,	1.65255e+009,	-0.750749,	-0.0973279,	-0.31202,	-0.0559328,	-0.755154,	-0.219989,	-0.0219117,	0.0882758,	-0.720689,	-0.214548,	-0.0217433,	-0.0149721,	-0.629891,	-0.346837,	-0.0204676,	-0.0578486,	-0.714918,	-0.517005,	-0.00235679,	-0.332258,	-0.4823,	0.58684,	-0.07056,	33381,	-255,	-5,	-487,	33291,	137,	-16,	-147,	33281,	66,	-14,	-357,	
2,	10,	622375,	1.65255e+015,	-2,	-2,	8,	5,	0,	-1,	0,	0,	1.65255e+009,	-0.750749,	-0.0973279,	-0.31202,	-0.0559328,	-0.755154,	-0.219989,	-0.0219117,	0.0882758,	-0.720689,	-0.214548,	-0.0217433,	-0.0149721,	-0.629891,	-0.346837,	-0.0204676,	-0.0578486,	-0.714918,	-0.517005,	-0.00235679,	-0.332258,	-0.4823,	0.58684,	-0.07056,	33391,	-254,	-3,	-488,	33301,	137,	-16,	-147,	33291,	66,	-13,	-357,	
2,	10,	622454,	1.65255e+015,	0,	-1,	-8,	-3,	0,	-1,	1,	-2,	1.65255e+009,	-0.750749,	-0.0973279,	-0.31202,	-0.0559328,	-0.755154,	-0.219989,	-0.0219117,	0.0882758,	-0.720689,	-0.214548,	-0.0217433,	-0.0149721,	-0.629891,	-0.346837,	-0.0204676,	-0.0578486,	-0.714918,	-0.517005,	-0.00235679,	-0.332258,	-0.4823,	0.58684,	-0.07056,	33401,	-253,	-4,	-489,	33311,	136,	-17,	-147,	33301,	66,	-13,	-358,	
2,	10,	622532,	1.65255e+015,	-2,	-9,	-17,	-10,	-3,	0,	-2,	-1,	1.65255e+009,	-0.750749,	-0.0973279,	-0.31202,	-0.0559328,	-0.755154,	-0.219989,	-0.0219117,	0.0882758,	-0.720689,	-0.214548,	-0.0217433,	-0.0149721,	-0.629891,	-0.346837,	-0.0204676,	-0.0578486,	-0.714918,	-0.517005,	-0.00235679,	-0.332258,	-0.4823,	0.58684,	-0.07056,	33411,	-251,	-4,	-491,	33321,	135,	-17,	-148,	33311,	67,	-12,	-358,	
2,	10,	622610,	1.65255e+015,	-4,	-14,	-9,	-23,	-6,	-3,	-4,	-2,	1.65255e+009,	-0.750749,	-0.0973279,	-0.31202,	-0.0559328,	-0.755154,	-0.219989,	-0.0219117,	0.0882758,	-0.720689,	-0.214548,	-0.0217433,	-0.0149721,	-0.629891,	-0.346837,	-0.0204676,	-0.0578486,	-0.714918,	-0.517005,	-0.00235679,	-0.332258,	-0.4823,	0.58684,	-0.07056,	33421,	-250,	-4,	-492,	33331,	136,	-18,	-148,	33321,	66,	-11,	-358,	
2,	10,	622704,	1.65255e+015,	-2,	-5,	-19,	-10,	-1,	-1,	1,	-1,	1.65255e+009,	-0.750749,	-0.0973279,	-0.31202,	-0.0559328,	-0.755154,	-0.219989,	-0.0219117,	0.0882758,	-0.720689,	-0.214548,	-0.0217433,	-0.0149721,	-0.629891,	-0.346837,	-0.0204676,	-0.0578486,	-0.714918,	-0.517005,	-0.00235679,	-0.332258,	-0.4823,	0.58684,	-0.07056,	33431,	-249,	-4,	-493,	33341,	136,	-17,	-148,	33331,	66,	-11,	-358,	
2,	10,	622782,	1.65255e+015,	0,	1,	1,	-2,	2,	1,	0,	1,	1.65255e+009,	-0.750749,	-0.0973279,	-0.31202,	-0.0559328,	-0.755154,	-0.219989,	-0.0219117,	0.0882758,	-0.720689,	-0.214548,	-0.0217433,	-0.0149721,	-0.629891,	-0.346837,	-0.0204676,	-0.0578486,	-0.714918,	-0.517005,	-0.00235679,	-0.332258,	-0.4823,	0.58684,	-0.07056,	33441,	-250,	-4,	-494,	33351,	136,	-17,	-148,	33341,	67,	-10,	-357,	
2,	10,	622860,	1.65255e+015,	1,	-3,	-5,	2,	-4,	-2,	0,	-2,	1.65255e+009,	-0.750749,	-0.0973279,	-0.31202,	-0.0559328,	-0.755154,	-0.219989,	-0.0219117,	0.0882758,	-0.720689,	-0.214548,	-0.0217433,	-0.0149721,	-0.629891,	-0.346837,	-0.0204676,	-0.0578486,	-0.714918,	-0.517005,	-0.00235679,	-0.332258,	-0.4823,	0.58684,	-0.07056,	33451,	-249,	-5,	-493,	33361,	137,	-17,	-147,	33351,	66,	-12,	-357,	
2,	10,	622938,	1.65255e+015,	-1,	-2,	-13,	-3,	0,	0,	0,	-2,	1.65255e+009,	-0.750749,	-0.0973279,	-0.31202,	-0.0559328,	-0.755154,	-0.219989,	-0.0219117,	0.0882758,	-0.720689,	-0.214548,	-0.0217433,	-0.0149721,	-0.629891,	-0.346837,	-0.0204676,	-0.0578486,	-0.714918,	-0.517005,	-0.00235679,	-0.332258,	-0.4823,	0.58684,	-0.07056,	33461,	-250,	-3,	-494,	33371,	136,	-17,	-147,	33361,	67,	-11,	-357,	
2,	10,	623016,	1.65255e+015,	1,	2,	5,	5,	1,	0,	1,	1,	1.65255e+009,	-0.750749,	-0.0973279,	-0.31202,	-0.0559328,	-0.755154,	-0.219989,	-0.0219117,	0.0882758,	-0.720689,	-0.214548,	-0.0217433,	-0.0149721,	-0.629891,	-0.346837,	-0.0204676,	-0.0578486,	-0.714918,	-0.517005,	-0.00235679,	-0.332258,	-0.4823,	0.58684,	-0.07056,	33471,	-249,	-3,	-494,	33381,	135,	-17,	-147,	33371,	66,	-11,	-357,	
2,	10,	623094,	1.65255e+015,	1,	5,	5,	0,	3,	1,	0,	1,	1.65255e+009,	-0.750749,	-0.0973279,	-0.31202,	-0.0559328,	-0.755154,	-0.219989,	-0.0219117,	0.0882758,	-0.720689,	-0.214548,	-0.0217433,	-0.0149721,	-0.629891,	-0.346837,	-0.0204676,	-0.0578486,	-0.714918,	-0.517005,	-0.00235679,	-0.332258,	-0.4823,	0.58684,	-0.07056,	33481,	-249,	-3,	-494,	33391,	136,	-17,	-147,	33381,	67,	-11,	-357,	
2,	10,	623172,	1.65255e+015,	1,	1,	4,	-2,	0,	1,	-1,	-1,	1.65255e+009,	-0.750749,	-0.0973279,	-0.31202,	-0.0559328,	-0.755154,	-0.219989,	-0.0219117,	0.0882758,	-0.720689,	-0.214548,	-0.0217433,	-0.0149721,	-0.629891,	-0.346837,	-0.0204676,	-0.0578486,	-0.714918,	-0.517005,	-0.00235679,	-0.332258,	-0.4823,	0.58684,	-0.07056,	33491,	-249,	-2,	-494,	33401,	136,	-16,	-146,	33391,	66,	-11,	-357,	
2,	10,	623250,	1.65255e+015,	-1,	-3,	-2,	1,	-1,	-1,	-2,	0,	1.65255e+009,	-0.750749,	-0.0973279,	-0.31202,	-0.0559328,	-0.755154,	-0.219989,	-0.0219117,	0.0882758,	-0.720689,	-0.214548,	-0.0217433,	-0.0149721,	-0.629891,	-0.346837,	-0.0204676,	-0.0578486,	-0.714918,	-0.517005,	-0.00235679,	-0.332258,	-0.4823,	0.58684,	-0.07056,	33501,	-248,	-1,	-495,	33411,	138,	-15,	-146,	33401,	67,	-11,	-357,	
2,	10,	623329,	1.65255e+015,	-3,	-7,	-18,	-9,	-1,	0,	-1,	-1,	1.65255e+009,	-0.750749,	-0.0973279,	-0.31202,	-0.0559328,	-0.755154,	-0.219989,	-0.0219117,	0.0882758,	-0.720689,	-0.214548,	-0.0217433,	-0.0149721,	-0.629891,	-0.346837,	-0.0204676,	-0.0578486,	-0.714918,	-0.517005,	-0.00235679,	-0.332258,	-0.4823,	0.58684,	-0.07056,	33511,	-248,	-1,	-496,	33421,	136,	-16,	-146,	33411,	67,	-10,	-356,	
