1,	8,	547188,	1.65255e+015,	-5,	-10,	-6,	-4,	0,	0,	-1,	-6,	1.65255e+009,	-0.735718,	-0.269808,	-0.262493,	-0.0657888,	-0.37077,	-0.00611083,	-0.00102689,	0.0751914,	-0.878389,	-0.214548,	-0.0217433,	0.00299549,	-0.890087,	-0.329096,	-0.021289,	-0.081279,	-0.605268,	-0.414501,	-0.0154857,	-0.403001,	-0.4914,	0.62136,	-0.05488,	12327,	-195,	6,	-565,	12227,	159,	-32,	-159,	12207,	78,	-14,	-366,	
1,	8,	547266,	1.65255e+015,	0,	1,	-2,	0,	-1,	-1,	-1,	-1,	1.65255e+009,	-0.735718,	-0.269808,	-0.262493,	-0.0657888,	-0.37077,	-0.00611083,	-0.00102689,	0.0751914,	-0.878389,	-0.214548,	-0.0217433,	0.00299549,	-0.890087,	-0.329096,	-0.021289,	-0.081279,	-0.605268,	-0.414501,	-0.0154857,	-0.403001,	-0.4914,	0.62136,	-0.05488,	12337,	-195,	6,	-564,	12237,	159,	-32,	-158,	12217,	79,	-13,	-366,	
1,	8,	547344,	1.65255e+015,	-1,	-4,	-1,	0,	-4,	1,	-1,	-1,	1.65255e+009,	-0.735718,	-0.269808,	-0.262493,	-0.0657888,	-0.37077,	-0.00611083,	-0.00102689,	0.0751914,	-0.878389,	-0.214548,	-0.0217433,	0.00299549,	-0.890087,	-0.329096,	-0.021289,	-0.081279,	-0.605268,	-0.414501,	-0.0154857,	-0.403001,	-0.4914,	0.62136,	-0.05488,	12347,	-195,	6,	-564,	12247,	159,	-32,	-159,	12227,	78,	-14,	-366,	
1,	8,	547422,	1.65255e+015,	-2,	-3,	-1,	-1,	0,	-1,	-1,	-1,	1.65255e+009,	-0.735718,	-0.269808,	-0.262493,	-0.0657888,	-0.37077,	-0.00611083,	-0.00102689,	0.0751914,	-0.878389,	-0.214548,	-0.0217433,	0.00299549,	-0.890087,	-0.329096,	-0.021289,	-0.081279,	-0.605268,	-0.414501,	-0.0154857,	-0.403001,	-0.4914,	0.62136,	-0.05488,	12357,	-195,	6,	-564,	12257,	159,	-32,	-159,	12237,	78,	-13,	-366,	
1,	8,	547500,	1.65255e+015,	-3,	-1,	-13,	-49,	-7,	-3,	0,	1,	1.65255e+009,	-0.735718,	-0.269808,	-0.262493,	-0.0657888,	-0.37077,	-0.00611083,	-0.00102689,	0.0751914,	-0.878389,	-0.214548,	-0.0217433,	0.00299549,	-0.890087,	-0.329096,	-0.021289,	-0.081279,	-0.605268,	-0.414501,	-0.0154857,	-0.403001,	-0.4914,	0.62136,	-0.05488,	12367,	-195,	7,	-564,	12267,	158,	-32,	-159,	12247,	78,	-13,	-366,	
1,	8,	547579,	1.65255e+015,	-5,	-5,	-11,	16,	-4,	-3,	-2,	-3,	1.65255e+009,	-0.810869,	-0.269808,	-0.262493,	-0.0657888,	-0.482882,	-0.00611083,	-0.00102689,	0.086867,	-0.878389,	-0.214548,	-0.0217433,	-0.000854957,	-0.890087,	-0.329096,	-0.021289,	-0.0851295,	-0.605268,	-0.414501,	-0.0154857,	-0.406851,	-0.455,	0.62136,	-0.05488,	12377,	-195,	5,	-565,	12277,	158,	-32,	-159,	12257,	78,	-14,	-366,	
1,	8,	547657,	1.65255e+015,	4,	8,	17,	-4,	-3,	-2,	-1,	3,	1.65255e+009,	-0.810869,	-0.269808,	-0.262493,	-0.0657888,	-0.835234,	-0.174158,	-0.0199009,	0.110218,	-0.988779,	-0.214548,	-0.0217433,	-0.00855585,	-0.890087,	-0.329096,	-0.021289,	-0.0928304,	-0.692988,	-0.414501,	-0.0154857,	-0.414552,	-0.364,	0.62136,	-0.05488,	12387,	-194,	7,	-564,	12287,	158,	-31,	-159,	12267,	77,	-13,	-365,	
1,	8,	547735,	1.65255e+015,	3,	6,	6,	17,	1,	1,	0,	0,	1.65255e+009,	-0.886019,	-0.269808,	-0.262493,	-0.0411488,	-1.01141,	-0.326928,	-0.0213756,	0.110218,	-1.0834,	-0.29438,	-0.0223135,	-0.00855585,	-0.976819,	-0.40006,	-0.0167949,	-0.0928304,	-0.692988,	-0.414501,	-0.0154857,	-0.414552,	-0.364,	0.62136,	-0.05488,	12397,	-195,	6,	-564,	12297,	158,	-31,	-159,	12277,	76,	-13,	-366,	
1,	8,	547829,	1.65255e+015,	1,	3,	5,	12,	1,	-5,	-1,	0,	1.65255e+009,	-0.886019,	-0.269808,	-0.262493,	-0.0411488,	-1.09149,	-0.326928,	-0.0213756,	0.110218,	-1.14648,	-0.29438,	-0.0223135,	-0.00855585,	-0.976819,	-0.40006,	-0.0167949,	-0.0928304,	-0.692988,	-0.414501,	-0.0154857,	-0.414552,	-0.364,	0.62136,	-0.05488,	12407,	-194,	6,	-564,	12307,	157,	-32,	-159,	12287,	77,	-14,	-366,	
1,	8,	547907,	1.65255e+015,	-4,	-5,	-12,	-64,	-8,	-1,	-1,	0,	1.65255e+009,	-0.886019,	-0.269808,	-0.262493,	-0.0411488,	-1.09149,	-0.326928,	-0.0213756,	0.110218,	-1.14648,	-0.29438,	-0.0223135,	-0.00855585,	-0.976819,	-0.40006,	-0.0167949,	-0.0928304,	-0.692988,	-0.478566,	-0.00806815,	-0.414552,	-0.364,	0.62136,	-0.05488,	12417,	-195,	6,	-564,	12317,	158,	-32,	-159,	12297,	77,	-13,	-365,	
1,	8,	547985,	1.65255e+015,	-2,	-2,	0,	-3,	-1,	1,	-2,	-1,	1.65255e+009,	-0.886019,	-0.269808,	-0.262493,	-0.0411488,	-1.09149,	-0.326928,	-0.0213756,	0.110218,	-1.14648,	-0.29438,	-0.0223135,	-0.00855585,	-0.976819,	-0.40006,	-0.0167949,	-0.0928304,	-0.692988,	-0.478566,	-0.00806815,	-0.414552,	-0.364,	0.62136,	-0.05488,	12427,	-195,	6,	-564,	12327,	159,	-31,	-158,	12307,	78,	-13,	-365,	
1,	8,	548063,	1.65255e+015,	0,	-1,	2,	4,	1,	1,	0,	-2,	1.65255e+009,	-0.886019,	-0.269808,	-0.262493,	-0.0411488,	-1.09149,	-0.326928,	-0.0213756,	0.110218,	-1.14648,	-0.29438,	-0.0223135,	-0.00855585,	-0.976819,	-0.40006,	-0.0167949,	-0.0928304,	-0.692988,	-0.478566,	-0.00806815,	-0.414552,	-0.364,	0.62136,	-0.05488,	12437,	-194,	7,	-564,	12337,	159,	-32,	-158,	12317,	77,	-13,	-365,	
1,	8,	548141,	1.65255e+015,	-3,	-1,	4,	-1,	-3,	-3,	-2,	-2,	1.65255e+009,	-0.886019,	-0.269808,	-0.262493,	-0.0411488,	-1.09149,	-0.326928,	-0.0213756,	0.110218,	-1.14648,	-0.29438,	-0.0223135,	-0.00855585,	-0.976819,	-0.40006,	-0.0167949,	-0.0928304,	-0.692988,	-0.478566,	-0.00806815,	-0.414552,	-0.364,	0.62136,	-0.05488,	12447,	-195,	6,	-563,	12347,	159,	-32,	-158,	12327,	77,	-13,	-365,	
1,	8,	548219,	1.65255e+015,	-3,	1,	0,	-1,	-2,	-1,	-1,	-2,	1.65255e+009,	-0.886019,	-0.269808,	-0.262493,	-0.0411488,	-1.02743,	-0.326928,	-0.0213756,	0.110218,	-1.14648,	-0.29438,	-0.0223135,	-0.00855585,	-0.976819,	-0.40006,	-0.0167949,	-0.0928304,	-0.692988,	-0.478566,	-0.00806815,	-0.414552,	-0.364,	0.62136,	-0.05488,	12457,	-194,	6,	-563,	12357,	158,	-32,	-158,	12337,	77,	-13,	-366,	
1,	8,	548297,	1.65255e+015,	-3,	-13,	-12,	-4,	4,	1,	0,	-1,	1.65255e+009,	-0.886019,	-0.269808,	-0.262493,	-0.0411488,	-1.02743,	-0.326928,	-0.0213756,	0.118558,	-1.0834,	-0.29438,	-0.0223135,	-0.0113062,	-0.976819,	-0.40006,	-0.0167949,	-0.0955807,	-0.692988,	-0.478566,	-0.00806815,	-0.417302,	-0.364,	0.62136,	-0.05488,	12467,	-194,	6,	-563,	12367,	159,	-32,	-158,	12347,	77,	-13,	-366,	
1,	8,	548375,	1.65255e+015,	-1,	1,	3,	4,	-2,	-2,	1,	-1,	1.65255e+009,	-0.886019,	-0.269808,	-0.262493,	-0.0411488,	-1.02743,	-0.326928,	-0.0213756,	0.118558,	-1.0834,	-0.29438,	-0.0223135,	-0.0113062,	-0.976819,	-0.40006,	-0.0167949,	-0.0955807,	-0.692988,	-0.478566,	-0.00806815,	-0.417302,	-0.364,	0.62136,	-0.05488,	12477,	-193,	6,	-563,	12377,	159,	-32,	-158,	12357,	78,	-13,	-366,	
1,	8,	548438,	1.65255e+015,	1,	5,	3,	35,	1,	0,	0,	0,	1.65255e+009,	-0.886019,	-0.269808,	-0.262493,	-0.0411488,	-1.02743,	-0.326928,	-0.0213756,	0.118558,	-1.0834,	-0.29438,	-0.0223135,	-0.0113062,	-0.976819,	-0.40006,	-0.0167949,	-0.0955807,	-0.692988,	-0.478566,	-0.00806815,	-0.417302,	-0.364,	0.62136,	-0.05488,	12487,	-196,	6,	-563,	12387,	159,	-32,	-158,	12367,	78,	-14,	-365,	
1,	8,	548516,	1.65255e+015,	1,	0,	-1,	4,	-3,	-2,	-1,	-3,	1.65255e+009,	-0.886019,	-0.269808,	-0.262493,	-0.0411488,	-1.02743,	-0.326928,	-0.0213756,	0.118558,	-1.0834,	-0.29438,	-0.0223135,	-0.0113062,	-0.976819,	-0.40006,	-0.0167949,	-0.0955807,	-0.692988,	-0.478566,	-0.00806815,	-0.417302,	-0.364,	0.62136,	-0.05488,	12497,	-195,	5,	-563,	12397,	158,	-33,	-158,	12377,	78,	-13,	-366,	
1,	8,	548594,	1.65255e+015,	1,	2,	1,	-2,	-4,	0,	-2,	-1,	1.65255e+009,	-0.886019,	-0.269808,	-0.262493,	-0.0411488,	-1.02743,	-0.326928,	-0.0213756,	0.118558,	-1.0834,	-0.29438,	-0.0223135,	-0.0113062,	-0.976819,	-0.40006,	-0.0167949,	-0.0955807,	-0.692988,	-0.478566,	-0.00806815,	-0.417302,	-0.364,	0.62136,	-0.05488,	12507,	-194,	6,	-563,	12407,	159,	-33,	-158,	12387,	77,	-13,	-366,	
1,	8,	548657,	1.65255e+015,	-3,	-8,	0,	0,	-3,	-3,	-1,	-2,	1.65255e+009,	-0.886019,	-0.269808,	-0.262493,	-0.0411488,	-1.02743,	-0.326928,	-0.0213756,	0.118558,	-1.0834,	-0.29438,	-0.0223135,	-0.0113062,	-0.976819,	-0.40006,	-0.0167949,	-0.0955807,	-0.692988,	-0.478566,	-0.00806815,	-0.417302,	-0.364,	0.62136,	-0.05488,	12517,	-195,	5,	-563,	12417,	159,	-32,	-158,	12397,	78,	-13,	-365,	
1,	8,	548735,	1.65255e+015,	-2,	-7,	2,	13,	1,	0,	-1,	-1,	1.65255e+009,	-0.886019,	-0.269808,	-0.262493,	-0.0411488,	-1.02743,	-0.326928,	-0.0213756,	0.118558,	-1.0834,	-0.29438,	-0.0223135,	-0.0113062,	-0.976819,	-0.40006,	-0.0167949,	-0.0955807,	-0.692988,	-0.478566,	-0.00806815,	-0.417302,	-0.364,	0.62136,	-0.05488,	12527,	-193,	6,	-563,	12427,	159,	-33,	-158,	12407,	77,	-13,	-365,	
1,	8,	548797,	1.65255e+015,	-1,	-1,	-1,	6,	-2,	3,	-1,	0,	1.65255e+009,	-0.886019,	-0.269808,	-0.262493,	-0.0411488,	-1.02743,	-0.326928,	-0.0213756,	0.118558,	-1.0834,	-0.29438,	-0.0223135,	-0.0113062,	-0.976819,	-0.40006,	-0.0167949,	-0.0955807,	-0.692988,	-0.478566,	-0.00806815,	-0.417302,	-0.364,	0.62136,	-0.05488,	12537,	-195,	5,	-563,	12437,	159,	-32,	-157,	12417,	78,	-13,	-365,	
1,	8,	548875,	1.65255e+015,	0,	7,	0,	5,	-5,	-2,	-1,	1,	1.65255e+009,	-0.886019,	-0.269808,	-0.262493,	-0.0411488,	-1.02743,	-0.326928,	-0.0213756,	0.118558,	-1.0834,	-0.29438,	-0.0223135,	-0.0113062,	-0.976819,	-0.40006,	-0.0167949,	-0.0955807,	-0.692988,	-0.478566,	-0.00806815,	-0.417302,	-0.364,	0.62136,	-0.05488,	12547,	-195,	5,	-563,	12447,	158,	-31,	-157,	12427,	78,	-13,	-365,	
1,	8,	548938,	1.65255e+015,	2,	2,	2,	13,	0,	0,	-2,	-1,	1.65255e+009,	-0.886019,	-0.269808,	-0.262493,	-0.0411488,	-1.02743,	-0.326928,	-0.0213756,	0.118558,	-1.0834,	-0.29438,	-0.0223135,	-0.0113062,	-0.976819,	-0.40006,	-0.0167949,	-0.0955807,	-0.692988,	-0.478566,	-0.00806815,	-0.417302,	-0.364,	0.62136,	-0.05488,	12557,	-195,	6,	-562,	12457,	158,	-32,	-157,	12437,	77,	-14,	-365,	
1,	8,	549016,	1.65255e+015,	-1,	5,	1,	4,	3,	0,	0,	0,	1.65255e+009,	-0.886019,	-0.269808,	-0.262493,	-0.0411488,	-1.02743,	-0.326928,	-0.0213756,	0.118558,	-1.0834,	-0.29438,	-0.0223135,	-0.0113062,	-0.976819,	-0.40006,	-0.0167949,	-0.0955807,	-0.692988,	-0.478566,	-0.00806815,	-0.417302,	-0.364,	0.62136,	-0.05488,	12567,	-196,	6,	-562,	12467,	159,	-32,	-157,	12447,	77,	-14,	-365,	
1,	8,	549110,	1.65255e+015,	0,	3,	5,	7,	-1,	-1,	0,	0,	1.65255e+009,	-0.886019,	-0.269808,	-0.262493,	-0.0411488,	-1.02743,	-0.326928,	-0.0213756,	0.118558,	-1.0834,	-0.29438,	-0.0223135,	-0.0113062,	-0.976819,	-0.40006,	-0.0167949,	-0.0955807,	-0.692988,	-0.478566,	-0.00806815,	-0.417302,	-0.364,	0.62136,	-0.05488,	12577,	-196,	6,	-561,	12477,	159,	-32,	-156,	12457,	77,	-14,	-365,	
1,	8,	549188,	1.65255e+015,	0,	-2,	2,	10,	0,	-2,	-2,	-1,	1.65255e+009,	-0.886019,	-0.269808,	-0.262493,	-0.0411488,	-1.02743,	-0.326928,	-0.0213756,	0.118558,	-1.0834,	-0.29438,	-0.0223135,	-0.0113062,	-0.976819,	-0.40006,	-0.0167949,	-0.0955807,	-0.692988,	-0.478566,	-0.00806815,	-0.417302,	-0.364,	0.62136,	-0.05488,	12587,	-196,	6,	-562,	12487,	160,	-32,	-156,	12467,	77,	-15,	-365,	
1,	8,	549250,	1.65255e+015,	0,	4,	-12,	-48,	-4,	-1,	0,	0,	1.65255e+009,	-0.886019,	-0.269808,	-0.262493,	-0.0411488,	-1.02743,	-0.326928,	-0.0213756,	0.118558,	-1.0834,	-0.29438,	-0.0223135,	-0.0113062,	-0.976819,	-0.40006,	-0.0167949,	-0.0955807,	-0.692988,	-0.478566,	-0.00806815,	-0.417302,	-0.364,	0.62136,	-0.05488,	12597,	-195,	5,	-562,	12497,	159,	-33,	-157,	12477,	77,	-13,	-365,	
1,	8,	549329,	1.65255e+015,	-1,	-2,	-5,	-2,	-1,	-2,	-1,	-2,	1.65255e+009,	-0.886019,	-0.269808,	-0.262493,	-0.0411488,	-1.02743,	-0.326928,	-0.0213756,	0.118558,	-1.0834,	-0.29438,	-0.0223135,	-0.0113062,	-0.976819,	-0.40006,	-0.0167949,	-0.0955807,	-0.692988,	-0.478566,	-0.00806815,	-0.417302,	-0.364,	0.62136,	-0.05488,	12607,	-195,	5,	-562,	12507,	159,	-33,	-157,	12487,	76,	-14,	-365,	
1,	8,	549422,	1.65255e+015,	-3,	-2,	-1,	4,	-1,	-2,	-1,	-1,	1.65255e+009,	-0.886019,	-0.269808,	-0.262493,	-0.0411488,	-1.02743,	-0.326928,	-0.0213756,	0.118558,	-1.0834,	-0.29438,	-0.0223135,	-0.0113062,	-0.976819,	-0.40006,	-0.0167949,	-0.0955807,	-0.692988,	-0.478566,	-0.00806815,	-0.417302,	-0.364,	0.62136,	-0.05488,	12617,	-196,	5,	-561,	12517,	159,	-33,	-156,	12497,	77,	-14,	-365,	
1,	8,	549500,	1.65255e+015,	-3,	2,	0,	-8,	-2,	-1,	0,	0,	1.65255e+009,	-0.886019,	-0.269808,	-0.262493,	-0.0411488,	-1.02743,	-0.326928,	-0.0213756,	0.118558,	-1.0834,	-0.29438,	-0.0223135,	-0.0113062,	-0.976819,	-0.40006,	-0.0167949,	-0.0955807,	-0.692988,	-0.478566,	-0.00806815,	-0.417302,	-0.364,	0.62136,	-0.05488,	12627,	-196,	6,	-561,	12527,	159,	-33,	-157,	12507,	76,	-13,	-365,	
1,	8,	549579,	1.65255e+015,	-1,	-9,	1,	10,	1,	2,	0,	-1,	1.65255e+009,	-0.886019,	-0.269808,	-0.262493,	-0.0411488,	-1.02743,	-0.326928,	-0.0213756,	0.118558,	-1.0834,	-0.29438,	-0.0223135,	-0.0113062,	-0.976819,	-0.40006,	-0.0167949,	-0.0955807,	-0.692988,	-0.478566,	-0.00806815,	-0.417302,	-0.364,	0.62136,	-0.05488,	12637,	-196,	6,	-562,	12537,	160,	-33,	-157,	12517,	76,	-13,	-364,	
1,	8,	549657,	1.65255e+015,	-1,	1,	1,	-2,	-3,	-1,	1,	2,	1.65255e+009,	-0.886019,	-0.269808,	-0.262493,	-0.0411488,	-1.02743,	-0.326928,	-0.0213756,	0.118558,	-1.0834,	-0.29438,	-0.0223135,	-0.0113062,	-0.976819,	-0.40006,	-0.0167949,	-0.0955807,	-0.692988,	-0.478566,	-0.00806815,	-0.417302,	-0.364,	0.62136,	-0.05488,	12647,	-195,	5,	-562,	12547,	158,	-32,	-157,	12527,	76,	-13,	-364,	
1,	8,	549735,	1.65255e+015,	2,	3,	-11,	-37,	-6,	-3,	-1,	-1,	1.65255e+009,	-0.886019,	-0.269808,	-0.262493,	-0.0411488,	-1.02743,	-0.326928,	-0.0213756,	0.118558,	-1.0834,	-0.29438,	-0.0223135,	-0.0113062,	-0.976819,	-0.40006,	-0.0167949,	-0.0955807,	-0.692988,	-0.478566,	-0.00806815,	-0.417302,	-0.364,	0.62136,	-0.05488,	12657,	-196,	5,	-562,	12557,	159,	-32,	-156,	12537,	75,	-13,	-365,	
1,	8,	549813,	1.65255e+015,	1,	-1,	-3,	26,	-3,	1,	-1,	4,	1.65255e+009,	-0.886019,	-0.269808,	-0.262493,	-0.0411488,	-1.02743,	-0.326928,	-0.0213756,	0.118558,	-1.0834,	-0.29438,	-0.0223135,	-0.0113062,	-0.976819,	-0.40006,	-0.0167949,	-0.0955807,	-0.692988,	-0.478566,	-0.00806815,	-0.417302,	-0.364,	0.62136,	-0.05488,	12667,	-196,	4,	-561,	12567,	158,	-31,	-156,	12547,	77,	-11,	-364,	
1,	8,	549891,	1.65255e+015,	-1,	-3,	0,	-7,	-2,	-2,	-1,	-2,	1.65255e+009,	-0.886019,	-0.269808,	-0.262493,	-0.0411488,	-1.02743,	-0.326928,	-0.0213756,	0.118558,	-1.0834,	-0.29438,	-0.0223135,	-0.0113062,	-0.976819,	-0.40006,	-0.0167949,	-0.0955807,	-0.692988,	-0.478566,	-0.00806815,	-0.417302,	-0.364,	0.62136,	-0.05488,	12677,	-196,	4,	-561,	12577,	159,	-31,	-156,	12557,	76,	-13,	-364,	
1,	8,	549954,	1.65255e+015,	-2,	-1,	-5,	-2,	-2,	-2,	-3,	-1,	1.65255e+009,	-0.886019,	-0.269808,	-0.262493,	-0.0411488,	-1.02743,	-0.326928,	-0.0213756,	0.118558,	-1.0834,	-0.29438,	-0.0223135,	-0.0113062,	-0.976819,	-0.40006,	-0.0167949,	-0.0955807,	-0.692988,	-0.478566,	-0.00806815,	-0.417302,	-0.364,	0.62136,	-0.05488,	12687,	-196,	5,	-561,	12587,	160,	-31,	-156,	12567,	77,	-13,	-364,	
1,	8,	550016,	1.65255e+015,	-4,	-7,	-19,	-41,	-2,	-1,	-1,	0,	1.65255e+009,	-0.886019,	-0.269808,	-0.262493,	-0.0411488,	-1.02743,	-0.326928,	-0.0213756,	0.118558,	-1.0834,	-0.29438,	-0.0223135,	-0.0113062,	-0.976819,	-0.40006,	-0.0167949,	-0.0955807,	-0.692988,	-0.478566,	-0.00806815,	-0.417302,	-0.364,	0.62136,	-0.05488,	12697,	-197,	6,	-560,	12597,	160,	-32,	-156,	12577,	77,	-14,	-364,	
1,	8,	550079,	1.65255e+015,	-1,	-3,	-2,	4,	1,	1,	1,	3,	1.65255e+009,	-0.886019,	-0.269808,	-0.262493,	-0.0411488,	-1.02743,	-0.326928,	-0.0213756,	0.118558,	-1.0834,	-0.29438,	-0.0223135,	-0.0113062,	-0.976819,	-0.40006,	-0.0167949,	-0.0955807,	-0.692988,	-0.478566,	-0.00806815,	-0.417302,	-0.364,	0.62136,	-0.05488,	12707,	-197,	6,	-560,	12607,	159,	-32,	-155,	12587,	77,	-15,	-365,	
1,	8,	550157,	1.65255e+015,	-2,	-2,	3,	31,	2,	0,	-1,	0,	1.65255e+009,	-0.886019,	-0.269808,	-0.262493,	-0.0411488,	-1.02743,	-0.326928,	-0.0213756,	0.118558,	-1.0834,	-0.29438,	-0.0223135,	-0.0113062,	-0.976819,	-0.40006,	-0.0167949,	-0.0955807,	-0.692988,	-0.478566,	-0.00806815,	-0.417302,	-0.364,	0.62136,	-0.05488,	12717,	-197,	5,	-559,	12617,	159,	-32,	-155,	12597,	77,	-14,	-365,	
2,	8,	550250,	1.65255e+015,	2,	4,	-1,	-4,	-3,	-1,	-2,	1,	1.65255e+009,	-0.886019,	-0.269808,	-0.262493,	-0.0411488,	-1.02743,	-0.326928,	-0.0213756,	0.118558,	-1.0834,	-0.29438,	-0.0223135,	-0.0113062,	-0.976819,	-0.40006,	-0.0167949,	-0.0955807,	-0.692988,	-0.478566,	-0.00806815,	-0.417302,	-0.364,	0.62136,	-0.05488,	12727,	-197,	4,	-559,	12627,	159,	-31,	-156,	12607,	76,	-14,	-365,	
2,	8,	550313,	1.65255e+015,	0,	1,	2,	5,	1,	1,	1,	4,	1.65255e+009,	-0.886019,	-0.269808,	-0.262493,	-0.0411488,	-1.02743,	-0.326928,	-0.0213756,	0.118558,	-1.0834,	-0.29438,	-0.0223135,	-0.0113062,	-0.976819,	-0.40006,	-0.0167949,	-0.0955807,	-0.692988,	-0.478566,	-0.00806815,	-0.417302,	-0.364,	0.62136,	-0.05488,	12737,	-197,	5,	-559,	12637,	159,	-31,	-156,	12617,	75,	-13,	-364,	
2,	8,	550375,	1.65255e+015,	0,	1,	5,	0,	0,	-1,	0,	0,	1.65255e+009,	-0.886019,	-0.269808,	-0.262493,	-0.0411488,	-1.02743,	-0.326928,	-0.0213756,	0.118558,	-1.0834,	-0.29438,	-0.0223135,	-0.0113062,	-0.976819,	-0.40006,	-0.0167949,	-0.0955807,	-0.692988,	-0.478566,	-0.00806815,	-0.417302,	-0.364,	0.62136,	-0.05488,	12747,	-196,	6,	-560,	12647,	159,	-32,	-156,	12627,	76,	-15,	-364,	
2,	8,	550454,	1.65255e+015,	2,	2,	1,	-1,	0,	0,	0,	-1,	1.65255e+009,	-0.886019,	-0.269808,	-0.262493,	-0.0411488,	-1.02743,	-0.326928,	-0.0213756,	0.118558,	-1.0834,	-0.29438,	-0.0223135,	-0.0113062,	-0.976819,	-0.40006,	-0.0167949,	-0.0955807,	-0.692988,	-0.478566,	-0.00806815,	-0.417302,	-0.364,	0.62136,	-0.05488,	12757,	-197,	5,	-560,	12657,	158,	-31,	-155,	12637,	77,	-15,	-364,	
2,	8,	550516,	1.65255e+015,	1,	5,	0,	7,	1,	-1,	0,	-1,	1.65255e+009,	-0.886019,	-0.269808,	-0.262493,	-0.0411488,	-1.02743,	-0.326928,	-0.0213756,	0.118558,	-1.0834,	-0.29438,	-0.0223135,	-0.0113062,	-0.976819,	-0.40006,	-0.0167949,	-0.0955807,	-0.692988,	-0.478566,	-0.00806815,	-0.417302,	-0.364,	0.62136,	-0.05488,	12767,	-197,	6,	-559,	12667,	159,	-32,	-156,	12647,	76,	-14,	-364,	
2,	8,	550594,	1.65255e+015,	-1,	-5,	-3,	-7,	-3,	-3,	0,	1,	1.65255e+009,	-0.886019,	-0.269808,	-0.262493,	-0.0411488,	-1.02743,	-0.326928,	-0.0213756,	0.118558,	-1.0834,	-0.29438,	-0.0223135,	-0.0113062,	-0.976819,	-0.40006,	-0.0167949,	-0.0955807,	-0.692988,	-0.478566,	-0.00806815,	-0.417302,	-0.364,	0.62136,	-0.05488,	12777,	-201,	5,	-554,	12677,	159,	-30,	-155,	12657,	77,	-15,	-364,	
2,	8,	550672,	1.65255e+015,	-3,	-8,	-19,	-18,	-3,	-1,	-2,	2,	1.65255e+009,	-0.886019,	-0.269808,	-0.262493,	-0.0411488,	-1.02743,	-0.326928,	-0.0213756,	0.118558,	-1.0834,	-0.29438,	-0.0223135,	-0.0113062,	-0.976819,	-0.40006,	-0.0167949,	-0.0955807,	-0.692988,	-0.478566,	-0.00806815,	-0.417302,	-0.364,	0.62136,	-0.05488,	12787,	-206,	4,	-544,	12687,	159,	-31,	-156,	12667,	76,	-14,	-364,	
2,	8,	550735,	1.65255e+015,	-3,	-8,	6,	-5,	0,	0,	-4,	-7,	1.65255e+009,	-0.886019,	-0.269808,	-0.262493,	-0.0411488,	-1.02743,	-0.326928,	-0.0213756,	0.118558,	-1.0834,	-0.29438,	-0.0223135,	-0.0113062,	-0.976819,	-0.40006,	-0.0167949,	-0.0955807,	-0.692988,	-0.478566,	-0.00806815,	-0.417302,	-0.364,	0.62136,	-0.05488,	12797,	-214,	2,	-531,	12697,	159,	-31,	-155,	12677,	76,	-14,	-364,	
2,	8,	550813,	1.65255e+015,	-4,	-10,	-7,	-9,	-5,	-3,	-1,	-1,	1.65255e+009,	-0.886019,	-0.269808,	-0.262493,	-0.0411488,	-1.02743,	-0.326928,	-0.0213756,	0.118558,	-1.0834,	-0.29438,	-0.0223135,	-0.0113062,	-0.976819,	-0.40006,	-0.0167949,	-0.0955807,	-0.692988,	-0.478566,	-0.00806815,	-0.417302,	-0.364,	0.62136,	-0.05488,	12807,	-220,	1,	-520,	12707,	159,	-31,	-155,	12687,	77,	-13,	-363,	
2,	8,	550875,	1.65255e+015,	-1,	-2,	4,	-22,	-1,	-1,	0,	-3,	1.65255e+009,	-0.886019,	-0.269808,	-0.262493,	-0.0411488,	-1.02743,	-0.326928,	-0.0213756,	0.118558,	-1.0834,	-0.29438,	-0.0223135,	-0.0113062,	-0.976819,	-0.40006,	-0.0167949,	-0.0955807,	-0.692988,	-0.478566,	-0.00806815,	-0.417302,	-0.364,	0.62136,	-0.05488,	12817,	-226,	1,	-513,	12717,	160,	-32,	-155,	12697,	77,	-15,	-363,	
2,	8,	550954,	1.65255e+015,	-2,	-2,	0,	-1,	1,	0,	-2,	-2,	1.65255e+009,	-0.886019,	-0.269808,	-0.262493,	-0.0411488,	-1.02743,	-0.326928,	-0.0213756,	0.118558,	-1.0834,	-0.29438,	-0.0223135,	-0.0113062,	-0.976819,	-0.40006,	-0.0167949,	-0.0955807,	-0.692988,	-0.478566,	-0.00806815,	-0.417302,	-0.364,	0.62136,	-0.05488,	12827,	-232,	1,	-507,	12727,	159,	-31,	-154,	12707,	77,	-14,	-363,	
2,	8,	551032,	1.65255e+015,	1,	1,	-3,	3,	-3,	2,	0,	2,	1.65255e+009,	-0.886019,	-0.269808,	-0.262493,	-0.0411488,	-1.02743,	-0.326928,	-0.0213756,	0.118558,	-1.0834,	-0.29438,	-0.0223135,	-0.0113062,	-0.976819,	-0.40006,	-0.0167949,	-0.0955807,	-0.692988,	-0.478566,	-0.00806815,	-0.417302,	-0.364,	0.62136,	-0.05488,	12837,	-235,	1,	-503,	12737,	159,	-32,	-154,	12717,	77,	-14,	-363,	
2,	8,	551110,	1.65255e+015,	0,	-3,	-9,	-34,	-3,	0,	0,	-1,	1.65255e+009,	-0.886019,	-0.269808,	-0.262493,	-0.0411488,	-1.02743,	-0.326928,	-0.0213756,	0.118558,	-1.0834,	-0.29438,	-0.0223135,	-0.0113062,	-0.976819,	-0.40006,	-0.0167949,	-0.0955807,	-0.692988,	-0.478566,	-0.00806815,	-0.417302,	-0.364,	0.62136,	-0.05488,	12847,	-237,	1,	-500,	12747,	160,	-31,	-154,	12727,	77,	-15,	-363,	
2,	8,	551188,	1.65255e+015,	1,	-3,	-15,	-1,	-3,	0,	-3,	0,	1.65255e+009,	-0.886019,	-0.269808,	-0.262493,	-0.0411488,	-1.02743,	-0.326928,	-0.0213756,	0.118558,	-1.0834,	-0.29438,	-0.0223135,	-0.0113062,	-0.976819,	-0.40006,	-0.0167949,	-0.0955807,	-0.692988,	-0.478566,	-0.00806815,	-0.417302,	-0.364,	0.62136,	-0.05488,	12857,	-240,	2,	-495,	12757,	160,	-31,	-153,	12737,	78,	-14,	-363,	
2,	8,	551250,	1.65255e+015,	-4,	-12,	-3,	-19,	-4,	-1,	-1,	-2,	1.65255e+009,	-0.886019,	-0.269808,	-0.262493,	-0.0411488,	-1.02743,	-0.326928,	-0.0213756,	0.118558,	-1.0834,	-0.29438,	-0.0223135,	-0.0113062,	-0.976819,	-0.40006,	-0.0167949,	-0.0955807,	-0.692988,	-0.478566,	-0.00806815,	-0.417302,	-0.364,	0.62136,	-0.05488,	12867,	-246,	1,	-487,	12767,	159,	-30,	-154,	12747,	77,	-16,	-363,	
2,	8,	551329,	1.65255e+015,	1,	-1,	-13,	9,	3,	-1,	0,	0,	1.65255e+009,	-0.886019,	-0.269808,	-0.262493,	-0.0411488,	-1.02743,	-0.326928,	-0.0213756,	0.118558,	-1.0834,	-0.29438,	-0.0223135,	-0.0113062,	-0.976819,	-0.40006,	-0.0167949,	-0.0955807,	-0.692988,	-0.478566,	-0.00806815,	-0.417302,	-0.364,	0.62136,	-0.05488,	12877,	-253,	-1,	-477,	12777,	158,	-31,	-154,	12757,	77,	-15,	-363,	
2,	8,	551407,	1.65255e+015,	0,	1,	-9,	4,	-2,	0,	0,	0,	1.65255e+009,	-0.886019,	-0.269808,	-0.262493,	-0.0411488,	-1.02743,	-0.326928,	-0.0213756,	0.118558,	-1.0834,	-0.29438,	-0.0223135,	-0.0113062,	-0.976819,	-0.40006,	-0.0167949,	-0.0955807,	-0.692988,	-0.478566,	-0.00806815,	-0.417302,	-0.364,	0.62136,	-0.05488,	12887,	-262,	-1,	-464,	12787,	159,	-31,	-154,	12767,	76,	-16,	-363,	
2,	8,	551485,	1.65255e+015,	-2,	1,	4,	4,	-1,	-2,	0,	0,	1.65255e+009,	-0.886019,	-0.269808,	-0.262493,	-0.0411488,	-1.02743,	-0.326928,	-0.0213756,	0.118558,	-1.0834,	-0.29438,	-0.0223135,	-0.0113062,	-0.976819,	-0.40006,	-0.0167949,	-0.0955807,	-0.692988,	-0.478566,	-0.00806815,	-0.417302,	-0.364,	0.62136,	-0.05488,	12897,	-274,	-2,	-449,	12797,	159,	-31,	-154,	12777,	76,	-16,	-363,	
2,	8,	551563,	1.65255e+015,	-2,	-3,	1,	-3,	-3,	-2,	-2,	-2,	1.65255e+009,	-0.886019,	-0.269808,	-0.262493,	-0.0411488,	-1.02743,	-0.326928,	-0.0213756,	0.118558,	-1.0834,	-0.29438,	-0.0223135,	-0.0113062,	-0.976819,	-0.40006,	-0.0167949,	-0.0955807,	-0.692988,	-0.478566,	-0.00806815,	-0.417302,	-0.364,	0.62136,	-0.05488,	12907,	-282,	-2,	-433,	12807,	159,	-31,	-153,	12787,	76,	-16,	-363,	
2,	8,	551641,	1.65255e+015,	0,	0,	6,	-3,	-1,	0,	-1,	-1,	1.65255e+009,	-0.886019,	-0.269808,	-0.262493,	-0.0411488,	-0.963362,	-0.326928,	-0.0213756,	0.118558,	-1.0834,	-0.29438,	-0.0223135,	-0.0113062,	-0.976819,	-0.40006,	-0.0167949,	-0.0955807,	-0.692988,	-0.478566,	-0.00806815,	-0.417302,	-0.364,	0.62136,	-0.05488,	12917,	-292,	-4,	-416,	12817,	158,	-29,	-150,	12797,	75,	-17,	-362,	
2,	8,	551719,	1.65255e+015,	0,	2,	-8,	-27,	-6,	-3,	-1,	-1,	1.65255e+009,	-0.886019,	-0.269808,	-0.262493,	-0.0411488,	-0.963362,	-0.326928,	-0.0213756,	0.118558,	-1.0834,	-0.29438,	-0.0223135,	-0.0113062,	-0.976819,	-0.40006,	-0.0167949,	-0.0955807,	-0.692988,	-0.478566,	-0.00806815,	-0.417302,	-0.364,	0.62136,	-0.05488,	12927,	-295,	-6,	-401,	12827,	156,	-27,	-145,	12807,	73,	-19,	-359,	
2,	8,	551797,	1.65255e+015,	-1,	0,	18,	-4,	-3,	-1,	0,	-3,	1.65255e+009,	-0.886019,	-0.269808,	-0.262493,	-0.0411488,	-0.963362,	-0.326928,	-0.0213756,	0.118558,	-1.02032,	-0.29438,	-0.0223135,	-0.0113062,	-0.976819,	-0.40006,	-0.0167949,	-0.0955807,	-0.692988,	-0.478566,	-0.00806815,	-0.417302,	-0.364,	0.62136,	-0.05488,	12937,	-298,	-9,	-391,	12837,	152,	-23,	-141,	12817,	69,	-22,	-356,	
2,	8,	551875,	1.65255e+015,	1,	-5,	6,	3,	4,	1,	-1,	0,	1.65255e+009,	-0.886019,	-0.269808,	-0.262493,	-0.0411488,	-0.963362,	-0.326928,	-0.0213756,	0.118558,	-1.02032,	-0.29438,	-0.0223135,	-0.0113062,	-0.976819,	-0.40006,	-0.0167949,	-0.0955807,	-0.692988,	-0.478566,	-0.00806815,	-0.417302,	-0.364,	0.62136,	-0.05488,	12947,	-302,	-12,	-383,	12847,	150,	-20,	-138,	12827,	67,	-23,	-353,	
2,	8,	551954,	1.65255e+015,	1,	3,	1,	-3,	-1,	-4,	-3,	-2,	1.65255e+009,	-0.886019,	-0.269808,	-0.262493,	-0.0411488,	-0.963362,	-0.326928,	-0.0213756,	0.118558,	-1.02032,	-0.29438,	-0.0223135,	-0.0113062,	-0.976819,	-0.40006,	-0.0167949,	-0.0955807,	-0.692988,	-0.478566,	-0.00806815,	-0.417302,	-0.364,	0.62136,	-0.05488,	12957,	-308,	-12,	-375,	12857,	147,	-17,	-136,	12837,	64,	-24,	-352,	
2,	8,	552032,	1.65255e+015,	-1,	-3,	-11,	-10,	-2,	0,	-2,	-2,	1.65255e+009,	-0.886019,	-0.269808,	-0.262493,	-0.0411488,	-0.963362,	-0.326928,	-0.0213756,	0.118558,	-1.02032,	-0.29438,	-0.0223135,	-0.0113062,	-0.976819,	-0.40006,	-0.0167949,	-0.0955807,	-0.692988,	-0.478566,	-0.00806815,	-0.417302,	-0.364,	0.62136,	-0.05488,	12967,	-314,	-14,	-366,	12867,	145,	-14,	-134,	12847,	64,	-26,	-352,	
2,	8,	552110,	1.65255e+015,	2,	-4,	-9,	0,	3,	4,	1,	1,	1.65255e+009,	-0.886019,	-0.269808,	-0.262493,	-0.0411488,	-0.963362,	-0.326928,	-0.0213756,	0.118558,	-1.02032,	-0.29438,	-0.0223135,	-0.0113062,	-0.976819,	-0.40006,	-0.0167949,	-0.0955807,	-0.692988,	-0.478566,	-0.00806815,	-0.417302,	-0.364,	0.62136,	-0.05488,	12977,	-321,	-13,	-353,	12877,	145,	-15,	-134,	12857,	64,	-26,	-352,	
2,	8,	552172,	1.65255e+015,	-1,	-2,	7,	5,	-1,	0,	0,	0,	1.65255e+009,	-0.886019,	-0.269808,	-0.262493,	-0.0411488,	-0.963362,	-0.326928,	-0.0213756,	0.118558,	-1.02032,	-0.29438,	-0.0223135,	-0.0113062,	-0.976819,	-0.40006,	-0.0167949,	-0.0955807,	-0.692988,	-0.478566,	-0.00806815,	-0.417302,	-0.364,	0.62136,	-0.05488,	12987,	-329,	-14,	-335,	12887,	144,	-16,	-133,	12867,	64,	-27,	-352,	
2,	8,	552250,	1.65255e+015,	-1,	-6,	-3,	-12,	3,	0,	0,	-1,	1.65255e+009,	-0.886019,	-0.269808,	-0.262493,	-0.0411488,	-0.963362,	-0.326928,	-0.0213756,	0.118558,	-1.02032,	-0.29438,	-0.0223135,	-0.0113062,	-0.976819,	-0.40006,	-0.0167949,	-0.0955807,	-0.692988,	-0.478566,	-0.00806815,	-0.417302,	-0.364,	0.62136,	-0.05488,	12997,	-334,	-14,	-320,	12897,	143,	-18,	-132,	12877,	62,	-28,	-351,	
2,	8,	552329,	1.65255e+015,	0,	-1,	0,	11,	-1,	-4,	0,	-1,	1.65255e+009,	-0.886019,	-0.269808,	-0.262493,	-0.0411488,	-0.963362,	-0.326928,	-0.0213756,	0.118558,	-1.02032,	-0.29438,	-0.0223135,	-0.0113062,	-0.976819,	-0.40006,	-0.0167949,	-0.0955807,	-0.692988,	-0.478566,	-0.00806815,	-0.417302,	-0.364,	0.62136,	-0.05488,	13007,	-340,	-14,	-307,	12907,	141,	-18,	-130,	12887,	61,	-30,	-348,	
2,	8,	552407,	1.65255e+015,	-2,	2,	11,	-2,	-4,	-4,	-2,	-3,	1.65255e+009,	-0.886019,	-0.269808,	-0.262493,	-0.0411488,	-0.93133,	-0.326928,	-0.0213756,	0.118558,	-1.02032,	-0.29438,	-0.0223135,	-0.0113062,	-0.976819,	-0.40006,	-0.0167949,	-0.0955807,	-0.692988,	-0.478566,	-0.00806815,	-0.417302,	-0.364,	0.62136,	-0.05488,	13017,	-345,	-16,	-297,	12917,	139,	-18,	-126,	12897,	58,	-32,	-344,	
2,	8,	552485,	1.65255e+015,	-6,	-10,	8,	-1,	-1,	1,	-1,	-1,	1.65255e+009,	-0.886019,	-0.269808,	-0.262493,	-0.0411488,	-0.93133,	-0.326928,	-0.0213756,	0.118558,	-1.02032,	-0.29438,	-0.0223135,	-0.0113062,	-0.976819,	-0.40006,	-0.0167949,	-0.0955807,	-0.692988,	-0.478566,	-0.00806815,	-0.417302,	-0.364,	0.62136,	-0.05488,	13027,	-349,	-16,	-286,	12927,	137,	-15,	-122,	12907,	56,	-34,	-340,	
2,	8,	552563,	1.65255e+015,	-2,	-2,	6,	0,	-2,	-4,	-1,	-2,	1.65255e+009,	-0.886019,	-0.269808,	-0.262493,	-0.0411488,	-0.93133,	-0.326928,	-0.0213756,	0.118558,	-1.02032,	-0.29438,	-0.0223135,	-0.0113062,	-0.976819,	-0.40006,	-0.0167949,	-0.0955807,	-0.692988,	-0.478566,	-0.00806815,	-0.417302,	-0.364,	0.62136,	-0.05488,	13037,	-354,	-17,	-274,	12937,	134,	-14,	-115,	12917,	54,	-36,	-334,	
2,	8,	552641,	1.65255e+015,	0,	1,	-3,	13,	0,	0,	0,	1,	1.65255e+009,	-0.886019,	-0.269808,	-0.262493,	-0.0411488,	-0.93133,	-0.326928,	-0.0213756,	0.115624,	-1.02032,	-0.29438,	-0.0223135,	-0.0142395,	-0.976819,	-0.40006,	-0.0167949,	-0.086686,	-0.692988,	-0.478566,	-0.00806815,	-0.408408,	-0.364,	0.62136,	-0.05488,	13047,	-358,	-16,	-262,	12947,	132,	-14,	-110,	12927,	51,	-40,	-328,	
2,	8,	552719,	1.65255e+015,	0,	5,	5,	44,	2,	0,	-2,	-1,	1.65255e+009,	-0.886019,	-0.269808,	-0.262493,	-0.0411488,	-0.93133,	-0.326928,	-0.0213756,	0.115624,	-1.02032,	-0.29438,	-0.0223135,	-0.0142395,	-0.976819,	-0.40006,	-0.0167949,	-0.086686,	-0.692988,	-0.478566,	-0.00806815,	-0.408408,	-0.364,	0.62136,	-0.05488,	13057,	-363,	-18,	-250,	12957,	131,	-16,	-106,	12937,	49,	-41,	-322,	
2,	8,	552797,	1.65255e+015,	-1,	-4,	-13,	-9,	-1,	2,	1,	1,	1.65255e+009,	-0.886019,	-0.269808,	-0.262493,	-0.0411488,	-0.93133,	-0.326928,	-0.0213756,	0.115624,	-1.02032,	-0.29438,	-0.0223135,	-0.0142395,	-0.976819,	-0.40006,	-0.0167949,	-0.086686,	-0.692988,	-0.529818,	-0.000242864,	-0.408408,	-0.364,	0.62136,	-0.05488,	13067,	-366,	-18,	-239,	12967,	127,	-18,	-103,	12947,	45,	-44,	-317,	
2,	8,	552875,	1.65255e+015,	-4,	-4,	-15,	9,	1,	-3,	-1,	-1,	1.65255e+009,	-0.886019,	-0.269808,	-0.262493,	-0.0411488,	-0.93133,	-0.326928,	-0.0213756,	0.115624,	-1.02032,	-0.29438,	-0.0223135,	-0.0142395,	-0.976819,	-0.40006,	-0.0167949,	-0.086686,	-0.692988,	-0.529818,	-0.000242864,	-0.408408,	-0.364,	0.62136,	-0.05488,	13077,	-371,	-16,	-230,	12977,	123,	-20,	-103,	12957,	41,	-45,	-313,	
2,	8,	552954,	1.65255e+015,	5,	5,	-17,	-23,	0,	-1,	-1,	-1,	1.65255e+009,	-0.886019,	-0.269808,	-0.262493,	-0.0411488,	-0.93133,	-0.326928,	-0.0213756,	0.115624,	-1.02032,	-0.29438,	-0.0223135,	-0.0142395,	-0.976819,	-0.40006,	-0.0167949,	-0.086686,	-0.692988,	-0.529818,	-0.000242864,	-0.408408,	-0.364,	0.62136,	-0.05488,	13087,	-374,	-17,	-222,	12987,	120,	-21,	-102,	12967,	39,	-46,	-309,	
2,	8,	553032,	1.65255e+015,	0,	-1,	-8,	17,	3,	2,	0,	1,	1.65255e+009,	-0.886019,	-0.269808,	-0.262493,	-0.0411488,	-0.93133,	-0.326928,	-0.0213756,	0.115624,	-1.02032,	-0.29438,	-0.0223135,	-0.0142395,	-0.976819,	-0.40006,	-0.0167949,	-0.086686,	-0.692988,	-0.529818,	-0.000242864,	-0.408408,	-0.364,	0.62136,	-0.05488,	13097,	-375,	-16,	-215,	12997,	118,	-23,	-100,	12977,	36,	-46,	-306,	
2,	8,	553110,	1.65255e+015,	-3,	-5,	-6,	-52,	-1,	2,	0,	-1,	1.65255e+009,	-0.886019,	-0.269808,	-0.262493,	-0.0411488,	-0.93133,	-0.326928,	-0.0213756,	0.115624,	-1.02032,	-0.29438,	-0.0223135,	-0.0142395,	-0.976819,	-0.40006,	-0.0167949,	-0.086686,	-0.692988,	-0.529818,	-0.000242864,	-0.408408,	-0.364,	0.62136,	-0.05488,	13107,	-377,	-16,	-210,	13007,	117,	-22,	-97,	12987,	36,	-49,	-303,	
2,	8,	553204,	1.65255e+015,	1,	-5,	0,	1,	1,	2,	0,	1,	1.65255e+009,	-0.886019,	-0.269808,	-0.262493,	-0.0411488,	-0.93133,	-0.326928,	-0.0213756,	0.115624,	-1.02032,	-0.29438,	-0.0223135,	-0.0142395,	-0.976819,	-0.40006,	-0.0167949,	-0.086686,	-0.692988,	-0.529818,	-0.000242864,	-0.408408,	-0.364,	0.62136,	-0.05488,	13117,	-378,	-15,	-207,	13017,	115,	-21,	-92,	12997,	35,	-51,	-299,	
2,	8,	553282,	1.65255e+015,	0,	-2,	16,	0,	-3,	-3,	0,	1,	1.65255e+009,	-0.886019,	-0.269808,	-0.262493,	-0.0411488,	-0.93133,	-0.326928,	-0.0213756,	0.115624,	-0.941469,	-0.29438,	-0.0223135,	-0.0142395,	-0.976819,	-0.40006,	-0.0167949,	-0.086686,	-0.692988,	-0.58107,	-0.00926355,	-0.408408,	-0.364,	0.62136,	-0.05488,	13127,	-380,	-13,	-204,	13027,	114,	-21,	-87,	13007,	33,	-53,	-294,	
2,	8,	553360,	1.65255e+015,	0,	5,	-3,	2,	-1,	-4,	-3,	0,	1.65255e+009,	-0.886019,	-0.269808,	-0.262493,	-0.0411488,	-0.93133,	-0.326928,	-0.0213756,	0.115624,	-0.941469,	-0.29438,	-0.0223135,	-0.0142395,	-0.976819,	-0.40006,	-0.0167949,	-0.086686,	-0.692988,	-0.58107,	-0.00926355,	-0.408408,	-0.364,	0.62136,	-0.05488,	13137,	-379,	-14,	-202,	13037,	111,	-21,	-85,	13017,	32,	-53,	-290,	
2,	8,	553438,	1.65255e+015,	2,	5,	22,	6,	2,	1,	-1,	0,	1.65255e+009,	-0.825899,	-0.269808,	-0.262493,	-0.0411488,	-0.93133,	-0.326928,	-0.0213756,	0.115624,	-0.941469,	-0.29438,	-0.0223135,	-0.0142395,	-0.976819,	-0.40006,	-0.0167949,	-0.086686,	-0.692988,	-0.632322,	-0.0204511,	-0.408408,	-0.3276,	0.62136,	-0.05488,	13147,	-381,	-14,	-199,	13047,	109,	-22,	-83,	13027,	30,	-53,	-287,	
2,	8,	553500,	1.65255e+015,	2,	0,	-13,	18,	3,	-1,	-1,	0,	1.65255e+009,	-0.825899,	-0.269808,	-0.262493,	-0.0411488,	-0.93133,	-0.326928,	-0.0213756,	0.115624,	-0.941469,	-0.29438,	-0.0223135,	-0.0142395,	-0.976819,	-0.40006,	-0.0167949,	-0.086686,	-0.692988,	-0.696387,	-0.0367996,	-0.408408,	-0.3276,	0.62136,	-0.05488,	13157,	-381,	-14,	-196,	13057,	107,	-23,	-82,	13037,	28,	-55,	-283,	
2,	8,	553579,	1.65255e+015,	-4,	-4,	-22,	-17,	-8,	-5,	-2,	-3,	1.65255e+009,	-0.825899,	-0.269808,	-0.262493,	-0.0411488,	-0.93133,	-0.326928,	-0.0213756,	0.115624,	-0.941469,	-0.29438,	-0.0223135,	-0.0142395,	-0.976819,	-0.40006,	-0.0167949,	-0.086686,	-0.692988,	-0.696387,	-0.0367996,	-0.408408,	-0.3276,	0.62136,	-0.05488,	13167,	-382,	-14,	-194,	13067,	105,	-23,	-80,	13047,	27,	-55,	-280,	
2,	8,	553657,	1.65255e+015,	-2,	-4,	4,	5,	1,	0,	1,	1,	1.65255e+009,	-0.825899,	-0.269808,	-0.262493,	-0.0411488,	-0.93133,	-0.326928,	-0.0213756,	0.115624,	-0.941469,	-0.29438,	-0.0223135,	-0.0142395,	-0.890087,	-0.40006,	-0.0167949,	-0.086686,	-0.692988,	-0.696387,	-0.0367996,	-0.408408,	-0.3276,	0.62136,	-0.05488,	13177,	-383,	-14,	-193,	13077,	103,	-23,	-77,	13057,	25,	-57,	-278,	
2,	8,	553735,	1.65255e+015,	-7,	-19,	-79,	-24,	-11,	-6,	-4,	-5,	1.65255e+009,	-0.825899,	-0.269808,	-0.262493,	-0.0411488,	-0.93133,	-0.326928,	-0.0213756,	0.115624,	-0.941469,	-0.29438,	-0.0223135,	-0.0142395,	-0.890087,	-0.40006,	-0.0167949,	-0.086686,	-0.802638,	-0.888582,	-0.101606,	-0.408408,	-0.2912,	0.62136,	-0.05488,	13187,	-384,	-15,	-191,	13087,	101,	-22,	-75,	13067,	23,	-57,	-275,	
2,	8,	553797,	1.65255e+015,	-6,	-12,	-51,	-13,	-6,	-6,	-3,	-7,	1.65255e+009,	-0.825899,	-0.269808,	-0.262493,	-0.0411488,	-0.93133,	-0.326928,	-0.0213756,	0.115624,	-0.941469,	-0.29438,	-0.0223135,	-0.0142395,	-0.890087,	-0.40006,	-0.0167949,	-0.086686,	-0.802638,	-0.96546,	-0.134148,	-0.408408,	-0.2912,	0.62136,	-0.05488,	13197,	-384,	-13,	-189,	13097,	100,	-23,	-74,	13077,	20,	-59,	-272,	
2,	8,	553860,	1.65255e+015,	-1,	-1,	-17,	7,	3,	3,	1,	-1,	1.65255e+009,	-0.825899,	-0.269808,	-0.262493,	-0.0411488,	-0.867266,	-0.326928,	-0.0213756,	0.115624,	-0.941469,	-0.29438,	-0.0223135,	-0.0142395,	-0.890087,	-0.40006,	-0.0167949,	-0.086686,	-0.802638,	-1.09359,	-0.19679,	-0.378838,	-0.2912,	0.62136,	-0.05488,	13207,	-383,	-14,	-189,	13107,	97,	-24,	-72,	13087,	19,	-59,	-269,	
2,	8,	553922,	1.65255e+015,	-2,	-9,	-15,	-15,	-5,	0,	-1,	-1,	1.65255e+009,	-0.825899,	-0.269808,	-0.262493,	-0.0411488,	-0.867266,	-0.326928,	-0.0213756,	0.115624,	-0.878389,	-0.29438,	-0.0223135,	-0.0142395,	-0.890087,	-0.40006,	-0.0167949,	-0.086686,	-0.890358,	-1.09359,	-0.19679,	-0.378838,	-0.2548,	0.62136,	-0.05488,	13217,	-383,	-13,	-190,	13117,	96,	-25,	-70,	13097,	18,	-60,	-267,	
2,	8,	554000,	1.65255e+015,	-5,	-11,	-5,	-5,	-7,	-3,	-1,	-1,	1.65255e+009,	-0.750749,	-0.269808,	-0.262493,	-0.0411488,	-0.867266,	-0.326928,	-0.0213756,	0.115624,	-0.878389,	-0.29438,	-0.0223135,	-0.0142395,	-0.890087,	-0.40006,	-0.0167949,	-0.086686,	-0.890358,	-1.15765,	-0.232051,	-0.378838,	-0.2548,	0.62136,	-0.05488,	13227,	-383,	-13,	-193,	13127,	96,	-24,	-69,	13107,	18,	-60,	-265,	
2,	8,	554063,	1.65255e+015,	2,	1,	-31,	0,	-2,	-1,	-2,	-2,	1.65255e+009,	-0.750749,	-0.269808,	-0.262493,	-0.0411488,	-0.867266,	-0.326928,	-0.0213756,	0.109758,	-0.878389,	-0.29438,	-0.0223135,	-0.0201062,	-0.890087,	-0.40006,	-0.0167949,	-0.0688967,	-0.890358,	-1.22172,	-0.269939,	-0.361048,	-0.2548,	0.62136,	-0.05488,	13237,	-382,	-14,	-195,	13137,	95,	-24,	-69,	13117,	18,	-59,	-264,	
2,	8,	554141,	1.65255e+015,	0,	-1,	-21,	0,	-1,	-1,	-3,	-2,	1.65255e+009,	-0.750749,	-0.269808,	-0.262493,	-0.0411488,	-0.867266,	-0.326928,	-0.0213756,	0.109758,	-0.878389,	-0.29438,	-0.0223135,	-0.0201062,	-0.890087,	-0.40006,	-0.0167949,	-0.0688967,	-0.978078,	-1.22172,	-0.269939,	-0.361048,	-0.2548,	0.62136,	-0.05488,	13247,	-382,	-15,	-197,	13147,	96,	-24,	-68,	13127,	18,	-60,	-264,	
2,	8,	554219,	1.65255e+015,	-5,	-1,	-31,	-5,	-4,	-5,	-2,	-1,	1.65255e+009,	-0.750749,	-0.269808,	-0.262493,	-0.0411488,	-0.867266,	-0.326928,	-0.0213756,	0.109758,	-0.878389,	-0.29438,	-0.0223135,	-0.0201062,	-0.890087,	-0.40006,	-0.0167949,	-0.0688967,	-0.978078,	-1.27297,	-0.302141,	-0.361048,	-0.2093,	0.62136,	-0.05488,	13257,	-382,	-15,	-198,	13157,	93,	-24,	-68,	13137,	19,	-61,	-262,	
2,	8,	554282,	1.65255e+015,	-3,	-7,	3,	-8,	-3,	-3,	-6,	-3,	1.65255e+009,	-0.750749,	-0.269808,	-0.262493,	-0.0411488,	-0.867266,	-0.326928,	-0.0213756,	0.109758,	-0.878389,	-0.29438,	-0.0223135,	-0.0201062,	-0.890087,	-0.40006,	-0.0167949,	-0.0688967,	-0.978078,	-1.27297,	-0.302141,	-0.361048,	-0.2093,	0.62136,	-0.05488,	13267,	-382,	-15,	-199,	13167,	93,	-24,	-67,	13147,	17,	-62,	-261,	
2,	8,	554344,	1.65255e+015,	2,	2,	-29,	13,	3,	1,	4,	12,	1.65255e+009,	-0.690629,	-0.269808,	-0.262493,	-0.0411488,	-0.867266,	-0.326928,	-0.0213756,	0.109758,	-0.878389,	-0.29438,	-0.0223135,	-0.0201062,	-0.890087,	-0.40006,	-0.0167949,	-0.0688967,	-0.978078,	-1.27297,	-0.302141,	-0.361048,	-0.2093,	0.62136,	-0.05488,	13277,	-382,	-17,	-199,	13177,	92,	-24,	-67,	13157,	18,	-61,	-260,	
2,	8,	554422,	1.65255e+015,	-2,	-7,	-2,	-6,	2,	-1,	-1,	-2,	1.65255e+009,	-0.690629,	-0.269808,	-0.262493,	-0.0411488,	-0.867266,	-0.326928,	-0.0213756,	0.109758,	-0.878389,	-0.29438,	-0.0223135,	-0.0201062,	-0.890087,	-0.40006,	-0.0167949,	-0.0688967,	-0.978078,	-1.32422,	-0.336024,	-0.361048,	-0.2093,	0.62136,	-0.05488,	13287,	-380,	-16,	-200,	13187,	91,	-25,	-67,	13167,	17,	-62,	-259,	
2,	8,	554485,	1.65255e+015,	-4,	-3,	-25,	-22,	-4,	-2,	0,	-2,	1.65255e+009,	-0.690629,	-0.269808,	-0.262493,	-0.0411488,	-0.867266,	-0.326928,	-0.0213756,	0.109758,	-0.878389,	-0.29438,	-0.0223135,	-0.0201062,	-0.890087,	-0.40006,	-0.0167949,	-0.0688967,	-0.978078,	-1.32422,	-0.336024,	-0.361048,	-0.2093,	0.62136,	-0.05488,	13297,	-380,	-18,	-202,	13197,	92,	-24,	-66,	13177,	17,	-62,	-259,	
2,	8,	554547,	1.65255e+015,	-1,	-5,	19,	6,	1,	-2,	-2,	3,	1.65255e+009,	-0.690629,	-0.269808,	-0.262493,	-0.0411488,	-0.867266,	-0.326928,	-0.0213756,	0.109758,	-0.878389,	-0.29438,	-0.0223135,	-0.0201062,	-0.890087,	-0.40006,	-0.0167949,	-0.0688967,	-0.978078,	-1.32422,	-0.336024,	-0.361048,	-0.2093,	0.62136,	-0.05488,	13307,	-377,	-18,	-205,	32067,	144,	-31,	-139,	32047,	67,	-20,	-347,	
2,	8,	554625,	1.65255e+015,	-2,	3,	-20,	3,	-1,	0,	-1,	3,	1.65255e+009,	-0.690629,	-0.269808,	-0.262493,	-0.0411488,	-0.867266,	-0.326928,	-0.0213756,	0.109758,	-0.878389,	-0.29438,	-0.0223135,	-0.0201062,	-0.890087,	-0.40006,	-0.0167949,	-0.0688967,	-0.978078,	-1.32422,	-0.336024,	-0.361048,	-0.2093,	0.62136,	-0.05488,	13317,	-376,	-18,	-207,	32077,	143,	-32,	-139,	32057,	67,	-20,	-347,	
2,	8,	554688,	1.65255e+015,	-3,	-3,	3,	-12,	-2,	0,	-2,	0,	1.65255e+009,	-0.690629,	-0.269808,	-0.262493,	-0.0411488,	-0.867266,	-0.326928,	-0.0213756,	0.109758,	-0.878389,	-0.29438,	-0.0223135,	-0.0201062,	-0.890087,	-0.40006,	-0.0167949,	-0.0688967,	-0.978078,	-1.32422,	-0.336024,	-0.361048,	-0.2093,	0.62136,	-0.05488,	32177,	-254,	-9,	-464,	32087,	143,	-32,	-138,	32067,	67,	-20,	-346,	
2,	8,	554766,	1.65255e+015,	-1,	-1,	4,	1,	1,	0,	1,	2,	1.65255e+009,	-0.690629,	-0.269808,	-0.262493,	-0.0411488,	-0.867266,	-0.326928,	-0.0213756,	0.109758,	-0.878389,	-0.29438,	-0.0223135,	-0.0201062,	-0.890087,	-0.40006,	-0.0167949,	-0.0688967,	-0.978078,	-1.37548,	-0.371588,	-0.361048,	-0.2093,	0.62136,	-0.05488,	32187,	-254,	-10,	-464,	32097,	143,	-32,	-139,	32077,	67,	-22,	-347,	
2,	8,	554844,	1.65255e+015,	-2,	-8,	-37,	-13,	-2,	2,	-1,	-5,	1.65255e+009,	-0.690629,	-0.269808,	-0.262493,	-0.0411488,	-0.867266,	-0.326928,	-0.0213756,	0.109758,	-0.878389,	-0.29438,	-0.0223135,	-0.0201062,	-0.890087,	-0.40006,	-0.0167949,	-0.0688967,	-1.0658,	-1.37548,	-0.371588,	-0.361048,	-0.2093,	0.62136,	-0.05488,	32197,	-253,	-10,	-465,	32107,	143,	-32,	-138,	32087,	67,	-21,	-346,	
2,	8,	554907,	1.65255e+015,	-1,	-4,	-11,	-3,	2,	-1,	-1,	2,	1.65255e+009,	-0.690629,	-0.269808,	-0.262493,	-0.0411488,	-0.867266,	-0.326928,	-0.0213756,	0.109758,	-0.878389,	-0.29438,	-0.0223135,	-0.0201062,	-0.890087,	-0.40006,	-0.0167949,	-0.0688967,	-1.0658,	-1.37548,	-0.371588,	-0.361048,	-0.2093,	0.62136,	-0.05488,	32207,	-255,	-10,	-465,	32117,	143,	-31,	-138,	32097,	67,	-21,	-347,	
2,	8,	554969,	1.65255e+015,	0,	0,	6,	3,	0,	1,	-1,	-1,	1.65255e+009,	-0.690629,	-0.269808,	-0.262493,	-0.0411488,	-0.867266,	-0.326928,	-0.0213756,	0.109758,	-0.878389,	-0.29438,	-0.0223135,	-0.0201062,	-0.890087,	-0.40006,	-0.0167949,	-0.0688967,	-1.0658,	-1.37548,	-0.371588,	-0.361048,	-0.2093,	0.62136,	-0.05488,	32217,	-255,	-10,	-465,	32127,	142,	-32,	-138,	32107,	68,	-21,	-347,	
2,	8,	555032,	1.65255e+015,	-1,	6,	16,	4,	-2,	-2,	-2,	-1,	1.65255e+009,	-0.690629,	-0.269808,	-0.262493,	-0.0411488,	-0.867266,	-0.326928,	-0.0213756,	0.109758,	-0.878389,	-0.29438,	-0.0223135,	-0.0201062,	-0.890087,	-0.40006,	-0.0167949,	-0.0688967,	-1.0658,	-1.37548,	-0.371588,	-0.361048,	-0.2093,	0.62136,	-0.05488,	32227,	-255,	-9,	-465,	32137,	143,	-32,	-138,	32117,	67,	-21,	-347,	
2,	8,	555110,	1.65255e+015,	-1,	1,	-6,	0,	-1,	-1,	0,	-1,	1.65255e+009,	-0.690629,	-0.269808,	-0.262493,	-0.0411488,	-0.867266,	-0.326928,	-0.0213756,	0.109758,	-0.878389,	-0.29438,	-0.0223135,	-0.0201062,	-0.890087,	-0.40006,	-0.0167949,	-0.0688967,	-1.0658,	-1.1064,	-0.203632,	-0.361048,	-0.2457,	0.62136,	-0.05488,	32237,	-256,	-10,	-465,	32147,	143,	-32,	-138,	32127,	68,	-21,	-347,	
2,	8,	555172,	1.65255e+015,	-1,	-5,	-2,	-7,	-2,	1,	0,	-2,	1.65255e+009,	-0.690629,	-0.269808,	-0.262493,	-0.0411488,	-0.867266,	-0.326928,	-0.0213756,	0.115624,	-0.878389,	-0.29438,	-0.0223135,	-0.0142395,	-0.890087,	-0.40006,	-0.0167949,	-0.086686,	-0.846498,	-0.555444,	-0.0043002,	-0.378838,	-0.3276,	0.62136,	-0.05488,	32247,	-255,	-10,	-465,	32157,	143,	-31,	-138,	32137,	68,	-20,	-347,	
2,	8,	555235,	1.65255e+015,	0,	0,	3,	4,	-2,	-2,	-3,	0,	1.65255e+009,	-0.690629,	-0.269808,	-0.262493,	-0.0411488,	-0.867266,	-0.326928,	-0.0213756,	0.115624,	-0.878389,	-0.29438,	-0.0223135,	-0.0142395,	-0.890087,	-0.40006,	-0.0167949,	-0.086686,	-0.846498,	-0.491379,	-0.00626944,	-0.378838,	-0.3276,	0.62136,	-0.05488,	32257,	-256,	-9,	-465,	32167,	142,	-32,	-138,	32147,	68,	-21,	-346,	
2,	8,	555297,	1.65255e+015,	-1,	-6,	-12,	-1,	-2,	-2,	-2,	0,	1.65255e+009,	-0.690629,	-0.269808,	-0.262493,	-0.0411488,	-0.867266,	-0.326928,	-0.0213756,	0.115624,	-0.878389,	-0.29438,	-0.0223135,	-0.0142395,	-0.890087,	-0.40006,	-0.0167949,	-0.086686,	-0.846498,	-0.491379,	-0.00626944,	-0.378838,	-0.3276,	0.62136,	-0.05488,	32267,	-255,	-10,	-465,	32177,	143,	-32,	-138,	32157,	67,	-21,	-347,	
