1,	9,	538875,	1.65255e+015,	-2,	-3,	4,	9,	0,	-1,	-2,	-1,	1.65255e+009,	-0.675599,	-0.269808,	-0.262493,	-0.0657888,	-0.915314,	-0.219989,	-0.0219117,	0.131096,	-0.957239,	-0.214548,	-0.0217433,	-0.00763974,	-0.890087,	-0.329096,	-0.021289,	-0.11557,	-0.605268,	-0.414501,	-0.0154857,	-0.437292,	-0.364,	0.62136,	-0.05488,	11227,	-184,	10,	-577,	11127,	153,	-37,	-166,	11107,	78,	-14,	-364,	
1,	9,	538954,	1.65255e+015,	3,	8,	-1,	8,	1,	1,	-1,	-1,	1.65255e+009,	-0.675599,	-0.269808,	-0.262493,	-0.0657888,	-0.915314,	-0.219989,	-0.0219117,	0.131096,	-0.957239,	-0.214548,	-0.0217433,	-0.00763974,	-0.890087,	-0.329096,	-0.021289,	-0.11557,	-0.605268,	-0.414501,	-0.0154857,	-0.437292,	-0.364,	0.62136,	-0.05488,	11237,	-184,	8,	-578,	11137,	154,	-38,	-167,	11117,	79,	-13,	-365,	
1,	9,	539047,	1.65255e+015,	-2,	-4,	2,	10,	2,	-1,	-1,	0,	1.65255e+009,	-0.675599,	-0.269808,	-0.262493,	-0.0657888,	-0.915314,	-0.219989,	-0.0219117,	0.131096,	-0.957239,	-0.214548,	-0.0217433,	-0.00763974,	-0.890087,	-0.329096,	-0.021289,	-0.11557,	-0.605268,	-0.414501,	-0.0154857,	-0.437292,	-0.364,	0.62136,	-0.05488,	11247,	-184,	8,	-578,	11147,	154,	-40,	-168,	11127,	79,	-12,	-366,	
1,	9,	539125,	1.65255e+015,	0,	-4,	-5,	-16,	-5,	-1,	0,	-1,	1.65255e+009,	-0.675599,	-0.269808,	-0.262493,	-0.0657888,	-0.915314,	-0.219989,	-0.0219117,	0.131096,	-0.957239,	-0.214548,	-0.0217433,	-0.00763974,	-0.890087,	-0.329096,	-0.021289,	-0.11557,	-0.605268,	-0.414501,	-0.0154857,	-0.437292,	-0.364,	0.62136,	-0.05488,	11257,	-185,	10,	-578,	11157,	153,	-43,	-169,	11137,	79,	-12,	-367,	
1,	9,	539204,	1.65255e+015,	0,	-3,	-2,	1,	-3,	-1,	-1,	-1,	1.65255e+009,	-0.675599,	-0.269808,	-0.262493,	-0.0657888,	-0.915314,	-0.219989,	-0.0219117,	0.131096,	-0.957239,	-0.214548,	-0.0217433,	-0.00763974,	-0.890087,	-0.329096,	-0.021289,	-0.11557,	-0.605268,	-0.414501,	-0.0154857,	-0.437292,	-0.364,	0.62136,	-0.05488,	11267,	-186,	10,	-577,	11167,	153,	-42,	-169,	11147,	78,	-11,	-367,	
1,	9,	539282,	1.65255e+015,	-2,	-1,	-2,	8,	0,	1,	-1,	-4,	1.65255e+009,	-0.675599,	-0.269808,	-0.262493,	-0.0657888,	-0.915314,	-0.219989,	-0.0219117,	0.131096,	-0.957239,	-0.214548,	-0.0217433,	-0.00763974,	-0.890087,	-0.329096,	-0.021289,	-0.11557,	-0.605268,	-0.414501,	-0.0154857,	-0.437292,	-0.364,	0.62136,	-0.05488,	11277,	-187,	9,	-577,	11177,	154,	-41,	-169,	11157,	77,	-11,	-367,	
1,	9,	539360,	1.65255e+015,	-2,	-5,	2,	0,	-1,	0,	-1,	-1,	1.65255e+009,	-0.675599,	-0.269808,	-0.262493,	-0.0657888,	-0.915314,	-0.219989,	-0.0219117,	0.131096,	-0.957239,	-0.214548,	-0.0217433,	-0.00763974,	-0.890087,	-0.329096,	-0.021289,	-0.11557,	-0.605268,	-0.414501,	-0.0154857,	-0.437292,	-0.364,	0.62136,	-0.05488,	11287,	-189,	9,	-576,	11187,	155,	-39,	-168,	11167,	78,	-10,	-367,	
1,	9,	539438,	1.65255e+015,	0,	0,	-6,	-42,	4,	2,	1,	0,	1.65255e+009,	-0.675599,	-0.269808,	-0.262493,	-0.0657888,	-0.915314,	-0.219989,	-0.0219117,	0.131096,	-0.957239,	-0.214548,	-0.0217433,	-0.00763974,	-0.890087,	-0.329096,	-0.021289,	-0.11557,	-0.605268,	-0.414501,	-0.0154857,	-0.437292,	-0.364,	0.62136,	-0.05488,	11297,	-188,	11,	-575,	11197,	156,	-36,	-167,	11177,	79,	-10,	-368,	
1,	9,	539516,	1.65255e+015,	-2,	2,	-1,	8,	-4,	1,	-2,	0,	1.65255e+009,	-0.675599,	-0.269808,	-0.262493,	-0.0657888,	-0.915314,	-0.219989,	-0.0219117,	0.131096,	-0.957239,	-0.214548,	-0.0217433,	-0.00763974,	-0.890087,	-0.329096,	-0.021289,	-0.11557,	-0.605268,	-0.414501,	-0.0154857,	-0.437292,	-0.364,	0.62136,	-0.05488,	11307,	-188,	11,	-574,	11207,	158,	-36,	-166,	11187,	81,	-10,	-370,	
1,	9,	539594,	1.65255e+015,	0,	2,	-5,	3,	-5,	-3,	-2,	-1,	1.65255e+009,	-0.675599,	-0.269808,	-0.262493,	-0.0657888,	-0.915314,	-0.219989,	-0.0219117,	0.131096,	-0.957239,	-0.214548,	-0.0217433,	-0.00763974,	-0.890087,	-0.329096,	-0.021289,	-0.11557,	-0.605268,	-0.414501,	-0.0154857,	-0.437292,	-0.364,	0.62136,	-0.05488,	11317,	-187,	10,	-575,	11217,	158,	-35,	-166,	11197,	82,	-9,	-370,	
1,	9,	539672,	1.65255e+015,	2,	0,	-1,	1,	-2,	-2,	-2,	0,	1.65255e+009,	-0.675599,	-0.269808,	-0.262493,	-0.0657888,	-0.915314,	-0.219989,	-0.0219117,	0.131096,	-0.957239,	-0.214548,	-0.0217433,	-0.00763974,	-0.890087,	-0.329096,	-0.021289,	-0.11557,	-0.605268,	-0.414501,	-0.0154857,	-0.437292,	-0.364,	0.62136,	-0.05488,	11327,	-188,	8,	-576,	11227,	158,	-35,	-167,	11207,	82,	-9,	-371,	
1,	9,	539750,	1.65255e+015,	2,	5,	5,	-8,	2,	0,	0,	0,	1.65255e+009,	-0.675599,	-0.269808,	-0.262493,	-0.0657888,	-0.915314,	-0.219989,	-0.0219117,	0.131096,	-0.957239,	-0.214548,	-0.0217433,	-0.00763974,	-0.890087,	-0.329096,	-0.021289,	-0.11557,	-0.605268,	-0.414501,	-0.0154857,	-0.437292,	-0.364,	0.62136,	-0.05488,	11337,	-190,	7,	-576,	11237,	157,	-35,	-168,	11217,	82,	-9,	-371,	
1,	9,	539829,	1.65255e+015,	0,	4,	7,	10,	5,	-1,	-1,	-2,	1.65255e+009,	-0.675599,	-0.269808,	-0.262493,	-0.0657888,	-0.915314,	-0.219989,	-0.0219117,	0.131096,	-0.957239,	-0.214548,	-0.0217433,	-0.00763974,	-0.890087,	-0.329096,	-0.021289,	-0.11557,	-0.605268,	-0.414501,	-0.0154857,	-0.437292,	-0.364,	0.62136,	-0.05488,	11347,	-189,	7,	-576,	11247,	156,	-36,	-169,	11227,	81,	-8,	-371,	
1,	9,	539907,	1.65255e+015,	-1,	-4,	-3,	-6,	-2,	0,	-1,	0,	1.65255e+009,	-0.675599,	-0.269808,	-0.262493,	-0.0657888,	-0.915314,	-0.219989,	-0.0219117,	0.131096,	-0.957239,	-0.214548,	-0.0217433,	-0.00763974,	-0.890087,	-0.329096,	-0.021289,	-0.11557,	-0.605268,	-0.414501,	-0.0154857,	-0.437292,	-0.364,	0.62136,	-0.05488,	11357,	-189,	7,	-576,	11257,	156,	-36,	-170,	11237,	80,	-9,	-372,	
1,	9,	539985,	1.65255e+015,	-3,	-14,	-7,	3,	0,	-3,	-1,	-2,	1.65255e+009,	-0.675599,	-0.269808,	-0.262493,	-0.0657888,	-0.915314,	-0.219989,	-0.0219117,	0.131096,	-0.957239,	-0.214548,	-0.0217433,	-0.00763974,	-0.890087,	-0.329096,	-0.021289,	-0.11557,	-0.605268,	-0.414501,	-0.0154857,	-0.437292,	-0.364,	0.62136,	-0.05488,	11367,	-188,	6,	-575,	11267,	155,	-37,	-170,	11247,	79,	-9,	-372,	
1,	9,	540063,	1.65255e+015,	-3,	-7,	-4,	-11,	-5,	-4,	-1,	-2,	1.65255e+009,	-0.675599,	-0.269808,	-0.262493,	-0.0657888,	-0.915314,	-0.219989,	-0.0219117,	0.131096,	-0.957239,	-0.214548,	-0.0217433,	-0.00763974,	-0.890087,	-0.329096,	-0.021289,	-0.11557,	-0.605268,	-0.414501,	-0.0154857,	-0.437292,	-0.364,	0.62136,	-0.05488,	11377,	-189,	5,	-575,	11277,	154,	-38,	-169,	11257,	78,	-10,	-372,	
1,	9,	540141,	1.65255e+015,	2,	2,	-1,	1,	0,	-2,	1,	-1,	1.65255e+009,	-0.675599,	-0.269808,	-0.262493,	-0.0657888,	-0.915314,	-0.219989,	-0.0219117,	0.131096,	-0.957239,	-0.214548,	-0.0217433,	-0.00763974,	-0.890087,	-0.329096,	-0.021289,	-0.11557,	-0.605268,	-0.414501,	-0.0154857,	-0.437292,	-0.364,	0.62136,	-0.05488,	11387,	-190,	6,	-575,	11287,	155,	-38,	-169,	11267,	80,	-9,	-373,	
1,	9,	540219,	1.65255e+015,	-4,	-7,	-5,	-15,	-1,	1,	-1,	-2,	1.65255e+009,	-0.675599,	-0.269808,	-0.262493,	-0.0657888,	-0.915314,	-0.219989,	-0.0219117,	0.131096,	-0.957239,	-0.214548,	-0.0217433,	-0.00763974,	-0.890087,	-0.329096,	-0.021289,	-0.11557,	-0.605268,	-0.414501,	-0.0154857,	-0.437292,	-0.364,	0.62136,	-0.05488,	11397,	-191,	7,	-574,	11297,	156,	-38,	-169,	11277,	79,	-9,	-373,	
1,	9,	540297,	1.65255e+015,	-2,	-1,	1,	-1,	-2,	-1,	-1,	-1,	1.65255e+009,	-0.675599,	-0.269808,	-0.262493,	-0.0657888,	-0.915314,	-0.219989,	-0.0219117,	0.131096,	-0.957239,	-0.214548,	-0.0217433,	-0.00763974,	-0.890087,	-0.329096,	-0.021289,	-0.11557,	-0.605268,	-0.414501,	-0.0154857,	-0.437292,	-0.364,	0.62136,	-0.05488,	11407,	-193,	6,	-573,	11307,	158,	-37,	-168,	11287,	80,	-10,	-372,	
1,	9,	540375,	1.65255e+015,	-4,	-10,	-8,	-14,	-1,	0,	-3,	-1,	1.65255e+009,	-0.675599,	-0.269808,	-0.262493,	-0.0657888,	-0.915314,	-0.219989,	-0.0219117,	0.131096,	-0.957239,	-0.214548,	-0.0217433,	-0.00763974,	-0.890087,	-0.329096,	-0.021289,	-0.11557,	-0.605268,	-0.414501,	-0.0154857,	-0.437292,	-0.364,	0.62136,	-0.05488,	11417,	-192,	6,	-572,	11317,	158,	-36,	-167,	11297,	80,	-9,	-373,	
1,	9,	540454,	1.65255e+015,	-1,	-2,	1,	10,	2,	0,	-1,	-2,	1.65255e+009,	-0.675599,	-0.269808,	-0.262493,	-0.0657888,	-0.915314,	-0.219989,	-0.0219117,	0.131096,	-0.957239,	-0.214548,	-0.0217433,	-0.00763974,	-0.890087,	-0.329096,	-0.021289,	-0.11557,	-0.605268,	-0.414501,	-0.0154857,	-0.437292,	-0.364,	0.62136,	-0.05488,	11427,	-193,	6,	-572,	11327,	157,	-35,	-167,	11307,	81,	-9,	-373,	
1,	9,	540532,	1.65255e+015,	-1,	-3,	-3,	-7,	-2,	0,	0,	-1,	1.65255e+009,	-0.675599,	-0.269808,	-0.262493,	-0.0657888,	-0.915314,	-0.219989,	-0.0219117,	0.131096,	-0.957239,	-0.214548,	-0.0217433,	-0.00763974,	-0.890087,	-0.329096,	-0.021289,	-0.11557,	-0.605268,	-0.414501,	-0.0154857,	-0.437292,	-0.364,	0.62136,	-0.05488,	11437,	-192,	6,	-571,	11337,	157,	-35,	-167,	11317,	81,	-9,	-373,	
1,	9,	540610,	1.65255e+015,	-2,	-8,	-8,	-6,	0,	-1,	-3,	-1,	1.65255e+009,	-0.675599,	-0.269808,	-0.262493,	-0.0657888,	-0.915314,	-0.219989,	-0.0219117,	0.131096,	-0.957239,	-0.214548,	-0.0217433,	-0.00763974,	-0.890087,	-0.329096,	-0.021289,	-0.11557,	-0.605268,	-0.414501,	-0.0154857,	-0.437292,	-0.364,	0.62136,	-0.05488,	11447,	-193,	6,	-571,	11347,	157,	-35,	-167,	11327,	80,	-9,	-372,	
1,	9,	540688,	1.65255e+015,	-1,	-1,	-1,	2,	-5,	-2,	-2,	0,	1.65255e+009,	-0.675599,	-0.269808,	-0.262493,	-0.0657888,	-0.915314,	-0.219989,	-0.0219117,	0.131096,	-0.957239,	-0.214548,	-0.0217433,	-0.00763974,	-0.890087,	-0.329096,	-0.021289,	-0.11557,	-0.605268,	-0.414501,	-0.0154857,	-0.437292,	-0.364,	0.62136,	-0.05488,	11457,	-193,	5,	-572,	11357,	157,	-34,	-168,	11337,	79,	-9,	-372,	
1,	9,	540766,	1.65255e+015,	-2,	5,	-1,	5,	0,	-1,	0,	0,	1.65255e+009,	-0.675599,	-0.269808,	-0.262493,	-0.0657888,	-0.915314,	-0.219989,	-0.0219117,	0.131096,	-0.957239,	-0.214548,	-0.0217433,	-0.00763974,	-0.890087,	-0.329096,	-0.021289,	-0.11557,	-0.605268,	-0.414501,	-0.0154857,	-0.437292,	-0.364,	0.62136,	-0.05488,	11467,	-191,	6,	-572,	11367,	156,	-34,	-168,	11347,	78,	-8,	-371,	
1,	9,	540844,	1.65255e+015,	-1,	4,	5,	26,	-2,	0,	1,	0,	1.65255e+009,	-0.675599,	-0.269808,	-0.262493,	-0.0657888,	-0.915314,	-0.219989,	-0.0219117,	0.131096,	-0.957239,	-0.214548,	-0.0217433,	-0.00763974,	-0.890087,	-0.329096,	-0.021289,	-0.11557,	-0.605268,	-0.414501,	-0.0154857,	-0.437292,	-0.364,	0.62136,	-0.05488,	11477,	-191,	6,	-571,	11377,	154,	-34,	-167,	11357,	78,	-8,	-371,	
1,	9,	540922,	1.65255e+015,	-1,	4,	6,	14,	3,	-2,	-2,	0,	1.65255e+009,	-0.675599,	-0.269808,	-0.262493,	-0.0657888,	-0.915314,	-0.219989,	-0.0219117,	0.131096,	-0.957239,	-0.214548,	-0.0217433,	-0.00763974,	-0.890087,	-0.329096,	-0.021289,	-0.11557,	-0.605268,	-0.414501,	-0.0154857,	-0.437292,	-0.364,	0.62136,	-0.05488,	11487,	-192,	7,	-570,	11387,	154,	-34,	-167,	11367,	79,	-8,	-371,	
1,	9,	541000,	1.65255e+015,	-1,	-5,	-4,	-9,	1,	-3,	-1,	-1,	1.65255e+009,	-0.675599,	-0.269808,	-0.262493,	-0.0657888,	-0.915314,	-0.219989,	-0.0219117,	0.131096,	-0.957239,	-0.214548,	-0.0217433,	-0.00763974,	-0.890087,	-0.329096,	-0.021289,	-0.11557,	-0.605268,	-0.414501,	-0.0154857,	-0.437292,	-0.364,	0.62136,	-0.05488,	11497,	-193,	7,	-569,	11397,	154,	-34,	-167,	11377,	79,	-9,	-371,	
1,	9,	541079,	1.65255e+015,	-1,	-4,	-3,	1,	2,	-1,	-1,	-3,	1.65255e+009,	-0.675599,	-0.269808,	-0.262493,	-0.0657888,	-0.915314,	-0.219989,	-0.0219117,	0.131096,	-0.957239,	-0.214548,	-0.0217433,	-0.00763974,	-0.890087,	-0.329096,	-0.021289,	-0.11557,	-0.605268,	-0.414501,	-0.0154857,	-0.437292,	-0.364,	0.62136,	-0.05488,	11507,	-192,	9,	-568,	11407,	155,	-34,	-167,	11387,	79,	-9,	-371,	
1,	9,	541141,	1.65255e+015,	0,	4,	-5,	-15,	-4,	-1,	-3,	1,	1.65255e+009,	-0.675599,	-0.269808,	-0.262493,	-0.0657888,	-0.915314,	-0.219989,	-0.0219117,	0.131096,	-0.957239,	-0.214548,	-0.0217433,	-0.00763974,	-0.890087,	-0.329096,	-0.021289,	-0.11557,	-0.605268,	-0.414501,	-0.0154857,	-0.437292,	-0.364,	0.62136,	-0.05488,	11517,	-193,	9,	-567,	11417,	156,	-34,	-167,	11397,	78,	-9,	-371,	
1,	9,	541219,	1.65255e+015,	-1,	0,	-2,	-1,	-1,	0,	0,	0,	1.65255e+009,	-0.675599,	-0.269808,	-0.262493,	-0.0657888,	-0.915314,	-0.219989,	-0.0219117,	0.131096,	-0.957239,	-0.214548,	-0.0217433,	-0.00763974,	-0.890087,	-0.329096,	-0.021289,	-0.11557,	-0.605268,	-0.414501,	-0.0154857,	-0.437292,	-0.364,	0.62136,	-0.05488,	11527,	-191,	9,	-568,	11427,	155,	-32,	-167,	11407,	78,	-9,	-371,	
1,	9,	541282,	1.65255e+015,	-3,	-8,	-7,	-15,	-5,	0,	-2,	-2,	1.65255e+009,	-0.675599,	-0.269808,	-0.262493,	-0.0657888,	-0.915314,	-0.219989,	-0.0219117,	0.131096,	-0.957239,	-0.214548,	-0.0217433,	-0.00763974,	-0.890087,	-0.329096,	-0.021289,	-0.11557,	-0.605268,	-0.414501,	-0.0154857,	-0.437292,	-0.364,	0.62136,	-0.05488,	11537,	-192,	8,	-568,	11437,	155,	-32,	-166,	11417,	79,	-9,	-370,	
1,	9,	541360,	1.65255e+015,	0,	0,	0,	-1,	-3,	-2,	-2,	0,	1.65255e+009,	-0.675599,	-0.269808,	-0.262493,	-0.0657888,	-0.915314,	-0.219989,	-0.0219117,	0.131096,	-0.957239,	-0.214548,	-0.0217433,	-0.00763974,	-0.890087,	-0.329096,	-0.021289,	-0.11557,	-0.605268,	-0.414501,	-0.0154857,	-0.437292,	-0.364,	0.62136,	-0.05488,	11547,	-192,	8,	-569,	11447,	156,	-31,	-165,	11427,	80,	-8,	-370,	
1,	9,	541438,	1.65255e+015,	-2,	-1,	1,	-2,	-2,	-1,	-1,	-3,	1.65255e+009,	-0.675599,	-0.269808,	-0.262493,	-0.0657888,	-0.915314,	-0.219989,	-0.0219117,	0.131096,	-0.957239,	-0.214548,	-0.0217433,	-0.00763974,	-0.890087,	-0.329096,	-0.021289,	-0.11557,	-0.605268,	-0.414501,	-0.0154857,	-0.437292,	-0.364,	0.62136,	-0.05488,	11557,	-191,	8,	-570,	11457,	156,	-30,	-165,	11437,	80,	-7,	-370,	
1,	9,	541516,	1.65255e+015,	-2,	-7,	-8,	-15,	-6,	-1,	0,	-1,	1.65255e+009,	-0.675599,	-0.269808,	-0.262493,	-0.0657888,	-0.915314,	-0.219989,	-0.0219117,	0.131096,	-0.957239,	-0.214548,	-0.0217433,	-0.00763974,	-0.890087,	-0.329096,	-0.021289,	-0.11557,	-0.605268,	-0.414501,	-0.0154857,	-0.437292,	-0.364,	0.62136,	-0.05488,	11567,	-192,	8,	-570,	11467,	156,	-30,	-165,	11447,	81,	-8,	-370,	
1,	9,	541594,	1.65255e+015,	-1,	0,	-3,	-8,	-4,	-1,	1,	0,	1.65255e+009,	-0.675599,	-0.269808,	-0.262493,	-0.0657888,	-0.915314,	-0.219989,	-0.0219117,	0.131096,	-0.957239,	-0.214548,	-0.0217433,	-0.00763974,	-0.890087,	-0.329096,	-0.021289,	-0.11557,	-0.605268,	-0.414501,	-0.0154857,	-0.437292,	-0.364,	0.62136,	-0.05488,	11577,	-192,	8,	-570,	11477,	155,	-29,	-165,	11457,	80,	-7,	-371,	
1,	9,	541657,	1.65255e+015,	-2,	-3,	-3,	-9,	-1,	0,	0,	-2,	1.65255e+009,	-0.675599,	-0.269808,	-0.262493,	-0.0657888,	-0.915314,	-0.219989,	-0.0219117,	0.131096,	-0.957239,	-0.214548,	-0.0217433,	-0.00763974,	-0.890087,	-0.329096,	-0.021289,	-0.11557,	-0.605268,	-0.414501,	-0.0154857,	-0.437292,	-0.364,	0.62136,	-0.05488,	11587,	-193,	7,	-569,	11487,	154,	-31,	-165,	11467,	79,	-7,	-370,	
1,	9,	541735,	1.65255e+015,	0,	0,	-6,	-4,	-2,	-2,	-1,	-1,	1.65255e+009,	-0.675599,	-0.269808,	-0.262493,	-0.0657888,	-0.915314,	-0.219989,	-0.0219117,	0.131096,	-0.957239,	-0.214548,	-0.0217433,	-0.00763974,	-0.890087,	-0.329096,	-0.021289,	-0.11557,	-0.605268,	-0.414501,	-0.0154857,	-0.437292,	-0.364,	0.62136,	-0.05488,	11597,	-192,	7,	-570,	11497,	154,	-32,	-165,	11477,	78,	-8,	-370,	
1,	9,	541813,	1.65255e+015,	-2,	-1,	1,	-2,	-1,	-1,	-1,	-1,	1.65255e+009,	-0.675599,	-0.269808,	-0.262493,	-0.0657888,	-0.915314,	-0.219989,	-0.0219117,	0.131096,	-0.957239,	-0.214548,	-0.0217433,	-0.00763974,	-0.890087,	-0.329096,	-0.021289,	-0.11557,	-0.605268,	-0.414501,	-0.0154857,	-0.437292,	-0.364,	0.62136,	-0.05488,	11607,	-192,	8,	-570,	11507,	154,	-32,	-165,	11487,	78,	-8,	-370,	
1,	9,	541891,	1.65255e+015,	1,	2,	7,	17,	1,	0,	0,	1,	1.65255e+009,	-0.675599,	-0.269808,	-0.262493,	-0.0657888,	-0.915314,	-0.219989,	-0.0219117,	0.131096,	-0.957239,	-0.214548,	-0.0217433,	-0.00763974,	-0.890087,	-0.329096,	-0.021289,	-0.11557,	-0.605268,	-0.414501,	-0.0154857,	-0.437292,	-0.364,	0.62136,	-0.05488,	11617,	-193,	7,	-570,	11517,	155,	-31,	-165,	11497,	78,	-10,	-370,	
2,	9,	542000,	1.65255e+015,	0,	-3,	1,	-3,	-2,	-1,	-1,	0,	1.65255e+009,	-0.675599,	-0.269808,	-0.262493,	-0.0657888,	-0.915314,	-0.219989,	-0.0219117,	0.131096,	-0.957239,	-0.214548,	-0.0217433,	-0.00763974,	-0.890087,	-0.329096,	-0.021289,	-0.11557,	-0.605268,	-0.414501,	-0.0154857,	-0.437292,	-0.364,	0.62136,	-0.05488,	11627,	-194,	7,	-570,	11527,	156,	-31,	-164,	11507,	78,	-9,	-370,	
2,	9,	542079,	1.65255e+015,	-1,	1,	0,	-6,	-3,	-2,	-2,	-1,	1.65255e+009,	-0.675599,	-0.269808,	-0.262493,	-0.0657888,	-0.915314,	-0.219989,	-0.0219117,	0.131096,	-0.957239,	-0.214548,	-0.0217433,	-0.00763974,	-0.890087,	-0.329096,	-0.021289,	-0.11557,	-0.605268,	-0.414501,	-0.0154857,	-0.437292,	-0.364,	0.62136,	-0.05488,	11637,	-194,	8,	-569,	11537,	158,	-31,	-163,	11517,	79,	-10,	-370,	
2,	9,	542157,	1.65255e+015,	-4,	-4,	-1,	-1,	-2,	-2,	0,	-1,	1.65255e+009,	-0.675599,	-0.269808,	-0.262493,	-0.0657888,	-0.915314,	-0.219989,	-0.0219117,	0.131096,	-0.957239,	-0.214548,	-0.0217433,	-0.00763974,	-0.890087,	-0.329096,	-0.021289,	-0.11557,	-0.605268,	-0.414501,	-0.0154857,	-0.437292,	-0.364,	0.62136,	-0.05488,	11647,	-194,	7,	-570,	11547,	158,	-30,	-163,	11527,	80,	-10,	-370,	
2,	9,	542235,	1.65255e+015,	0,	0,	2,	1,	0,	-2,	0,	-1,	1.65255e+009,	-0.675599,	-0.269808,	-0.262493,	-0.0657888,	-0.915314,	-0.219989,	-0.0219117,	0.131096,	-0.957239,	-0.214548,	-0.0217433,	-0.00763974,	-0.890087,	-0.329096,	-0.021289,	-0.11557,	-0.605268,	-0.414501,	-0.0154857,	-0.437292,	-0.364,	0.62136,	-0.05488,	11657,	-195,	8,	-569,	11557,	158,	-30,	-162,	11537,	81,	-11,	-370,	
2,	9,	542313,	1.65255e+015,	-1,	-2,	-4,	4,	-2,	-3,	-2,	-1,	1.65255e+009,	-0.675599,	-0.269808,	-0.262493,	-0.0657888,	-0.915314,	-0.219989,	-0.0219117,	0.131096,	-0.957239,	-0.214548,	-0.0217433,	-0.00763974,	-0.890087,	-0.329096,	-0.021289,	-0.11557,	-0.605268,	-0.414501,	-0.0154857,	-0.437292,	-0.364,	0.62136,	-0.05488,	11667,	-194,	7,	-569,	11567,	157,	-31,	-163,	11547,	79,	-12,	-370,	
2,	9,	542391,	1.65255e+015,	0,	-4,	-5,	-24,	-4,	-1,	1,	0,	1.65255e+009,	-0.675599,	-0.269808,	-0.262493,	-0.0657888,	-0.915314,	-0.219989,	-0.0219117,	0.131096,	-0.957239,	-0.214548,	-0.0217433,	-0.00763974,	-0.890087,	-0.329096,	-0.021289,	-0.11557,	-0.605268,	-0.414501,	-0.0154857,	-0.437292,	-0.364,	0.62136,	-0.05488,	11677,	-194,	8,	-569,	11577,	156,	-33,	-164,	11557,	78,	-9,	-370,	
2,	9,	542469,	1.65255e+015,	-3,	-5,	-1,	-11,	-1,	1,	0,	0,	1.65255e+009,	-0.675599,	-0.269808,	-0.262493,	-0.0657888,	-0.915314,	-0.219989,	-0.0219117,	0.131096,	-0.957239,	-0.214548,	-0.0217433,	-0.00763974,	-0.890087,	-0.329096,	-0.021289,	-0.11557,	-0.605268,	-0.414501,	-0.0154857,	-0.437292,	-0.364,	0.62136,	-0.05488,	11687,	-195,	8,	-568,	11587,	156,	-32,	-164,	11567,	77,	-10,	-370,	
2,	9,	542547,	1.65255e+015,	-1,	-3,	-4,	-2,	-3,	-1,	-1,	-1,	1.65255e+009,	-0.675599,	-0.269808,	-0.262493,	-0.0657888,	-0.915314,	-0.219989,	-0.0219117,	0.131096,	-0.957239,	-0.214548,	-0.0217433,	-0.00763974,	-0.890087,	-0.329096,	-0.021289,	-0.11557,	-0.605268,	-0.414501,	-0.0154857,	-0.437292,	-0.364,	0.62136,	-0.05488,	11697,	-193,	8,	-569,	11597,	156,	-31,	-164,	11577,	77,	-10,	-370,	
2,	9,	542625,	1.65255e+015,	-1,	-2,	-2,	12,	4,	0,	-2,	-1,	1.65255e+009,	-0.675599,	-0.269808,	-0.262493,	-0.0657888,	-0.915314,	-0.219989,	-0.0219117,	0.131096,	-0.957239,	-0.214548,	-0.0217433,	-0.00763974,	-0.890087,	-0.329096,	-0.021289,	-0.11557,	-0.605268,	-0.414501,	-0.0154857,	-0.437292,	-0.364,	0.62136,	-0.05488,	11707,	-193,	9,	-569,	11607,	157,	-31,	-164,	11587,	78,	-10,	-370,	
2,	9,	542704,	1.65255e+015,	1,	6,	-2,	-4,	-1,	1,	0,	-1,	1.65255e+009,	-0.675599,	-0.269808,	-0.262493,	-0.0657888,	-0.915314,	-0.219989,	-0.0219117,	0.131096,	-0.957239,	-0.214548,	-0.0217433,	-0.00763974,	-0.890087,	-0.329096,	-0.021289,	-0.11557,	-0.605268,	-0.414501,	-0.0154857,	-0.437292,	-0.364,	0.62136,	-0.05488,	11717,	-194,	8,	-569,	11617,	156,	-29,	-164,	11597,	80,	-9,	-371,	
2,	9,	542782,	1.65255e+015,	1,	-2,	2,	12,	2,	1,	0,	-1,	1.65255e+009,	-0.675599,	-0.269808,	-0.262493,	-0.0657888,	-0.915314,	-0.219989,	-0.0219117,	0.131096,	-0.957239,	-0.214548,	-0.0217433,	-0.00763974,	-0.890087,	-0.329096,	-0.021289,	-0.11557,	-0.605268,	-0.414501,	-0.0154857,	-0.437292,	-0.364,	0.62136,	-0.05488,	11727,	-193,	7,	-569,	11627,	155,	-31,	-164,	11607,	79,	-9,	-370,	
2,	9,	542860,	1.65255e+015,	0,	-10,	-5,	-12,	-3,	-1,	0,	-1,	1.65255e+009,	-0.675599,	-0.269808,	-0.262493,	-0.0657888,	-0.915314,	-0.219989,	-0.0219117,	0.131096,	-0.957239,	-0.214548,	-0.0217433,	-0.00763974,	-0.890087,	-0.329096,	-0.021289,	-0.11557,	-0.605268,	-0.414501,	-0.0154857,	-0.437292,	-0.364,	0.62136,	-0.05488,	11737,	-193,	7,	-568,	11637,	156,	-31,	-164,	11617,	79,	-9,	-371,	
2,	9,	542938,	1.65255e+015,	-2,	-5,	-1,	-2,	-1,	-1,	-1,	0,	1.65255e+009,	-0.675599,	-0.269808,	-0.262493,	-0.0657888,	-0.915314,	-0.219989,	-0.0219117,	0.131096,	-0.957239,	-0.214548,	-0.0217433,	-0.00763974,	-0.890087,	-0.329096,	-0.021289,	-0.11557,	-0.605268,	-0.414501,	-0.0154857,	-0.437292,	-0.364,	0.62136,	-0.05488,	11747,	-193,	8,	-568,	11647,	156,	-32,	-164,	11627,	78,	-9,	-370,	
2,	9,	543016,	1.65255e+015,	-4,	-6,	0,	3,	-2,	0,	0,	0,	1.65255e+009,	-0.675599,	-0.269808,	-0.262493,	-0.0657888,	-0.915314,	-0.219989,	-0.0219117,	0.131096,	-0.957239,	-0.214548,	-0.0217433,	-0.00763974,	-0.890087,	-0.329096,	-0.021289,	-0.11557,	-0.605268,	-0.414501,	-0.0154857,	-0.437292,	-0.364,	0.62136,	-0.05488,	11757,	-193,	8,	-568,	11657,	156,	-31,	-164,	11637,	77,	-10,	-370,	
2,	9,	543094,	1.65255e+015,	-2,	-5,	-5,	-7,	-3,	-1,	0,	-1,	1.65255e+009,	-0.675599,	-0.269808,	-0.262493,	-0.0657888,	-0.915314,	-0.219989,	-0.0219117,	0.131096,	-0.957239,	-0.214548,	-0.0217433,	-0.00763974,	-0.890087,	-0.329096,	-0.021289,	-0.11557,	-0.605268,	-0.414501,	-0.0154857,	-0.437292,	-0.364,	0.62136,	-0.05488,	11767,	-193,	8,	-568,	11667,	156,	-31,	-163,	11647,	79,	-9,	-369,	
2,	9,	543172,	1.65255e+015,	1,	1,	2,	13,	5,	1,	1,	0,	1.65255e+009,	-0.675599,	-0.269808,	-0.262493,	-0.0657888,	-0.915314,	-0.219989,	-0.0219117,	0.131096,	-0.957239,	-0.214548,	-0.0217433,	-0.00763974,	-0.890087,	-0.329096,	-0.021289,	-0.11557,	-0.605268,	-0.414501,	-0.0154857,	-0.437292,	-0.364,	0.62136,	-0.05488,	11777,	-193,	7,	-568,	11677,	155,	-30,	-163,	11657,	78,	-9,	-369,	
2,	9,	543250,	1.65255e+015,	1,	2,	1,	5,	-3,	-4,	0,	-1,	1.65255e+009,	-0.675599,	-0.269808,	-0.262493,	-0.0657888,	-0.915314,	-0.219989,	-0.0219117,	0.131096,	-0.957239,	-0.214548,	-0.0217433,	-0.00763974,	-0.890087,	-0.329096,	-0.021289,	-0.11557,	-0.605268,	-0.414501,	-0.0154857,	-0.437292,	-0.364,	0.62136,	-0.05488,	11787,	-193,	7,	-568,	11687,	155,	-30,	-163,	11667,	80,	-9,	-369,	
2,	9,	543329,	1.65255e+015,	-1,	-2,	-4,	13,	1,	1,	-3,	0,	1.65255e+009,	-0.675599,	-0.269808,	-0.262493,	-0.0657888,	-0.915314,	-0.219989,	-0.0219117,	0.131096,	-0.957239,	-0.214548,	-0.0217433,	-0.00763974,	-0.890087,	-0.329096,	-0.021289,	-0.11557,	-0.605268,	-0.414501,	-0.0154857,	-0.437292,	-0.364,	0.62136,	-0.05488,	11797,	-194,	7,	-568,	11697,	155,	-30,	-163,	11677,	79,	-9,	-369,	
2,	9,	543407,	1.65255e+015,	-2,	-1,	-6,	5,	0,	1,	-1,	0,	1.65255e+009,	-0.675599,	-0.269808,	-0.262493,	-0.0657888,	-0.915314,	-0.219989,	-0.0219117,	0.131096,	-0.957239,	-0.214548,	-0.0217433,	-0.00763974,	-0.890087,	-0.329096,	-0.021289,	-0.11557,	-0.605268,	-0.414501,	-0.0154857,	-0.437292,	-0.364,	0.62136,	-0.05488,	11807,	-193,	6,	-568,	11707,	155,	-30,	-162,	11687,	79,	-10,	-369,	
2,	9,	543485,	1.65255e+015,	0,	-1,	0,	-2,	-1,	2,	-2,	-1,	1.65255e+009,	-0.675599,	-0.269808,	-0.262493,	-0.0657888,	-0.915314,	-0.219989,	-0.0219117,	0.131096,	-0.957239,	-0.214548,	-0.0217433,	-0.00763974,	-0.890087,	-0.329096,	-0.021289,	-0.11557,	-0.605268,	-0.414501,	-0.0154857,	-0.437292,	-0.364,	0.62136,	-0.05488,	11817,	-193,	8,	-568,	11717,	154,	-30,	-163,	11697,	78,	-9,	-369,	
2,	9,	543563,	1.65255e+015,	-1,	-2,	0,	5,	4,	2,	0,	1,	1.65255e+009,	-0.675599,	-0.269808,	-0.262493,	-0.0657888,	-0.915314,	-0.219989,	-0.0219117,	0.131096,	-0.957239,	-0.214548,	-0.0217433,	-0.00763974,	-0.890087,	-0.329096,	-0.021289,	-0.11557,	-0.605268,	-0.414501,	-0.0154857,	-0.437292,	-0.364,	0.62136,	-0.05488,	11827,	-195,	9,	-568,	11727,	155,	-30,	-163,	11707,	78,	-10,	-369,	
2,	9,	543641,	1.65255e+015,	-2,	-2,	0,	1,	1,	1,	0,	-1,	1.65255e+009,	-0.675599,	-0.269808,	-0.262493,	-0.0657888,	-0.915314,	-0.219989,	-0.0219117,	0.131096,	-0.957239,	-0.214548,	-0.0217433,	-0.00763974,	-0.890087,	-0.329096,	-0.021289,	-0.11557,	-0.605268,	-0.414501,	-0.0154857,	-0.437292,	-0.364,	0.62136,	-0.05488,	11837,	-193,	9,	-567,	11737,	155,	-30,	-163,	11717,	78,	-8,	-369,	
2,	9,	543719,	1.65255e+015,	-1,	-3,	-2,	-4,	1,	-2,	1,	0,	1.65255e+009,	-0.675599,	-0.269808,	-0.262493,	-0.0657888,	-0.915314,	-0.219989,	-0.0219117,	0.131096,	-0.957239,	-0.214548,	-0.0217433,	-0.00763974,	-0.890087,	-0.329096,	-0.021289,	-0.11557,	-0.605268,	-0.414501,	-0.0154857,	-0.437292,	-0.364,	0.62136,	-0.05488,	11847,	-193,	9,	-567,	11747,	155,	-29,	-163,	11727,	78,	-10,	-369,	
2,	9,	543797,	1.65255e+015,	0,	5,	2,	4,	-1,	-1,	-2,	0,	1.65255e+009,	-0.675599,	-0.269808,	-0.262493,	-0.0657888,	-0.915314,	-0.219989,	-0.0219117,	0.131096,	-0.957239,	-0.214548,	-0.0217433,	-0.00763974,	-0.890087,	-0.329096,	-0.021289,	-0.11557,	-0.605268,	-0.414501,	-0.0154857,	-0.437292,	-0.364,	0.62136,	-0.05488,	11857,	-192,	7,	-567,	11757,	155,	-30,	-163,	11737,	79,	-9,	-369,	
2,	9,	543860,	1.65255e+015,	-1,	1,	-2,	-10,	0,	3,	0,	-1,	1.65255e+009,	-0.675599,	-0.269808,	-0.262493,	-0.0657888,	-0.915314,	-0.219989,	-0.0219117,	0.131096,	-0.957239,	-0.214548,	-0.0217433,	-0.00763974,	-0.890087,	-0.329096,	-0.021289,	-0.11557,	-0.605268,	-0.414501,	-0.0154857,	-0.437292,	-0.364,	0.62136,	-0.05488,	11867,	-193,	8,	-567,	11767,	154,	-31,	-163,	11747,	77,	-8,	-369,	
2,	9,	543922,	1.65255e+015,	-2,	-3,	0,	-5,	-1,	0,	-2,	-1,	1.65255e+009,	-0.675599,	-0.269808,	-0.262493,	-0.0657888,	-0.915314,	-0.219989,	-0.0219117,	0.131096,	-0.957239,	-0.214548,	-0.0217433,	-0.00763974,	-0.890087,	-0.329096,	-0.021289,	-0.11557,	-0.605268,	-0.414501,	-0.0154857,	-0.437292,	-0.364,	0.62136,	-0.05488,	11877,	-193,	7,	-568,	11777,	156,	-31,	-163,	11757,	78,	-10,	-369,	
2,	9,	543985,	1.65255e+015,	-2,	-4,	-5,	-2,	-2,	-1,	0,	0,	1.65255e+009,	-0.675599,	-0.269808,	-0.262493,	-0.0657888,	-0.915314,	-0.219989,	-0.0219117,	0.131096,	-0.957239,	-0.214548,	-0.0217433,	-0.00763974,	-0.890087,	-0.329096,	-0.021289,	-0.11557,	-0.605268,	-0.414501,	-0.0154857,	-0.437292,	-0.364,	0.62136,	-0.05488,	11887,	-192,	8,	-568,	11787,	157,	-31,	-163,	11767,	79,	-10,	-369,	
2,	9,	544047,	1.65255e+015,	-1,	3,	0,	4,	2,	1,	0,	0,	1.65255e+009,	-0.675599,	-0.269808,	-0.262493,	-0.0657888,	-0.915314,	-0.219989,	-0.0219117,	0.131096,	-0.957239,	-0.214548,	-0.0217433,	-0.00763974,	-0.890087,	-0.329096,	-0.021289,	-0.11557,	-0.605268,	-0.414501,	-0.0154857,	-0.437292,	-0.364,	0.62136,	-0.05488,	11897,	-192,	7,	-568,	11797,	156,	-31,	-163,	11777,	78,	-11,	-369,	
2,	9,	544110,	1.65255e+015,	-1,	-1,	1,	-5,	-4,	-1,	0,	-1,	1.65255e+009,	-0.675599,	-0.269808,	-0.262493,	-0.0657888,	-0.915314,	-0.219989,	-0.0219117,	0.131096,	-0.957239,	-0.214548,	-0.0217433,	-0.00763974,	-0.890087,	-0.329096,	-0.021289,	-0.11557,	-0.605268,	-0.414501,	-0.0154857,	-0.437292,	-0.364,	0.62136,	-0.05488,	11907,	-192,	8,	-568,	11807,	157,	-29,	-163,	11787,	79,	-10,	-369,	
2,	9,	544188,	1.65255e+015,	0,	6,	-5,	-33,	-2,	-1,	-1,	0,	1.65255e+009,	-0.675599,	-0.269808,	-0.262493,	-0.0657888,	-0.915314,	-0.219989,	-0.0219117,	0.131096,	-0.957239,	-0.214548,	-0.0217433,	-0.00763974,	-0.890087,	-0.329096,	-0.021289,	-0.11557,	-0.605268,	-0.414501,	-0.0154857,	-0.437292,	-0.364,	0.62136,	-0.05488,	11917,	-193,	8,	-568,	11817,	156,	-30,	-163,	11797,	78,	-9,	-369,	
2,	9,	544250,	1.65255e+015,	-1,	-5,	0,	5,	-2,	-2,	0,	0,	1.65255e+009,	-0.675599,	-0.269808,	-0.262493,	-0.0657888,	-0.915314,	-0.219989,	-0.0219117,	0.131096,	-0.957239,	-0.214548,	-0.0217433,	-0.00763974,	-0.890087,	-0.329096,	-0.021289,	-0.11557,	-0.605268,	-0.414501,	-0.0154857,	-0.437292,	-0.364,	0.62136,	-0.05488,	11927,	-193,	7,	-569,	11827,	157,	-29,	-162,	11807,	78,	-9,	-369,	
2,	9,	544313,	1.65255e+015,	-2,	-3,	-1,	15,	2,	0,	0,	-1,	1.65255e+009,	-0.675599,	-0.269808,	-0.262493,	-0.0657888,	-0.915314,	-0.219989,	-0.0219117,	0.131096,	-0.957239,	-0.214548,	-0.0217433,	-0.00763974,	-0.890087,	-0.329096,	-0.021289,	-0.11557,	-0.605268,	-0.414501,	-0.0154857,	-0.437292,	-0.364,	0.62136,	-0.05488,	11937,	-192,	8,	-569,	11837,	156,	-30,	-162,	11817,	78,	-9,	-369,	
2,	9,	544375,	1.65255e+015,	-2,	-5,	-11,	-46,	-3,	1,	-1,	0,	1.65255e+009,	-0.675599,	-0.269808,	-0.262493,	-0.0657888,	-0.915314,	-0.219989,	-0.0219117,	0.131096,	-0.957239,	-0.214548,	-0.0217433,	-0.00763974,	-0.890087,	-0.329096,	-0.021289,	-0.11557,	-0.605268,	-0.414501,	-0.0154857,	-0.437292,	-0.364,	0.62136,	-0.05488,	11947,	-193,	7,	-569,	11847,	156,	-30,	-162,	11827,	79,	-9,	-368,	
2,	9,	544438,	1.65255e+015,	1,	3,	-4,	-3,	0,	-1,	-3,	-1,	1.65255e+009,	-0.675599,	-0.269808,	-0.262493,	-0.0657888,	-0.915314,	-0.219989,	-0.0219117,	0.131096,	-0.957239,	-0.214548,	-0.0217433,	-0.00763974,	-0.890087,	-0.329096,	-0.021289,	-0.11557,	-0.605268,	-0.414501,	-0.0154857,	-0.437292,	-0.364,	0.62136,	-0.05488,	11957,	-192,	8,	-568,	11857,	157,	-31,	-162,	11837,	79,	-9,	-368,	
2,	9,	544516,	1.65255e+015,	2,	2,	2,	14,	0,	-3,	0,	-1,	1.65255e+009,	-0.675599,	-0.269808,	-0.262493,	-0.0657888,	-0.915314,	-0.219989,	-0.0219117,	0.131096,	-0.957239,	-0.214548,	-0.0217433,	-0.00763974,	-0.890087,	-0.329096,	-0.021289,	-0.11557,	-0.605268,	-0.414501,	-0.0154857,	-0.437292,	-0.364,	0.62136,	-0.05488,	11967,	-193,	8,	-568,	11867,	156,	-30,	-162,	11847,	79,	-10,	-368,	
2,	9,	544579,	1.65255e+015,	-1,	5,	1,	-6,	-3,	-1,	0,	2,	1.65255e+009,	-0.675599,	-0.269808,	-0.262493,	-0.0657888,	-0.915314,	-0.219989,	-0.0219117,	0.131096,	-0.957239,	-0.214548,	-0.0217433,	-0.00763974,	-0.890087,	-0.329096,	-0.021289,	-0.11557,	-0.605268,	-0.414501,	-0.0154857,	-0.437292,	-0.364,	0.62136,	-0.05488,	11977,	-193,	7,	-568,	11877,	157,	-30,	-162,	11857,	80,	-10,	-369,	
2,	9,	544657,	1.65255e+015,	1,	-3,	-3,	-3,	0,	-1,	-1,	-2,	1.65255e+009,	-0.675599,	-0.269808,	-0.262493,	-0.0657888,	-0.915314,	-0.219989,	-0.0219117,	0.131096,	-0.957239,	-0.214548,	-0.0217433,	-0.00763974,	-0.890087,	-0.329096,	-0.021289,	-0.11557,	-0.605268,	-0.414501,	-0.0154857,	-0.437292,	-0.364,	0.62136,	-0.05488,	11987,	-192,	6,	-568,	11887,	157,	-31,	-161,	11867,	80,	-10,	-368,	
2,	9,	544719,	1.65255e+015,	1,	2,	5,	-12,	-2,	2,	0,	1,	1.65255e+009,	-0.675599,	-0.269808,	-0.262493,	-0.0657888,	-0.915314,	-0.219989,	-0.0219117,	0.131096,	-0.957239,	-0.214548,	-0.0217433,	-0.00763974,	-0.890087,	-0.329096,	-0.021289,	-0.11557,	-0.605268,	-0.414501,	-0.0154857,	-0.437292,	-0.364,	0.62136,	-0.05488,	11997,	-193,	6,	-568,	11897,	158,	-30,	-161,	11877,	79,	-10,	-368,	
2,	9,	544797,	1.65255e+015,	2,	5,	5,	9,	-1,	-1,	-1,	-1,	1.65255e+009,	-0.675599,	-0.269808,	-0.262493,	-0.0657888,	-0.915314,	-0.219989,	-0.0219117,	0.131096,	-0.957239,	-0.214548,	-0.0217433,	-0.00763974,	-0.890087,	-0.329096,	-0.021289,	-0.11557,	-0.605268,	-0.414501,	-0.0154857,	-0.437292,	-0.364,	0.62136,	-0.05488,	12007,	-193,	7,	-567,	11907,	157,	-30,	-162,	11887,	79,	-10,	-368,	
2,	9,	544875,	1.65255e+015,	-1,	5,	14,	14,	-1,	-2,	0,	0,	1.65255e+009,	-0.675599,	-0.269808,	-0.262493,	-0.0657888,	-0.915314,	-0.219989,	-0.0219117,	0.131096,	-0.957239,	-0.214548,	-0.0217433,	-0.00763974,	-0.890087,	-0.329096,	-0.021289,	-0.11557,	-0.605268,	-0.414501,	-0.0154857,	-0.437292,	-0.364,	0.62136,	-0.05488,	12017,	-194,	7,	-567,	11917,	157,	-31,	-162,	11897,	79,	-11,	-368,	
2,	9,	544954,	1.65255e+015,	-1,	-2,	-1,	26,	0,	1,	0,	-2,	1.65255e+009,	-0.675599,	-0.269808,	-0.262493,	-0.0657888,	-0.915314,	-0.219989,	-0.0219117,	0.131096,	-0.957239,	-0.214548,	-0.0217433,	-0.00763974,	-0.890087,	-0.329096,	-0.021289,	-0.11557,	-0.605268,	-0.414501,	-0.0154857,	-0.437292,	-0.364,	0.62136,	-0.05488,	12027,	-193,	7,	-567,	11927,	156,	-31,	-161,	11907,	79,	-11,	-368,	
2,	9,	545016,	1.65255e+015,	-1,	1,	-2,	-8,	-4,	-1,	-1,	-3,	1.65255e+009,	-0.675599,	-0.269808,	-0.262493,	-0.0657888,	-0.915314,	-0.219989,	-0.0219117,	0.131096,	-0.957239,	-0.214548,	-0.0217433,	-0.00763974,	-0.890087,	-0.329096,	-0.021289,	-0.11557,	-0.605268,	-0.414501,	-0.0154857,	-0.437292,	-0.364,	0.62136,	-0.05488,	12037,	-194,	8,	-567,	11937,	158,	-31,	-162,	11917,	78,	-11,	-368,	
2,	9,	545110,	1.65255e+015,	-2,	1,	0,	3,	-2,	-2,	-2,	-1,	1.65255e+009,	-0.675599,	-0.269808,	-0.262493,	-0.0657888,	-0.915314,	-0.219989,	-0.0219117,	0.131096,	-0.957239,	-0.214548,	-0.0217433,	-0.00763974,	-0.890087,	-0.329096,	-0.021289,	-0.11557,	-0.605268,	-0.414501,	-0.0154857,	-0.437292,	-0.364,	0.62136,	-0.05488,	12047,	-194,	5,	-567,	11947,	158,	-31,	-162,	11927,	78,	-11,	-368,	
2,	9,	545188,	1.65255e+015,	0,	-4,	-3,	-1,	-4,	-2,	0,	-1,	1.65255e+009,	-0.675599,	-0.269808,	-0.262493,	-0.0657888,	-0.915314,	-0.219989,	-0.0219117,	0.131096,	-0.957239,	-0.214548,	-0.0217433,	-0.00763974,	-0.890087,	-0.329096,	-0.021289,	-0.11557,	-0.605268,	-0.414501,	-0.0154857,	-0.437292,	-0.364,	0.62136,	-0.05488,	12057,	-193,	6,	-566,	11957,	158,	-31,	-162,	11937,	79,	-11,	-368,	
2,	9,	545266,	1.65255e+015,	0,	2,	-7,	-4,	-4,	-3,	0,	2,	1.65255e+009,	-0.675599,	-0.269808,	-0.262493,	-0.0657888,	-0.915314,	-0.219989,	-0.0219117,	0.131096,	-0.957239,	-0.214548,	-0.0217433,	-0.00763974,	-0.890087,	-0.329096,	-0.021289,	-0.11557,	-0.605268,	-0.414501,	-0.0154857,	-0.437292,	-0.364,	0.62136,	-0.05488,	12067,	-194,	5,	-567,	11967,	157,	-32,	-162,	11947,	79,	-11,	-369,	
2,	9,	545344,	1.65255e+015,	-2,	2,	-5,	-10,	-7,	-1,	0,	-1,	1.65255e+009,	-0.675599,	-0.269808,	-0.262493,	-0.0657888,	-0.915314,	-0.219989,	-0.0219117,	0.131096,	-0.957239,	-0.214548,	-0.0217433,	-0.00763974,	-0.890087,	-0.329096,	-0.021289,	-0.11557,	-0.605268,	-0.414501,	-0.0154857,	-0.437292,	-0.364,	0.62136,	-0.05488,	12077,	-194,	6,	-567,	11977,	157,	-32,	-162,	11957,	78,	-11,	-368,	
2,	9,	545422,	1.65255e+015,	-1,	-1,	-3,	-16,	0,	-1,	0,	-1,	1.65255e+009,	-0.675599,	-0.269808,	-0.262493,	-0.0657888,	-0.915314,	-0.219989,	-0.0219117,	0.131096,	-0.957239,	-0.214548,	-0.0217433,	-0.00763974,	-0.890087,	-0.329096,	-0.021289,	-0.11557,	-0.605268,	-0.414501,	-0.0154857,	-0.437292,	-0.364,	0.62136,	-0.05488,	12087,	-193,	6,	-567,	11987,	157,	-33,	-162,	11967,	78,	-12,	-368,	
2,	9,	545500,	1.65255e+015,	0,	0,	3,	6,	-1,	0,	1,	0,	1.65255e+009,	-0.675599,	-0.269808,	-0.262493,	-0.0657888,	-0.915314,	-0.219989,	-0.0219117,	0.131096,	-0.957239,	-0.214548,	-0.0217433,	-0.00763974,	-0.890087,	-0.329096,	-0.021289,	-0.11557,	-0.605268,	-0.414501,	-0.0154857,	-0.437292,	-0.364,	0.62136,	-0.05488,	12097,	-194,	6,	-567,	11997,	157,	-32,	-162,	11977,	80,	-11,	-368,	
2,	9,	545579,	1.65255e+015,	0,	0,	0,	3,	1,	-1,	1,	-2,	1.65255e+009,	-0.675599,	-0.269808,	-0.262493,	-0.0657888,	-0.915314,	-0.219989,	-0.0219117,	0.131096,	-0.957239,	-0.214548,	-0.0217433,	-0.00763974,	-0.890087,	-0.329096,	-0.021289,	-0.11557,	-0.605268,	-0.414501,	-0.0154857,	-0.437292,	-0.364,	0.62136,	-0.05488,	12107,	-194,	6,	-567,	12007,	157,	-31,	-161,	11987,	80,	-12,	-368,	
2,	9,	545657,	1.65255e+015,	0,	3,	0,	1,	-1,	1,	-1,	-1,	1.65255e+009,	-0.675599,	-0.269808,	-0.262493,	-0.0657888,	-0.915314,	-0.219989,	-0.0219117,	0.131096,	-0.957239,	-0.214548,	-0.0217433,	-0.00763974,	-0.890087,	-0.329096,	-0.021289,	-0.11557,	-0.605268,	-0.414501,	-0.0154857,	-0.437292,	-0.364,	0.62136,	-0.05488,	12117,	-195,	6,	-566,	12017,	157,	-31,	-161,	11997,	80,	-12,	-368,	
2,	9,	545735,	1.65255e+015,	0,	0,	1,	8,	-3,	-1,	1,	-1,	1.65255e+009,	-0.675599,	-0.269808,	-0.262493,	-0.0657888,	-0.915314,	-0.219989,	-0.0219117,	0.131096,	-0.957239,	-0.214548,	-0.0217433,	-0.00763974,	-0.890087,	-0.329096,	-0.021289,	-0.11557,	-0.605268,	-0.414501,	-0.0154857,	-0.437292,	-0.364,	0.62136,	-0.05488,	12127,	-195,	7,	-566,	12027,	157,	-32,	-161,	12007,	79,	-11,	-368,	
2,	9,	545813,	1.65255e+015,	0,	-3,	-6,	-3,	2,	3,	-1,	-1,	1.65255e+009,	-0.675599,	-0.269808,	-0.262493,	-0.0657888,	-0.915314,	-0.219989,	-0.0219117,	0.131096,	-0.957239,	-0.214548,	-0.0217433,	-0.00763974,	-0.890087,	-0.329096,	-0.021289,	-0.11557,	-0.605268,	-0.414501,	-0.0154857,	-0.437292,	-0.364,	0.62136,	-0.05488,	12137,	-194,	6,	-566,	12037,	158,	-32,	-161,	12017,	78,	-12,	-368,	
2,	9,	545875,	1.65255e+015,	-1,	-2,	-3,	-3,	-1,	0,	-2,	-1,	1.65255e+009,	-0.735718,	-0.269808,	-0.262493,	-0.0657888,	-0.915314,	-0.219989,	-0.0219117,	0.131096,	-0.957239,	-0.214548,	-0.0217433,	-0.00763974,	-0.890087,	-0.329096,	-0.021289,	-0.11557,	-0.605268,	-0.414501,	-0.0154857,	-0.437292,	-0.364,	0.62136,	-0.05488,	12147,	-193,	5,	-566,	12047,	157,	-31,	-161,	12027,	79,	-12,	-367,	
2,	9,	545954,	1.65255e+015,	-2,	-6,	-2,	-4,	-1,	-1,	-1,	-2,	1.65255e+009,	-0.735718,	-0.269808,	-0.262493,	-0.0657888,	-0.85125,	-0.219989,	-0.0219117,	0.122756,	-0.957239,	-0.214548,	-0.0217433,	-0.00488942,	-0.890087,	-0.329096,	-0.021289,	-0.11282,	-0.605268,	-0.414501,	-0.0154857,	-0.434542,	-0.364,	0.62136,	-0.05488,	12157,	-194,	6,	-566,	12057,	157,	-32,	-161,	12037,	78,	-11,	-367,	
2,	9,	546016,	1.65255e+015,	2,	-7,	0,	-1,	1,	-3,	1,	-2,	1.65255e+009,	-0.735718,	-0.269808,	-0.262493,	-0.0657888,	-0.675074,	-0.143604,	-0.0178136,	0.114417,	-0.957239,	-0.214548,	-0.0217433,	-0.0021391,	-0.890087,	-0.329096,	-0.021289,	-0.11007,	-0.605268,	-0.414501,	-0.0154857,	-0.431791,	-0.364,	0.62136,	-0.05488,	12167,	-193,	6,	-566,	12067,	158,	-32,	-160,	12047,	79,	-11,	-367,	
2,	9,	546094,	1.65255e+015,	0,	-2,	-1,	0,	-1,	-2,	0,	-1,	1.65255e+009,	-0.735718,	-0.269808,	-0.262493,	-0.0657888,	-0.594994,	-0.0672188,	-0.00998132,	0.102741,	-0.957239,	-0.214548,	-0.0217433,	0.00171135,	-0.890087,	-0.329096,	-0.021289,	-0.106219,	-0.605268,	-0.414501,	-0.0154857,	-0.427941,	-0.4095,	0.62136,	-0.05488,	12177,	-193,	6,	-566,	12077,	157,	-32,	-160,	12057,	78,	-12,	-367,	
2,	9,	546157,	1.65255e+015,	3,	9,	5,	4,	0,	-2,	-1,	0,	1.65255e+009,	-0.735718,	-0.269808,	-0.262493,	-0.0657888,	-0.514914,	-0.0672188,	-0.00998132,	0.0944016,	-0.957239,	-0.214548,	-0.0217433,	0.00446167,	-0.890087,	-0.329096,	-0.021289,	-0.103469,	-0.605268,	-0.414501,	-0.0154857,	-0.42519,	-0.4095,	0.62136,	-0.05488,	12187,	-194,	6,	-566,	12087,	158,	-31,	-160,	12067,	79,	-13,	-367,	
2,	9,	546235,	1.65255e+015,	-1,	-2,	-1,	0,	-1,	0,	1,	0,	1.65255e+009,	-0.735718,	-0.269808,	-0.262493,	-0.0657888,	-0.514914,	-0.00611083,	-0.00102689,	0.0877298,	-0.957239,	-0.214548,	-0.0217433,	0.00666192,	-0.890087,	-0.329096,	-0.021289,	-0.101269,	-0.605268,	-0.414501,	-0.0154857,	-0.42299,	-0.455,	0.62136,	-0.05488,	12197,	-194,	6,	-565,	12097,	157,	-32,	-160,	12077,	79,	-12,	-367,	
2,	9,	546313,	1.65255e+015,	0,	4,	0,	0,	2,	1,	2,	0,	1.65255e+009,	-0.735718,	-0.269808,	-0.262493,	-0.0657888,	-0.434834,	-0.00611083,	-0.00102689,	0.0877298,	-0.957239,	-0.214548,	-0.0217433,	0.00666192,	-0.890087,	-0.329096,	-0.021289,	-0.101269,	-0.605268,	-0.414501,	-0.0154857,	-0.42299,	-0.455,	0.62136,	-0.05488,	12207,	-195,	5,	-565,	12107,	158,	-32,	-160,	12087,	78,	-13,	-367,	
2,	9,	546375,	1.65255e+015,	-1,	1,	-2,	0,	1,	0,	0,	1,	1.65255e+009,	-0.735718,	-0.269808,	-0.262493,	-0.0657888,	-0.434834,	-0.00611083,	-0.00102689,	0.0818631,	-0.957239,	-0.214548,	-0.0217433,	0.000795235,	-0.890087,	-0.329096,	-0.021289,	-0.0834793,	-0.605268,	-0.414501,	-0.0154857,	-0.405201,	-0.455,	0.62136,	-0.05488,	12217,	-193,	6,	-565,	12117,	159,	-31,	-160,	12097,	79,	-13,	-367,	
2,	9,	546438,	1.65255e+015,	-3,	-8,	-4,	0,	1,	0,	0,	1,	1.65255e+009,	-0.735718,	-0.269808,	-0.262493,	-0.0657888,	-0.434834,	-0.00611083,	-0.00102689,	0.0818631,	-0.957239,	-0.214548,	-0.0217433,	0.000795235,	-0.890087,	-0.329096,	-0.021289,	-0.0834793,	-0.605268,	-0.414501,	-0.0154857,	-0.405201,	-0.455,	0.62136,	-0.05488,	12227,	-194,	6,	-566,	12127,	158,	-31,	-160,	12107,	78,	-12,	-367,	
2,	9,	546500,	1.65255e+015,	-2,	0,	1,	-3,	-1,	0,	-2,	-2,	1.65255e+009,	-0.735718,	-0.269808,	-0.262493,	-0.0657888,	-0.434834,	-0.00611083,	-0.00102689,	0.0818631,	-0.957239,	-0.214548,	-0.0217433,	0.000795235,	-0.890087,	-0.329096,	-0.021289,	-0.0834793,	-0.605268,	-0.414501,	-0.0154857,	-0.405201,	-0.455,	0.62136,	-0.05488,	12237,	-194,	5,	-566,	12137,	159,	-31,	-160,	12117,	79,	-13,	-367,	
2,	9,	546579,	1.65255e+015,	1,	6,	6,	3,	0,	1,	2,	1,	1.65255e+009,	-0.735718,	-0.269808,	-0.262493,	-0.0657888,	-0.434834,	-0.00611083,	-0.00102689,	0.0818631,	-0.957239,	-0.214548,	-0.0217433,	0.000795235,	-0.890087,	-0.329096,	-0.021289,	-0.0834793,	-0.605268,	-0.414501,	-0.0154857,	-0.405201,	-0.455,	0.62136,	-0.05488,	12247,	-194,	6,	-565,	12147,	158,	-31,	-160,	12127,	79,	-12,	-366,	
2,	9,	546641,	1.65255e+015,	3,	-7,	-2,	-4,	-1,	-1,	-3,	-3,	1.65255e+009,	-0.735718,	-0.269808,	-0.262493,	-0.0657888,	-0.434834,	-0.00611083,	-0.00102689,	0.0818631,	-0.957239,	-0.214548,	-0.0217433,	0.000795235,	-0.890087,	-0.329096,	-0.021289,	-0.0834793,	-0.605268,	-0.414501,	-0.0154857,	-0.405201,	-0.455,	0.62136,	-0.05488,	12257,	-194,	6,	-566,	12157,	158,	-31,	-160,	12137,	79,	-12,	-367,	
2,	9,	546719,	1.65255e+015,	-2,	-5,	1,	2,	0,	-1,	-1,	-1,	1.65255e+009,	-0.735718,	-0.269808,	-0.262493,	-0.0657888,	-0.37077,	-0.00611083,	-0.00102689,	0.0818631,	-0.957239,	-0.214548,	-0.0217433,	0.000795235,	-0.890087,	-0.329096,	-0.021289,	-0.0834793,	-0.605268,	-0.414501,	-0.0154857,	-0.405201,	-0.455,	0.62136,	-0.05488,	12267,	-193,	5,	-566,	12167,	158,	-31,	-160,	12147,	79,	-12,	-366,	
2,	9,	546782,	1.65255e+015,	-5,	1,	-3,	-1,	-2,	-2,	-1,	-3,	1.65255e+009,	-0.735718,	-0.269808,	-0.262493,	-0.0657888,	-0.37077,	-0.00611083,	-0.00102689,	0.0818631,	-0.957239,	-0.214548,	-0.0217433,	0.000795235,	-0.890087,	-0.329096,	-0.021289,	-0.0834793,	-0.605268,	-0.414501,	-0.0154857,	-0.405201,	-0.455,	0.62136,	-0.05488,	12277,	-194,	5,	-565,	12177,	157,	-31,	-160,	12157,	78,	-13,	-366,	
2,	9,	546844,	1.65255e+015,	-2,	2,	0,	2,	0,	0,	0,	-1,	1.65255e+009,	-0.735718,	-0.269808,	-0.262493,	-0.0657888,	-0.37077,	-0.00611083,	-0.00102689,	0.0818631,	-0.878389,	-0.214548,	-0.0217433,	0.000795235,	-0.890087,	-0.329096,	-0.021289,	-0.0834793,	-0.605268,	-0.414501,	-0.0154857,	-0.405201,	-0.455,	0.62136,	-0.05488,	12287,	-194,	5,	-565,	12187,	157,	-31,	-160,	12167,	79,	-12,	-366,	
2,	9,	546907,	1.65255e+015,	0,	2,	2,	0,	0,	-3,	-2,	-2,	1.65255e+009,	-0.735718,	-0.269808,	-0.262493,	-0.0657888,	-0.37077,	-0.00611083,	-0.00102689,	0.0751914,	-0.878389,	-0.214548,	-0.0217433,	0.00299549,	-0.890087,	-0.329096,	-0.021289,	-0.081279,	-0.605268,	-0.414501,	-0.0154857,	-0.403001,	-0.4914,	0.62136,	-0.05488,	12297,	-195,	6,	-565,	12197,	158,	-33,	-160,	12177,	78,	-12,	-366,	
2,	9,	546985,	1.65255e+015,	2,	-4,	-4,	-1,	0,	-5,	-1,	-3,	1.65255e+009,	-0.735718,	-0.269808,	-0.262493,	-0.0657888,	-0.37077,	-0.00611083,	-0.00102689,	0.0751914,	-0.878389,	-0.214548,	-0.0217433,	0.00299549,	-0.890087,	-0.329096,	-0.021289,	-0.081279,	-0.605268,	-0.414501,	-0.0154857,	-0.403001,	-0.4914,	0.62136,	-0.05488,	12307,	-196,	5,	-565,	12207,	159,	-32,	-159,	12187,	78,	-12,	-366,	
2,	9,	547079,	1.65255e+015,	0,	-4,	-2,	-1,	1,	0,	-1,	1,	1.65255e+009,	-0.735718,	-0.269808,	-0.262493,	-0.0657888,	-0.37077,	-0.00611083,	-0.00102689,	0.0751914,	-0.878389,	-0.214548,	-0.0217433,	0.00299549,	-0.890087,	-0.329096,	-0.021289,	-0.081279,	-0.605268,	-0.414501,	-0.0154857,	-0.403001,	-0.4914,	0.62136,	-0.05488,	12317,	-195,	6,	-565,	12217,	158,	-33,	-159,	12197,	79,	-13,	-366,	
