1,	-1,	563516,	1.65255e+015,	-4,	-4,	-5,	-7,	1,	-2,	-2,	-1,	1.65255e+009,	-0.855959,	-0.368368,	-0.345038,	-0.00172479,	-0.947346,	-0.494975,	-0.00574569,	0.0986859,	-1.03609,	-0.533876,	-0.000448713,	-0.022306,	-1.04187,	-0.612952,	-0.0160253,	-0.0533545,	-0.780708,	-0.619509,	-0.0174966,	-0.304108,	-0.3549,	0.62136,	-0.05488,	33377,	-254,	-7,	-464,	33287,	143,	-30,	-139,	33267,	68,	-22,	-347,	
1,	-1,	563594,	1.65255e+015,	2,	2,	4,	1,	1,	-1,	-1,	-1,	1.65255e+009,	-0.855959,	-0.368368,	-0.345038,	-0.00172479,	-0.947346,	-0.494975,	-0.00574569,	0.0986859,	-1.03609,	-0.533876,	-0.000448713,	-0.022306,	-1.04187,	-0.612952,	-0.0160253,	-0.0533545,	-0.780708,	-0.619509,	-0.0174966,	-0.304108,	-0.3549,	0.62136,	-0.05488,	33387,	-254,	-6,	-464,	33297,	141,	-29,	-139,	33277,	67,	-23,	-347,	
1,	-1,	563657,	1.65255e+015,	-1,	0,	-1,	-1,	1,	0,	-1,	-1,	1.65255e+009,	-0.855959,	-0.368368,	-0.345038,	-0.00172479,	-0.947346,	-0.494975,	-0.00574569,	0.0986859,	-1.03609,	-0.533876,	-0.000448713,	-0.022306,	-1.04187,	-0.612952,	-0.0160253,	-0.0533545,	-0.780708,	-0.619509,	-0.0174966,	-0.304108,	-0.3549,	0.62136,	-0.05488,	33397,	-254,	-6,	-464,	33307,	142,	-29,	-139,	33287,	68,	-22,	-347,	
1,	-1,	563719,	1.65255e+015,	2,	0,	-3,	2,	2,	-1,	-1,	-1,	1.65255e+009,	-0.855959,	-0.368368,	-0.345038,	-0.00172479,	-0.947346,	-0.494975,	-0.00574569,	0.0986859,	-1.03609,	-0.533876,	-0.000448713,	-0.022306,	-1.04187,	-0.612952,	-0.0160253,	-0.0533545,	-0.780708,	-0.619509,	-0.0174966,	-0.304108,	-0.3549,	0.62136,	-0.05488,	33407,	-253,	-5,	-464,	33317,	143,	-29,	-139,	33297,	68,	-22,	-347,	
1,	-1,	563797,	1.65255e+015,	-2,	-3,	-2,	-10,	-2,	-2,	-1,	-1,	1.65255e+009,	-0.855959,	-0.368368,	-0.345038,	-0.00172479,	-0.947346,	-0.494975,	-0.00574569,	0.0986859,	-1.03609,	-0.533876,	-0.000448713,	-0.022306,	-1.04187,	-0.612952,	-0.0160253,	-0.0533545,	-0.780708,	-0.619509,	-0.0174966,	-0.304108,	-0.3549,	0.62136,	-0.05488,	33417,	-255,	-6,	-464,	33327,	143,	-29,	-139,	33307,	68,	-23,	-346,	
1,	-1,	563891,	1.65255e+015,	-1,	2,	-4,	-1,	1,	-3,	-2,	-2,	1.65255e+009,	-0.855959,	-0.368368,	-0.345038,	-0.0214368,	-0.947346,	-0.494975,	-0.00574569,	0.0986859,	-1.03609,	-0.533876,	-0.000448713,	-0.022306,	-1.04187,	-0.612952,	-0.0160253,	-0.0533545,	-0.780708,	-0.619509,	-0.0174966,	-0.304108,	-0.3549,	0.62136,	-0.05488,	33427,	-253,	-6,	-463,	33337,	143,	-30,	-139,	33317,	67,	-22,	-346,	
1,	-1,	563969,	1.65255e+015,	-1,	2,	6,	-1,	-1,	2,	0,	1,	1.65255e+009,	-0.855959,	-0.368368,	-0.345038,	-0.0214368,	-0.947346,	-0.494975,	-0.00574569,	0.0986859,	-1.03609,	-0.533876,	-0.000448713,	-0.022306,	-1.04187,	-0.612952,	-0.0160253,	-0.0533545,	-0.780708,	-0.619509,	-0.0174966,	-0.304108,	-0.3549,	0.62136,	-0.05488,	33437,	-255,	-7,	-463,	33347,	142,	-29,	-139,	33327,	66,	-23,	-346,	
1,	-1,	564047,	1.65255e+015,	0,	-2,	4,	12,	1,	1,	-2,	0,	1.65255e+009,	-0.855959,	-0.368368,	-0.345038,	-0.0214368,	-0.947346,	-0.494975,	-0.00574569,	0.0986859,	-1.03609,	-0.533876,	-0.000448713,	-0.022306,	-1.04187,	-0.612952,	-0.0160253,	-0.0533545,	-0.780708,	-0.619509,	-0.0174966,	-0.304108,	-0.3549,	0.62136,	-0.05488,	33447,	-253,	-7,	-464,	33357,	143,	-29,	-139,	33337,	67,	-23,	-345,	
1,	-1,	564125,	1.65255e+015,	1,	2,	2,	64,	7,	1,	0,	0,	1.65255e+009,	-0.855959,	-0.368368,	-0.345038,	-0.0214368,	-0.947346,	-0.494975,	-0.00574569,	0.0986859,	-1.03609,	-0.533876,	-0.000448713,	-0.022306,	-1.04187,	-0.612952,	-0.0160253,	-0.0533545,	-0.780708,	-0.619509,	-0.0174966,	-0.304108,	-0.3549,	0.62136,	-0.05488,	33457,	-254,	-7,	-463,	33367,	144,	-28,	-139,	33347,	66,	-23,	-345,	
1,	-1,	564204,	1.65255e+015,	0,	-2,	-5,	-3,	0,	2,	0,	1,	1.65255e+009,	-0.855959,	-0.368368,	-0.345038,	-0.0214368,	-0.947346,	-0.494975,	-0.00574569,	0.0986859,	-1.03609,	-0.533876,	-0.000448713,	-0.022306,	-1.04187,	-0.612952,	-0.0160253,	-0.0533545,	-0.780708,	-0.619509,	-0.0174966,	-0.304108,	-0.3549,	0.62136,	-0.05488,	33467,	-255,	-8,	-463,	33377,	142,	-29,	-139,	33357,	67,	-23,	-346,	
1,	-1,	564282,	1.65255e+015,	-1,	2,	3,	-2,	-3,	-3,	-1,	-2,	1.65255e+009,	-0.855959,	-0.368368,	-0.345038,	-0.0214368,	-0.947346,	-0.494975,	-0.00574569,	0.0986859,	-1.03609,	-0.533876,	-0.000448713,	-0.022306,	-1.04187,	-0.612952,	-0.0160253,	-0.0533545,	-0.780708,	-0.619509,	-0.0174966,	-0.304108,	-0.3549,	0.62136,	-0.05488,	33477,	-255,	-7,	-463,	33387,	142,	-29,	-139,	33367,	67,	-23,	-346,	
1,	-1,	564375,	1.65255e+015,	1,	0,	0,	-3,	-3,	-1,	0,	-1,	1.65255e+009,	-0.855959,	-0.368368,	-0.345038,	-0.0214368,	-0.947346,	-0.494975,	-0.00574569,	0.0986859,	-1.03609,	-0.533876,	-0.000448713,	-0.022306,	-1.04187,	-0.612952,	-0.0160253,	-0.0533545,	-0.780708,	-0.619509,	-0.0174966,	-0.304108,	-0.3549,	0.62136,	-0.05488,	33487,	-256,	-6,	-463,	33397,	142,	-30,	-139,	33377,	67,	-23,	-346,	
1,	-1,	564454,	1.65255e+015,	-3,	-1,	-1,	-7,	-6,	-2,	0,	-1,	1.65255e+009,	-0.855959,	-0.368368,	-0.345038,	-0.0214368,	-0.947346,	-0.494975,	-0.00574569,	0.0986859,	-1.03609,	-0.533876,	-0.000448713,	-0.022306,	-1.04187,	-0.612952,	-0.0160253,	-0.0533545,	-0.780708,	-0.619509,	-0.0174966,	-0.304108,	-0.3549,	0.62136,	-0.05488,	33497,	-255,	-5,	-463,	33407,	144,	-30,	-139,	33387,	67,	-23,	-346,	
1,	-1,	564532,	1.65255e+015,	-3,	-5,	0,	1,	0,	-1,	0,	0,	1.65255e+009,	-0.855959,	-0.368368,	-0.345038,	-0.0214368,	-0.947346,	-0.494975,	-0.00574569,	0.0986859,	-1.03609,	-0.533876,	-0.000448713,	-0.022306,	-1.04187,	-0.612952,	-0.0160253,	-0.0533545,	-0.780708,	-0.619509,	-0.0174966,	-0.304108,	-0.3549,	0.62136,	-0.05488,	33507,	-255,	-5,	-463,	33417,	144,	-30,	-139,	33397,	68,	-24,	-346,	
1,	-1,	564610,	1.65255e+015,	0,	2,	-6,	-15,	-1,	2,	0,	0,	1.65255e+009,	-0.855959,	-0.368368,	-0.345038,	-0.0214368,	-0.947346,	-0.494975,	-0.00574569,	0.0986859,	-1.03609,	-0.533876,	-0.000448713,	-0.022306,	-1.04187,	-0.612952,	-0.0160253,	-0.0533545,	-0.780708,	-0.619509,	-0.0174966,	-0.304108,	-0.3549,	0.62136,	-0.05488,	33517,	-256,	-7,	-463,	33427,	143,	-30,	-139,	33407,	67,	-23,	-346,	
1,	-1,	564688,	1.65255e+015,	-1,	-1,	-3,	-15,	-6,	-5,	-3,	-2,	1.65255e+009,	-0.855959,	-0.368368,	-0.345038,	-0.0214368,	-0.947346,	-0.494975,	-0.00574569,	0.0986859,	-1.03609,	-0.533876,	-0.000448713,	-0.022306,	-1.04187,	-0.612952,	-0.0160253,	-0.0533545,	-0.780708,	-0.619509,	-0.0174966,	-0.304108,	-0.3549,	0.62136,	-0.05488,	33527,	-256,	-6,	-462,	33437,	143,	-30,	-139,	33417,	67,	-23,	-347,	
1,	-1,	564766,	1.65255e+015,	1,	0,	-2,	1,	5,	1,	1,	0,	1.65255e+009,	-0.855959,	-0.368368,	-0.345038,	-0.0214368,	-0.947346,	-0.494975,	-0.00574569,	0.0986859,	-1.03609,	-0.533876,	-0.000448713,	-0.022306,	-1.04187,	-0.612952,	-0.0160253,	-0.0533545,	-0.780708,	-0.619509,	-0.0174966,	-0.304108,	-0.3549,	0.62136,	-0.05488,	33537,	-257,	-7,	-462,	33447,	143,	-30,	-139,	33427,	67,	-22,	-347,	
1,	-1,	564844,	1.65255e+015,	1,	4,	3,	-6,	0,	2,	0,	0,	1.65255e+009,	-0.855959,	-0.368368,	-0.345038,	-0.0214368,	-0.947346,	-0.494975,	-0.00574569,	0.0986859,	-1.03609,	-0.533876,	-0.000448713,	-0.022306,	-1.04187,	-0.612952,	-0.0160253,	-0.0533545,	-0.780708,	-0.619509,	-0.0174966,	-0.304108,	-0.3549,	0.62136,	-0.05488,	33547,	-256,	-7,	-461,	33457,	143,	-30,	-139,	33437,	68,	-24,	-347,	
1,	-1,	564922,	1.65255e+015,	-5,	-11,	0,	0,	1,	0,	-2,	-2,	1.65255e+009,	-0.855959,	-0.368368,	-0.345038,	-0.0214368,	-0.947346,	-0.494975,	-0.00574569,	0.0986859,	-1.03609,	-0.533876,	-0.000448713,	-0.022306,	-1.04187,	-0.612952,	-0.0160253,	-0.0533545,	-0.780708,	-0.619509,	-0.0174966,	-0.304108,	-0.3549,	0.62136,	-0.05488,	33557,	-255,	-7,	-461,	33467,	143,	-30,	-139,	33447,	68,	-23,	-347,	
1,	-1,	565000,	1.65255e+015,	-2,	-14,	-6,	-6,	2,	-2,	0,	-1,	1.65255e+009,	-0.855959,	-0.368368,	-0.345038,	-0.0214368,	-0.947346,	-0.494975,	-0.00574569,	0.0986859,	-1.03609,	-0.533876,	-0.000448713,	-0.022306,	-1.04187,	-0.612952,	-0.0160253,	-0.0533545,	-0.780708,	-0.619509,	-0.0174966,	-0.304108,	-0.3549,	0.62136,	-0.05488,	33567,	-255,	-7,	-460,	33477,	143,	-30,	-139,	33457,	67,	-24,	-347,	
1,	-1,	565079,	1.65255e+015,	-1,	-4,	1,	3,	-1,	-2,	-1,	-2,	1.65255e+009,	-0.855959,	-0.368368,	-0.345038,	-0.0214368,	-0.947346,	-0.494975,	-0.00574569,	0.0986859,	-1.03609,	-0.533876,	-0.000448713,	-0.022306,	-1.04187,	-0.612952,	-0.0160253,	-0.0533545,	-0.780708,	-0.619509,	-0.0174966,	-0.304108,	-0.3549,	0.62136,	-0.05488,	33577,	-255,	-7,	-460,	33487,	142,	-29,	-139,	33467,	67,	-23,	-347,	
1,	-1,	565172,	1.65255e+015,	2,	2,	0,	-10,	4,	-1,	1,	0,	1.65255e+009,	-0.855959,	-0.368368,	-0.345038,	-0.0214368,	-0.947346,	-0.494975,	-0.00574569,	0.0986859,	-1.03609,	-0.533876,	-0.000448713,	-0.022306,	-1.04187,	-0.612952,	-0.0160253,	-0.0533545,	-0.780708,	-0.619509,	-0.0174966,	-0.304108,	-0.3549,	0.62136,	-0.05488,	33587,	-255,	-7,	-460,	33497,	143,	-30,	-139,	33477,	67,	-23,	-347,	
1,	-1,	565250,	1.65255e+015,	0,	1,	-14,	-83,	-9,	-1,	-1,	0,	1.65255e+009,	-0.855959,	-0.368368,	-0.345038,	-0.0214368,	-0.947346,	-0.494975,	-0.00574569,	0.0986859,	-1.03609,	-0.533876,	-0.000448713,	-0.022306,	-1.04187,	-0.612952,	-0.0160253,	-0.0533545,	-0.780708,	-0.619509,	-0.0174966,	-0.304108,	-0.3549,	0.62136,	-0.05488,	33597,	-255,	-7,	-460,	33507,	142,	-30,	-139,	33487,	67,	-24,	-347,	
1,	-1,	565329,	1.65255e+015,	-1,	8,	1,	-10,	0,	-1,	0,	0,	1.65255e+009,	-0.855959,	-0.368368,	-0.345038,	-0.0214368,	-0.947346,	-0.494975,	-0.00574569,	0.0986859,	-1.03609,	-0.533876,	-0.000448713,	-0.022306,	-1.04187,	-0.612952,	-0.0160253,	-0.0533545,	-0.780708,	-0.619509,	-0.0174966,	-0.304108,	-0.3549,	0.62136,	-0.05488,	33607,	-255,	-6,	-460,	33517,	142,	-30,	-140,	33497,	67,	-23,	-347,	
1,	-1,	565407,	1.65255e+015,	0,	4,	0,	-2,	-3,	-2,	-2,	-2,	1.65255e+009,	-0.855959,	-0.368368,	-0.345038,	-0.0214368,	-0.947346,	-0.494975,	-0.00574569,	0.0986859,	-1.03609,	-0.533876,	-0.000448713,	-0.022306,	-1.04187,	-0.612952,	-0.0160253,	-0.0533545,	-0.780708,	-0.619509,	-0.0174966,	-0.304108,	-0.3549,	0.62136,	-0.05488,	33617,	-255,	-6,	-460,	33527,	142,	-30,	-139,	33507,	67,	-23,	-347,	
1,	-1,	565485,	1.65255e+015,	-1,	-2,	-2,	-9,	-2,	-2,	-1,	-2,	1.65255e+009,	-0.855959,	-0.368368,	-0.345038,	-0.0214368,	-0.947346,	-0.494975,	-0.00574569,	0.0986859,	-1.03609,	-0.533876,	-0.000448713,	-0.022306,	-1.04187,	-0.612952,	-0.0160253,	-0.0533545,	-0.780708,	-0.619509,	-0.0174966,	-0.304108,	-0.3549,	0.62136,	-0.05488,	33627,	-256,	-6,	-460,	33537,	143,	-30,	-139,	33517,	68,	-24,	-347,	
1,	-1,	565563,	1.65255e+015,	-3,	-10,	-3,	8,	1,	0,	0,	-3,	1.65255e+009,	-0.855959,	-0.368368,	-0.345038,	-0.0214368,	-0.947346,	-0.494975,	-0.00574569,	0.0986859,	-1.03609,	-0.533876,	-0.000448713,	-0.022306,	-1.04187,	-0.612952,	-0.0160253,	-0.0533545,	-0.780708,	-0.619509,	-0.0174966,	-0.304108,	-0.3549,	0.62136,	-0.05488,	33637,	-256,	-6,	-460,	33547,	143,	-31,	-139,	33527,	68,	-23,	-347,	
1,	-1,	565641,	1.65255e+015,	-1,	-2,	-8,	-13,	-3,	-1,	-1,	-1,	1.65255e+009,	-0.855959,	-0.368368,	-0.345038,	-0.0214368,	-0.947346,	-0.494975,	-0.00574569,	0.0986859,	-1.03609,	-0.533876,	-0.000448713,	-0.022306,	-1.04187,	-0.612952,	-0.0160253,	-0.0533545,	-0.780708,	-0.619509,	-0.0174966,	-0.304108,	-0.3549,	0.62136,	-0.05488,	33647,	-256,	-7,	-459,	33557,	142,	-31,	-139,	33537,	68,	-24,	-347,	
1,	-1,	565719,	1.65255e+015,	-5,	-5,	-8,	-8,	-2,	-1,	1,	0,	1.65255e+009,	-0.855959,	-0.368368,	-0.345038,	-0.0214368,	-0.947346,	-0.494975,	-0.00574569,	0.0986859,	-1.03609,	-0.533876,	-0.000448713,	-0.022306,	-1.04187,	-0.612952,	-0.0160253,	-0.0533545,	-0.780708,	-0.619509,	-0.0174966,	-0.304108,	-0.3549,	0.62136,	-0.05488,	33657,	-256,	-8,	-459,	33567,	142,	-31,	-139,	33547,	68,	-24,	-346,	
1,	-1,	565813,	1.65255e+015,	0,	0,	0,	8,	3,	0,	-2,	2,	1.65255e+009,	-0.855959,	-0.368368,	-0.345038,	-0.0214368,	-0.947346,	-0.494975,	-0.00574569,	0.0986859,	-1.03609,	-0.533876,	-0.000448713,	-0.022306,	-1.04187,	-0.612952,	-0.0160253,	-0.0533545,	-0.780708,	-0.619509,	-0.0174966,	-0.304108,	-0.3549,	0.62136,	-0.05488,	33667,	-257,	-7,	-458,	33577,	143,	-30,	-139,	33557,	67,	-24,	-347,	
1,	-1,	565891,	1.65255e+015,	1,	7,	1,	-2,	1,	1,	0,	-2,	1.65255e+009,	-0.855959,	-0.368368,	-0.345038,	-0.0214368,	-0.947346,	-0.494975,	-0.00574569,	0.0986859,	-1.03609,	-0.533876,	-0.000448713,	-0.022306,	-1.04187,	-0.612952,	-0.0160253,	-0.0533545,	-0.780708,	-0.619509,	-0.0174966,	-0.304108,	-0.3549,	0.62136,	-0.05488,	33677,	-256,	-8,	-458,	33587,	143,	-30,	-139,	33567,	67,	-23,	-347,	
1,	-1,	565969,	1.65255e+015,	-1,	-1,	-2,	-5,	-1,	0,	0,	-1,	1.65255e+009,	-0.855959,	-0.368368,	-0.345038,	-0.0214368,	-0.947346,	-0.494975,	-0.00574569,	0.0986859,	-1.03609,	-0.533876,	-0.000448713,	-0.022306,	-1.04187,	-0.612952,	-0.0160253,	-0.0533545,	-0.780708,	-0.619509,	-0.0174966,	-0.304108,	-0.3549,	0.62136,	-0.05488,	33687,	-257,	-7,	-458,	33597,	143,	-30,	-138,	33577,	67,	-24,	-347,	
1,	-1,	566047,	1.65255e+015,	1,	2,	1,	14,	2,	-1,	-1,	-2,	1.65255e+009,	-0.855959,	-0.368368,	-0.345038,	-0.0214368,	-0.947346,	-0.494975,	-0.00574569,	0.0986859,	-1.03609,	-0.533876,	-0.000448713,	-0.022306,	-1.04187,	-0.612952,	-0.0160253,	-0.0533545,	-0.780708,	-0.619509,	-0.0174966,	-0.304108,	-0.3549,	0.62136,	-0.05488,	33697,	-258,	-7,	-458,	33607,	143,	-30,	-138,	33587,	67,	-24,	-347,	
1,	-1,	566125,	1.65255e+015,	-2,	2,	2,	8,	2,	0,	1,	-1,	1.65255e+009,	-0.855959,	-0.368368,	-0.345038,	-0.0214368,	-0.947346,	-0.494975,	-0.00574569,	0.0986859,	-1.03609,	-0.533876,	-0.000448713,	-0.022306,	-1.04187,	-0.612952,	-0.0160253,	-0.0533545,	-0.780708,	-0.619509,	-0.0174966,	-0.304108,	-0.3549,	0.62136,	-0.05488,	33707,	-258,	-8,	-457,	33617,	142,	-30,	-138,	33597,	67,	-23,	-347,	
1,	-1,	566204,	1.65255e+015,	1,	2,	4,	18,	1,	-1,	0,	0,	1.65255e+009,	-0.855959,	-0.368368,	-0.345038,	-0.0214368,	-0.947346,	-0.494975,	-0.00574569,	0.0986859,	-1.03609,	-0.533876,	-0.000448713,	-0.022306,	-1.04187,	-0.612952,	-0.0160253,	-0.0533545,	-0.780708,	-0.619509,	-0.0174966,	-0.304108,	-0.3549,	0.62136,	-0.05488,	33717,	-258,	-8,	-457,	33627,	142,	-30,	-139,	33607,	67,	-24,	-347,	
1,	-1,	566282,	1.65255e+015,	1,	0,	-3,	-1,	-2,	-1,	-1,	-1,	1.65255e+009,	-0.855959,	-0.368368,	-0.345038,	-0.0214368,	-0.947346,	-0.494975,	-0.00574569,	0.0986859,	-1.03609,	-0.533876,	-0.000448713,	-0.022306,	-1.04187,	-0.612952,	-0.0160253,	-0.0533545,	-0.780708,	-0.619509,	-0.0174966,	-0.304108,	-0.3549,	0.62136,	-0.05488,	33727,	-260,	-7,	-456,	33637,	142,	-29,	-139,	33617,	67,	-23,	-347,	
1,	-1,	566360,	1.65255e+015,	2,	5,	-2,	-1,	-3,	-2,	0,	0,	1.65255e+009,	-0.855959,	-0.368368,	-0.345038,	-0.0214368,	-0.947346,	-0.494975,	-0.00574569,	0.0986859,	-1.03609,	-0.533876,	-0.000448713,	-0.022306,	-1.04187,	-0.612952,	-0.0160253,	-0.0533545,	-0.780708,	-0.619509,	-0.0174966,	-0.304108,	-0.3549,	0.62136,	-0.05488,	33737,	-261,	-6,	-453,	33647,	143,	-31,	-139,	33627,	67,	-24,	-347,	
1,	-1,	566438,	1.65255e+015,	0,	0,	-5,	-20,	-7,	-5,	-1,	-1,	1.65255e+009,	-0.855959,	-0.368368,	-0.345038,	-0.0214368,	-0.947346,	-0.494975,	-0.00574569,	0.0986859,	-1.03609,	-0.533876,	-0.000448713,	-0.022306,	-1.04187,	-0.612952,	-0.0160253,	-0.0533545,	-0.780708,	-0.619509,	-0.0174966,	-0.304108,	-0.3549,	0.62136,	-0.05488,	33747,	-263,	-7,	-449,	33657,	142,	-31,	-139,	33637,	67,	-23,	-347,	
1,	-1,	566516,	1.65255e+015,	-1,	0,	-2,	4,	0,	0,	1,	-1,	1.65255e+009,	-0.855959,	-0.368368,	-0.345038,	-0.0214368,	-0.947346,	-0.494975,	-0.00574569,	0.0986859,	-1.03609,	-0.533876,	-0.000448713,	-0.022306,	-1.04187,	-0.612952,	-0.0160253,	-0.0533545,	-0.780708,	-0.619509,	-0.0174966,	-0.304108,	-0.3549,	0.62136,	-0.05488,	33757,	-264,	-8,	-445,	33667,	142,	-31,	-138,	33647,	67,	-23,	-347,	
1,	-1,	566594,	1.65255e+015,	-2,	1,	0,	-5,	-1,	-1,	-1,	0,	1.65255e+009,	-0.855959,	-0.368368,	-0.345038,	-0.0214368,	-0.947346,	-0.494975,	-0.00574569,	0.0986859,	-1.03609,	-0.533876,	-0.000448713,	-0.022306,	-1.04187,	-0.612952,	-0.0160253,	-0.0533545,	-0.780708,	-0.619509,	-0.0174966,	-0.304108,	-0.3549,	0.62136,	-0.05488,	33767,	-266,	-9,	-442,	33677,	143,	-31,	-138,	33657,	67,	-24,	-347,	
2,	-1,	566704,	1.65255e+015,	0,	-5,	-10,	-36,	0,	2,	0,	0,	1.65255e+009,	-0.855959,	-0.368368,	-0.345038,	-0.0214368,	-0.947346,	-0.494975,	-0.00574569,	0.0986859,	-1.03609,	-0.533876,	-0.000448713,	-0.022306,	-1.04187,	-0.612952,	-0.0160253,	-0.0533545,	-0.780708,	-0.619509,	-0.0174966,	-0.304108,	-0.3549,	0.62136,	-0.05488,	33777,	-268,	-11,	-441,	33687,	143,	-29,	-138,	33667,	67,	-23,	-346,	
2,	-1,	566782,	1.65255e+015,	0,	3,	6,	10,	2,	1,	0,	1,	1.65255e+009,	-0.855959,	-0.368368,	-0.345038,	-0.0214368,	-0.947346,	-0.494975,	-0.00574569,	0.0986859,	-1.03609,	-0.533876,	-0.000448713,	-0.022306,	-1.04187,	-0.612952,	-0.0160253,	-0.0533545,	-0.780708,	-0.619509,	-0.0174966,	-0.304108,	-0.3549,	0.62136,	-0.05488,	33787,	-270,	-12,	-439,	33697,	142,	-30,	-138,	33677,	66,	-24,	-346,	
2,	-1,	566860,	1.65255e+015,	1,	0,	-1,	-6,	-1,	0,	-2,	-1,	1.65255e+009,	-0.855959,	-0.368368,	-0.345038,	-0.0214368,	-0.947346,	-0.494975,	-0.00574569,	0.0986859,	-1.03609,	-0.533876,	-0.000448713,	-0.022306,	-1.04187,	-0.612952,	-0.0160253,	-0.0533545,	-0.780708,	-0.619509,	-0.0174966,	-0.304108,	-0.3549,	0.62136,	-0.05488,	33797,	-274,	-13,	-436,	33707,	142,	-30,	-138,	33687,	68,	-23,	-346,	
2,	-1,	566938,	1.65255e+015,	1,	3,	0,	1,	-1,	0,	0,	0,	1.65255e+009,	-0.855959,	-0.368368,	-0.345038,	-0.0214368,	-0.947346,	-0.494975,	-0.00574569,	0.0986859,	-1.03609,	-0.533876,	-0.000448713,	-0.022306,	-1.04187,	-0.612952,	-0.0160253,	-0.0533545,	-0.780708,	-0.619509,	-0.0174966,	-0.304108,	-0.3549,	0.62136,	-0.05488,	33807,	-276,	-11,	-431,	33717,	142,	-31,	-137,	33697,	67,	-24,	-346,	
2,	-1,	567016,	1.65255e+015,	-2,	-3,	-3,	3,	-1,	-2,	1,	-1,	1.65255e+009,	-0.855959,	-0.368368,	-0.345038,	-0.0214368,	-0.947346,	-0.494975,	-0.00574569,	0.0986859,	-1.03609,	-0.533876,	-0.000448713,	-0.022306,	-1.04187,	-0.612952,	-0.0160253,	-0.0533545,	-0.780708,	-0.619509,	-0.0174966,	-0.304108,	-0.3549,	0.62136,	-0.05488,	33817,	-280,	-13,	-426,	33727,	142,	-31,	-138,	33707,	67,	-24,	-346,	
2,	-1,	567094,	1.65255e+015,	-1,	-3,	-8,	-26,	-6,	-1,	0,	1,	1.65255e+009,	-0.855959,	-0.368368,	-0.345038,	-0.0214368,	-0.947346,	-0.494975,	-0.00574569,	0.0986859,	-1.03609,	-0.533876,	-0.000448713,	-0.022306,	-1.04187,	-0.612952,	-0.0160253,	-0.0533545,	-0.780708,	-0.619509,	-0.0174966,	-0.304108,	-0.3549,	0.62136,	-0.05488,	33827,	-283,	-13,	-423,	33737,	141,	-30,	-137,	33717,	67,	-23,	-346,	
2,	-1,	567172,	1.65255e+015,	1,	1,	-1,	2,	-1,	0,	-1,	0,	1.65255e+009,	-0.855959,	-0.368368,	-0.345038,	-0.0214368,	-0.947346,	-0.494975,	-0.00574569,	0.0986859,	-1.03609,	-0.533876,	-0.000448713,	-0.022306,	-1.04187,	-0.612952,	-0.0160253,	-0.0533545,	-0.780708,	-0.619509,	-0.0174966,	-0.304108,	-0.3549,	0.62136,	-0.05488,	33837,	-288,	-15,	-420,	33747,	141,	-31,	-137,	33727,	67,	-23,	-346,	
2,	-1,	567250,	1.65255e+015,	-1,	-6,	-10,	-2,	-3,	-3,	-1,	-2,	1.65255e+009,	-0.855959,	-0.368368,	-0.345038,	-0.0214368,	-0.947346,	-0.494975,	-0.00574569,	0.0986859,	-1.03609,	-0.533876,	-0.000448713,	-0.022306,	-1.04187,	-0.612952,	-0.0160253,	-0.0533545,	-0.780708,	-0.619509,	-0.0174966,	-0.304108,	-0.3549,	0.62136,	-0.05488,	33847,	-292,	-16,	-417,	33757,	143,	-31,	-136,	33737,	67,	-24,	-345,	
2,	-1,	567344,	1.65255e+015,	1,	5,	1,	-3,	-1,	-1,	1,	-1,	1.65255e+009,	-0.855959,	-0.368368,	-0.345038,	-0.0214368,	-0.947346,	-0.494975,	-0.00574569,	0.0986859,	-1.03609,	-0.533876,	-0.000448713,	-0.022306,	-1.04187,	-0.612952,	-0.0160253,	-0.0533545,	-0.780708,	-0.619509,	-0.0174966,	-0.304108,	-0.3549,	0.62136,	-0.05488,	33857,	-295,	-16,	-413,	33767,	143,	-30,	-135,	33747,	65,	-25,	-343,	
2,	-1,	567422,	1.65255e+015,	-2,	-3,	-3,	-2,	1,	-3,	0,	0,	1.65255e+009,	-0.855959,	-0.368368,	-0.345038,	-0.0214368,	-0.947346,	-0.494975,	-0.00574569,	0.0986859,	-1.03609,	-0.533876,	-0.000448713,	-0.022306,	-1.04187,	-0.612952,	-0.0160253,	-0.0533545,	-0.780708,	-0.619509,	-0.0174966,	-0.304108,	-0.3549,	0.62136,	-0.05488,	33867,	-300,	-17,	-409,	33777,	144,	-30,	-133,	33757,	65,	-28,	-341,	
2,	-1,	567500,	1.65255e+015,	-1,	-4,	-2,	-4,	-3,	-4,	-1,	0,	1.65255e+009,	-0.855959,	-0.368368,	-0.345038,	-0.0214368,	-0.947346,	-0.494975,	-0.00574569,	0.0986859,	-1.03609,	-0.533876,	-0.000448713,	-0.022306,	-1.04187,	-0.612952,	-0.0160253,	-0.0533545,	-0.780708,	-0.619509,	-0.0174966,	-0.304108,	-0.3549,	0.62136,	-0.05488,	33877,	-301,	-17,	-406,	33787,	145,	-29,	-130,	33767,	65,	-30,	-338,	
2,	-1,	567579,	1.65255e+015,	-3,	-3,	-2,	3,	-1,	-1,	-1,	-1,	1.65255e+009,	-0.855959,	-0.368368,	-0.345038,	-0.0214368,	-0.947346,	-0.494975,	-0.00574569,	0.0986859,	-1.03609,	-0.533876,	-0.000448713,	-0.022306,	-1.04187,	-0.612952,	-0.0160253,	-0.0533545,	-0.780708,	-0.619509,	-0.0174966,	-0.304108,	-0.3549,	0.62136,	-0.05488,	33887,	-305,	-17,	-404,	33797,	146,	-27,	-128,	33777,	65,	-31,	-334,	
2,	-1,	567657,	1.65255e+015,	-2,	-2,	4,	3,	0,	0,	-1,	-1,	1.65255e+009,	-0.855959,	-0.368368,	-0.345038,	-0.0214368,	-0.947346,	-0.494975,	-0.00574569,	0.0986859,	-1.03609,	-0.533876,	-0.000448713,	-0.022306,	-1.04187,	-0.612952,	-0.0160253,	-0.0533545,	-0.780708,	-0.619509,	-0.0174966,	-0.304108,	-0.3549,	0.62136,	-0.05488,	33897,	-306,	-17,	-403,	33807,	146,	-27,	-127,	33787,	65,	-33,	-332,	
2,	-1,	567735,	1.65255e+015,	-1,	3,	3,	17,	3,	2,	0,	0,	1.65255e+009,	-0.855959,	-0.368368,	-0.345038,	-0.0214368,	-0.947346,	-0.494975,	-0.00574569,	0.0986859,	-1.03609,	-0.533876,	-0.000448713,	-0.022306,	-1.04187,	-0.612952,	-0.0160253,	-0.0533545,	-0.780708,	-0.619509,	-0.0174966,	-0.304108,	-0.3549,	0.62136,	-0.05488,	33907,	-308,	-17,	-402,	33817,	146,	-25,	-126,	33797,	66,	-34,	-330,	
2,	-1,	567813,	1.65255e+015,	-1,	-5,	-1,	3,	-2,	-3,	-1,	1,	1.65255e+009,	-0.855959,	-0.368368,	-0.345038,	-0.0214368,	-0.947346,	-0.494975,	-0.00574569,	0.0986859,	-1.03609,	-0.533876,	-0.000448713,	-0.022306,	-1.04187,	-0.612952,	-0.0160253,	-0.0533545,	-0.780708,	-0.619509,	-0.0174966,	-0.304108,	-0.3549,	0.62136,	-0.05488,	33917,	-310,	-18,	-401,	33827,	145,	-24,	-125,	33807,	66,	-36,	-328,	
2,	-1,	567907,	1.65255e+015,	-2,	1,	-2,	-7,	-5,	-3,	0,	-3,	1.65255e+009,	-0.855959,	-0.368368,	-0.345038,	-0.0214368,	-0.947346,	-0.494975,	-0.00574569,	0.0986859,	-1.03609,	-0.533876,	-0.000448713,	-0.022306,	-1.04187,	-0.612952,	-0.0160253,	-0.0533545,	-0.780708,	-0.619509,	-0.0174966,	-0.304108,	-0.3549,	0.62136,	-0.05488,	33927,	-310,	-17,	-400,	33837,	148,	-23,	-123,	33817,	67,	-40,	-326,	
2,	-1,	567985,	1.65255e+015,	1,	4,	5,	8,	-3,	-1,	-1,	0,	1.65255e+009,	-0.855959,	-0.368368,	-0.345038,	-0.0214368,	-0.947346,	-0.494975,	-0.00574569,	0.0986859,	-1.03609,	-0.533876,	-0.000448713,	-0.022306,	-1.04187,	-0.612952,	-0.0160253,	-0.0533545,	-0.780708,	-0.619509,	-0.0174966,	-0.304108,	-0.3549,	0.62136,	-0.05488,	33937,	-311,	-19,	-400,	33847,	149,	-21,	-122,	33827,	70,	-42,	-324,	
2,	-1,	568063,	1.65255e+015,	-1,	-1,	-1,	-8,	-2,	-1,	-1,	-1,	1.65255e+009,	-0.855959,	-0.368368,	-0.345038,	-0.0214368,	-0.947346,	-0.494975,	-0.00574569,	0.0986859,	-1.03609,	-0.533876,	-0.000448713,	-0.022306,	-1.04187,	-0.612952,	-0.0160253,	-0.0533545,	-0.780708,	-0.619509,	-0.0174966,	-0.304108,	-0.3549,	0.62136,	-0.05488,	33947,	-312,	-21,	-401,	33857,	149,	-20,	-121,	33837,	69,	-45,	-321,	
2,	-1,	568141,	1.65255e+015,	-1,	1,	2,	21,	2,	-2,	0,	-2,	1.65255e+009,	-0.855959,	-0.368368,	-0.345038,	-0.0214368,	-0.947346,	-0.494975,	-0.00574569,	0.0986859,	-1.03609,	-0.533876,	-0.000448713,	-0.022306,	-1.04187,	-0.612952,	-0.0160253,	-0.0533545,	-0.780708,	-0.619509,	-0.0174966,	-0.304108,	-0.3549,	0.62136,	-0.05488,	33957,	-314,	-22,	-399,	33867,	149,	-19,	-120,	33847,	69,	-47,	-318,	
2,	-1,	568204,	1.65255e+015,	-1,	0,	-3,	-14,	-2,	0,	-2,	0,	1.65255e+009,	-0.855959,	-0.368368,	-0.345038,	-0.0214368,	-0.947346,	-0.494975,	-0.00574569,	0.0986859,	-1.03609,	-0.533876,	-0.000448713,	-0.022306,	-1.04187,	-0.612952,	-0.0160253,	-0.0533545,	-0.780708,	-0.619509,	-0.0174966,	-0.304108,	-0.3549,	0.62136,	-0.05488,	33967,	-317,	-21,	-397,	33877,	148,	-18,	-118,	33857,	69,	-49,	-315,	
2,	-1,	568266,	1.65255e+015,	0,	2,	2,	8,	-1,	-2,	-1,	-1,	1.65255e+009,	-0.855959,	-0.368368,	-0.345038,	-0.0214368,	-0.947346,	-0.494975,	-0.00574569,	0.0986859,	-1.03609,	-0.533876,	-0.000448713,	-0.022306,	-1.04187,	-0.612952,	-0.0160253,	-0.0533545,	-0.780708,	-0.619509,	-0.0174966,	-0.304108,	-0.3549,	0.62136,	-0.05488,	33977,	-319,	-21,	-396,	33887,	148,	-16,	-116,	33867,	70,	-51,	-313,	
2,	-1,	568329,	1.65255e+015,	1,	-2,	-2,	-11,	0,	2,	0,	1,	1.65255e+009,	-0.855959,	-0.368368,	-0.345038,	-0.0214368,	-0.947346,	-0.494975,	-0.00574569,	0.0986859,	-1.03609,	-0.533876,	-0.000448713,	-0.022306,	-1.04187,	-0.612952,	-0.0160253,	-0.0533545,	-0.780708,	-0.619509,	-0.0174966,	-0.304108,	-0.3549,	0.62136,	-0.05488,	33987,	-321,	-21,	-395,	33897,	148,	-15,	-114,	33877,	70,	-52,	-310,	
2,	-1,	568391,	1.65255e+015,	-1,	-3,	-1,	-2,	1,	0,	-1,	-1,	1.65255e+009,	-0.855959,	-0.368368,	-0.345038,	-0.0214368,	-0.947346,	-0.494975,	-0.00574569,	0.0986859,	-1.03609,	-0.533876,	-0.000448713,	-0.022306,	-1.04187,	-0.612952,	-0.0160253,	-0.0533545,	-0.780708,	-0.619509,	-0.0174966,	-0.304108,	-0.3549,	0.62136,	-0.05488,	33997,	-322,	-21,	-393,	33907,	149,	-13,	-113,	33887,	70,	-54,	-308,	
2,	-1,	568469,	1.65255e+015,	-2,	-6,	-10,	-15,	-1,	-1,	-1,	-1,	1.65255e+009,	-0.855959,	-0.368368,	-0.345038,	-0.0214368,	-0.947346,	-0.494975,	-0.00574569,	0.0986859,	-1.03609,	-0.533876,	-0.000448713,	-0.022306,	-1.04187,	-0.612952,	-0.0160253,	-0.0533545,	-0.780708,	-0.619509,	-0.0174966,	-0.304108,	-0.3549,	0.62136,	-0.05488,	34007,	-322,	-22,	-392,	33917,	147,	-13,	-113,	33897,	69,	-55,	-307,	
2,	-1,	568532,	1.65255e+015,	-4,	-10,	-3,	-8,	-1,	0,	-2,	-1,	1.65255e+009,	-0.855959,	-0.368368,	-0.345038,	-0.0214368,	-0.947346,	-0.494975,	-0.00574569,	0.0986859,	-1.03609,	-0.533876,	-0.000448713,	-0.022306,	-1.04187,	-0.612952,	-0.0160253,	-0.0533545,	-0.780708,	-0.619509,	-0.0174966,	-0.304108,	-0.3549,	0.62136,	-0.05488,	34017,	-323,	-23,	-392,	33927,	146,	-13,	-113,	33907,	69,	-55,	-306,	
2,	-1,	568610,	1.65255e+015,	-1,	-4,	-10,	-37,	1,	-1,	-1,	1,	1.65255e+009,	-0.855959,	-0.368368,	-0.345038,	-0.0214368,	-0.947346,	-0.494975,	-0.00574569,	0.0986859,	-1.03609,	-0.533876,	-0.000448713,	-0.022306,	-1.04187,	-0.612952,	-0.0160253,	-0.0533545,	-0.780708,	-0.619509,	-0.0174966,	-0.304108,	-0.3549,	0.62136,	-0.05488,	34027,	-325,	-23,	-390,	33937,	146,	-12,	-113,	33917,	69,	-57,	-306,	
2,	-1,	568672,	1.65255e+015,	-3,	-7,	-5,	-7,	-2,	-3,	-2,	-2,	1.65255e+009,	-0.855959,	-0.368368,	-0.345038,	-0.0214368,	-0.947346,	-0.494975,	-0.00574569,	0.0986859,	-1.03609,	-0.533876,	-0.000448713,	-0.022306,	-1.04187,	-0.612952,	-0.0160253,	-0.0533545,	-0.780708,	-0.619509,	-0.0174966,	-0.304108,	-0.3549,	0.62136,	-0.05488,	34037,	-327,	-24,	-388,	33947,	145,	-12,	-112,	33927,	68,	-57,	-306,	
2,	-1,	568735,	1.65255e+015,	0,	-2,	-7,	-4,	-2,	0,	-1,	0,	1.65255e+009,	-0.855959,	-0.368368,	-0.345038,	-0.0214368,	-0.947346,	-0.494975,	-0.00574569,	0.0986859,	-1.03609,	-0.533876,	-0.000448713,	-0.022306,	-1.04187,	-0.612952,	-0.0160253,	-0.0533545,	-0.780708,	-0.619509,	-0.0174966,	-0.304108,	-0.3549,	0.62136,	-0.05488,	34047,	-328,	-22,	-386,	33957,	146,	-11,	-112,	33937,	68,	-56,	-306,	
2,	-1,	568813,	1.65255e+015,	1,	1,	-4,	-3,	2,	0,	-1,	0,	1.65255e+009,	-0.855959,	-0.368368,	-0.345038,	-0.0214368,	-0.947346,	-0.494975,	-0.00574569,	0.0986859,	-1.03609,	-0.533876,	-0.000448713,	-0.022306,	-1.04187,	-0.612952,	-0.0160253,	-0.0533545,	-0.780708,	-0.619509,	-0.0174966,	-0.304108,	-0.3549,	0.62136,	-0.05488,	34057,	-329,	-24,	-386,	33967,	145,	-11,	-112,	33947,	67,	-56,	-307,	
2,	-1,	568875,	1.65255e+015,	-2,	1,	-3,	-19,	-4,	-2,	0,	0,	1.65255e+009,	-0.855959,	-0.368368,	-0.345038,	-0.0214368,	-0.947346,	-0.494975,	-0.00574569,	0.0986859,	-1.03609,	-0.533876,	-0.000448713,	-0.022306,	-1.04187,	-0.612952,	-0.0160253,	-0.0533545,	-0.780708,	-0.619509,	-0.0174966,	-0.304108,	-0.3549,	0.62136,	-0.05488,	34067,	-327,	-24,	-386,	33977,	146,	-11,	-111,	33957,	67,	-55,	-307,	
2,	-1,	568969,	1.65255e+015,	1,	4,	2,	8,	-1,	1,	0,	-1,	1.65255e+009,	-0.855959,	-0.368368,	-0.345038,	-0.0214368,	-0.947346,	-0.494975,	-0.00574569,	0.0986859,	-1.03609,	-0.533876,	-0.000448713,	-0.022306,	-1.04187,	-0.612952,	-0.0160253,	-0.0533545,	-0.780708,	-0.619509,	-0.0174966,	-0.304108,	-0.3549,	0.62136,	-0.05488,	34077,	-326,	-26,	-387,	33987,	144,	-11,	-111,	33967,	68,	-56,	-306,	
2,	-1,	569032,	1.65255e+015,	-1,	0,	-7,	2,	-1,	0,	-2,	0,	1.65255e+009,	-0.855959,	-0.368368,	-0.345038,	-0.0214368,	-0.947346,	-0.494975,	-0.00574569,	0.0986859,	-1.03609,	-0.533876,	-0.000448713,	-0.022306,	-1.04187,	-0.612952,	-0.0160253,	-0.0533545,	-0.780708,	-0.619509,	-0.0174966,	-0.304108,	-0.3549,	0.62136,	-0.05488,	34087,	-327,	-26,	-387,	33997,	144,	-10,	-110,	33977,	68,	-55,	-305,	
2,	-1,	569110,	1.65255e+015,	1,	3,	2,	6,	0,	1,	0,	0,	1.65255e+009,	-0.855959,	-0.368368,	-0.345038,	-0.0214368,	-0.947346,	-0.494975,	-0.00574569,	0.0986859,	-1.03609,	-0.533876,	-0.000448713,	-0.022306,	-1.04187,	-0.612952,	-0.0160253,	-0.0533545,	-0.780708,	-0.619509,	-0.0174966,	-0.304108,	-0.3549,	0.62136,	-0.05488,	34097,	-327,	-25,	-388,	34007,	143,	-8,	-109,	33987,	67,	-55,	-303,	
2,	-1,	569188,	1.65255e+015,	-1,	0,	-5,	-21,	-5,	-2,	0,	0,	1.65255e+009,	-0.855959,	-0.368368,	-0.345038,	-0.0214368,	-0.947346,	-0.494975,	-0.00574569,	0.0986859,	-1.03609,	-0.533876,	-0.000448713,	-0.022306,	-1.04187,	-0.612952,	-0.0160253,	-0.0533545,	-0.780708,	-0.619509,	-0.0174966,	-0.304108,	-0.3549,	0.62136,	-0.05488,	34107,	-327,	-25,	-389,	34017,	144,	-8,	-108,	33997,	67,	-57,	-302,	
2,	-1,	569266,	1.65255e+015,	0,	1,	-1,	4,	0,	-1,	-1,	0,	1.65255e+009,	-0.855959,	-0.368368,	-0.345038,	-0.0214368,	-0.947346,	-0.494975,	-0.00574569,	0.0986859,	-1.03609,	-0.533876,	-0.000448713,	-0.022306,	-1.04187,	-0.612952,	-0.0160253,	-0.0533545,	-0.780708,	-0.619509,	-0.0174966,	-0.304108,	-0.3549,	0.62136,	-0.05488,	34117,	-327,	-24,	-389,	34027,	144,	-8,	-107,	34007,	67,	-58,	-302,	
2,	-1,	569344,	1.65255e+015,	-1,	-4,	-8,	4,	0,	0,	0,	-3,	1.65255e+009,	-0.855959,	-0.368368,	-0.345038,	-0.0214368,	-0.947346,	-0.494975,	-0.00574569,	0.0986859,	-1.03609,	-0.533876,	-0.000448713,	-0.022306,	-1.04187,	-0.612952,	-0.0160253,	-0.0533545,	-0.780708,	-0.619509,	-0.0174966,	-0.304108,	-0.3549,	0.62136,	-0.05488,	34127,	-327,	-27,	-390,	34037,	144,	-8,	-107,	34017,	67,	-58,	-301,	
2,	-1,	569422,	1.65255e+015,	-3,	-9,	-5,	-7,	-2,	-2,	-3,	-1,	1.65255e+009,	-0.855959,	-0.368368,	-0.345038,	-0.0214368,	-0.947346,	-0.494975,	-0.00574569,	0.0986859,	-1.03609,	-0.533876,	-0.000448713,	-0.022306,	-1.04187,	-0.612952,	-0.0160253,	-0.0533545,	-0.780708,	-0.619509,	-0.0174966,	-0.304108,	-0.3549,	0.62136,	-0.05488,	34137,	-327,	-26,	-388,	34047,	144,	-7,	-106,	34027,	66,	-59,	-301,	
2,	-1,	569500,	1.65255e+015,	-1,	0,	-8,	-49,	-3,	-1,	-1,	0,	1.65255e+009,	-0.855959,	-0.368368,	-0.345038,	-0.0214368,	-0.947346,	-0.494975,	-0.00574569,	0.0986859,	-1.03609,	-0.533876,	-0.000448713,	-0.022306,	-1.04187,	-0.612952,	-0.0160253,	-0.0533545,	-0.780708,	-0.619509,	-0.0174966,	-0.304108,	-0.3549,	0.62136,	-0.05488,	34147,	-329,	-26,	-385,	34057,	144,	-7,	-105,	34037,	66,	-59,	-300,	
2,	-1,	569579,	1.65255e+015,	-2,	-5,	-6,	-26,	-7,	0,	-2,	0,	1.65255e+009,	-0.855959,	-0.368368,	-0.345038,	-0.0214368,	-0.947346,	-0.494975,	-0.00574569,	0.0986859,	-1.03609,	-0.533876,	-0.000448713,	-0.022306,	-1.04187,	-0.612952,	-0.0160253,	-0.0533545,	-0.780708,	-0.619509,	-0.0174966,	-0.304108,	-0.3549,	0.62136,	-0.05488,	34157,	-329,	-26,	-385,	34067,	145,	-6,	-105,	34047,	65,	-59,	-300,	
2,	-1,	569641,	1.65255e+015,	-2,	-3,	2,	11,	1,	-1,	-4,	-2,	1.65255e+009,	-0.855959,	-0.368368,	-0.345038,	-0.0214368,	-0.947346,	-0.494975,	-0.00574569,	0.0986859,	-1.03609,	-0.533876,	-0.000448713,	-0.022306,	-1.04187,	-0.612952,	-0.0160253,	-0.0533545,	-0.780708,	-0.619509,	-0.0174966,	-0.304108,	-0.3549,	0.62136,	-0.05488,	34167,	-329,	-26,	-385,	34077,	144,	-5,	-104,	34057,	65,	-60,	-299,	
2,	-1,	569719,	1.65255e+015,	3,	3,	4,	5,	-2,	0,	0,	0,	1.65255e+009,	-0.855959,	-0.368368,	-0.345038,	-0.0214368,	-0.947346,	-0.494975,	-0.00574569,	0.0986859,	-1.03609,	-0.533876,	-0.000448713,	-0.022306,	-1.04187,	-0.612952,	-0.0160253,	-0.0533545,	-0.780708,	-0.619509,	-0.0174966,	-0.304108,	-0.3549,	0.62136,	-0.05488,	34177,	-330,	-27,	-386,	34087,	144,	-5,	-103,	34067,	65,	-58,	-299,	
2,	-1,	569782,	1.65255e+015,	-2,	-7,	-1,	-3,	2,	-1,	-1,	-1,	1.65255e+009,	-0.855959,	-0.368368,	-0.345038,	-0.0214368,	-0.947346,	-0.494975,	-0.00574569,	0.0986859,	-1.03609,	-0.533876,	-0.000448713,	-0.022306,	-1.04187,	-0.612952,	-0.0160253,	-0.0533545,	-0.780708,	-0.619509,	-0.0174966,	-0.304108,	-0.3549,	0.62136,	-0.05488,	34187,	-329,	-26,	-386,	34097,	143,	-5,	-103,	34077,	64,	-59,	-298,	
2,	-1,	569860,	1.65255e+015,	-1,	-2,	-2,	-2,	-3,	-2,	-2,	0,	1.65255e+009,	-0.855959,	-0.368368,	-0.345038,	-0.0214368,	-0.947346,	-0.494975,	-0.00574569,	0.0986859,	-1.03609,	-0.533876,	-0.000448713,	-0.022306,	-1.04187,	-0.612952,	-0.0160253,	-0.0533545,	-0.780708,	-0.619509,	-0.0174966,	-0.304108,	-0.3549,	0.62136,	-0.05488,	34197,	-330,	-27,	-386,	34107,	142,	-6,	-104,	34087,	64,	-59,	-298,	
2,	-1,	569938,	1.65255e+015,	1,	-3,	-2,	8,	4,	1,	-2,	0,	1.65255e+009,	-0.855959,	-0.368368,	-0.345038,	-0.0214368,	-0.947346,	-0.494975,	-0.00574569,	0.0986859,	-1.03609,	-0.533876,	-0.000448713,	-0.022306,	-1.04187,	-0.612952,	-0.0160253,	-0.0533545,	-0.780708,	-0.619509,	-0.0174966,	-0.304108,	-0.3549,	0.62136,	-0.05488,	34207,	-330,	-26,	-386,	34117,	143,	-6,	-104,	34097,	64,	-58,	-298,	
2,	-1,	570016,	1.65255e+015,	1,	-3,	-7,	-10,	0,	1,	-1,	0,	1.65255e+009,	-0.855959,	-0.368368,	-0.345038,	-0.0214368,	-0.947346,	-0.494975,	-0.00574569,	0.0986859,	-1.03609,	-0.533876,	-0.000448713,	-0.022306,	-1.04187,	-0.612952,	-0.0160253,	-0.0533545,	-0.780708,	-0.619509,	-0.0174966,	-0.304108,	-0.3549,	0.62136,	-0.05488,	34217,	-330,	-28,	-385,	34127,	142,	-6,	-104,	34107,	63,	-58,	-298,	
2,	-1,	570094,	1.65255e+015,	0,	5,	1,	5,	0,	0,	0,	-1,	1.65255e+009,	-0.855959,	-0.368368,	-0.345038,	-0.0214368,	-0.947346,	-0.494975,	-0.00574569,	0.0986859,	-1.03609,	-0.533876,	-0.000448713,	-0.022306,	-1.04187,	-0.612952,	-0.0160253,	-0.0533545,	-0.780708,	-0.619509,	-0.0174966,	-0.304108,	-0.3549,	0.62136,	-0.05488,	34227,	-330,	-27,	-385,	34137,	142,	-6,	-105,	34117,	63,	-57,	-299,	
2,	-1,	570172,	1.65255e+015,	-1,	0,	-2,	5,	1,	0,	0,	-2,	1.65255e+009,	-0.855959,	-0.368368,	-0.345038,	-0.0214368,	-0.947346,	-0.494975,	-0.00574569,	0.0986859,	-1.03609,	-0.533876,	-0.000448713,	-0.022306,	-1.04187,	-0.612952,	-0.0160253,	-0.0533545,	-0.780708,	-0.619509,	-0.0174966,	-0.304108,	-0.3549,	0.62136,	-0.05488,	34237,	-332,	-27,	-384,	34147,	142,	-6,	-106,	34127,	62,	-57,	-300,	
2,	-1,	570250,	1.65255e+015,	-2,	3,	-5,	-20,	-6,	-2,	-2,	-1,	1.65255e+009,	-0.855959,	-0.368368,	-0.345038,	-0.0214368,	-0.947346,	-0.494975,	-0.00574569,	0.0986859,	-1.03609,	-0.533876,	-0.000448713,	-0.022306,	-1.04187,	-0.612952,	-0.0160253,	-0.0533545,	-0.780708,	-0.619509,	-0.0174966,	-0.304108,	-0.3549,	0.62136,	-0.05488,	34247,	-331,	-27,	-383,	34157,	142,	-7,	-106,	34137,	62,	-57,	-301,	
2,	-1,	570329,	1.65255e+015,	-1,	-4,	-3,	5,	2,	-2,	-2,	-1,	1.65255e+009,	-0.855959,	-0.368368,	-0.345038,	-0.0214368,	-0.947346,	-0.494975,	-0.00574569,	0.0986859,	-1.03609,	-0.533876,	-0.000448713,	-0.022306,	-1.04187,	-0.612952,	-0.0160253,	-0.0533545,	-0.780708,	-0.619509,	-0.0174966,	-0.304108,	-0.3549,	0.62136,	-0.05488,	34257,	-331,	-26,	-383,	34167,	143,	-5,	-105,	34147,	61,	-58,	-301,	
2,	-1,	570407,	1.65255e+015,	0,	-3,	0,	3,	-1,	0,	0,	-2,	1.65255e+009,	-0.855959,	-0.368368,	-0.345038,	-0.0214368,	-0.947346,	-0.494975,	-0.00574569,	0.0986859,	-1.03609,	-0.533876,	-0.000448713,	-0.022306,	-1.04187,	-0.612952,	-0.0160253,	-0.0533545,	-0.780708,	-0.619509,	-0.0174966,	-0.304108,	-0.3913,	0.62136,	-0.05488,	34267,	-332,	-27,	-383,	34177,	143,	-5,	-104,	34157,	62,	-57,	-301,	
2,	-1,	570485,	1.65255e+015,	0,	-4,	1,	3,	-2,	-1,	0,	-1,	1.65255e+009,	-0.855959,	-0.368368,	-0.345038,	-0.0214368,	-0.947346,	-0.494975,	-0.00574569,	0.0986859,	-1.03609,	-0.533876,	-0.000448713,	-0.022306,	-1.04187,	-0.612952,	-0.0160253,	-0.0533545,	-0.780708,	-0.619509,	-0.0174966,	-0.304108,	-0.3913,	0.62136,	-0.05488,	34277,	-332,	-26,	-383,	34187,	142,	-4,	-103,	34167,	63,	-56,	-300,	
2,	-1,	570563,	1.65255e+015,	1,	7,	2,	11,	1,	0,	-1,	-1,	1.65255e+009,	-0.855959,	-0.368368,	-0.345038,	-0.0214368,	-0.947346,	-0.494975,	-0.00574569,	0.0986859,	-1.03609,	-0.533876,	-0.000448713,	-0.022306,	-1.04187,	-0.612952,	-0.0160253,	-0.0533545,	-0.780708,	-0.619509,	-0.0174966,	-0.304108,	-0.3913,	0.62136,	-0.05488,	34287,	-332,	-25,	-383,	34197,	142,	-5,	-103,	34177,	62,	-57,	-300,	
2,	-1,	570641,	1.65255e+015,	0,	0,	2,	14,	2,	-1,	-1,	-1,	1.65255e+009,	-0.855959,	-0.368368,	-0.345038,	-0.0214368,	-0.947346,	-0.494975,	-0.00574569,	0.0986859,	-1.03609,	-0.533876,	-0.000448713,	-0.022306,	-1.04187,	-0.612952,	-0.0160253,	-0.0533545,	-0.780708,	-0.619509,	-0.0174966,	-0.304108,	-0.3913,	0.62136,	-0.05488,	34297,	-331,	-25,	-383,	34207,	142,	-6,	-103,	34187,	62,	-56,	-299,	
2,	-1,	570719,	1.65255e+015,	-3,	-8,	-8,	-4,	1,	1,	-1,	-1,	1.65255e+009,	-0.855959,	-0.368368,	-0.345038,	-0.0214368,	-0.947346,	-0.494975,	-0.00574569,	0.0986859,	-1.03609,	-0.533876,	-0.000448713,	-0.022306,	-1.04187,	-0.612952,	-0.0160253,	-0.0533545,	-0.780708,	-0.619509,	-0.0174966,	-0.304108,	-0.3913,	0.62136,	-0.05488,	34307,	-331,	-25,	-383,	34217,	142,	-5,	-103,	34197,	61,	-56,	-299,	
2,	-1,	570797,	1.65255e+015,	1,	1,	-1,	-4,	-3,	-1,	0,	-1,	1.65255e+009,	-0.855959,	-0.368368,	-0.345038,	-0.0214368,	-0.947346,	-0.494975,	-0.00574569,	0.0986859,	-1.03609,	-0.533876,	-0.000448713,	-0.022306,	-1.04187,	-0.612952,	-0.0160253,	-0.0533545,	-0.780708,	-0.619509,	-0.0174966,	-0.304108,	-0.3913,	0.62136,	-0.05488,	34317,	-333,	-27,	-383,	34227,	142,	-4,	-102,	34207,	62,	-54,	-300,	
2,	-1,	570875,	1.65255e+015,	-1,	-5,	-3,	12,	1,	0,	-1,	1,	1.65255e+009,	-0.855959,	-0.368368,	-0.345038,	-0.0214368,	-0.947346,	-0.494975,	-0.00574569,	0.0986859,	-1.03609,	-0.533876,	-0.000448713,	-0.022306,	-1.04187,	-0.612952,	-0.0160253,	-0.0533545,	-0.780708,	-0.619509,	-0.0174966,	-0.304108,	-0.3913,	0.62136,	-0.05488,	34327,	-332,	-26,	-383,	34237,	144,	-4,	-102,	34217,	63,	-56,	-301,	
2,	-1,	570954,	1.65255e+015,	-2,	-4,	-2,	-5,	-3,	-2,	-1,	0,	1.65255e+009,	-0.855959,	-0.368368,	-0.345038,	-0.0214368,	-0.947346,	-0.494975,	-0.00574569,	0.0986859,	-1.03609,	-0.533876,	-0.000448713,	-0.022306,	-1.04187,	-0.612952,	-0.0160253,	-0.0533545,	-0.780708,	-0.619509,	-0.0174966,	-0.304108,	-0.3913,	0.62136,	-0.05488,	34337,	-333,	-27,	-383,	34247,	143,	-4,	-102,	34227,	62,	-54,	-301,	
2,	-1,	571032,	1.65255e+015,	1,	3,	7,	50,	5,	0,	-1,	1,	1.65255e+009,	-0.855959,	-0.368368,	-0.345038,	-0.0214368,	-0.947346,	-0.494975,	-0.00574569,	0.0986859,	-1.03609,	-0.533876,	-0.000448713,	-0.022306,	-1.04187,	-0.612952,	-0.0160253,	-0.0533545,	-0.780708,	-0.619509,	-0.0174966,	-0.304108,	-0.3913,	0.62136,	-0.05488,	34347,	-332,	-27,	-383,	34257,	142,	-4,	-102,	34237,	62,	-54,	-302,	
2,	-1,	571094,	1.65255e+015,	-1,	-1,	-2,	-3,	-2,	-1,	0,	0,	1.65255e+009,	-0.855959,	-0.368368,	-0.345038,	-0.0214368,	-0.947346,	-0.494975,	-0.00574569,	0.0986859,	-1.03609,	-0.533876,	-0.000448713,	-0.022306,	-1.04187,	-0.612952,	-0.0160253,	-0.0533545,	-0.780708,	-0.619509,	-0.0174966,	-0.304108,	-0.3913,	0.62136,	-0.05488,	34357,	-331,	-27,	-384,	34267,	142,	-4,	-101,	34247,	60,	-54,	-302,	
2,	-1,	571188,	1.65255e+015,	0,	-2,	3,	16,	1,	-1,	0,	0,	1.65255e+009,	-0.855959,	-0.368368,	-0.345038,	-0.0214368,	-0.947346,	-0.494975,	-0.00574569,	0.0986859,	-1.03609,	-0.533876,	-0.000448713,	-0.022306,	-1.04187,	-0.612952,	-0.0160253,	-0.0533545,	-0.780708,	-0.619509,	-0.0174966,	-0.304108,	-0.3913,	0.62136,	-0.05488,	34367,	-332,	-27,	-385,	34277,	142,	-4,	-100,	34257,	59,	-53,	-302,	
2,	-1,	571266,	1.65255e+015,	-3,	-5,	-15,	-53,	-12,	-2,	-1,	0,	1.65255e+009,	-0.855959,	-0.368368,	-0.345038,	-0.0214368,	-0.947346,	-0.494975,	-0.00574569,	0.0986859,	-1.03609,	-0.533876,	-0.000448713,	-0.022306,	-1.04187,	-0.612952,	-0.0160253,	-0.0533545,	-0.780708,	-0.619509,	-0.0174966,	-0.304108,	-0.3913,	0.62136,	-0.05488,	34377,	-331,	-27,	-385,	34287,	141,	-4,	-100,	34267,	58,	-53,	-302,	
2,	-1,	571344,	1.65255e+015,	-4,	-6,	-2,	-16,	-1,	0,	-1,	1,	1.65255e+009,	-0.855959,	-0.368368,	-0.345038,	-0.0214368,	-0.947346,	-0.494975,	-0.00574569,	0.0986859,	-1.03609,	-0.533876,	-0.000448713,	-0.022306,	-1.04187,	-0.612952,	-0.0160253,	-0.0533545,	-0.780708,	-0.619509,	-0.0174966,	-0.304108,	-0.3913,	0.62136,	-0.05488,	34387,	-332,	-27,	-386,	34297,	141,	-4,	-100,	34277,	59,	-52,	-302,	
2,	-1,	571407,	1.65255e+015,	2,	14,	8,	25,	7,	2,	0,	0,	1.65255e+009,	-0.855959,	-0.368368,	-0.345038,	-0.0214368,	-0.947346,	-0.494975,	-0.00574569,	0.0986859,	-1.03609,	-0.533876,	-0.000448713,	-0.022306,	-1.04187,	-0.612952,	-0.0160253,	-0.0533545,	-0.780708,	-0.619509,	-0.0174966,	-0.304108,	-0.3913,	0.62136,	-0.05488,	34397,	-330,	-26,	-386,	34307,	141,	-5,	-99,	34287,	60,	-51,	-302,	
2,	-1,	571485,	1.65255e+015,	1,	1,	1,	15,	5,	2,	0,	-1,	1.65255e+009,	-0.855959,	-0.368368,	-0.345038,	-0.0214368,	-0.947346,	-0.494975,	-0.00574569,	0.0986859,	-1.03609,	-0.533876,	-0.000448713,	-0.022306,	-1.04187,	-0.612952,	-0.0160253,	-0.0533545,	-0.780708,	-0.619509,	-0.0174966,	-0.304108,	-0.3913,	0.62136,	-0.05488,	34407,	-330,	-27,	-387,	34317,	141,	-4,	-99,	34297,	60,	-52,	-303,	
2,	-1,	571563,	1.65255e+015,	-2,	-5,	5,	19,	1,	-2,	-2,	-1,	1.65255e+009,	-0.855959,	-0.368368,	-0.345038,	-0.0214368,	-0.947346,	-0.494975,	-0.00574569,	0.0986859,	-1.03609,	-0.533876,	-0.000448713,	-0.022306,	-1.04187,	-0.612952,	-0.0160253,	-0.0533545,	-0.780708,	-0.619509,	-0.0174966,	-0.304108,	-0.3913,	0.62136,	-0.05488,	34417,	-329,	-27,	-388,	34327,	141,	-4,	-99,	34307,	60,	-50,	-302,	
2,	-1,	571625,	1.65255e+015,	-1,	-2,	-2,	-7,	-2,	-1,	-2,	-1,	1.65255e+009,	-0.855959,	-0.368368,	-0.345038,	-0.0214368,	-0.947346,	-0.494975,	-0.00574569,	0.0986859,	-1.03609,	-0.533876,	-0.000448713,	-0.022306,	-1.04187,	-0.612952,	-0.0160253,	-0.0533545,	-0.780708,	-0.619509,	-0.0174966,	-0.304108,	-0.3913,	0.62136,	-0.05488,	34427,	-329,	-26,	-388,	34337,	140,	-4,	-99,	34317,	58,	-50,	-302,	
2,	-1,	571704,	1.65255e+015,	-3,	-5,	-6,	-8,	-5,	-3,	-3,	-1,	1.65255e+009,	-0.855959,	-0.368368,	-0.345038,	-0.0214368,	-0.947346,	-0.494975,	-0.00574569,	0.0986859,	-1.03609,	-0.533876,	-0.000448713,	-0.022306,	-1.04187,	-0.612952,	-0.0160253,	-0.0533545,	-0.780708,	-0.619509,	-0.0174966,	-0.304108,	-0.3913,	0.62136,	-0.05488,	34437,	-329,	-26,	-388,	34347,	140,	-4,	-99,	34327,	58,	-48,	-302,	
2,	-1,	571766,	1.65255e+015,	-2,	-5,	2,	9,	0,	0,	-2,	-2,	1.65255e+009,	-0.855959,	-0.368368,	-0.345038,	-0.0214368,	-0.947346,	-0.494975,	-0.00574569,	0.0986859,	-1.03609,	-0.533876,	-0.000448713,	-0.022306,	-1.04187,	-0.612952,	-0.0160253,	-0.0533545,	-0.780708,	-0.619509,	-0.0174966,	-0.304108,	-0.3913,	0.62136,	-0.05488,	34447,	-327,	-25,	-389,	34357,	140,	-3,	-98,	34337,	59,	-49,	-302,	
2,	-1,	571829,	1.65255e+015,	-2,	2,	-10,	-26,	-2,	-2,	0,	0,	1.65255e+009,	-0.855959,	-0.368368,	-0.345038,	-0.0214368,	-0.947346,	-0.494975,	-0.00574569,	0.0986859,	-1.03609,	-0.533876,	-0.000448713,	-0.022306,	-1.04187,	-0.612952,	-0.0160253,	-0.0533545,	-0.780708,	-0.619509,	-0.0174966,	-0.304108,	-0.3913,	0.62136,	-0.05488,	34457,	-327,	-26,	-389,	34367,	140,	-3,	-99,	34347,	58,	-48,	-301,	
2,	-1,	571907,	1.65255e+015,	-1,	-2,	-5,	-12,	-4,	-2,	-3,	-2,	1.65255e+009,	-0.855959,	-0.368368,	-0.345038,	-0.0214368,	-0.947346,	-0.494975,	-0.00574569,	0.0986859,	-1.03609,	-0.533876,	-0.000448713,	-0.022306,	-1.04187,	-0.612952,	-0.0160253,	-0.0533545,	-0.780708,	-0.619509,	-0.0174966,	-0.304108,	-0.3913,	0.62136,	-0.05488,	34467,	-326,	-27,	-389,	34377,	139,	-3,	-98,	34357,	58,	-49,	-302,	
2,	-1,	571969,	1.65255e+015,	-3,	0,	1,	-8,	-3,	-2,	-2,	-2,	1.65255e+009,	-0.855959,	-0.368368,	-0.345038,	-0.0214368,	-0.947346,	-0.494975,	-0.00574569,	0.0986859,	-1.03609,	-0.533876,	-0.000448713,	-0.022306,	-1.04187,	-0.612952,	-0.0160253,	-0.0533545,	-0.780708,	-0.619509,	-0.0174966,	-0.304108,	-0.3913,	0.62136,	-0.05488,	34477,	-327,	-26,	-390,	34387,	139,	-4,	-99,	34367,	58,	-49,	-302,	
2,	-1,	572047,	1.65255e+015,	-4,	-7,	-1,	-19,	-2,	-1,	0,	-2,	1.65255e+009,	-0.855959,	-0.368368,	-0.345038,	-0.0214368,	-0.947346,	-0.494975,	-0.00574569,	0.0986859,	-1.03609,	-0.533876,	-0.000448713,	-0.022306,	-1.04187,	-0.612952,	-0.0160253,	-0.0533545,	-0.780708,	-0.619509,	-0.0174966,	-0.304108,	-0.3913,	0.62136,	-0.05488,	34487,	-327,	-26,	-390,	34397,	139,	-5,	-99,	34377,	57,	-49,	-303,	
2,	-1,	572110,	1.65255e+015,	-1,	-5,	-5,	-20,	-3,	1,	-1,	-1,	1.65255e+009,	-0.855959,	-0.368368,	-0.345038,	-0.0214368,	-0.947346,	-0.494975,	-0.00574569,	0.0986859,	-1.03609,	-0.533876,	-0.000448713,	-0.022306,	-1.04187,	-0.612952,	-0.0160253,	-0.0533545,	-0.780708,	-0.619509,	-0.0174966,	-0.304108,	-0.3913,	0.62136,	-0.05488,	34497,	-327,	-25,	-391,	34407,	140,	-4,	-100,	34387,	57,	-49,	-305,	
2,	-1,	572172,	1.65255e+015,	-2,	0,	2,	-8,	0,	0,	1,	-1,	1.65255e+009,	-0.855959,	-0.368368,	-0.345038,	-0.0214368,	-0.947346,	-0.494975,	-0.00574569,	0.0986859,	-1.03609,	-0.533876,	-0.000448713,	-0.022306,	-1.04187,	-0.612952,	-0.0160253,	-0.0533545,	-0.780708,	-0.619509,	-0.0174966,	-0.304108,	-0.3913,	0.62136,	-0.05488,	34507,	-326,	-26,	-391,	34417,	139,	-4,	-99,	34397,	59,	-48,	-305,	
2,	-1,	572250,	1.65255e+015,	0,	1,	4,	7,	3,	0,	-3,	0,	1.65255e+009,	-0.855959,	-0.368368,	-0.345038,	-0.0214368,	-0.947346,	-0.494975,	-0.00574569,	0.0986859,	-1.03609,	-0.533876,	-0.000448713,	-0.022306,	-1.04187,	-0.612952,	-0.0160253,	-0.0533545,	-0.780708,	-0.619509,	-0.0174966,	-0.304108,	-0.3913,	0.62136,	-0.05488,	34517,	-325,	-25,	-392,	34427,	140,	-4,	-99,	34407,	57,	-48,	-306,	
2,	-1,	572329,	1.65255e+015,	-2,	-5,	-6,	-14,	2,	1,	-1,	-1,	1.65255e+009,	-0.855959,	-0.368368,	-0.345038,	-0.0214368,	-0.947346,	-0.494975,	-0.00574569,	0.0986859,	-1.03609,	-0.533876,	-0.000448713,	-0.022306,	-1.04187,	-0.612952,	-0.0160253,	-0.0533545,	-0.780708,	-0.619509,	-0.0174966,	-0.304108,	-0.3913,	0.62136,	-0.05488,	34527,	-325,	-25,	-393,	34437,	139,	-4,	-100,	34417,	57,	-47,	-306,	
2,	-1,	572391,	1.65255e+015,	0,	6,	1,	-4,	-2,	2,	0,	0,	1.65255e+009,	-0.855959,	-0.368368,	-0.345038,	-0.0214368,	-0.947346,	-0.494975,	-0.00574569,	0.0986859,	-1.03609,	-0.533876,	-0.000448713,	-0.022306,	-1.04187,	-0.612952,	-0.0160253,	-0.0533545,	-0.780708,	-0.619509,	-0.0174966,	-0.304108,	-0.3913,	0.62136,	-0.05488,	34537,	-323,	-25,	-394,	34447,	139,	-3,	-101,	34427,	56,	-47,	-307,	
2,	-1,	572469,	1.65255e+015,	0,	-1,	2,	-7,	-3,	-2,	-1,	2,	1.65255e+009,	-0.855959,	-0.368368,	-0.345038,	-0.0214368,	-0.947346,	-0.494975,	-0.00574569,	0.0986859,	-1.03609,	-0.533876,	-0.000448713,	-0.022306,	-1.04187,	-0.612952,	-0.0160253,	-0.0533545,	-0.780708,	-0.619509,	-0.0174966,	-0.304108,	-0.3913,	0.62136,	-0.05488,	34547,	-323,	-24,	-395,	34457,	138,	-4,	-101,	34437,	56,	-45,	-307,	
2,	-1,	572547,	1.65255e+015,	0,	3,	2,	-3,	3,	1,	0,	0,	1.65255e+009,	-0.855959,	-0.368368,	-0.345038,	-0.0214368,	-0.947346,	-0.494975,	-0.00574569,	0.0986859,	-1.03609,	-0.533876,	-0.000448713,	-0.022306,	-1.04187,	-0.612952,	-0.0160253,	-0.0533545,	-0.780708,	-0.619509,	-0.0174966,	-0.304108,	-0.3913,	0.62136,	-0.05488,	34557,	-323,	-25,	-395,	34467,	139,	-5,	-101,	34447,	56,	-44,	-308,	
2,	-1,	572610,	1.65255e+015,	-1,	-1,	1,	3,	2,	-1,	0,	-1,	1.65255e+009,	-0.855959,	-0.368368,	-0.345038,	-0.0214368,	-0.947346,	-0.494975,	-0.00574569,	0.0986859,	-1.03609,	-0.533876,	-0.000448713,	-0.022306,	-1.04187,	-0.612952,	-0.0160253,	-0.0533545,	-0.780708,	-0.619509,	-0.0174966,	-0.304108,	-0.3913,	0.62136,	-0.05488,	34567,	-322,	-24,	-395,	34477,	139,	-5,	-101,	34457,	56,	-44,	-309,	
2,	-1,	572672,	1.65255e+015,	-5,	-10,	1,	3,	-3,	-3,	-2,	-2,	1.65255e+009,	-0.855959,	-0.368368,	-0.345038,	-0.0214368,	-0.947346,	-0.494975,	-0.00574569,	0.0986859,	-1.03609,	-0.533876,	-0.000448713,	-0.022306,	-1.04187,	-0.612952,	-0.0160253,	-0.0533545,	-0.780708,	-0.619509,	-0.0174966,	-0.304108,	-0.3913,	0.62136,	-0.05488,	34577,	-323,	-24,	-394,	34487,	138,	-5,	-101,	34467,	56,	-43,	-309,	
2,	-1,	572750,	1.65255e+015,	1,	4,	-1,	3,	1,	-3,	0,	1,	1.65255e+009,	-0.855959,	-0.368368,	-0.345038,	-0.0214368,	-0.947346,	-0.494975,	-0.00574569,	0.0986859,	-1.03609,	-0.533876,	-0.000448713,	-0.022306,	-1.04187,	-0.612952,	-0.0160253,	-0.0533545,	-0.780708,	-0.619509,	-0.0174966,	-0.304108,	-0.3913,	0.62136,	-0.05488,	34587,	-321,	-23,	-394,	34497,	138,	-5,	-101,	34477,	55,	-42,	-310,	
2,	-1,	572829,	1.65255e+015,	-2,	0,	1,	4,	-2,	-3,	-2,	-1,	1.65255e+009,	-0.855959,	-0.368368,	-0.345038,	-0.0214368,	-0.947346,	-0.494975,	-0.00574569,	0.0986859,	-1.03609,	-0.533876,	-0.000448713,	-0.022306,	-1.04187,	-0.612952,	-0.0160253,	-0.0533545,	-0.780708,	-0.619509,	-0.0174966,	-0.304108,	-0.3913,	0.62136,	-0.05488,	34597,	-321,	-23,	-394,	34507,	138,	-4,	-101,	34487,	55,	-42,	-311,	
2,	-1,	572891,	1.65255e+015,	2,	3,	0,	11,	2,	1,	0,	0,	1.65255e+009,	-0.855959,	-0.368368,	-0.345038,	-0.0214368,	-0.947346,	-0.494975,	-0.00574569,	0.0986859,	-1.03609,	-0.533876,	-0.000448713,	-0.022306,	-1.04187,	-0.612952,	-0.0160253,	-0.0533545,	-0.780708,	-0.619509,	-0.0174966,	-0.304108,	-0.3913,	0.62136,	-0.05488,	34607,	-321,	-24,	-394,	34517,	137,	-5,	-101,	34497,	55,	-41,	-311,	
2,	-1,	572969,	1.65255e+015,	-2,	-2,	-8,	-41,	-6,	-2,	-1,	-1,	1.65255e+009,	-0.855959,	-0.368368,	-0.345038,	-0.0214368,	-0.947346,	-0.494975,	-0.00574569,	0.0986859,	-1.03609,	-0.533876,	-0.000448713,	-0.022306,	-1.04187,	-0.612952,	-0.0160253,	-0.0533545,	-0.780708,	-0.619509,	-0.0174966,	-0.304108,	-0.3913,	0.62136,	-0.05488,	34617,	-320,	-23,	-394,	34527,	136,	-5,	-102,	34507,	55,	-42,	-312,	
2,	-1,	573032,	1.65255e+015,	1,	-6,	-5,	4,	-1,	-1,	-1,	0,	1.65255e+009,	-0.855959,	-0.368368,	-0.345038,	-0.0214368,	-0.947346,	-0.494975,	-0.00574569,	0.0986859,	-1.03609,	-0.533876,	-0.000448713,	-0.022306,	-1.04187,	-0.612952,	-0.0160253,	-0.0533545,	-0.780708,	-0.619509,	-0.0174966,	-0.304108,	-0.3913,	0.62136,	-0.05488,	34627,	-320,	-24,	-394,	34537,	136,	-5,	-102,	34517,	55,	-40,	-312,	
2,	-1,	573094,	1.65255e+015,	-5,	-11,	-10,	-19,	-5,	-3,	-1,	-1,	1.65255e+009,	-0.855959,	-0.368368,	-0.345038,	-0.0214368,	-0.947346,	-0.494975,	-0.00574569,	0.0986859,	-1.03609,	-0.533876,	-0.000448713,	-0.022306,	-1.04187,	-0.612952,	-0.0160253,	-0.0533545,	-0.780708,	-0.619509,	-0.0174966,	-0.304108,	-0.3913,	0.62136,	-0.05488,	34637,	-319,	-23,	-395,	34547,	137,	-4,	-102,	34527,	55,	-40,	-313,	
2,	-1,	573172,	1.65255e+015,	-2,	-5,	-3,	-2,	-2,	-1,	-1,	0,	1.65255e+009,	-0.855959,	-0.368368,	-0.345038,	-0.0214368,	-0.947346,	-0.494975,	-0.00574569,	0.0986859,	-1.03609,	-0.533876,	-0.000448713,	-0.022306,	-1.04187,	-0.612952,	-0.0160253,	-0.0533545,	-0.780708,	-0.619509,	-0.0174966,	-0.304108,	-0.3913,	0.62136,	-0.05488,	34647,	-318,	-24,	-396,	34557,	137,	-6,	-103,	34537,	54,	-40,	-313,	
2,	-1,	573250,	1.65255e+015,	1,	2,	-2,	0,	-3,	-1,	0,	-1,	1.65255e+009,	-0.855959,	-0.368368,	-0.345038,	-0.0214368,	-0.947346,	-0.494975,	-0.00574569,	0.0986859,	-1.03609,	-0.533876,	-0.000448713,	-0.022306,	-1.04187,	-0.612952,	-0.0160253,	-0.0533545,	-0.780708,	-0.619509,	-0.0174966,	-0.304108,	-0.3913,	0.62136,	-0.05488,	34657,	-317,	-23,	-396,	34567,	136,	-6,	-104,	34547,	53,	-39,	-314,	
2,	-1,	573329,	1.65255e+015,	3,	0,	1,	7,	4,	-1,	-1,	0,	1.65255e+009,	-0.855959,	-0.368368,	-0.345038,	-0.0214368,	-0.947346,	-0.494975,	-0.00574569,	0.0986859,	-1.03609,	-0.533876,	-0.000448713,	-0.022306,	-1.04187,	-0.612952,	-0.0160253,	-0.0533545,	-0.780708,	-0.619509,	-0.0174966,	-0.304108,	-0.3913,	0.62136,	-0.05488,	34667,	-317,	-24,	-397,	34577,	136,	-5,	-104,	34557,	54,	-38,	-314,	
2,	-1,	573407,	1.65255e+015,	-3,	-5,	-4,	-4,	-3,	-1,	-2,	-2,	1.65255e+009,	-0.855959,	-0.368368,	-0.345038,	-0.0214368,	-0.947346,	-0.494975,	-0.00574569,	0.0986859,	-1.03609,	-0.533876,	-0.000448713,	-0.022306,	-1.04187,	-0.612952,	-0.0160253,	-0.0533545,	-0.780708,	-0.619509,	-0.0174966,	-0.304108,	-0.3913,	0.62136,	-0.05488,	34677,	-316,	-22,	-398,	34587,	136,	-5,	-104,	34567,	54,	-37,	-315,	
2,	-1,	573485,	1.65255e+015,	0,	-5,	-4,	12,	3,	2,	0,	0,	1.65255e+009,	-0.855959,	-0.368368,	-0.345038,	-0.0214368,	-0.947346,	-0.494975,	-0.00574569,	0.0986859,	-1.03609,	-0.533876,	-0.000448713,	-0.022306,	-1.04187,	-0.612952,	-0.0160253,	-0.0533545,	-0.780708,	-0.619509,	-0.0174966,	-0.304108,	-0.3913,	0.62136,	-0.05488,	34687,	-315,	-22,	-399,	34597,	135,	-4,	-105,	34577,	55,	-38,	-316,	
2,	-1,	573563,	1.65255e+015,	0,	0,	3,	11,	0,	-1,	-1,	0,	1.65255e+009,	-0.855959,	-0.368368,	-0.345038,	-0.0214368,	-0.947346,	-0.494975,	-0.00574569,	0.0986859,	-1.03609,	-0.533876,	-0.000448713,	-0.022306,	-1.04187,	-0.612952,	-0.0160253,	-0.0533545,	-0.780708,	-0.619509,	-0.0174966,	-0.304108,	-0.3913,	0.62136,	-0.05488,	34697,	-315,	-23,	-399,	34607,	135,	-5,	-105,	34587,	55,	-38,	-316,	
2,	-1,	573641,	1.65255e+015,	0,	7,	4,	16,	1,	-1,	0,	-2,	1.65255e+009,	-0.855959,	-0.368368,	-0.345038,	-0.0214368,	-0.947346,	-0.494975,	-0.00574569,	0.0986859,	-1.03609,	-0.533876,	-0.000448713,	-0.022306,	-1.04187,	-0.612952,	-0.0160253,	-0.0533545,	-0.780708,	-0.619509,	-0.0174966,	-0.304108,	-0.3913,	0.62136,	-0.05488,	34707,	-314,	-23,	-400,	34617,	136,	-5,	-105,	34597,	55,	-38,	-316,	
2,	-1,	573719,	1.65255e+015,	-3,	2,	-8,	-17,	-5,	-2,	0,	-2,	1.65255e+009,	-0.855959,	-0.368368,	-0.345038,	-0.0214368,	-0.947346,	-0.494975,	-0.00574569,	0.0986859,	-1.03609,	-0.533876,	-0.000448713,	-0.022306,	-1.04187,	-0.612952,	-0.0160253,	-0.0533545,	-0.780708,	-0.619509,	-0.0174966,	-0.304108,	-0.3913,	0.62136,	-0.05488,	34717,	-314,	-22,	-400,	34627,	136,	-5,	-104,	34607,	57,	-37,	-316,	
2,	-1,	573797,	1.65255e+015,	0,	3,	0,	1,	0,	0,	0,	0,	1.65255e+009,	-0.855959,	-0.368368,	-0.345038,	-0.0214368,	-0.947346,	-0.494975,	-0.00574569,	0.0986859,	-1.03609,	-0.533876,	-0.000448713,	-0.022306,	-1.04187,	-0.612952,	-0.0160253,	-0.0533545,	-0.780708,	-0.619509,	-0.0174966,	-0.304108,	-0.3913,	0.62136,	-0.05488,	34727,	-312,	-21,	-400,	34637,	137,	-4,	-104,	34617,	55,	-37,	-316,	
2,	-1,	573875,	1.65255e+015,	1,	9,	13,	31,	5,	-1,	-1,	0,	1.65255e+009,	-0.855959,	-0.368368,	-0.345038,	-0.0214368,	-0.947346,	-0.494975,	-0.00574569,	0.0986859,	-1.03609,	-0.533876,	-0.000448713,	-0.022306,	-1.04187,	-0.612952,	-0.0160253,	-0.0533545,	-0.780708,	-0.619509,	-0.0174966,	-0.304108,	-0.3913,	0.62136,	-0.05488,	34737,	-312,	-22,	-401,	34647,	136,	-4,	-104,	34627,	56,	-36,	-315,	
2,	-1,	573954,	1.65255e+015,	-1,	-2,	-3,	-2,	-6,	-4,	-1,	0,	1.65255e+009,	-0.855959,	-0.368368,	-0.345038,	-0.0214368,	-0.947346,	-0.494975,	-0.00574569,	0.0986859,	-1.03609,	-0.533876,	-0.000448713,	-0.022306,	-1.04187,	-0.612952,	-0.0160253,	-0.0533545,	-0.780708,	-0.619509,	-0.0174966,	-0.304108,	-0.3913,	0.62136,	-0.05488,	34747,	-313,	-23,	-401,	34657,	135,	-4,	-104,	34637,	54,	-36,	-316,	
2,	-1,	574032,	1.65255e+015,	1,	0,	0,	2,	-4,	-1,	-1,	-2,	1.65255e+009,	-0.855959,	-0.368368,	-0.345038,	-0.0214368,	-0.947346,	-0.494975,	-0.00574569,	0.0986859,	-1.03609,	-0.533876,	-0.000448713,	-0.022306,	-1.04187,	-0.612952,	-0.0160253,	-0.0533545,	-0.780708,	-0.619509,	-0.0174966,	-0.304108,	-0.3913,	0.62136,	-0.05488,	34757,	-313,	-23,	-400,	34667,	134,	-5,	-105,	34647,	55,	-36,	-316,	
2,	-1,	574110,	1.65255e+015,	-4,	-10,	-4,	18,	-4,	-4,	0,	-3,	1.65255e+009,	-0.855959,	-0.368368,	-0.345038,	-0.0214368,	-0.947346,	-0.494975,	-0.00574569,	0.0986859,	-1.03609,	-0.533876,	-0.000448713,	-0.022306,	-1.04187,	-0.612952,	-0.0160253,	-0.0533545,	-0.780708,	-0.619509,	-0.0174966,	-0.304108,	-0.3913,	0.62136,	-0.05488,	34767,	-313,	-23,	-399,	34677,	135,	-6,	-105,	34657,	55,	-36,	-316,	
2,	-1,	574188,	1.65255e+015,	0,	1,	3,	20,	5,	2,	1,	-1,	1.65255e+009,	-0.855959,	-0.368368,	-0.345038,	-0.0214368,	-0.947346,	-0.494975,	-0.00574569,	0.0986859,	-1.03609,	-0.533876,	-0.000448713,	-0.022306,	-1.04187,	-0.612952,	-0.0160253,	-0.0533545,	-0.780708,	-0.619509,	-0.0174966,	-0.304108,	-0.3913,	0.62136,	-0.05488,	34777,	-313,	-23,	-398,	34687,	134,	-6,	-106,	34667,	56,	-36,	-317,	
2,	-1,	574266,	1.65255e+015,	1,	2,	6,	18,	1,	-1,	0,	0,	1.65255e+009,	-0.855959,	-0.368368,	-0.345038,	-0.0214368,	-0.947346,	-0.494975,	-0.00574569,	0.0986859,	-1.03609,	-0.533876,	-0.000448713,	-0.022306,	-1.04187,	-0.612952,	-0.0160253,	-0.0533545,	-0.780708,	-0.619509,	-0.0174966,	-0.304108,	-0.3913,	0.62136,	-0.05488,	34787,	-314,	-24,	-397,	34697,	135,	-5,	-107,	34677,	56,	-36,	-317,	
2,	-1,	574329,	1.65255e+015,	-1,	-3,	-5,	0,	-3,	-3,	-1,	0,	1.65255e+009,	-0.855959,	-0.368368,	-0.345038,	-0.0214368,	-0.947346,	-0.494975,	-0.00574569,	0.0986859,	-1.03609,	-0.533876,	-0.000448713,	-0.022306,	-1.04187,	-0.612952,	-0.0160253,	-0.0533545,	-0.780708,	-0.619509,	-0.0174966,	-0.304108,	-0.3913,	0.62136,	-0.05488,	34797,	-314,	-23,	-395,	34707,	136,	-5,	-107,	34687,	56,	-36,	-318,	
2,	-1,	574407,	1.65255e+015,	-1,	-3,	-2,	10,	2,	1,	-1,	0,	1.65255e+009,	-0.855959,	-0.368368,	-0.345038,	-0.0214368,	-0.947346,	-0.494975,	-0.00574569,	0.0986859,	-1.03609,	-0.533876,	-0.000448713,	-0.022306,	-1.04187,	-0.612952,	-0.0160253,	-0.0533545,	-0.780708,	-0.619509,	-0.0174966,	-0.304108,	-0.3913,	0.62136,	-0.05488,	34807,	-315,	-22,	-396,	34717,	136,	-5,	-107,	34697,	57,	-35,	-319,	
2,	-1,	574469,	1.65255e+015,	0,	0,	1,	1,	-2,	-2,	0,	-1,	1.65255e+009,	-0.855959,	-0.368368,	-0.345038,	-0.0214368,	-0.947346,	-0.494975,	-0.00574569,	0.0986859,	-1.03609,	-0.533876,	-0.000448713,	-0.022306,	-1.04187,	-0.612952,	-0.0160253,	-0.0533545,	-0.780708,	-0.619509,	-0.0174966,	-0.304108,	-0.3913,	0.62136,	-0.05488,	34817,	-314,	-21,	-396,	34727,	136,	-5,	-107,	34707,	57,	-34,	-319,	
2,	-1,	574532,	1.65255e+015,	1,	3,	5,	4,	1,	0,	0,	0,	1.65255e+009,	-0.855959,	-0.368368,	-0.345038,	-0.0214368,	-0.947346,	-0.494975,	-0.00574569,	0.0986859,	-1.03609,	-0.533876,	-0.000448713,	-0.022306,	-1.04187,	-0.612952,	-0.0160253,	-0.0533545,	-0.780708,	-0.619509,	-0.0174966,	-0.304108,	-0.3913,	0.62136,	-0.05488,	34827,	-314,	-23,	-396,	34737,	135,	-5,	-108,	34717,	57,	-35,	-319,	
2,	-1,	574594,	1.65255e+015,	-1,	-4,	-5,	-4,	2,	3,	0,	-1,	1.65255e+009,	-0.855959,	-0.368368,	-0.345038,	-0.0214368,	-0.947346,	-0.494975,	-0.00574569,	0.0986859,	-1.03609,	-0.533876,	-0.000448713,	-0.022306,	-1.04187,	-0.612952,	-0.0160253,	-0.0533545,	-0.780708,	-0.619509,	-0.0174966,	-0.304108,	-0.3913,	0.62136,	-0.05488,	34837,	-314,	-23,	-397,	34747,	136,	-5,	-108,	34727,	58,	-34,	-320,	
2,	-1,	574672,	1.65255e+015,	0,	2,	7,	6,	-2,	-2,	-1,	0,	1.65255e+009,	-0.855959,	-0.368368,	-0.345038,	-0.0214368,	-0.947346,	-0.494975,	-0.00574569,	0.0986859,	-1.03609,	-0.533876,	-0.000448713,	-0.022306,	-1.04187,	-0.612952,	-0.0160253,	-0.0533545,	-0.780708,	-0.619509,	-0.0174966,	-0.304108,	-0.3913,	0.62136,	-0.05488,	34847,	-314,	-22,	-396,	34757,	136,	-3,	-108,	34737,	58,	-35,	-319,	
2,	-1,	574750,	1.65255e+015,	-2,	-2,	3,	2,	3,	-1,	0,	0,	1.65255e+009,	-0.855959,	-0.368368,	-0.345038,	-0.0214368,	-0.947346,	-0.494975,	-0.00574569,	0.0986859,	-1.03609,	-0.533876,	-0.000448713,	-0.022306,	-1.04187,	-0.612952,	-0.0160253,	-0.0533545,	-0.780708,	-0.619509,	-0.0174966,	-0.304108,	-0.3913,	0.62136,	-0.05488,	34857,	-316,	-22,	-396,	34767,	136,	-3,	-108,	34747,	58,	-33,	-319,	
2,	-1,	574829,	1.65255e+015,	-2,	-5,	-6,	0,	0,	-1,	-1,	-1,	1.65255e+009,	-0.855959,	-0.368368,	-0.345038,	-0.0214368,	-0.947346,	-0.494975,	-0.00574569,	0.0986859,	-1.03609,	-0.533876,	-0.000448713,	-0.022306,	-1.04187,	-0.612952,	-0.0160253,	-0.0533545,	-0.780708,	-0.619509,	-0.0174966,	-0.304108,	-0.3913,	0.62136,	-0.05488,	34867,	-315,	-22,	-396,	34777,	134,	-4,	-108,	34757,	57,	-33,	-319,	
2,	-1,	574907,	1.65255e+015,	-1,	-2,	-2,	-3,	-1,	-1,	1,	0,	1.65255e+009,	-0.855959,	-0.368368,	-0.345038,	-0.0214368,	-0.947346,	-0.494975,	-0.00574569,	0.0986859,	-1.03609,	-0.533876,	-0.000448713,	-0.022306,	-1.04187,	-0.612952,	-0.0160253,	-0.0533545,	-0.780708,	-0.619509,	-0.0174966,	-0.304108,	-0.3913,	0.62136,	-0.05488,	34877,	-315,	-22,	-396,	34787,	134,	-3,	-108,	34767,	58,	-33,	-318,	
2,	-1,	574969,	1.65255e+015,	-2,	1,	4,	17,	1,	2,	-2,	-2,	1.65255e+009,	-0.855959,	-0.368368,	-0.345038,	-0.0214368,	-0.947346,	-0.494975,	-0.00574569,	0.0986859,	-1.03609,	-0.533876,	-0.000448713,	-0.022306,	-1.04187,	-0.612952,	-0.0160253,	-0.0533545,	-0.780708,	-0.619509,	-0.0174966,	-0.304108,	-0.3913,	0.62136,	-0.05488,	34887,	-315,	-23,	-396,	34797,	134,	-4,	-107,	34777,	57,	-33,	-318,	
2,	-1,	575047,	1.65255e+015,	-1,	0,	2,	-8,	1,	0,	0,	-1,	1.65255e+009,	-0.855959,	-0.368368,	-0.345038,	-0.0214368,	-0.947346,	-0.494975,	-0.00574569,	0.0986859,	-1.03609,	-0.533876,	-0.000448713,	-0.022306,	-1.04187,	-0.612952,	-0.0160253,	-0.0533545,	-0.780708,	-0.619509,	-0.0174966,	-0.304108,	-0.3913,	0.62136,	-0.05488,	34897,	-314,	-21,	-397,	34807,	134,	-3,	-107,	34787,	56,	-34,	-317,	
2,	-1,	575110,	1.65255e+015,	1,	0,	0,	-2,	1,	-1,	0,	-1,	1.65255e+009,	-0.855959,	-0.368368,	-0.345038,	-0.0214368,	-0.947346,	-0.494975,	-0.00574569,	0.0986859,	-1.03609,	-0.533876,	-0.000448713,	-0.022306,	-1.04187,	-0.612952,	-0.0160253,	-0.0533545,	-0.780708,	-0.619509,	-0.0174966,	-0.304108,	-0.3913,	0.62136,	-0.05488,	34907,	-314,	-23,	-398,	34817,	135,	-2,	-106,	34797,	56,	-33,	-316,	
2,	-1,	575188,	1.65255e+015,	-4,	-8,	-3,	-3,	-6,	-1,	-1,	-1,	1.65255e+009,	-0.855959,	-0.368368,	-0.345038,	-0.0214368,	-0.947346,	-0.494975,	-0.00574569,	0.0986859,	-1.03609,	-0.533876,	-0.000448713,	-0.022306,	-1.04187,	-0.612952,	-0.0160253,	-0.0533545,	-0.780708,	-0.619509,	-0.0174966,	-0.304108,	-0.3913,	0.62136,	-0.05488,	34917,	-313,	-22,	-398,	34827,	134,	-1,	-106,	34807,	56,	-34,	-316,	
2,	-1,	575266,	1.65255e+015,	-2,	-2,	0,	5,	0,	-1,	0,	0,	1.65255e+009,	-0.855959,	-0.368368,	-0.345038,	-0.0214368,	-0.947346,	-0.494975,	-0.00574569,	0.0986859,	-1.03609,	-0.533876,	-0.000448713,	-0.022306,	-1.04187,	-0.612952,	-0.0160253,	-0.0533545,	-0.780708,	-0.619509,	-0.0174966,	-0.304108,	-0.3913,	0.62136,	-0.05488,	34927,	-314,	-22,	-398,	34837,	134,	-2,	-106,	34817,	55,	-33,	-316,	
2,	-1,	575344,	1.65255e+015,	-1,	-1,	-3,	-10,	-3,	-2,	-1,	0,	1.65255e+009,	-0.855959,	-0.368368,	-0.345038,	-0.0214368,	-0.947346,	-0.494975,	-0.00574569,	0.0986859,	-1.03609,	-0.533876,	-0.000448713,	-0.022306,	-1.04187,	-0.612952,	-0.0160253,	-0.0533545,	-0.780708,	-0.619509,	-0.0174966,	-0.304108,	-0.3913,	0.62136,	-0.05488,	34937,	-313,	-22,	-398,	34847,	134,	-1,	-106,	34827,	55,	-33,	-316,	
2,	-1,	575422,	1.65255e+015,	-2,	4,	10,	37,	-1,	-1,	-1,	0,	1.65255e+009,	-0.855959,	-0.368368,	-0.345038,	-0.0214368,	-0.947346,	-0.494975,	-0.00574569,	0.0986859,	-1.03609,	-0.533876,	-0.000448713,	-0.022306,	-1.04187,	-0.612952,	-0.0160253,	-0.0533545,	-0.780708,	-0.619509,	-0.0174966,	-0.304108,	-0.3913,	0.62136,	-0.05488,	34947,	-312,	-21,	-399,	34857,	134,	-2,	-106,	34837,	55,	-34,	-316,	
2,	-1,	575500,	1.65255e+015,	-2,	-7,	-4,	-6,	3,	1,	-1,	-3,	1.65255e+009,	-0.855959,	-0.368368,	-0.345038,	-0.0214368,	-0.947346,	-0.494975,	-0.00574569,	0.0986859,	-1.03609,	-0.533876,	-0.000448713,	-0.022306,	-1.04187,	-0.612952,	-0.0160253,	-0.0533545,	-0.780708,	-0.619509,	-0.0174966,	-0.304108,	-0.3913,	0.62136,	-0.05488,	34957,	-312,	-22,	-399,	34867,	133,	-2,	-107,	34847,	55,	-32,	-317,	
2,	-1,	575579,	1.65255e+015,	-1,	-4,	0,	-7,	2,	0,	-1,	0,	1.65255e+009,	-0.855959,	-0.368368,	-0.345038,	-0.0214368,	-0.947346,	-0.494975,	-0.00574569,	0.0986859,	-1.03609,	-0.533876,	-0.000448713,	-0.022306,	-1.04187,	-0.612952,	-0.0160253,	-0.0533545,	-0.780708,	-0.619509,	-0.0174966,	-0.304108,	-0.3913,	0.62136,	-0.05488,	34967,	-312,	-22,	-400,	34877,	135,	-2,	-107,	34857,	55,	-33,	-317,	
2,	-1,	575657,	1.65255e+015,	0,	-2,	-3,	-5,	1,	-1,	0,	-2,	1.65255e+009,	-0.855959,	-0.368368,	-0.345038,	-0.0214368,	-0.947346,	-0.494975,	-0.00574569,	0.0986859,	-1.03609,	-0.533876,	-0.000448713,	-0.022306,	-1.04187,	-0.612952,	-0.0160253,	-0.0533545,	-0.780708,	-0.619509,	-0.0174966,	-0.304108,	-0.3913,	0.62136,	-0.05488,	34977,	-311,	-23,	-401,	34887,	135,	-1,	-107,	34867,	56,	-33,	-317,	
2,	-1,	575750,	1.65255e+015,	0,	2,	1,	4,	1,	-1,	-1,	0,	1.65255e+009,	-0.855959,	-0.368368,	-0.345038,	-0.0214368,	-0.947346,	-0.494975,	-0.00574569,	0.0986859,	-1.03609,	-0.533876,	-0.000448713,	-0.022306,	-1.04187,	-0.612952,	-0.0160253,	-0.0533545,	-0.780708,	-0.619509,	-0.0174966,	-0.304108,	-0.3913,	0.62136,	-0.05488,	34987,	-311,	-23,	-403,	34897,	133,	-1,	-106,	34877,	55,	-33,	-317,	
2,	-1,	575829,	1.65255e+015,	-3,	-6,	-4,	6,	0,	0,	-1,	0,	1.65255e+009,	-0.855959,	-0.368368,	-0.345038,	-0.0214368,	-0.947346,	-0.494975,	-0.00574569,	0.0986859,	-1.03609,	-0.533876,	-0.000448713,	-0.022306,	-1.04187,	-0.612952,	-0.0160253,	-0.0533545,	-0.780708,	-0.619509,	-0.0174966,	-0.304108,	-0.3913,	0.62136,	-0.05488,	34997,	-311,	-22,	-404,	34907,	133,	-1,	-106,	34887,	56,	-34,	-317,	
2,	-1,	575907,	1.65255e+015,	0,	0,	0,	4,	-1,	0,	-1,	-1,	1.65255e+009,	-0.855959,	-0.368368,	-0.345038,	-0.0214368,	-0.947346,	-0.494975,	-0.00574569,	0.0986859,	-1.03609,	-0.533876,	-0.000448713,	-0.022306,	-1.04187,	-0.612952,	-0.0160253,	-0.0533545,	-0.780708,	-0.619509,	-0.0174966,	-0.304108,	-0.3913,	0.62136,	-0.05488,	35007,	-311,	-22,	-404,	34917,	134,	-1,	-106,	34897,	55,	-35,	-317,	
2,	-1,	575985,	1.65255e+015,	1,	4,	-1,	-5,	0,	-1,	0,	-1,	1.65255e+009,	-0.855959,	-0.368368,	-0.345038,	-0.0214368,	-0.947346,	-0.494975,	-0.00574569,	0.0986859,	-1.03609,	-0.533876,	-0.000448713,	-0.022306,	-1.04187,	-0.612952,	-0.0160253,	-0.0533545,	-0.780708,	-0.619509,	-0.0174966,	-0.304108,	-0.3913,	0.62136,	-0.05488,	35017,	-311,	-21,	-404,	34927,	133,	-1,	-106,	34907,	56,	-35,	-317,	
2,	-1,	576063,	1.65255e+015,	1,	0,	5,	5,	4,	1,	0,	-1,	1.65255e+009,	-0.855959,	-0.368368,	-0.345038,	-0.0214368,	-0.947346,	-0.494975,	-0.00574569,	0.0986859,	-1.03609,	-0.533876,	-0.000448713,	-0.022306,	-1.04187,	-0.612952,	-0.0160253,	-0.0533545,	-0.780708,	-0.619509,	-0.0174966,	-0.304108,	-0.3913,	0.62136,	-0.05488,	35027,	-310,	-22,	-404,	34937,	133,	-1,	-107,	34917,	56,	-34,	-317,	
2,	-1,	576141,	1.65255e+015,	-1,	3,	2,	1,	-2,	0,	-1,	0,	1.65255e+009,	-0.855959,	-0.368368,	-0.345038,	-0.0214368,	-0.947346,	-0.494975,	-0.00574569,	0.0986859,	-1.03609,	-0.533876,	-0.000448713,	-0.022306,	-1.04187,	-0.612952,	-0.0160253,	-0.0533545,	-0.780708,	-0.619509,	-0.0174966,	-0.304108,	-0.3913,	0.62136,	-0.05488,	35037,	-310,	-22,	-404,	34947,	133,	-1,	-107,	34927,	55,	-35,	-318,	
2,	-1,	576219,	1.65255e+015,	0,	1,	-1,	-4,	-2,	-1,	1,	-1,	1.65255e+009,	-0.855959,	-0.368368,	-0.345038,	-0.0214368,	-0.947346,	-0.494975,	-0.00574569,	0.0986859,	-1.03609,	-0.533876,	-0.000448713,	-0.022306,	-1.04187,	-0.612952,	-0.0160253,	-0.0533545,	-0.780708,	-0.619509,	-0.0174966,	-0.304108,	-0.3913,	0.62136,	-0.05488,	35047,	-310,	-21,	-404,	34957,	133,	-2,	-107,	34937,	56,	-34,	-318,	
2,	-1,	576297,	1.65255e+015,	1,	2,	-4,	7,	5,	-1,	0,	-2,	1.65255e+009,	-0.855959,	-0.368368,	-0.345038,	-0.0214368,	-0.947346,	-0.494975,	-0.00574569,	0.0986859,	-1.03609,	-0.533876,	-0.000448713,	-0.022306,	-1.04187,	-0.612952,	-0.0160253,	-0.0533545,	-0.780708,	-0.619509,	-0.0174966,	-0.304108,	-0.3913,	0.62136,	-0.05488,	35057,	-310,	-21,	-405,	34967,	133,	-2,	-108,	34947,	56,	-35,	-319,	
2,	-1,	576375,	1.65255e+015,	-1,	0,	1,	4,	0,	0,	-1,	-1,	1.65255e+009,	-0.855959,	-0.368368,	-0.345038,	-0.0214368,	-0.947346,	-0.494975,	-0.00574569,	0.0986859,	-1.03609,	-0.533876,	-0.000448713,	-0.022306,	-1.04187,	-0.612952,	-0.0160253,	-0.0533545,	-0.780708,	-0.619509,	-0.0174966,	-0.304108,	-0.3913,	0.62136,	-0.05488,	35067,	-310,	-21,	-405,	34977,	134,	-1,	-108,	34957,	57,	-35,	-319,	
2,	-1,	576454,	1.65255e+015,	0,	4,	-1,	-10,	-2,	-3,	1,	0,	1.65255e+009,	-0.855959,	-0.368368,	-0.345038,	-0.0214368,	-0.947346,	-0.494975,	-0.00574569,	0.0986859,	-1.03609,	-0.533876,	-0.000448713,	-0.022306,	-1.04187,	-0.612952,	-0.0160253,	-0.0533545,	-0.780708,	-0.619509,	-0.0174966,	-0.304108,	-0.3913,	0.62136,	-0.05488,	35077,	-311,	-22,	-405,	34987,	134,	-2,	-108,	34967,	57,	-34,	-319,	
2,	-1,	576547,	1.65255e+015,	-1,	-6,	-4,	-4,	-4,	-1,	1,	-1,	1.65255e+009,	-0.855959,	-0.368368,	-0.345038,	-0.0214368,	-0.947346,	-0.494975,	-0.00574569,	0.0986859,	-1.03609,	-0.533876,	-0.000448713,	-0.022306,	-1.04187,	-0.612952,	-0.0160253,	-0.0533545,	-0.780708,	-0.619509,	-0.0174966,	-0.304108,	-0.3913,	0.62136,	-0.05488,	35087,	-310,	-21,	-405,	34997,	134,	-2,	-109,	34977,	57,	-36,	-320,	
2,	-1,	576625,	1.65255e+015,	0,	-1,	0,	10,	1,	0,	1,	-1,	1.65255e+009,	-0.855959,	-0.368368,	-0.345038,	-0.0214368,	-0.947346,	-0.494975,	-0.00574569,	0.0986859,	-1.03609,	-0.533876,	-0.000448713,	-0.022306,	-1.04187,	-0.612952,	-0.0160253,	-0.0533545,	-0.780708,	-0.619509,	-0.0174966,	-0.304108,	-0.3913,	0.62136,	-0.05488,	35097,	-311,	-21,	-404,	35007,	133,	-2,	-109,	34987,	57,	-34,	-321,	
2,	-1,	576704,	1.65255e+015,	2,	2,	4,	2,	0,	-1,	-2,	-1,	1.65255e+009,	-0.855959,	-0.368368,	-0.345038,	-0.0214368,	-0.947346,	-0.494975,	-0.00574569,	0.0986859,	-1.03609,	-0.533876,	-0.000448713,	-0.022306,	-1.04187,	-0.612952,	-0.0160253,	-0.0533545,	-0.780708,	-0.619509,	-0.0174966,	-0.304108,	-0.3913,	0.62136,	-0.05488,	35107,	-310,	-21,	-404,	35017,	133,	-2,	-109,	34997,	57,	-35,	-321,	
2,	-1,	576782,	1.65255e+015,	1,	0,	-2,	-2,	-4,	-1,	0,	1,	1.65255e+009,	-0.855959,	-0.368368,	-0.345038,	-0.0214368,	-0.947346,	-0.494975,	-0.00574569,	0.0986859,	-1.03609,	-0.533876,	-0.000448713,	-0.022306,	-1.04187,	-0.612952,	-0.0160253,	-0.0533545,	-0.780708,	-0.619509,	-0.0174966,	-0.304108,	-0.3913,	0.62136,	-0.05488,	35117,	-310,	-22,	-405,	54087,	155,	-36,	-153,	54077,	79,	-17,	-364,	
2,	-1,	576860,	1.65255e+015,	-2,	-5,	3,	15,	-4,	-3,	0,	0,	1.65255e+009,	-0.855959,	-0.368368,	-0.345038,	-0.0214368,	-0.947346,	-0.494975,	-0.00574569,	0.0986859,	-1.03609,	-0.533876,	-0.000448713,	-0.022306,	-1.04187,	-0.612952,	-0.0160253,	-0.0533545,	-0.780708,	-0.619509,	-0.0174966,	-0.304108,	-0.3913,	0.62136,	-0.05488,	35127,	-309,	-21,	-405,	54097,	155,	-35,	-153,	54087,	78,	-17,	-364,	
2,	-1,	576938,	1.65255e+015,	-1,	-5,	-3,	-14,	-4,	-1,	1,	-2,	1.65255e+009,	-0.855959,	-0.368368,	-0.345038,	-0.0214368,	-0.947346,	-0.494975,	-0.00574569,	0.0986859,	-1.03609,	-0.533876,	-0.000448713,	-0.022306,	-1.04187,	-0.612952,	-0.0160253,	-0.0533545,	-0.780708,	-0.619509,	-0.0174966,	-0.304108,	-0.3913,	0.62136,	-0.05488,	54197,	-205,	8,	-548,	54107,	155,	-35,	-153,	54097,	78,	-17,	-363,	
2,	-1,	577016,	1.65255e+015,	-2,	-2,	-3,	1,	1,	0,	-1,	-1,	1.65255e+009,	-0.855959,	-0.368368,	-0.345038,	-0.0214368,	-0.947346,	-0.494975,	-0.00574569,	0.0986859,	-1.03609,	-0.533876,	-0.000448713,	-0.022306,	-1.04187,	-0.612952,	-0.0160253,	-0.0533545,	-0.780708,	-0.619509,	-0.0174966,	-0.304108,	-0.3913,	0.62136,	-0.05488,	54207,	-203,	9,	-548,	54117,	154,	-35,	-153,	54107,	78,	-17,	-363,	
2,	-1,	577110,	1.65255e+015,	0,	0,	-5,	-18,	-4,	0,	1,	-2,	1.65255e+009,	-0.855959,	-0.368368,	-0.345038,	-0.0214368,	-0.947346,	-0.494975,	-0.00574569,	0.0986859,	-1.03609,	-0.533876,	-0.000448713,	-0.022306,	-1.04187,	-0.612952,	-0.0160253,	-0.0533545,	-0.780708,	-0.619509,	-0.0174966,	-0.304108,	-0.3913,	0.62136,	-0.05488,	54217,	-203,	9,	-549,	54127,	155,	-35,	-153,	54117,	79,	-17,	-363,	
2,	-1,	577188,	1.65255e+015,	3,	9,	4,	7,	2,	2,	0,	1,	1.65255e+009,	-0.855959,	-0.368368,	-0.345038,	-0.0214368,	-0.947346,	-0.494975,	-0.00574569,	0.0986859,	-1.03609,	-0.533876,	-0.000448713,	-0.022306,	-1.04187,	-0.612952,	-0.0160253,	-0.0533545,	-0.780708,	-0.619509,	-0.0174966,	-0.304108,	-0.3913,	0.62136,	-0.05488,	54227,	-202,	9,	-549,	54137,	155,	-36,	-153,	54127,	78,	-17,	-363,	
2,	-1,	577266,	1.65255e+015,	0,	-1,	-7,	-26,	-5,	-3,	0,	0,	1.65255e+009,	-0.855959,	-0.368368,	-0.345038,	-0.0214368,	-0.947346,	-0.494975,	-0.00574569,	0.0986859,	-1.03609,	-0.533876,	-0.000448713,	-0.022306,	-1.04187,	-0.612952,	-0.0160253,	-0.0533545,	-0.780708,	-0.619509,	-0.0174966,	-0.304108,	-0.3913,	0.62136,	-0.05488,	54237,	-202,	8,	-549,	54147,	155,	-37,	-153,	54137,	78,	-17,	-363,	
2,	-1,	577344,	1.65255e+015,	-2,	-2,	1,	-5,	0,	-2,	1,	-1,	1.65255e+009,	-0.855959,	-0.368368,	-0.345038,	-0.0214368,	-0.947346,	-0.494975,	-0.00574569,	0.0986859,	-1.03609,	-0.533876,	-0.000448713,	-0.022306,	-1.04187,	-0.612952,	-0.0160253,	-0.0533545,	-0.780708,	-0.619509,	-0.0174966,	-0.304108,	-0.3913,	0.62136,	-0.05488,	54247,	-203,	7,	-549,	54157,	156,	-36,	-153,	54147,	78,	-17,	-363,	
2,	-1,	577422,	1.65255e+015,	1,	0,	0,	-4,	-1,	-1,	1,	-2,	1.65255e+009,	-0.855959,	-0.368368,	-0.345038,	-0.0214368,	-0.947346,	-0.494975,	-0.00574569,	0.0986859,	-1.03609,	-0.533876,	-0.000448713,	-0.022306,	-1.04187,	-0.612952,	-0.0160253,	-0.0533545,	-0.780708,	-0.619509,	-0.0174966,	-0.304108,	-0.3913,	0.62136,	-0.05488,	54257,	-203,	7,	-549,	54167,	156,	-36,	-152,	54157,	79,	-17,	-363,	
2,	-1,	577500,	1.65255e+015,	-3,	-6,	1,	2,	-1,	-3,	-2,	-1,	1.65255e+009,	-0.855959,	-0.368368,	-0.345038,	-0.0214368,	-0.947346,	-0.494975,	-0.00574569,	0.0986859,	-1.03609,	-0.533876,	-0.000448713,	-0.022306,	-1.04187,	-0.612952,	-0.0160253,	-0.0533545,	-0.780708,	-0.619509,	-0.0174966,	-0.304108,	-0.3913,	0.62136,	-0.05488,	54267,	-204,	8,	-549,	54177,	155,	-37,	-153,	54167,	79,	-16,	-363,	
2,	-1,	577579,	1.65255e+015,	-4,	-8,	0,	14,	-2,	-2,	0,	-1,	1.65255e+009,	-0.855959,	-0.368368,	-0.345038,	-0.0214368,	-0.947346,	-0.494975,	-0.00574569,	0.0986859,	-1.03609,	-0.533876,	-0.000448713,	-0.022306,	-1.04187,	-0.612952,	-0.0160253,	-0.0533545,	-0.780708,	-0.619509,	-0.0174966,	-0.304108,	-0.3913,	0.62136,	-0.05488,	54277,	-202,	8,	-549,	54187,	156,	-37,	-153,	54177,	78,	-17,	-363,	
2,	-1,	577657,	1.65255e+015,	0,	0,	0,	4,	-1,	-3,	-1,	-1,	1.65255e+009,	-0.855959,	-0.368368,	-0.345038,	-0.0214368,	-0.947346,	-0.494975,	-0.00574569,	0.0986859,	-1.03609,	-0.533876,	-0.000448713,	-0.022306,	-1.04187,	-0.612952,	-0.0160253,	-0.0533545,	-0.780708,	-0.619509,	-0.0174966,	-0.304108,	-0.3913,	0.62136,	-0.05488,	54287,	-202,	8,	-549,	54197,	155,	-35,	-152,	54187,	78,	-17,	-363,	
2,	-1,	577735,	1.65255e+015,	0,	1,	3,	0,	2,	2,	0,	1,	1.65255e+009,	-0.855959,	-0.368368,	-0.345038,	-0.0214368,	-0.947346,	-0.494975,	-0.00574569,	0.0986859,	-1.03609,	-0.533876,	-0.000448713,	-0.022306,	-1.04187,	-0.612952,	-0.0160253,	-0.0533545,	-0.780708,	-0.619509,	-0.0174966,	-0.304108,	-0.3913,	0.62136,	-0.05488,	54297,	-204,	8,	-548,	54207,	156,	-36,	-152,	54197,	78,	-18,	-363,	
2,	-1,	577813,	1.65255e+015,	-1,	-3,	1,	10,	1,	0,	-2,	-1,	1.65255e+009,	-0.855959,	-0.368368,	-0.345038,	-0.0214368,	-0.947346,	-0.494975,	-0.00574569,	0.0986859,	-1.03609,	-0.533876,	-0.000448713,	-0.022306,	-1.04187,	-0.612952,	-0.0160253,	-0.0533545,	-0.780708,	-0.619509,	-0.0174966,	-0.304108,	-0.3913,	0.62136,	-0.05488,	54307,	-205,	9,	-548,	54217,	156,	-36,	-152,	54207,	78,	-17,	-363,	
2,	-1,	577891,	1.65255e+015,	-2,	-4,	-4,	-7,	3,	-2,	-3,	-1,	1.65255e+009,	-0.855959,	-0.368368,	-0.345038,	-0.0214368,	-0.947346,	-0.494975,	-0.00574569,	0.0986859,	-1.03609,	-0.533876,	-0.000448713,	-0.022306,	-1.04187,	-0.612952,	-0.0160253,	-0.0533545,	-0.780708,	-0.619509,	-0.0174966,	-0.304108,	-0.3913,	0.62136,	-0.05488,	54317,	-205,	8,	-548,	54227,	156,	-36,	-152,	54217,	77,	-17,	-363,	
2,	-1,	577969,	1.65255e+015,	2,	5,	3,	6,	1,	0,	0,	2,	1.65255e+009,	-0.855959,	-0.368368,	-0.345038,	-0.0214368,	-0.947346,	-0.494975,	-0.00574569,	0.0986859,	-1.03609,	-0.533876,	-0.000448713,	-0.022306,	-1.04187,	-0.612952,	-0.0160253,	-0.0533545,	-0.780708,	-0.619509,	-0.0174966,	-0.304108,	-0.3913,	0.62136,	-0.05488,	54327,	-204,	9,	-548,	54237,	155,	-36,	-152,	54227,	77,	-17,	-363,	
2,	-1,	578047,	1.65255e+015,	-1,	0,	-1,	2,	-4,	-3,	-1,	0,	1.65255e+009,	-0.855959,	-0.368368,	-0.345038,	-0.0214368,	-0.947346,	-0.494975,	-0.00574569,	0.0986859,	-1.03609,	-0.533876,	-0.000448713,	-0.022306,	-1.04187,	-0.612952,	-0.0160253,	-0.0533545,	-0.780708,	-0.619509,	-0.0174966,	-0.304108,	-0.3913,	0.62136,	-0.05488,	54337,	-204,	9,	-548,	54247,	155,	-36,	-152,	54237,	77,	-17,	-363,	
2,	-1,	578125,	1.65255e+015,	1,	4,	7,	10,	4,	-1,	-1,	0,	1.65255e+009,	-0.855959,	-0.368368,	-0.345038,	-0.0214368,	-0.947346,	-0.494975,	-0.00574569,	0.0986859,	-1.03609,	-0.533876,	-0.000448713,	-0.022306,	-1.04187,	-0.612952,	-0.0160253,	-0.0533545,	-0.780708,	-0.619509,	-0.0174966,	-0.304108,	-0.3913,	0.62136,	-0.05488,	54347,	-203,	7,	-549,	54257,	155,	-37,	-152,	54247,	78,	-17,	-363,	
2,	-1,	578204,	1.65255e+015,	0,	3,	4,	8,	6,	1,	-1,	1,	1.65255e+009,	-0.855959,	-0.368368,	-0.345038,	-0.0214368,	-0.947346,	-0.494975,	-0.00574569,	0.0986859,	-1.03609,	-0.533876,	-0.000448713,	-0.022306,	-1.04187,	-0.612952,	-0.0160253,	-0.0533545,	-0.780708,	-0.619509,	-0.0174966,	-0.304108,	-0.3913,	0.62136,	-0.05488,	54357,	-203,	7,	-549,	54267,	156,	-36,	-153,	54257,	78,	-16,	-363,	
2,	-1,	578282,	1.65255e+015,	-1,	-2,	1,	-2,	-4,	-2,	-1,	-3,	1.65255e+009,	-0.855959,	-0.368368,	-0.345038,	-0.0214368,	-0.947346,	-0.494975,	-0.00574569,	0.0986859,	-1.03609,	-0.533876,	-0.000448713,	-0.022306,	-1.04187,	-0.612952,	-0.0160253,	-0.0533545,	-0.780708,	-0.619509,	-0.0174966,	-0.304108,	-0.3913,	0.62136,	-0.05488,	54367,	-204,	6,	-549,	54277,	156,	-37,	-153,	54267,	78,	-16,	-363,	
2,	-1,	578360,	1.65255e+015,	0,	3,	4,	1,	-1,	0,	0,	0,	1.65255e+009,	-0.855959,	-0.368368,	-0.345038,	-0.0214368,	-0.947346,	-0.494975,	-0.00574569,	0.0986859,	-1.03609,	-0.533876,	-0.000448713,	-0.022306,	-1.04187,	-0.612952,	-0.0160253,	-0.0533545,	-0.780708,	-0.619509,	-0.0174966,	-0.304108,	-0.3913,	0.62136,	-0.05488,	54377,	-204,	8,	-549,	54287,	155,	-36,	-153,	54277,	78,	-16,	-363,	
2,	-1,	578438,	1.65255e+015,	-2,	-1,	-1,	33,	-1,	-1,	-1,	0,	1.65255e+009,	-0.855959,	-0.368368,	-0.345038,	-0.0214368,	-0.947346,	-0.494975,	-0.00574569,	0.0986859,	-1.03609,	-0.533876,	-0.000448713,	-0.022306,	-1.04187,	-0.612952,	-0.0160253,	-0.0533545,	-0.780708,	-0.619509,	-0.0174966,	-0.304108,	-0.3913,	0.62136,	-0.05488,	54387,	-206,	7,	-549,	54297,	154,	-36,	-152,	54287,	79,	-16,	-363,	
2,	-1,	578516,	1.65255e+015,	1,	6,	2,	-5,	1,	1,	1,	0,	1.65255e+009,	-0.855959,	-0.368368,	-0.345038,	-0.0214368,	-0.947346,	-0.494975,	-0.00574569,	0.0986859,	-1.03609,	-0.533876,	-0.000448713,	-0.022306,	-1.04187,	-0.612952,	-0.0160253,	-0.0533545,	-0.780708,	-0.619509,	-0.0174966,	-0.304108,	-0.3913,	0.62136,	-0.05488,	54397,	-204,	8,	-549,	54307,	154,	-36,	-152,	54297,	79,	-17,	-363,	
2,	-1,	578594,	1.65255e+015,	0,	-2,	8,	17,	3,	0,	-1,	-2,	1.65255e+009,	-0.855959,	-0.368368,	-0.345038,	-0.0214368,	-0.947346,	-0.494975,	-0.00574569,	0.0986859,	-1.03609,	-0.533876,	-0.000448713,	-0.022306,	-1.04187,	-0.612952,	-0.0160253,	-0.0533545,	-0.780708,	-0.619509,	-0.0174966,	-0.304108,	-0.3913,	0.62136,	-0.05488,	54407,	-204,	8,	-549,	54317,	155,	-35,	-152,	54307,	79,	-16,	-362,	
2,	-1,	578672,	1.65255e+015,	0,	2,	-5,	-9,	-4,	0,	-1,	1,	1.65255e+009,	-0.855959,	-0.368368,	-0.345038,	-0.0214368,	-0.947346,	-0.494975,	-0.00574569,	0.0986859,	-1.03609,	-0.533876,	-0.000448713,	-0.022306,	-1.04187,	-0.612952,	-0.0160253,	-0.0533545,	-0.780708,	-0.619509,	-0.0174966,	-0.304108,	-0.3913,	0.62136,	-0.05488,	54417,	-203,	8,	-549,	54327,	155,	-36,	-152,	54317,	77,	-16,	-362,	
2,	-1,	578750,	1.65255e+015,	1,	3,	1,	3,	1,	-2,	0,	1,	1.65255e+009,	-0.855959,	-0.368368,	-0.345038,	-0.0214368,	-0.947346,	-0.494975,	-0.00574569,	0.0986859,	-1.03609,	-0.533876,	-0.000448713,	-0.022306,	-1.04187,	-0.612952,	-0.0160253,	-0.0533545,	-0.780708,	-0.619509,	-0.0174966,	-0.304108,	-0.3913,	0.62136,	-0.05488,	54427,	-203,	7,	-549,	54337,	156,	-36,	-151,	54327,	79,	-17,	-362,	
2,	-1,	578829,	1.65255e+015,	0,	2,	4,	51,	8,	0,	-1,	-1,	1.65255e+009,	-0.855959,	-0.368368,	-0.345038,	-0.0214368,	-0.947346,	-0.494975,	-0.00574569,	0.0986859,	-1.03609,	-0.533876,	-0.000448713,	-0.022306,	-1.04187,	-0.612952,	-0.0160253,	-0.0533545,	-0.780708,	-0.619509,	-0.0174966,	-0.304108,	-0.3913,	0.62136,	-0.05488,	54437,	-204,	7,	-549,	54347,	157,	-35,	-152,	54337,	78,	-16,	-362,	
2,	-1,	578907,	1.65255e+015,	0,	0,	3,	14,	2,	-1,	-1,	-1,	1.65255e+009,	-0.855959,	-0.368368,	-0.345038,	-0.0214368,	-0.947346,	-0.494975,	-0.00574569,	0.0986859,	-1.03609,	-0.533876,	-0.000448713,	-0.022306,	-1.04187,	-0.612952,	-0.0160253,	-0.0533545,	-0.780708,	-0.619509,	-0.0174966,	-0.304108,	-0.3913,	0.62136,	-0.05488,	54447,	-204,	7,	-549,	54357,	156,	-35,	-152,	54347,	78,	-16,	-362,	
2,	-1,	578985,	1.65255e+015,	1,	1,	-2,	-7,	-1,	-3,	2,	0,	1.65255e+009,	-0.855959,	-0.368368,	-0.345038,	-0.0214368,	-0.947346,	-0.494975,	-0.00574569,	0.0986859,	-1.03609,	-0.533876,	-0.000448713,	-0.022306,	-1.04187,	-0.612952,	-0.0160253,	-0.0533545,	-0.780708,	-0.619509,	-0.0174966,	-0.304108,	-0.3913,	0.62136,	-0.05488,	54457,	-205,	8,	-550,	54367,	156,	-35,	-152,	54357,	77,	-16,	-362,	
2,	-1,	579063,	1.65255e+015,	0,	2,	1,	-8,	-5,	0,	0,	0,	1.65255e+009,	-0.855959,	-0.368368,	-0.345038,	-0.0214368,	-0.947346,	-0.494975,	-0.00574569,	0.0986859,	-1.03609,	-0.533876,	-0.000448713,	-0.022306,	-1.04187,	-0.612952,	-0.0160253,	-0.0533545,	-0.780708,	-0.619509,	-0.0174966,	-0.304108,	-0.3913,	0.62136,	-0.05488,	54467,	-204,	8,	-550,	54377,	156,	-36,	-152,	54367,	78,	-16,	-362,	
2,	-1,	579125,	1.65255e+015,	2,	4,	2,	-2,	3,	2,	-1,	1,	1.65255e+009,	-0.855959,	-0.368368,	-0.345038,	-0.0214368,	-0.947346,	-0.494975,	-0.00574569,	0.0986859,	-1.03609,	-0.533876,	-0.000448713,	-0.022306,	-1.04187,	-0.612952,	-0.0160253,	-0.0533545,	-0.780708,	-0.619509,	-0.0174966,	-0.304108,	-0.3913,	0.62136,	-0.05488,	54477,	-203,	7,	-550,	54387,	156,	-37,	-152,	54377,	79,	-16,	-362,	
2,	-1,	579204,	1.65255e+015,	2,	3,	-2,	-13,	-2,	-1,	0,	0,	1.65255e+009,	-0.855959,	-0.368368,	-0.345038,	-0.0214368,	-0.947346,	-0.494975,	-0.00574569,	0.0986859,	-1.03609,	-0.533876,	-0.000448713,	-0.022306,	-1.04187,	-0.612952,	-0.0160253,	-0.0533545,	-0.780708,	-0.619509,	-0.0174966,	-0.304108,	-0.3913,	0.62136,	-0.05488,	54487,	-203,	7,	-550,	54397,	156,	-36,	-152,	54387,	78,	-17,	-362,	
2,	-1,	579266,	1.65255e+015,	-2,	-4,	-9,	-30,	-5,	1,	-1,	-2,	1.65255e+009,	-0.855959,	-0.368368,	-0.345038,	-0.0214368,	-0.947346,	-0.494975,	-0.00574569,	0.0986859,	-1.03609,	-0.533876,	-0.000448713,	-0.022306,	-1.04187,	-0.612952,	-0.0160253,	-0.0533545,	-0.780708,	-0.619509,	-0.0174966,	-0.304108,	-0.3913,	0.62136,	-0.05488,	54497,	-203,	7,	-550,	54407,	157,	-37,	-152,	54397,	78,	-16,	-362,	
2,	-1,	579344,	1.65255e+015,	-2,	-2,	0,	21,	-3,	0,	-1,	-2,	1.65255e+009,	-0.855959,	-0.368368,	-0.345038,	-0.0214368,	-0.947346,	-0.494975,	-0.00574569,	0.0986859,	-1.03609,	-0.533876,	-0.000448713,	-0.022306,	-1.04187,	-0.612952,	-0.0160253,	-0.0533545,	-0.780708,	-0.619509,	-0.0174966,	-0.304108,	-0.3913,	0.62136,	-0.05488,	54507,	-204,	7,	-550,	54417,	157,	-36,	-152,	54407,	79,	-17,	-363,	
2,	-1,	579407,	1.65255e+015,	-2,	-1,	-3,	-11,	-1,	-1,	-1,	0,	1.65255e+009,	-0.855959,	-0.368368,	-0.345038,	-0.0214368,	-0.947346,	-0.494975,	-0.00574569,	0.0986859,	-1.03609,	-0.533876,	-0.000448713,	-0.022306,	-1.04187,	-0.612952,	-0.0160253,	-0.0533545,	-0.780708,	-0.619509,	-0.0174966,	-0.304108,	-0.3913,	0.62136,	-0.05488,	54517,	-203,	8,	-550,	54427,	156,	-35,	-152,	54417,	78,	-16,	-362,	
2,	-1,	579485,	1.65255e+015,	0,	3,	1,	-1,	-2,	-1,	0,	-2,	1.65255e+009,	-0.855959,	-0.368368,	-0.345038,	-0.0214368,	-0.947346,	-0.494975,	-0.00574569,	0.0986859,	-1.03609,	-0.533876,	-0.000448713,	-0.022306,	-1.04187,	-0.612952,	-0.0160253,	-0.0533545,	-0.780708,	-0.619509,	-0.0174966,	-0.304108,	-0.3913,	0.62136,	-0.05488,	54527,	-204,	8,	-550,	54437,	156,	-36,	-152,	54427,	78,	-15,	-362,	
2,	-1,	579547,	1.65255e+015,	2,	-3,	6,	3,	3,	2,	0,	-2,	1.65255e+009,	-0.855959,	-0.368368,	-0.345038,	-0.0214368,	-0.947346,	-0.494975,	-0.00574569,	0.0986859,	-1.03609,	-0.533876,	-0.000448713,	-0.022306,	-1.04187,	-0.612952,	-0.0160253,	-0.0533545,	-0.780708,	-0.619509,	-0.0174966,	-0.304108,	-0.3913,	0.62136,	-0.05488,	54537,	-203,	8,	-550,	54447,	156,	-36,	-152,	54437,	78,	-16,	-362,	
2,	-1,	579610,	1.65255e+015,	-4,	-5,	-1,	3,	-4,	-1,	0,	-1,	1.65255e+009,	-0.855959,	-0.368368,	-0.345038,	-0.0214368,	-0.947346,	-0.494975,	-0.00574569,	0.0986859,	-1.03609,	-0.533876,	-0.000448713,	-0.022306,	-1.04187,	-0.612952,	-0.0160253,	-0.0533545,	-0.780708,	-0.619509,	-0.0174966,	-0.304108,	-0.3913,	0.62136,	-0.05488,	54547,	-204,	7,	-550,	54457,	156,	-36,	-152,	54447,	79,	-15,	-362,	
2,	-1,	579672,	1.65255e+015,	-3,	-3,	-3,	-5,	-2,	-2,	-1,	-2,	1.65255e+009,	-0.855959,	-0.368368,	-0.345038,	-0.0214368,	-0.947346,	-0.494975,	-0.00574569,	0.0986859,	-1.03609,	-0.533876,	-0.000448713,	-0.022306,	-1.04187,	-0.612952,	-0.0160253,	-0.0533545,	-0.780708,	-0.619509,	-0.0174966,	-0.304108,	-0.3913,	0.62136,	-0.05488,	54557,	-204,	6,	-550,	54467,	155,	-36,	-152,	54457,	78,	-16,	-362,	
2,	-1,	579735,	1.65255e+015,	-2,	-3,	1,	15,	0,	-2,	-1,	0,	1.65255e+009,	-0.855959,	-0.368368,	-0.345038,	-0.0214368,	-0.947346,	-0.494975,	-0.00574569,	0.0986859,	-1.03609,	-0.533876,	-0.000448713,	-0.022306,	-1.04187,	-0.612952,	-0.0160253,	-0.0533545,	-0.780708,	-0.619509,	-0.0174966,	-0.304108,	-0.3913,	0.62136,	-0.05488,	54567,	-204,	6,	-551,	54477,	156,	-35,	-152,	54467,	79,	-16,	-363,	
2,	-1,	579813,	1.65255e+015,	0,	0,	0,	7,	0,	-1,	-1,	-1,	1.65255e+009,	-0.855959,	-0.368368,	-0.345038,	-0.0214368,	-0.947346,	-0.494975,	-0.00574569,	0.0986859,	-1.03609,	-0.533876,	-0.000448713,	-0.022306,	-1.04187,	-0.612952,	-0.0160253,	-0.0533545,	-0.780708,	-0.619509,	-0.0174966,	-0.304108,	-0.3913,	0.62136,	-0.05488,	54577,	-202,	6,	-551,	54487,	156,	-35,	-152,	54477,	79,	-16,	-363,	
2,	-1,	579891,	1.65255e+015,	-2,	-3,	-2,	3,	-1,	-2,	-2,	-1,	1.65255e+009,	-0.855959,	-0.368368,	-0.345038,	-0.0214368,	-0.947346,	-0.494975,	-0.00574569,	0.0986859,	-1.03609,	-0.533876,	-0.000448713,	-0.022306,	-1.04187,	-0.612952,	-0.0160253,	-0.0533545,	-0.780708,	-0.619509,	-0.0174966,	-0.304108,	-0.3913,	0.62136,	-0.05488,	54587,	-202,	7,	-551,	54497,	155,	-36,	-152,	54487,	78,	-16,	-363,	
2,	-1,	579969,	1.65255e+015,	-2,	0,	-2,	0,	0,	0,	0,	0,	1.65255e+009,	-0.855959,	-0.368368,	-0.345038,	-0.0214368,	-0.947346,	-0.494975,	-0.00574569,	0.0986859,	-1.03609,	-0.533876,	-0.000448713,	-0.022306,	-1.04187,	-0.612952,	-0.0160253,	-0.0533545,	-0.780708,	-0.619509,	-0.0174966,	-0.304108,	-0.3913,	0.62136,	-0.05488,	54597,	-203,	7,	-551,	54507,	157,	-37,	-152,	54497,	78,	-16,	-363,	
2,	-1,	580032,	1.65255e+015,	-1,	-1,	-4,	-7,	-2,	-1,	-1,	-1,	1.65255e+009,	-0.855959,	-0.368368,	-0.345038,	-0.0214368,	-0.947346,	-0.494975,	-0.00574569,	0.0986859,	-1.03609,	-0.533876,	-0.000448713,	-0.022306,	-1.04187,	-0.612952,	-0.0160253,	-0.0533545,	-0.780708,	-0.619509,	-0.0174966,	-0.304108,	-0.3913,	0.62136,	-0.05488,	54607,	-204,	6,	-551,	54517,	156,	-36,	-152,	54507,	78,	-16,	-363,	
2,	-1,	580110,	1.65255e+015,	-3,	-10,	-9,	-2,	-4,	-3,	-2,	-2,	1.65255e+009,	-0.855959,	-0.368368,	-0.345038,	-0.0214368,	-0.947346,	-0.494975,	-0.00574569,	0.0986859,	-1.03609,	-0.533876,	-0.000448713,	-0.022306,	-1.04187,	-0.612952,	-0.0160253,	-0.0533545,	-0.780708,	-0.619509,	-0.0174966,	-0.304108,	-0.3913,	0.62136,	-0.05488,	54617,	-203,	7,	-551,	54527,	155,	-36,	-152,	54517,	78,	-16,	-363,	
2,	-1,	580188,	1.65255e+015,	-2,	-8,	-6,	5,	-1,	1,	-1,	0,	1.65255e+009,	-0.855959,	-0.368368,	-0.345038,	-0.0214368,	-0.947346,	-0.494975,	-0.00574569,	0.0986859,	-1.03609,	-0.533876,	-0.000448713,	-0.022306,	-1.04187,	-0.612952,	-0.0160253,	-0.0533545,	-0.780708,	-0.619509,	-0.0174966,	-0.304108,	-0.3913,	0.62136,	-0.05488,	54627,	-203,	6,	-550,	54537,	155,	-36,	-152,	54527,	78,	-15,	-363,	
2,	-1,	580266,	1.65255e+015,	0,	3,	4,	6,	2,	-2,	0,	1,	1.65255e+009,	-0.855959,	-0.368368,	-0.345038,	-0.0214368,	-0.947346,	-0.494975,	-0.00574569,	0.0986859,	-1.03609,	-0.533876,	-0.000448713,	-0.022306,	-1.04187,	-0.612952,	-0.0160253,	-0.0533545,	-0.780708,	-0.619509,	-0.0174966,	-0.304108,	-0.3913,	0.62136,	-0.05488,	54637,	-204,	8,	-551,	54547,	157,	-36,	-152,	54537,	79,	-16,	-363,	
2,	-1,	580344,	1.65255e+015,	-2,	-3,	-6,	-18,	-4,	-2,	1,	-1,	1.65255e+009,	-0.855959,	-0.368368,	-0.345038,	-0.0214368,	-0.947346,	-0.494975,	-0.00574569,	0.0986859,	-1.03609,	-0.533876,	-0.000448713,	-0.022306,	-1.04187,	-0.612952,	-0.0160253,	-0.0533545,	-0.780708,	-0.619509,	-0.0174966,	-0.304108,	-0.3913,	0.62136,	-0.05488,	54647,	-203,	7,	-551,	54557,	156,	-35,	-152,	54547,	78,	-16,	-363,	
2,	-1,	580438,	1.65255e+015,	2,	5,	2,	7,	0,	-1,	-1,	-2,	1.65255e+009,	-0.855959,	-0.368368,	-0.345038,	-0.0214368,	-0.947346,	-0.494975,	-0.00574569,	0.0986859,	-1.03609,	-0.533876,	-0.000448713,	-0.022306,	-1.04187,	-0.612952,	-0.0160253,	-0.0533545,	-0.780708,	-0.619509,	-0.0174966,	-0.304108,	-0.3913,	0.62136,	-0.05488,	54657,	-202,	8,	-551,	54567,	156,	-36,	-152,	54557,	80,	-16,	-363,	
2,	-1,	580516,	1.65255e+015,	-1,	3,	3,	-7,	-3,	-2,	-1,	1,	1.65255e+009,	-0.855959,	-0.368368,	-0.345038,	-0.0214368,	-0.947346,	-0.494975,	-0.00574569,	0.0986859,	-1.03609,	-0.533876,	-0.000448713,	-0.022306,	-1.04187,	-0.612952,	-0.0160253,	-0.0533545,	-0.780708,	-0.619509,	-0.0174966,	-0.304108,	-0.3913,	0.62136,	-0.05488,	54667,	-203,	7,	-551,	54577,	156,	-37,	-152,	54567,	79,	-16,	-363,	
2,	-1,	580594,	1.65255e+015,	-1,	0,	3,	7,	3,	1,	-2,	-3,	1.65255e+009,	-0.855959,	-0.368368,	-0.345038,	-0.0214368,	-0.947346,	-0.494975,	-0.00574569,	0.0986859,	-1.03609,	-0.533876,	-0.000448713,	-0.022306,	-1.04187,	-0.612952,	-0.0160253,	-0.0533545,	-0.780708,	-0.619509,	-0.0174966,	-0.304108,	-0.3913,	0.62136,	-0.05488,	54677,	-203,	6,	-551,	54587,	156,	-37,	-152,	54577,	78,	-16,	-363,	
2,	-1,	580672,	1.65255e+015,	1,	4,	-1,	-7,	4,	4,	0,	-1,	1.65255e+009,	-0.855959,	-0.368368,	-0.345038,	-0.0214368,	-0.947346,	-0.494975,	-0.00574569,	0.0986859,	-1.03609,	-0.533876,	-0.000448713,	-0.022306,	-1.04187,	-0.612952,	-0.0160253,	-0.0533545,	-0.780708,	-0.619509,	-0.0174966,	-0.304108,	-0.3913,	0.62136,	-0.05488,	54687,	-204,	6,	-550,	54597,	157,	-37,	-152,	54587,	78,	-15,	-363,	
2,	-1,	580750,	1.65255e+015,	0,	-2,	-5,	-4,	0,	-1,	0,	0,	1.65255e+009,	-0.855959,	-0.368368,	-0.345038,	-0.0214368,	-0.947346,	-0.494975,	-0.00574569,	0.0986859,	-1.03609,	-0.533876,	-0.000448713,	-0.022306,	-1.04187,	-0.612952,	-0.0160253,	-0.0533545,	-0.780708,	-0.619509,	-0.0174966,	-0.304108,	-0.3913,	0.62136,	-0.05488,	54697,	-204,	6,	-550,	54607,	156,	-38,	-152,	54597,	78,	-15,	-362,	
2,	-1,	580829,	1.65255e+015,	0,	1,	2,	0,	1,	0,	2,	0,	1.65255e+009,	-0.855959,	-0.368368,	-0.345038,	-0.0214368,	-0.947346,	-0.494975,	-0.00574569,	0.0986859,	-1.03609,	-0.533876,	-0.000448713,	-0.022306,	-1.04187,	-0.612952,	-0.0160253,	-0.0533545,	-0.780708,	-0.619509,	-0.0174966,	-0.304108,	-0.3913,	0.62136,	-0.05488,	54707,	-204,	6,	-549,	54617,	157,	-37,	-152,	54607,	78,	-16,	-363,	
2,	-1,	580907,	1.65255e+015,	0,	5,	3,	3,	1,	1,	-1,	-2,	1.65255e+009,	-0.855959,	-0.368368,	-0.345038,	-0.0214368,	-0.947346,	-0.494975,	-0.00574569,	0.0986859,	-1.03609,	-0.533876,	-0.000448713,	-0.022306,	-1.04187,	-0.612952,	-0.0160253,	-0.0533545,	-0.780708,	-0.619509,	-0.0174966,	-0.304108,	-0.3913,	0.62136,	-0.05488,	54717,	-204,	7,	-549,	54627,	156,	-37,	-152,	54617,	78,	-15,	-363,	
2,	-1,	580985,	1.65255e+015,	0,	3,	-2,	-1,	0,	-2,	-1,	-1,	1.65255e+009,	-0.855959,	-0.368368,	-0.345038,	-0.0214368,	-0.947346,	-0.494975,	-0.00574569,	0.0986859,	-1.03609,	-0.533876,	-0.000448713,	-0.022306,	-1.04187,	-0.612952,	-0.0160253,	-0.0533545,	-0.780708,	-0.619509,	-0.0174966,	-0.304108,	-0.3913,	0.62136,	-0.05488,	54727,	-204,	7,	-550,	54637,	156,	-36,	-152,	54627,	77,	-17,	-363,	
2,	-1,	581063,	1.65255e+015,	0,	0,	-4,	-1,	-2,	-1,	0,	-1,	1.65255e+009,	-0.855959,	-0.368368,	-0.345038,	-0.0214368,	-0.947346,	-0.494975,	-0.00574569,	0.0986859,	-1.03609,	-0.533876,	-0.000448713,	-0.022306,	-1.04187,	-0.612952,	-0.0160253,	-0.0533545,	-0.780708,	-0.619509,	-0.0174966,	-0.304108,	-0.3913,	0.62136,	-0.05488,	54737,	-204,	6,	-549,	54647,	156,	-37,	-152,	54637,	79,	-16,	-363,	
2,	-1,	581141,	1.65255e+015,	2,	2,	7,	5,	3,	-3,	-2,	-1,	1.65255e+009,	-0.855959,	-0.368368,	-0.345038,	-0.0214368,	-0.947346,	-0.494975,	-0.00574569,	0.0986859,	-1.03609,	-0.533876,	-0.000448713,	-0.022306,	-1.04187,	-0.612952,	-0.0160253,	-0.0533545,	-0.780708,	-0.619509,	-0.0174966,	-0.304108,	-0.3913,	0.62136,	-0.05488,	54747,	-204,	5,	-549,	54657,	156,	-37,	-153,	54647,	78,	-16,	-363,	
2,	-1,	581219,	1.65255e+015,	-1,	1,	3,	-4,	-3,	-1,	-2,	-3,	1.65255e+009,	-0.855959,	-0.368368,	-0.345038,	-0.0214368,	-0.947346,	-0.494975,	-0.00574569,	0.0986859,	-1.03609,	-0.533876,	-0.000448713,	-0.022306,	-1.04187,	-0.612952,	-0.0160253,	-0.0533545,	-0.780708,	-0.619509,	-0.0174966,	-0.304108,	-0.3913,	0.62136,	-0.05488,	54757,	-205,	5,	-549,	54667,	156,	-36,	-152,	54657,	79,	-16,	-363,	
2,	-1,	581297,	1.65255e+015,	2,	6,	-4,	3,	1,	0,	-1,	0,	1.65255e+009,	-0.855959,	-0.368368,	-0.345038,	-0.0214368,	-0.947346,	-0.494975,	-0.00574569,	0.0986859,	-1.03609,	-0.533876,	-0.000448713,	-0.022306,	-1.04187,	-0.612952,	-0.0160253,	-0.0533545,	-0.780708,	-0.619509,	-0.0174966,	-0.304108,	-0.3913,	0.62136,	-0.05488,	54767,	-205,	6,	-549,	54677,	156,	-36,	-153,	54667,	79,	-16,	-363,	
2,	-1,	581375,	1.65255e+015,	-1,	-5,	1,	22,	1,	-2,	0,	-1,	1.65255e+009,	-0.855959,	-0.368368,	-0.345038,	-0.0214368,	-0.947346,	-0.494975,	-0.00574569,	0.0986859,	-1.03609,	-0.533876,	-0.000448713,	-0.022306,	-1.04187,	-0.612952,	-0.0160253,	-0.0533545,	-0.780708,	-0.619509,	-0.0174966,	-0.304108,	-0.3913,	0.62136,	-0.05488,	54777,	-205,	6,	-549,	54687,	156,	-35,	-152,	54677,	80,	-16,	-363,	
2,	-1,	581454,	1.65255e+015,	0,	3,	-2,	0,	-2,	-1,	2,	0,	1.65255e+009,	-0.855959,	-0.368368,	-0.345038,	-0.0214368,	-0.947346,	-0.494975,	-0.00574569,	0.0986859,	-1.03609,	-0.533876,	-0.000448713,	-0.022306,	-1.04187,	-0.612952,	-0.0160253,	-0.0533545,	-0.780708,	-0.619509,	-0.0174966,	-0.304108,	-0.3913,	0.62136,	-0.05488,	54787,	-205,	6,	-549,	54697,	155,	-35,	-153,	54687,	79,	-16,	-362,	
2,	-1,	581532,	1.65255e+015,	-1,	-5,	-5,	1,	-1,	-2,	-1,	0,	1.65255e+009,	-0.855959,	-0.368368,	-0.345038,	-0.0214368,	-0.947346,	-0.494975,	-0.00574569,	0.0986859,	-1.03609,	-0.533876,	-0.000448713,	-0.022306,	-1.04187,	-0.612952,	-0.0160253,	-0.0533545,	-0.780708,	-0.619509,	-0.0174966,	-0.304108,	-0.3913,	0.62136,	-0.05488,	54797,	-204,	6,	-549,	54707,	156,	-35,	-153,	54697,	78,	-17,	-363,	
2,	-1,	581610,	1.65255e+015,	-2,	-4,	-4,	-2,	0,	-1,	-2,	0,	1.65255e+009,	-0.855959,	-0.368368,	-0.345038,	-0.0214368,	-0.947346,	-0.494975,	-0.00574569,	0.0986859,	-1.03609,	-0.533876,	-0.000448713,	-0.022306,	-1.04187,	-0.612952,	-0.0160253,	-0.0533545,	-0.780708,	-0.619509,	-0.0174966,	-0.304108,	-0.3913,	0.62136,	-0.05488,	54807,	-205,	5,	-549,	54717,	156,	-36,	-152,	54707,	79,	-15,	-362,	
2,	-1,	581688,	1.65255e+015,	-1,	1,	-8,	-3,	-2,	-2,	1,	0,	1.65255e+009,	-0.855959,	-0.368368,	-0.345038,	-0.0214368,	-0.947346,	-0.494975,	-0.00574569,	0.0986859,	-1.03609,	-0.533876,	-0.000448713,	-0.022306,	-1.04187,	-0.612952,	-0.0160253,	-0.0533545,	-0.780708,	-0.619509,	-0.0174966,	-0.304108,	-0.3913,	0.62136,	-0.05488,	54817,	-205,	5,	-549,	54727,	155,	-36,	-152,	54717,	79,	-16,	-362,	
2,	-1,	581766,	1.65255e+015,	-1,	-4,	-11,	-25,	-4,	-1,	-2,	-2,	1.65255e+009,	-0.855959,	-0.368368,	-0.345038,	-0.0214368,	-0.947346,	-0.494975,	-0.00574569,	0.0986859,	-1.03609,	-0.533876,	-0.000448713,	-0.022306,	-1.04187,	-0.612952,	-0.0160253,	-0.0533545,	-0.780708,	-0.619509,	-0.0174966,	-0.304108,	-0.3913,	0.62136,	-0.05488,	54827,	-206,	6,	-549,	54737,	156,	-35,	-152,	54727,	79,	-16,	-362,	
