1,	14,	555391,	1.65255e+015,	-1,	3,	-1,	-18,	-1,	0,	0,	-2,	1.65255e+009,	-0.690629,	-0.269808,	-0.262493,	-0.0411488,	-0.867266,	-0.326928,	-0.0213756,	0.115624,	-0.878389,	-0.29438,	-0.0223135,	-0.0142395,	-0.890087,	-0.40006,	-0.0167949,	-0.086686,	-0.846498,	-0.491379,	-0.00626944,	-0.378838,	-0.3276,	0.62136,	-0.05488,	32277,	-255,	-10,	-464,	32187,	142,	-31,	-138,	32167,	67,	-22,	-347,	
1,	14,	555469,	1.65255e+015,	0,	2,	0,	3,	-2,	0,	1,	0,	1.65255e+009,	-0.690629,	-0.269808,	-0.262493,	-0.0411488,	-0.867266,	-0.326928,	-0.0213756,	0.115624,	-0.878389,	-0.29438,	-0.0223135,	-0.0142395,	-0.890087,	-0.40006,	-0.0167949,	-0.086686,	-0.846498,	-0.491379,	-0.00626944,	-0.378838,	-0.3276,	0.62136,	-0.05488,	32287,	-255,	-10,	-465,	32197,	143,	-32,	-138,	32177,	68,	-22,	-346,	
1,	14,	555547,	1.65255e+015,	-1,	6,	0,	-13,	-5,	-2,	-1,	-2,	1.65255e+009,	-0.690629,	-0.269808,	-0.262493,	-0.0411488,	-0.867266,	-0.326928,	-0.0213756,	0.115624,	-0.878389,	-0.29438,	-0.0223135,	-0.0142395,	-0.890087,	-0.40006,	-0.0167949,	-0.086686,	-0.846498,	-0.491379,	-0.00626944,	-0.378838,	-0.3276,	0.62136,	-0.05488,	32297,	-254,	-8,	-466,	32207,	143,	-31,	-138,	32187,	67,	-21,	-346,	
1,	14,	555625,	1.65255e+015,	0,	-2,	3,	-9,	-1,	-1,	-3,	-1,	1.65255e+009,	-0.690629,	-0.269808,	-0.262493,	-0.0411488,	-0.867266,	-0.326928,	-0.0213756,	0.115624,	-0.878389,	-0.29438,	-0.0223135,	-0.0142395,	-0.890087,	-0.40006,	-0.0167949,	-0.086686,	-0.846498,	-0.491379,	-0.00626944,	-0.378838,	-0.3276,	0.62136,	-0.05488,	32307,	-255,	-8,	-466,	32217,	142,	-30,	-138,	32197,	66,	-22,	-346,	
1,	14,	555704,	1.65255e+015,	0,	-1,	7,	3,	-2,	-1,	-1,	-1,	1.65255e+009,	-0.690629,	-0.269808,	-0.262493,	-0.0411488,	-0.867266,	-0.326928,	-0.0213756,	0.115624,	-0.878389,	-0.29438,	-0.0223135,	-0.0142395,	-0.890087,	-0.40006,	-0.0167949,	-0.086686,	-0.846498,	-0.491379,	-0.00626944,	-0.378838,	-0.3276,	0.62136,	-0.05488,	32317,	-253,	-8,	-467,	32227,	142,	-30,	-138,	32207,	66,	-22,	-347,	
1,	14,	555766,	1.65255e+015,	0,	-4,	2,	1,	0,	2,	1,	0,	1.65255e+009,	-0.690629,	-0.269808,	-0.262493,	-0.0411488,	-0.867266,	-0.326928,	-0.0213756,	0.115624,	-0.878389,	-0.29438,	-0.0223135,	-0.0142395,	-0.890087,	-0.40006,	-0.0167949,	-0.086686,	-0.846498,	-0.491379,	-0.00626944,	-0.378838,	-0.3276,	0.62136,	-0.05488,	32327,	-253,	-8,	-467,	32237,	142,	-30,	-138,	32217,	66,	-22,	-347,	
1,	14,	555844,	1.65255e+015,	-1,	3,	4,	-2,	-2,	0,	-1,	-1,	1.65255e+009,	-0.690629,	-0.269808,	-0.262493,	-0.0411488,	-0.867266,	-0.326928,	-0.0213756,	0.115624,	-0.878389,	-0.29438,	-0.0223135,	-0.0142395,	-0.890087,	-0.40006,	-0.0167949,	-0.086686,	-0.846498,	-0.491379,	-0.00626944,	-0.378838,	-0.3276,	0.62136,	-0.05488,	32337,	-253,	-9,	-467,	32247,	141,	-30,	-138,	32227,	67,	-21,	-347,	
1,	14,	555922,	1.65255e+015,	0,	-5,	-9,	-7,	-3,	1,	0,	0,	1.65255e+009,	-0.690629,	-0.269808,	-0.262493,	-0.0411488,	-0.867266,	-0.326928,	-0.0213756,	0.115624,	-0.878389,	-0.29438,	-0.0223135,	-0.0142395,	-0.890087,	-0.40006,	-0.0167949,	-0.086686,	-0.846498,	-0.491379,	-0.00626944,	-0.378838,	-0.3276,	0.62136,	-0.05488,	32347,	-253,	-9,	-466,	32257,	141,	-30,	-139,	32237,	67,	-20,	-346,	
1,	14,	556000,	1.65255e+015,	-1,	-3,	-13,	3,	-2,	-2,	-1,	-1,	1.65255e+009,	-0.690629,	-0.269808,	-0.262493,	-0.0411488,	-0.867266,	-0.326928,	-0.0213756,	0.115624,	-0.878389,	-0.29438,	-0.0223135,	-0.0142395,	-0.890087,	-0.40006,	-0.0167949,	-0.086686,	-0.846498,	-0.491379,	-0.00626944,	-0.378838,	-0.3276,	0.62136,	-0.05488,	32357,	-254,	-9,	-466,	32267,	141,	-31,	-138,	32247,	68,	-21,	-346,	
1,	14,	556063,	1.65255e+015,	0,	2,	-3,	-4,	-1,	-1,	0,	-1,	1.65255e+009,	-0.690629,	-0.269808,	-0.262493,	-0.0411488,	-0.867266,	-0.326928,	-0.0213756,	0.115624,	-0.878389,	-0.29438,	-0.0223135,	-0.0142395,	-0.890087,	-0.40006,	-0.0167949,	-0.086686,	-0.846498,	-0.491379,	-0.00626944,	-0.378838,	-0.3276,	0.62136,	-0.05488,	32367,	-253,	-8,	-466,	32277,	143,	-30,	-138,	32257,	67,	-21,	-346,	
1,	14,	556141,	1.65255e+015,	-1,	2,	-5,	0,	1,	-2,	0,	-1,	1.65255e+009,	-0.690629,	-0.269808,	-0.262493,	-0.0411488,	-0.867266,	-0.326928,	-0.0213756,	0.115624,	-0.878389,	-0.29438,	-0.0223135,	-0.0142395,	-0.890087,	-0.40006,	-0.0167949,	-0.086686,	-0.846498,	-0.491379,	-0.00626944,	-0.378838,	-0.3276,	0.62136,	-0.05488,	32377,	-254,	-8,	-466,	32287,	142,	-30,	-138,	32267,	67,	-21,	-346,	
1,	14,	556204,	1.65255e+015,	-2,	3,	5,	15,	2,	-2,	-1,	-2,	1.65255e+009,	-0.690629,	-0.269808,	-0.262493,	-0.0411488,	-0.867266,	-0.326928,	-0.0213756,	0.115624,	-0.878389,	-0.29438,	-0.0223135,	-0.0142395,	-0.890087,	-0.40006,	-0.0167949,	-0.086686,	-0.846498,	-0.491379,	-0.00626944,	-0.378838,	-0.3276,	0.62136,	-0.05488,	32387,	-253,	-8,	-466,	32297,	142,	-31,	-138,	32277,	67,	-22,	-346,	
1,	14,	556282,	1.65255e+015,	1,	1,	-2,	3,	1,	1,	0,	1,	1.65255e+009,	-0.690629,	-0.269808,	-0.262493,	-0.0411488,	-0.867266,	-0.326928,	-0.0213756,	0.115624,	-0.878389,	-0.29438,	-0.0223135,	-0.0142395,	-0.890087,	-0.40006,	-0.0167949,	-0.086686,	-0.846498,	-0.491379,	-0.00626944,	-0.378838,	-0.3276,	0.62136,	-0.05488,	32397,	-254,	-9,	-466,	32307,	142,	-31,	-138,	32287,	67,	-22,	-347,	
1,	14,	556344,	1.65255e+015,	2,	3,	15,	15,	-1,	-2,	0,	0,	1.65255e+009,	-0.690629,	-0.269808,	-0.262493,	-0.0411488,	-0.867266,	-0.326928,	-0.0213756,	0.115624,	-0.878389,	-0.29438,	-0.0223135,	-0.0142395,	-0.890087,	-0.40006,	-0.0167949,	-0.086686,	-0.846498,	-0.491379,	-0.00626944,	-0.378838,	-0.3276,	0.62136,	-0.05488,	32407,	-254,	-9,	-465,	32317,	143,	-31,	-137,	32297,	68,	-22,	-346,	
1,	14,	556422,	1.65255e+015,	-4,	-3,	-11,	-1,	0,	-2,	-1,	-3,	1.65255e+009,	-0.750749,	-0.269808,	-0.262493,	-0.0411488,	-0.867266,	-0.326928,	-0.0213756,	0.115624,	-0.878389,	-0.29438,	-0.0223135,	-0.0142395,	-0.890087,	-0.40006,	-0.0167949,	-0.086686,	-0.846498,	-0.491379,	-0.00626944,	-0.378838,	-0.3276,	0.62136,	-0.05488,	32417,	-254,	-8,	-465,	32327,	142,	-30,	-138,	32307,	67,	-22,	-346,	
1,	14,	556485,	1.65255e+015,	-2,	0,	12,	-2,	2,	0,	0,	-2,	1.65255e+009,	-0.750749,	-0.269808,	-0.262493,	-0.0411488,	-0.867266,	-0.326928,	-0.0213756,	0.115624,	-0.878389,	-0.29438,	-0.0223135,	-0.0142395,	-0.890087,	-0.40006,	-0.0167949,	-0.086686,	-0.846498,	-0.491379,	-0.00626944,	-0.378838,	-0.3276,	0.62136,	-0.05488,	32427,	-252,	-8,	-466,	32337,	143,	-31,	-138,	32317,	69,	-22,	-346,	
1,	14,	556547,	1.65255e+015,	1,	1,	-2,	30,	-2,	-1,	-1,	0,	1.65255e+009,	-0.750749,	-0.269808,	-0.262493,	-0.0411488,	-0.867266,	-0.326928,	-0.0213756,	0.115624,	-0.878389,	-0.29438,	-0.0223135,	-0.0142395,	-0.890087,	-0.40006,	-0.0167949,	-0.086686,	-0.846498,	-0.491379,	-0.00626944,	-0.378838,	-0.3276,	0.62136,	-0.05488,	32437,	-252,	-8,	-466,	32347,	143,	-31,	-138,	32327,	67,	-20,	-347,	
1,	14,	556625,	1.65255e+015,	2,	6,	14,	-4,	-1,	2,	0,	0,	1.65255e+009,	-0.750749,	-0.269808,	-0.262493,	-0.0411488,	-0.867266,	-0.326928,	-0.0213756,	0.115624,	-0.878389,	-0.29438,	-0.0223135,	-0.0142395,	-0.890087,	-0.40006,	-0.0167949,	-0.086686,	-0.846498,	-0.491379,	-0.00626944,	-0.378838,	-0.3276,	0.62136,	-0.05488,	32447,	-253,	-9,	-467,	32357,	143,	-31,	-138,	32337,	67,	-21,	-347,	
1,	14,	556688,	1.65255e+015,	2,	3,	-5,	1,	-6,	-2,	0,	0,	1.65255e+009,	-0.750749,	-0.269808,	-0.262493,	-0.0411488,	-0.867266,	-0.326928,	-0.0213756,	0.115624,	-0.878389,	-0.29438,	-0.0223135,	-0.0142395,	-0.890087,	-0.40006,	-0.0167949,	-0.086686,	-0.846498,	-0.491379,	-0.00626944,	-0.378838,	-0.3276,	0.62136,	-0.05488,	32457,	-253,	-8,	-467,	32367,	143,	-31,	-138,	32347,	67,	-21,	-347,	
1,	14,	556766,	1.65255e+015,	0,	-2,	-11,	-4,	-1,	0,	0,	1,	1.65255e+009,	-0.750749,	-0.269808,	-0.262493,	-0.0411488,	-0.867266,	-0.326928,	-0.0213756,	0.115624,	-0.878389,	-0.29438,	-0.0223135,	-0.0142395,	-0.890087,	-0.40006,	-0.0167949,	-0.086686,	-0.846498,	-0.491379,	-0.00626944,	-0.378838,	-0.3276,	0.62136,	-0.05488,	32467,	-253,	-9,	-467,	32377,	143,	-31,	-138,	32357,	68,	-22,	-346,	
1,	14,	556844,	1.65255e+015,	1,	1,	-17,	8,	0,	0,	1,	0,	1.65255e+009,	-0.750749,	-0.269808,	-0.262493,	-0.0411488,	-0.867266,	-0.326928,	-0.0213756,	0.115624,	-0.878389,	-0.29438,	-0.0223135,	-0.0142395,	-0.890087,	-0.40006,	-0.0167949,	-0.086686,	-0.846498,	-0.491379,	-0.00626944,	-0.378838,	-0.3276,	0.62136,	-0.05488,	32477,	-253,	-9,	-468,	32387,	144,	-30,	-139,	32367,	69,	-21,	-347,	
1,	14,	556922,	1.65255e+015,	-2,	-5,	13,	1,	-3,	0,	-1,	0,	1.65255e+009,	-0.750749,	-0.269808,	-0.262493,	-0.0411488,	-0.867266,	-0.326928,	-0.0213756,	0.115624,	-0.878389,	-0.29438,	-0.0223135,	-0.0142395,	-0.890087,	-0.40006,	-0.0167949,	-0.086686,	-0.846498,	-0.491379,	-0.00626944,	-0.378838,	-0.3276,	0.62136,	-0.05488,	32487,	-252,	-8,	-469,	32397,	143,	-30,	-139,	32377,	67,	-21,	-347,	
1,	14,	557000,	1.65255e+015,	0,	0,	-11,	-6,	-4,	-1,	0,	-1,	1.65255e+009,	-0.750749,	-0.269808,	-0.262493,	-0.0411488,	-0.867266,	-0.326928,	-0.0213756,	0.115624,	-0.878389,	-0.29438,	-0.0223135,	-0.0142395,	-0.890087,	-0.40006,	-0.0167949,	-0.086686,	-0.846498,	-0.491379,	-0.00626944,	-0.378838,	-0.3276,	0.62136,	-0.05488,	32497,	-251,	-9,	-469,	32407,	143,	-30,	-139,	32387,	67,	-21,	-347,	
1,	14,	557063,	1.65255e+015,	-1,	0,	3,	0,	-1,	-1,	0,	1,	1.65255e+009,	-0.750749,	-0.269808,	-0.262493,	-0.0411488,	-0.867266,	-0.326928,	-0.0213756,	0.115624,	-0.878389,	-0.29438,	-0.0223135,	-0.0142395,	-0.890087,	-0.40006,	-0.0167949,	-0.086686,	-0.846498,	-0.491379,	-0.00626944,	-0.378838,	-0.3276,	0.62136,	-0.05488,	32507,	-250,	-8,	-468,	32417,	142,	-31,	-139,	32397,	67,	-21,	-347,	
1,	14,	557141,	1.65255e+015,	0,	-2,	4,	-7,	-3,	-2,	-2,	-1,	1.65255e+009,	-0.750749,	-0.269808,	-0.262493,	-0.0411488,	-0.867266,	-0.326928,	-0.0213756,	0.115624,	-0.878389,	-0.29438,	-0.0223135,	-0.0142395,	-0.890087,	-0.40006,	-0.0167949,	-0.086686,	-0.846498,	-0.491379,	-0.00626944,	-0.378838,	-0.3276,	0.62136,	-0.05488,	32517,	-252,	-9,	-468,	32427,	143,	-31,	-139,	32407,	67,	-22,	-347,	
1,	14,	557204,	1.65255e+015,	-1,	0,	-4,	-15,	0,	-2,	0,	-1,	1.65255e+009,	-0.750749,	-0.269808,	-0.262493,	-0.0411488,	-0.867266,	-0.326928,	-0.0213756,	0.115624,	-0.878389,	-0.29438,	-0.0223135,	-0.0142395,	-0.890087,	-0.40006,	-0.0167949,	-0.086686,	-0.846498,	-0.491379,	-0.00626944,	-0.378838,	-0.3276,	0.62136,	-0.05488,	32527,	-252,	-9,	-468,	32437,	144,	-31,	-139,	32417,	68,	-22,	-347,	
1,	14,	557297,	1.65255e+015,	-2,	-2,	2,	17,	1,	1,	1,	-1,	1.65255e+009,	-0.750749,	-0.269808,	-0.262493,	-0.0411488,	-0.867266,	-0.326928,	-0.0213756,	0.115624,	-0.878389,	-0.29438,	-0.0223135,	-0.0142395,	-0.890087,	-0.40006,	-0.0167949,	-0.086686,	-0.846498,	-0.491379,	-0.00626944,	-0.378838,	-0.3276,	0.62136,	-0.05488,	32537,	-252,	-8,	-468,	32447,	144,	-30,	-139,	32427,	68,	-22,	-347,	
1,	14,	557375,	1.65255e+015,	0,	0,	-2,	9,	-3,	-3,	-2,	0,	1.65255e+009,	-0.750749,	-0.269808,	-0.262493,	-0.0411488,	-0.867266,	-0.326928,	-0.0213756,	0.115624,	-0.878389,	-0.29438,	-0.0223135,	-0.0142395,	-0.890087,	-0.40006,	-0.0167949,	-0.086686,	-0.846498,	-0.491379,	-0.00626944,	-0.378838,	-0.3276,	0.62136,	-0.05488,	32547,	-253,	-8,	-468,	32457,	143,	-31,	-139,	32437,	68,	-21,	-347,	
1,	14,	557438,	1.65255e+015,	1,	6,	11,	39,	-2,	0,	-1,	-1,	1.65255e+009,	-0.750749,	-0.269808,	-0.262493,	-0.0411488,	-0.867266,	-0.326928,	-0.0213756,	0.115624,	-0.878389,	-0.29438,	-0.0223135,	-0.0142395,	-0.890087,	-0.40006,	-0.0167949,	-0.086686,	-0.846498,	-0.491379,	-0.00626944,	-0.378838,	-0.3276,	0.62136,	-0.05488,	32557,	-253,	-7,	-468,	32467,	143,	-30,	-138,	32447,	67,	-22,	-347,	
1,	14,	557516,	1.65255e+015,	-3,	-7,	2,	4,	2,	1,	-3,	-2,	1.65255e+009,	-0.750749,	-0.269808,	-0.262493,	-0.0411488,	-0.867266,	-0.326928,	-0.0213756,	0.115624,	-0.878389,	-0.29438,	-0.0223135,	-0.0142395,	-0.890087,	-0.40006,	-0.0167949,	-0.086686,	-0.846498,	-0.491379,	-0.00626944,	-0.378838,	-0.3276,	0.62136,	-0.05488,	32567,	-253,	-9,	-469,	32477,	143,	-31,	-139,	32457,	67,	-21,	-347,	
1,	14,	557579,	1.65255e+015,	1,	-2,	25,	2,	2,	-1,	-1,	-1,	1.65255e+009,	-0.750749,	-0.269808,	-0.262493,	-0.0411488,	-0.867266,	-0.326928,	-0.0213756,	0.115624,	-0.878389,	-0.29438,	-0.0223135,	-0.0142395,	-0.890087,	-0.40006,	-0.0167949,	-0.086686,	-0.846498,	-0.491379,	-0.00626944,	-0.378838,	-0.3276,	0.62136,	-0.05488,	32577,	-252,	-8,	-468,	32487,	143,	-31,	-139,	32467,	67,	-21,	-347,	
1,	14,	557672,	1.65255e+015,	-2,	-1,	5,	28,	1,	1,	-2,	0,	1.65255e+009,	-0.750749,	-0.269808,	-0.262493,	-0.0411488,	-0.867266,	-0.326928,	-0.0213756,	0.115624,	-0.878389,	-0.29438,	-0.0223135,	-0.0142395,	-0.890087,	-0.40006,	-0.0167949,	-0.086686,	-0.846498,	-0.491379,	-0.00626944,	-0.378838,	-0.3276,	0.62136,	-0.05488,	32587,	-252,	-8,	-468,	32497,	143,	-32,	-139,	32477,	67,	-21,	-347,	
1,	14,	557750,	1.65255e+015,	1,	2,	13,	23,	2,	1,	-1,	-1,	1.65255e+009,	-0.750749,	-0.269808,	-0.262493,	-0.0411488,	-0.867266,	-0.326928,	-0.0213756,	0.115624,	-0.878389,	-0.29438,	-0.0223135,	-0.0142395,	-0.890087,	-0.40006,	-0.0167949,	-0.086686,	-0.846498,	-0.491379,	-0.00626944,	-0.378838,	-0.3276,	0.62136,	-0.05488,	32597,	-252,	-7,	-468,	32507,	143,	-31,	-139,	32487,	67,	-21,	-347,	
1,	14,	557829,	1.65255e+015,	-2,	-3,	-11,	11,	-2,	-1,	-1,	-1,	1.65255e+009,	-0.750749,	-0.269808,	-0.262493,	-0.0411488,	-0.867266,	-0.326928,	-0.0213756,	0.115624,	-0.878389,	-0.29438,	-0.0223135,	-0.0142395,	-0.890087,	-0.40006,	-0.0167949,	-0.086686,	-0.846498,	-0.491379,	-0.00626944,	-0.378838,	-0.3276,	0.62136,	-0.05488,	32607,	-252,	-7,	-467,	32517,	143,	-31,	-139,	32497,	67,	-21,	-347,	
1,	14,	557907,	1.65255e+015,	-3,	-3,	-15,	-29,	-6,	-2,	0,	-2,	1.65255e+009,	-0.750749,	-0.269808,	-0.262493,	-0.0411488,	-0.867266,	-0.326928,	-0.0213756,	0.115624,	-0.878389,	-0.29438,	-0.0223135,	-0.0142395,	-0.890087,	-0.40006,	-0.0167949,	-0.086686,	-0.846498,	-0.491379,	-0.00626944,	-0.378838,	-0.3276,	0.62136,	-0.05488,	32617,	-253,	-9,	-467,	32527,	142,	-32,	-139,	32507,	68,	-20,	-347,	
1,	14,	557985,	1.65255e+015,	-1,	-5,	-8,	-9,	-2,	-1,	-2,	-1,	1.65255e+009,	-0.750749,	-0.269808,	-0.262493,	-0.0411488,	-0.867266,	-0.326928,	-0.0213756,	0.115624,	-0.878389,	-0.29438,	-0.0223135,	-0.0142395,	-0.890087,	-0.40006,	-0.0167949,	-0.086686,	-0.846498,	-0.491379,	-0.00626944,	-0.378838,	-0.3276,	0.62136,	-0.05488,	32627,	-253,	-8,	-467,	32537,	142,	-30,	-139,	32517,	69,	-21,	-347,	
1,	14,	558063,	1.65255e+015,	-3,	-11,	-1,	-14,	2,	-2,	-1,	-1,	1.65255e+009,	-0.750749,	-0.269808,	-0.262493,	-0.0411488,	-0.867266,	-0.326928,	-0.0213756,	0.115624,	-0.878389,	-0.29438,	-0.0223135,	-0.0142395,	-0.890087,	-0.40006,	-0.0167949,	-0.086686,	-0.846498,	-0.491379,	-0.00626944,	-0.378838,	-0.3276,	0.62136,	-0.05488,	32637,	-253,	-8,	-466,	32547,	142,	-31,	-139,	32527,	69,	-21,	-347,	
1,	14,	558141,	1.65255e+015,	-1,	0,	11,	3,	-2,	0,	-2,	-1,	1.65255e+009,	-0.750749,	-0.269808,	-0.262493,	-0.0411488,	-0.867266,	-0.326928,	-0.0213756,	0.115624,	-0.878389,	-0.29438,	-0.0223135,	-0.0142395,	-0.890087,	-0.40006,	-0.0167949,	-0.086686,	-0.846498,	-0.491379,	-0.00626944,	-0.378838,	-0.3276,	0.62136,	-0.05488,	32647,	-253,	-8,	-466,	32557,	143,	-31,	-139,	32537,	68,	-20,	-347,	
1,	14,	558219,	1.65255e+015,	1,	2,	0,	-25,	7,	2,	-2,	-1,	1.65255e+009,	-0.750749,	-0.269808,	-0.262493,	-0.0411488,	-0.867266,	-0.326928,	-0.0213756,	0.115624,	-0.878389,	-0.29438,	-0.0223135,	-0.0142395,	-0.890087,	-0.40006,	-0.0167949,	-0.086686,	-0.846498,	-0.491379,	-0.00626944,	-0.378838,	-0.3276,	0.62136,	-0.05488,	32657,	-253,	-8,	-466,	32567,	142,	-31,	-139,	32547,	68,	-22,	-347,	
1,	14,	558297,	1.65255e+015,	0,	-2,	-6,	8,	-1,	0,	-1,	1,	1.65255e+009,	-0.750749,	-0.269808,	-0.262493,	-0.0411488,	-0.867266,	-0.326928,	-0.0213756,	0.115624,	-0.878389,	-0.29438,	-0.0223135,	-0.0142395,	-0.890087,	-0.40006,	-0.0167949,	-0.086686,	-0.846498,	-0.491379,	-0.00626944,	-0.378838,	-0.3276,	0.62136,	-0.05488,	32667,	-253,	-8,	-466,	32577,	143,	-31,	-140,	32557,	68,	-21,	-348,	
2,	14,	558391,	1.65255e+015,	0,	1,	-27,	-1,	-2,	0,	0,	1,	1.65255e+009,	-0.750749,	-0.269808,	-0.262493,	-0.0411488,	-0.867266,	-0.326928,	-0.0213756,	0.115624,	-0.878389,	-0.29438,	-0.0223135,	-0.0142395,	-0.890087,	-0.40006,	-0.0167949,	-0.086686,	-0.846498,	-0.491379,	-0.00626944,	-0.378838,	-0.3276,	0.62136,	-0.05488,	32677,	-253,	-8,	-466,	32587,	143,	-30,	-140,	32567,	68,	-22,	-348,	
2,	14,	558469,	1.65255e+015,	1,	5,	5,	9,	1,	1,	0,	-1,	1.65255e+009,	-0.750749,	-0.269808,	-0.262493,	-0.0411488,	-0.867266,	-0.326928,	-0.0213756,	0.115624,	-0.878389,	-0.29438,	-0.0223135,	-0.0142395,	-0.890087,	-0.40006,	-0.0167949,	-0.086686,	-0.846498,	-0.491379,	-0.00626944,	-0.378838,	-0.3276,	0.62136,	-0.05488,	32687,	-253,	-8,	-467,	32597,	142,	-30,	-140,	32577,	69,	-21,	-348,	
2,	14,	558532,	1.65255e+015,	0,	-3,	19,	7,	2,	0,	-1,	-3,	1.65255e+009,	-0.750749,	-0.269808,	-0.262493,	-0.0411488,	-0.867266,	-0.326928,	-0.0213756,	0.115624,	-0.878389,	-0.29438,	-0.0223135,	-0.0142395,	-0.890087,	-0.40006,	-0.0167949,	-0.086686,	-0.846498,	-0.491379,	-0.00626944,	-0.378838,	-0.3276,	0.62136,	-0.05488,	32697,	-253,	-7,	-467,	32607,	142,	-30,	-139,	32587,	68,	-20,	-348,	
2,	14,	558625,	1.65255e+015,	1,	4,	4,	8,	-4,	-3,	0,	-1,	1.65255e+009,	-0.750749,	-0.269808,	-0.262493,	-0.0411488,	-0.867266,	-0.326928,	-0.0213756,	0.115624,	-0.878389,	-0.29438,	-0.0223135,	-0.0142395,	-0.890087,	-0.40006,	-0.0167949,	-0.086686,	-0.846498,	-0.491379,	-0.00626944,	-0.378838,	-0.3276,	0.62136,	-0.05488,	32707,	-253,	-8,	-467,	32617,	142,	-30,	-139,	32597,	67,	-21,	-348,	
2,	14,	558704,	1.65255e+015,	-1,	0,	4,	3,	1,	-2,	-1,	-1,	1.65255e+009,	-0.750749,	-0.269808,	-0.262493,	-0.0411488,	-0.867266,	-0.326928,	-0.0213756,	0.115624,	-0.878389,	-0.29438,	-0.0223135,	-0.0142395,	-0.890087,	-0.40006,	-0.0167949,	-0.086686,	-0.846498,	-0.491379,	-0.00626944,	-0.378838,	-0.3276,	0.62136,	-0.05488,	32717,	-253,	-7,	-468,	32627,	142,	-32,	-139,	32607,	68,	-21,	-348,	
2,	14,	558782,	1.65255e+015,	0,	-1,	1,	24,	4,	0,	-1,	0,	1.65255e+009,	-0.750749,	-0.269808,	-0.262493,	-0.0411488,	-0.867266,	-0.326928,	-0.0213756,	0.115624,	-0.878389,	-0.29438,	-0.0223135,	-0.0142395,	-0.890087,	-0.40006,	-0.0167949,	-0.086686,	-0.846498,	-0.491379,	-0.00626944,	-0.378838,	-0.3276,	0.62136,	-0.05488,	32727,	-252,	-8,	-468,	32637,	142,	-30,	-139,	32617,	68,	-22,	-348,	
2,	14,	558860,	1.65255e+015,	1,	-4,	-7,	6,	-2,	0,	-1,	-1,	1.65255e+009,	-0.750749,	-0.269808,	-0.262493,	-0.0411488,	-0.867266,	-0.326928,	-0.0213756,	0.115624,	-0.878389,	-0.29438,	-0.0223135,	-0.0142395,	-0.890087,	-0.40006,	-0.0167949,	-0.086686,	-0.846498,	-0.491379,	-0.00626944,	-0.378838,	-0.3276,	0.62136,	-0.05488,	32737,	-253,	-8,	-467,	32647,	143,	-30,	-139,	32627,	68,	-21,	-347,	
2,	14,	558938,	1.65255e+015,	1,	1,	16,	7,	5,	1,	0,	-2,	1.65255e+009,	-0.750749,	-0.269808,	-0.262493,	-0.0411488,	-0.867266,	-0.326928,	-0.0213756,	0.115624,	-0.878389,	-0.29438,	-0.0223135,	-0.0142395,	-0.890087,	-0.40006,	-0.0167949,	-0.086686,	-0.846498,	-0.491379,	-0.00626944,	-0.378838,	-0.3276,	0.62136,	-0.05488,	32747,	-253,	-9,	-467,	32657,	143,	-31,	-139,	32637,	67,	-21,	-347,	
2,	14,	559016,	1.65255e+015,	1,	3,	7,	-7,	-2,	-2,	0,	1,	1.65255e+009,	-0.750749,	-0.269808,	-0.262493,	-0.0411488,	-0.867266,	-0.326928,	-0.0213756,	0.115624,	-0.878389,	-0.29438,	-0.0223135,	-0.0142395,	-0.890087,	-0.40006,	-0.0167949,	-0.086686,	-0.846498,	-0.491379,	-0.00626944,	-0.378838,	-0.3276,	0.62136,	-0.05488,	32757,	-253,	-8,	-467,	32667,	143,	-30,	-138,	32647,	67,	-22,	-347,	
2,	14,	559094,	1.65255e+015,	0,	2,	10,	0,	1,	-1,	2,	-2,	1.65255e+009,	-0.750749,	-0.269808,	-0.262493,	-0.0411488,	-0.867266,	-0.326928,	-0.0213756,	0.115624,	-0.878389,	-0.29438,	-0.0223135,	-0.0142395,	-0.890087,	-0.40006,	-0.0167949,	-0.086686,	-0.846498,	-0.491379,	-0.00626944,	-0.378838,	-0.3276,	0.62136,	-0.05488,	32767,	-253,	-7,	-467,	32677,	143,	-30,	-138,	32657,	68,	-21,	-347,	
2,	14,	559172,	1.65255e+015,	1,	6,	6,	1,	0,	1,	0,	-1,	1.65255e+009,	-0.750749,	-0.269808,	-0.262493,	-0.0411488,	-0.867266,	-0.326928,	-0.0213756,	0.115624,	-0.878389,	-0.29438,	-0.0223135,	-0.0142395,	-0.890087,	-0.40006,	-0.0167949,	-0.086686,	-0.846498,	-0.491379,	-0.00626944,	-0.378838,	-0.3276,	0.62136,	-0.05488,	32777,	-253,	-7,	-466,	32687,	143,	-30,	-139,	32667,	67,	-21,	-347,	
2,	14,	559250,	1.65255e+015,	-11,	-12,	-31,	-11,	0,	0,	1,	-3,	1.65255e+009,	-0.750749,	-0.269808,	-0.262493,	-0.0411488,	-0.867266,	-0.326928,	-0.0213756,	0.115624,	-0.878389,	-0.29438,	-0.0223135,	-0.0142395,	-0.890087,	-0.40006,	-0.0167949,	-0.086686,	-0.846498,	-0.491379,	-0.00626944,	-0.378838,	-0.3276,	0.62136,	-0.05488,	32787,	-251,	-7,	-467,	32697,	143,	-30,	-139,	32677,	67,	-20,	-346,	
2,	14,	559329,	1.65255e+015,	0,	5,	73,	14,	4,	2,	-4,	-15,	1.65255e+009,	-0.750749,	-0.269808,	-0.262493,	-0.0608608,	-0.77117,	-0.250543,	-0.0225053,	0.0956092,	-0.878389,	-0.19459,	-0.0209634,	-0.00763875,	-0.890087,	-0.22265,	-0.0219871,	-0.0800852,	-0.758778,	-0.414501,	-0.0154857,	-0.301269,	-0.4277,	0.57821,	-0.05488,	32797,	-251,	-7,	-467,	32707,	141,	-30,	-139,	32687,	67,	-21,	-346,	
2,	14,	559391,	1.65255e+015,	-8,	-46,	-108,	-31,	-12,	-9,	-6,	0,	1.65255e+009,	-0.525299,	-0.417648,	-0.262493,	-0.0608608,	-0.61101,	-0.158881,	-0.0189319,	0.0316516,	-0.610299,	-0.0149685,	-0.00247295,	-0.0294543,	-0.651574,	-0.0097576,	-0.00162833,	0.0282072,	-0.517548,	-0.209493,	-0.0215699,	-0.0865244,	-0.4732,	0.53506,	-0.05488,	32807,	-252,	-8,	-468,	32717,	142,	-29,	-139,	32697,	67,	-20,	-347,	
2,	14,	559454,	1.65255e+015,	-7,	-12,	-38,	-6,	-2,	1,	-5,	-2,	1.65255e+009,	-0.465179,	-0.540848,	-0.262493,	-0.0608608,	-0.466866,	-0.0824958,	-0.0118465,	-0.0264393,	-0.373749,	-0.0149685,	-0.00247295,	-0.0454032,	-0.543159,	0.0789474,	0.0154155,	0.11871,	-0.342108,	-0.132615,	-0.0169168,	0.00397869,	-0.6188,	0.53506,	-0.05488,	32817,	-251,	-7,	-468,	32727,	142,	-30,	-139,	32707,	67,	-21,	-347,	
2,	14,	559516,	1.65255e+015,	1,	21,	57,	11,	-1,	-2,	3,	9,	1.65255e+009,	-0.405059,	-0.540848,	-0.262493,	-0.0608608,	-0.466866,	-0.00611083,	-0.00102689,	-0.0406457,	-0.294899,	-0.0149685,	-0.00247295,	-0.0485196,	-0.543159,	0.0789474,	0.0154155,	0.13925,	-0.342108,	-0.0685495,	-0.0101497,	0.0600023,	-0.6188,	0.53506,	-0.05488,	32827,	-251,	-9,	-468,	32737,	142,	-29,	-139,	32717,	68,	-21,	-347,	
2,	14,	559579,	1.65255e+015,	22,	10,	1,	-2,	6,	6,	-1,	0,	1.65255e+009,	-0.344939,	-0.540848,	-0.179948,	-0.0608608,	-0.386786,	-0.00611083,	-0.00102689,	-0.0577854,	-0.200279,	0.0848215,	0.016722,	-0.0545693,	-0.434744,	0.0789474,	0.0154155,	0.168684,	-0.254388,	-0.0685495,	-0.0101497,	0.0894366,	-0.6643,	0.50054,	-0.05488,	32837,	-252,	-8,	-467,	32747,	143,	-30,	-139,	32727,	67,	-20,	-348,	
2,	14,	559657,	1.65255e+015,	-7,	-9,	37,	13,	7,	2,	3,	1,	1.65255e+009,	-0.269789,	-0.639408,	-0.179948,	-0.0608608,	-0.306706,	-0.00611083,	-0.00102689,	-0.0651187,	-0.121429,	0.0848215,	0.016722,	-0.0619026,	-0.348012,	0.0789474,	0.0154155,	0.190921,	-0.254388,	-0.00448452,	-0.000755934,	0.111673,	-0.728,	0.50054,	-0.05488,	32847,	-252,	-8,	-467,	32757,	142,	-30,	-140,	32737,	67,	-21,	-348,	
2,	14,	559719,	1.65255e+015,	-4,	-10,	-31,	-11,	-10,	-7,	9,	-15,	1.65255e+009,	-0.269789,	-0.639408,	-0.179948,	-0.0855008,	-0.306706,	-0.00611083,	-0.00102689,	-0.0734584,	-0.121429,	0.0848215,	0.016722,	-0.0591523,	-0.348012,	0.0789474,	0.0154155,	0.193671,	-0.144738,	-0.00448452,	-0.000755934,	0.114424,	-0.7735,	0.50054,	-0.05488,	32857,	-252,	-8,	-467,	32767,	143,	-31,	-140,	32747,	68,	-21,	-348,	
2,	14,	559797,	1.65255e+015,	-43,	5,	-6,	16,	-2,	-6,	-26,	-32,	1.65255e+009,	-0.269789,	-0.639408,	-0.179948,	-0.0855008,	-0.242642,	-0.00611083,	-0.00102689,	-0.0734584,	-0.121429,	0.0848215,	0.016722,	-0.0591523,	-0.348012,	0.0789474,	0.0154155,	0.193671,	-0.144738,	-0.00448452,	-0.000755934,	0.13808,	-0.7735,	0.50054,	-0.05488,	32867,	-253,	-8,	-467,	32777,	143,	-31,	-139,	32757,	67,	-21,	-348,	
2,	14,	559875,	1.65255e+015,	-4,	4,	-1,	-19,	-4,	1,	1,	9,	1.65255e+009,	-0.269789,	-0.639408,	-0.179948,	-0.0855008,	-0.242642,	-0.00611083,	-0.00102689,	-0.0734584,	-0.0425791,	0.0848215,	0.016722,	-0.0591523,	-0.348012,	0.0789474,	0.0154155,	0.193671,	-0.144738,	-0.00448452,	-0.000755934,	0.13808,	-0.7735,	0.50054,	-0.05488,	32877,	-253,	-7,	-467,	32787,	142,	-30,	-139,	32767,	68,	-21,	-347,	
2,	14,	559938,	1.65255e+015,	2,	19,	45,	22,	1,	0,	3,	-10,	1.65255e+009,	-0.269789,	-0.639408,	-0.179948,	-0.0855008,	-0.242642,	-0.00611083,	-0.00102689,	-0.0734584,	-0.0425791,	0.0848215,	0.016722,	-0.0591523,	-0.239597,	0.0789474,	0.0154155,	0.193671,	-0.144738,	-0.00448452,	-0.000755934,	0.13808,	-0.7735,	0.50054,	-0.05488,	32887,	-252,	-7,	-467,	32797,	143,	-30,	-139,	32777,	68,	-21,	-348,	
2,	14,	560016,	1.65255e+015,	4,	13,	22,	-2,	-1,	0,	0,	-17,	1.65255e+009,	-0.269789,	-0.639408,	-0.179948,	-0.0855008,	-0.242642,	-0.00611083,	-0.00102689,	-0.0734584,	-0.0425791,	0.0848215,	0.016722,	-0.0591523,	-0.239597,	0.0789474,	0.0154155,	0.193671,	-0.144738,	-0.00448452,	-0.000755934,	0.13808,	-0.7735,	0.50054,	-0.05488,	32897,	-253,	-9,	-467,	32807,	143,	-31,	-140,	32787,	67,	-21,	-348,	
2,	14,	560094,	1.65255e+015,	-17,	-15,	19,	-5,	0,	0,	-13,	-2,	1.65255e+009,	-0.269789,	-0.639408,	-0.179948,	-0.0855008,	-0.242642,	-0.00611083,	-0.00102689,	-0.0734584,	-0.0425791,	0.0848215,	0.016722,	-0.0591523,	-0.239597,	0.0789474,	0.0154155,	0.193671,	-0.144738,	-0.00448452,	-0.000755934,	0.13808,	-0.7735,	0.50054,	-0.05488,	32907,	-253,	-9,	-467,	32817,	143,	-30,	-140,	32797,	67,	-21,	-348,	
2,	14,	560172,	1.65255e+015,	-7,	-3,	-10,	-1,	-4,	-8,	3,	-3,	1.65255e+009,	-0.269789,	-0.639408,	-0.179948,	-0.0855008,	-0.242642,	-0.00611083,	-0.00102689,	-0.0734584,	-0.0425791,	0.0848215,	0.016722,	-0.0591523,	-0.239597,	0.0789474,	0.0154155,	0.193671,	-0.144738,	-0.00448452,	-0.000755934,	0.13808,	-0.7735,	0.50054,	-0.05488,	32917,	-254,	-8,	-467,	32827,	142,	-31,	-140,	32807,	67,	-20,	-348,	
2,	14,	560250,	1.65255e+015,	-8,	19,	20,	-8,	3,	7,	18,	-6,	1.65255e+009,	-0.269789,	-0.639408,	-0.179948,	-0.0855008,	-0.242642,	-0.00611083,	-0.00102689,	-0.0734584,	-0.0425791,	0.0848215,	0.016722,	-0.0591523,	-0.239597,	0.0789474,	0.0154155,	0.193671,	-0.144738,	-0.00448452,	-0.000755934,	0.13808,	-0.7735,	0.50054,	-0.05488,	32927,	-254,	-8,	-466,	32837,	142,	-31,	-140,	32817,	68,	-20,	-348,	
2,	14,	560329,	1.65255e+015,	-10,	3,	-8,	-8,	3,	8,	3,	-2,	1.65255e+009,	-0.269789,	-0.639408,	-0.179948,	-0.0855008,	-0.242642,	-0.00611083,	-0.00102689,	-0.0734584,	-0.0425791,	0.0848215,	0.016722,	-0.0591523,	-0.239597,	0.0789474,	0.0154155,	0.193671,	-0.144738,	-0.00448452,	-0.000755934,	0.13808,	-0.7735,	0.50054,	-0.05488,	32937,	-254,	-7,	-466,	32847,	142,	-30,	-139,	32827,	68,	-20,	-348,	
2,	14,	560407,	1.65255e+015,	-5,	23,	-2,	-14,	-2,	1,	-12,	6,	1.65255e+009,	-0.269789,	-0.639408,	-0.179948,	-0.0855008,	-0.242642,	-0.00611083,	-0.00102689,	-0.0734584,	-0.0425791,	0.0848215,	0.016722,	-0.0591523,	-0.239597,	0.0789474,	0.0154155,	0.193671,	-0.144738,	-0.00448452,	-0.000755934,	0.13808,	-0.7735,	0.50054,	-0.05488,	32947,	-254,	-7,	-466,	32857,	142,	-29,	-140,	32837,	68,	-20,	-348,	
2,	14,	560485,	1.65255e+015,	-1,	-5,	33,	-13,	-4,	-7,	8,	2,	1.65255e+009,	-0.269789,	-0.639408,	-0.179948,	-0.0855008,	-0.242642,	-0.00611083,	-0.00102689,	-0.0734584,	-0.0425791,	0.0848215,	0.016722,	-0.0591523,	-0.239597,	0.0789474,	0.0154155,	0.193671,	-0.144738,	-0.00448452,	-0.000755934,	0.13808,	-0.7098,	0.50054,	-0.05488,	32957,	-252,	-7,	-466,	32867,	142,	-29,	-139,	32847,	68,	-21,	-348,	
2,	14,	560563,	1.65255e+015,	4,	8,	0,	76,	5,	0,	5,	5,	1.65255e+009,	-0.269789,	-0.639408,	-0.179948,	-0.0855008,	-0.322722,	-0.00611083,	-0.00102689,	-0.0661251,	-0.121429,	0.0848215,	0.016722,	-0.051819,	-0.369695,	0.0789474,	0.0154155,	0.171435,	-0.385968,	-0.0685495,	-0.0101497,	0.115843,	-0.4732,	0.53506,	-0.05488,	32967,	-252,	-8,	-466,	32877,	142,	-29,	-139,	32857,	69,	-21,	-348,	
2,	14,	560641,	1.65255e+015,	-2,	7,	6,	-24,	-2,	-1,	-4,	0,	1.65255e+009,	-0.329909,	-0.639408,	-0.179948,	-0.0855008,	-0.562962,	-0.00611083,	-0.00102689,	-0.00303036,	-0.578759,	-0.0149685,	-0.00247295,	-0.0375203,	-0.673257,	0.0789474,	0.0154155,	0.0792812,	-0.736848,	-0.209493,	-0.0215699,	-0.0117944,	-0.3276,	0.57821,	-0.05488,	32977,	-252,	-7,	-466,	32887,	142,	-29,	-139,	32867,	68,	-21,	-348,	
2,	14,	560719,	1.65255e+015,	0,	-4,	-19,	-14,	1,	0,	0,	0,	1.65255e+009,	-0.585419,	-0.491568,	-0.179948,	-0.0657888,	-0.739138,	-0.00611083,	-0.00102689,	0.0341246,	-0.736459,	-0.0149685,	-0.00247295,	-0.0380713,	-0.868404,	0.0789474,	0.0154155,	0.0432462,	-0.736848,	-0.273558,	-0.022558,	-0.106969,	-0.364,	0.62136,	-0.05488,	32987,	-253,	-7,	-466,	32897,	142,	-30,	-139,	32877,	68,	-22,	-348,	
2,	14,	560797,	1.65255e+015,	-7,	27,	-3,	-19,	0,	-2,	-3,	-11,	1.65255e+009,	-0.645539,	-0.368368,	-0.262493,	-0.0411488,	-0.819218,	-0.0824958,	-0.0118465,	0.0679437,	-0.909929,	-0.0149685,	-0.00247295,	-0.0375223,	-1.19365,	0.0789474,	0.0154155,	0.00831125,	-0.846498,	-0.273558,	-0.022558,	-0.206958,	-0.5551,	0.62136,	-0.05488,	32997,	-254,	-8,	-465,	32907,	142,	-29,	-139,	32887,	67,	-21,	-348,	
2,	14,	560875,	1.65255e+015,	5,	-9,	-3,	-9,	1,	1,	0,	1,	1.65255e+009,	-0.720689,	-0.368368,	-0.345038,	-0.0411488,	-0.995394,	-0.235266,	-0.0222832,	0.0738103,	-1.05186,	-0.0149685,	-0.00247295,	-0.0316556,	-1.32375,	-0.169427,	-0.0196168,	-0.00947807,	-0.956148,	-0.401688,	-0.016654,	-0.260232,	-0.455,	0.65588,	-0.05488,	33007,	-253,	-7,	-465,	32917,	142,	-29,	-139,	32897,	66,	-21,	-347,	
2,	14,	560954,	1.65255e+015,	3,	-3,	-3,	3,	-3,	-1,	-2,	-1,	1.65255e+009,	-0.795839,	-0.368368,	-0.345038,	-0.0214368,	-1.07547,	-0.388036,	-0.0177831,	0.0928193,	-1.11494,	-0.414129,	-0.0155211,	-0.0281727,	-1.32375,	-0.524247,	-0.00117488,	-0.0355652,	-0.956148,	-0.619509,	-0.0174966,	-0.286319,	-0.3367,	0.65588,	-0.05488,	33017,	-253,	-7,	-465,	32927,	142,	-31,	-139,	32907,	67,	-20,	-347,	
2,	14,	561032,	1.65255e+015,	1,	1,	20,	16,	1,	0,	-1,	1,	1.65255e+009,	-0.855959,	-0.368368,	-0.345038,	-0.0214368,	-1.07547,	-0.540806,	-0.00165371,	0.0928193,	-1.11494,	-0.513919,	-0.00285023,	-0.0281727,	-1.32375,	-0.612952,	-0.0160253,	-0.0355652,	-0.956148,	-0.619509,	-0.0174966,	-0.286319,	-0.2912,	0.65588,	-0.05488,	33027,	-252,	-7,	-465,	32937,	142,	-30,	-139,	32917,	67,	-20,	-347,	
2,	14,	561094,	1.65255e+015,	-4,	-6,	-9,	-27,	-3,	-2,	-2,	-2,	1.65255e+009,	-0.855959,	-0.368368,	-0.345038,	-0.00172479,	-1.07547,	-0.617191,	-0.0169734,	0.0928193,	-1.11494,	-0.513919,	-0.00285023,	-0.0281727,	-1.23702,	-0.612952,	-0.0160253,	-0.0355652,	-0.956148,	-0.619509,	-0.0174966,	-0.286319,	-0.2912,	0.65588,	-0.05488,	33037,	-254,	-8,	-464,	32947,	141,	-30,	-139,	32927,	68,	-20,	-347,	
2,	14,	561157,	1.65255e+015,	1,	-3,	-2,	7,	2,	0,	0,	-2,	1.65255e+009,	-0.855959,	-0.368368,	-0.345038,	-0.00172479,	-1.07547,	-0.617191,	-0.0169734,	0.0928193,	-1.11494,	-0.613708,	-0.0161938,	-0.0281727,	-1.23702,	-0.612952,	-0.0160253,	-0.0355652,	-0.956148,	-0.619509,	-0.0174966,	-0.286319,	-0.2548,	0.65588,	-0.05488,	33047,	-253,	-8,	-463,	32957,	142,	-29,	-139,	32937,	67,	-19,	-347,	
2,	14,	561219,	1.65255e+015,	-2,	-10,	-38,	-7,	0,	-2,	-3,	-1,	1.65255e+009,	-0.855959,	-0.368368,	-0.345038,	-0.00172479,	-1.07547,	-0.678299,	-0.0319178,	0.0928193,	-1.11494,	-0.613708,	-0.0161938,	-0.0281727,	-1.23702,	-0.701657,	-0.0382614,	-0.0355652,	-0.956148,	-0.619509,	-0.0174966,	-0.286319,	-0.2548,	0.62136,	-0.05488,	33057,	-254,	-8,	-463,	32967,	142,	-30,	-139,	32947,	67,	-20,	-347,	
2,	14,	561282,	1.65255e+015,	-6,	-8,	-14,	-7,	0,	0,	-1,	-3,	1.65255e+009,	-0.855959,	-0.368368,	-0.345038,	-0.00172479,	-1.01141,	-0.678299,	-0.0319178,	0.0928193,	-1.11494,	-0.613708,	-0.0161938,	-0.0281727,	-1.23702,	-0.701657,	-0.0382614,	-0.0355652,	-0.956148,	-0.619509,	-0.0174966,	-0.286319,	-0.3003,	0.62136,	-0.05488,	33067,	-254,	-7,	-463,	32977,	142,	-30,	-139,	32957,	68,	-20,	-347,	
2,	14,	561360,	1.65255e+015,	5,	4,	6,	4,	-2,	0,	-1,	0,	1.65255e+009,	-0.855959,	-0.368368,	-0.345038,	-0.00172479,	-1.01141,	-0.678299,	-0.0319178,	0.0928193,	-1.11494,	-0.613708,	-0.0161938,	-0.0281727,	-1.1286,	-0.701657,	-0.0382614,	-0.0355652,	-0.956148,	-0.619509,	-0.0174966,	-0.286319,	-0.4004,	0.62136,	-0.05488,	33077,	-254,	-7,	-463,	32987,	142,	-30,	-139,	32967,	67,	-20,	-348,	
2,	14,	561422,	1.65255e+015,	-2,	-2,	-16,	-10,	-4,	-3,	-1,	-2,	1.65255e+009,	-0.855959,	-0.368368,	-0.345038,	-0.00172479,	-1.01141,	-0.678299,	-0.0319178,	0.0928193,	-1.03609,	-0.613708,	-0.0161938,	-0.0281727,	-1.1286,	-0.701657,	-0.0382614,	-0.0355652,	-0.868428,	-0.619509,	-0.0174966,	-0.286319,	-0.4004,	0.62136,	-0.05488,	33087,	-254,	-8,	-463,	32997,	143,	-29,	-139,	32977,	68,	-20,	-347,	
2,	14,	561485,	1.65255e+015,	-1,	0,	0,	-4,	2,	1,	1,	0,	1.65255e+009,	-0.855959,	-0.368368,	-0.345038,	-0.00172479,	-0.947346,	-0.617191,	-0.0169734,	0.0928193,	-1.03609,	-0.613708,	-0.0161938,	-0.0281727,	-1.1286,	-0.701657,	-0.0382614,	-0.0355652,	-0.868428,	-0.619509,	-0.0174966,	-0.286319,	-0.4004,	0.62136,	-0.05488,	33097,	-253,	-8,	-463,	33007,	143,	-29,	-139,	32987,	68,	-20,	-347,	
2,	14,	561563,	1.65255e+015,	-1,	-7,	-8,	-63,	-5,	-2,	-1,	-2,	1.65255e+009,	-0.855959,	-0.368368,	-0.345038,	-0.00172479,	-0.947346,	-0.617191,	-0.0169734,	0.0928193,	-1.03609,	-0.613708,	-0.0161938,	-0.0281727,	-1.1286,	-0.612952,	-0.0160253,	-0.0355652,	-0.868428,	-0.619509,	-0.0174966,	-0.286319,	-0.4004,	0.62136,	-0.05488,	33107,	-254,	-8,	-464,	33017,	143,	-29,	-139,	32997,	68,	-20,	-347,	
2,	14,	561641,	1.65255e+015,	0,	1,	16,	-7,	-6,	-2,	-1,	-1,	1.65255e+009,	-0.855959,	-0.368368,	-0.345038,	-0.00172479,	-0.947346,	-0.556083,	-0.00441892,	0.0928193,	-1.03609,	-0.613708,	-0.0161938,	-0.0281727,	-1.04187,	-0.612952,	-0.0160253,	-0.0355652,	-0.868428,	-0.619509,	-0.0174966,	-0.286319,	-0.4004,	0.62136,	-0.05488,	33117,	-254,	-7,	-464,	33027,	143,	-30,	-139,	33007,	67,	-20,	-348,	
2,	14,	561704,	1.65255e+015,	-1,	-1,	2,	8,	1,	2,	0,	-1,	1.65255e+009,	-0.855959,	-0.368368,	-0.345038,	-0.00172479,	-0.947346,	-0.556083,	-0.00441892,	0.0928193,	-1.03609,	-0.613708,	-0.0161938,	-0.0281727,	-1.04187,	-0.612952,	-0.0160253,	-0.0355652,	-0.868428,	-0.619509,	-0.0174966,	-0.286319,	-0.3549,	0.62136,	-0.05488,	33127,	-254,	-6,	-464,	33037,	143,	-30,	-139,	33017,	67,	-21,	-348,	
2,	14,	561782,	1.65255e+015,	-2,	-5,	-11,	-30,	-3,	0,	-1,	-2,	1.65255e+009,	-0.855959,	-0.368368,	-0.345038,	-0.00172479,	-0.947346,	-0.556083,	-0.00441892,	0.0928193,	-1.03609,	-0.613708,	-0.0161938,	-0.0281727,	-1.04187,	-0.612952,	-0.0160253,	-0.0355652,	-0.868428,	-0.619509,	-0.0174966,	-0.286319,	-0.3549,	0.62136,	-0.05488,	33137,	-254,	-7,	-465,	33047,	142,	-31,	-139,	33027,	68,	-21,	-347,	
2,	14,	561844,	1.65255e+015,	-1,	-7,	-3,	-6,	-3,	-2,	-1,	0,	1.65255e+009,	-0.855959,	-0.368368,	-0.345038,	-0.00172479,	-0.947346,	-0.556083,	-0.00441892,	0.0928193,	-1.03609,	-0.613708,	-0.0161938,	-0.0281727,	-1.04187,	-0.612952,	-0.0160253,	-0.0355652,	-0.868428,	-0.619509,	-0.0174966,	-0.286319,	-0.3549,	0.62136,	-0.05488,	33147,	-253,	-7,	-465,	33057,	142,	-31,	-138,	33037,	68,	-21,	-347,	
2,	14,	561922,	1.65255e+015,	-3,	-7,	-1,	-10,	-4,	-3,	-3,	-3,	1.65255e+009,	-0.855959,	-0.368368,	-0.345038,	-0.00172479,	-0.947346,	-0.556083,	-0.00441892,	0.0928193,	-1.03609,	-0.613708,	-0.0161938,	-0.0281727,	-1.04187,	-0.612952,	-0.0160253,	-0.0355652,	-0.780708,	-0.619509,	-0.0174966,	-0.286319,	-0.3549,	0.62136,	-0.05488,	33157,	-254,	-7,	-465,	33067,	141,	-31,	-138,	33047,	68,	-21,	-347,	
2,	14,	562000,	1.65255e+015,	-3,	-7,	-1,	-6,	1,	0,	-2,	-2,	1.65255e+009,	-0.855959,	-0.368368,	-0.345038,	-0.00172479,	-0.947346,	-0.494975,	-0.00574569,	0.0928193,	-1.03609,	-0.533876,	-0.000448713,	-0.0281727,	-1.04187,	-0.612952,	-0.0160253,	-0.0355652,	-0.780708,	-0.619509,	-0.0174966,	-0.286319,	-0.3549,	0.62136,	-0.05488,	33167,	-252,	-7,	-465,	33077,	142,	-30,	-138,	33057,	67,	-21,	-346,	
2,	14,	562079,	1.65255e+015,	-2,	-4,	-1,	1,	0,	-1,	-1,	0,	1.65255e+009,	-0.855959,	-0.368368,	-0.345038,	-0.00172479,	-0.947346,	-0.494975,	-0.00574569,	0.0928193,	-1.03609,	-0.533876,	-0.000448713,	-0.0281727,	-1.04187,	-0.612952,	-0.0160253,	-0.0355652,	-0.780708,	-0.619509,	-0.0174966,	-0.286319,	-0.3549,	0.62136,	-0.05488,	33177,	-253,	-7,	-465,	33087,	143,	-30,	-138,	33067,	66,	-22,	-345,	
2,	14,	562141,	1.65255e+015,	-2,	-9,	-8,	-7,	-3,	-1,	-1,	-1,	1.65255e+009,	-0.855959,	-0.368368,	-0.345038,	-0.00172479,	-0.947346,	-0.494975,	-0.00574569,	0.0928193,	-1.03609,	-0.533876,	-0.000448713,	-0.0281727,	-1.04187,	-0.612952,	-0.0160253,	-0.0355652,	-0.780708,	-0.619509,	-0.0174966,	-0.286319,	-0.3549,	0.62136,	-0.05488,	33187,	-254,	-8,	-465,	33097,	143,	-30,	-138,	33077,	67,	-22,	-345,	
2,	14,	562204,	1.65255e+015,	-4,	-8,	-2,	-2,	-1,	-1,	-1,	-3,	1.65255e+009,	-0.855959,	-0.368368,	-0.345038,	-0.00172479,	-0.947346,	-0.494975,	-0.00574569,	0.0928193,	-1.03609,	-0.533876,	-0.000448713,	-0.0281727,	-1.04187,	-0.612952,	-0.0160253,	-0.0355652,	-0.780708,	-0.619509,	-0.0174966,	-0.286319,	-0.3549,	0.62136,	-0.05488,	33197,	-254,	-5,	-464,	33107,	143,	-30,	-138,	33087,	66,	-23,	-345,	
2,	14,	562282,	1.65255e+015,	-2,	-1,	-2,	11,	1,	2,	1,	0,	1.65255e+009,	-0.855959,	-0.368368,	-0.345038,	-0.00172479,	-0.947346,	-0.494975,	-0.00574569,	0.0986859,	-1.03609,	-0.533876,	-0.000448713,	-0.022306,	-1.04187,	-0.612952,	-0.0160253,	-0.0533545,	-0.780708,	-0.619509,	-0.0174966,	-0.304108,	-0.3549,	0.62136,	-0.05488,	33207,	-254,	-7,	-465,	33117,	144,	-29,	-138,	33097,	66,	-22,	-344,	
2,	14,	562344,	1.65255e+015,	-1,	-5,	0,	-4,	2,	-1,	-1,	-2,	1.65255e+009,	-0.855959,	-0.368368,	-0.345038,	-0.00172479,	-0.947346,	-0.494975,	-0.00574569,	0.0986859,	-1.03609,	-0.533876,	-0.000448713,	-0.022306,	-1.04187,	-0.612952,	-0.0160253,	-0.0533545,	-0.780708,	-0.619509,	-0.0174966,	-0.304108,	-0.3549,	0.62136,	-0.05488,	33217,	-254,	-7,	-465,	33127,	144,	-29,	-137,	33107,	66,	-23,	-344,	
2,	14,	562422,	1.65255e+015,	-3,	-2,	-2,	-4,	-1,	-2,	0,	-2,	1.65255e+009,	-0.855959,	-0.368368,	-0.345038,	-0.00172479,	-0.947346,	-0.494975,	-0.00574569,	0.0986859,	-1.03609,	-0.533876,	-0.000448713,	-0.022306,	-1.04187,	-0.612952,	-0.0160253,	-0.0533545,	-0.780708,	-0.619509,	-0.0174966,	-0.304108,	-0.3549,	0.62136,	-0.05488,	33227,	-254,	-7,	-465,	33137,	143,	-30,	-138,	33117,	66,	-24,	-344,	
2,	14,	562485,	1.65255e+015,	0,	1,	-3,	1,	-4,	-3,	0,	-1,	1.65255e+009,	-0.855959,	-0.368368,	-0.345038,	-0.00172479,	-0.947346,	-0.494975,	-0.00574569,	0.0986859,	-1.03609,	-0.533876,	-0.000448713,	-0.022306,	-1.04187,	-0.612952,	-0.0160253,	-0.0533545,	-0.780708,	-0.619509,	-0.0174966,	-0.304108,	-0.3549,	0.62136,	-0.05488,	33237,	-253,	-8,	-465,	33147,	144,	-30,	-138,	33127,	66,	-23,	-344,	
2,	14,	562563,	1.65255e+015,	0,	-6,	2,	7,	0,	-2,	-1,	-1,	1.65255e+009,	-0.855959,	-0.368368,	-0.345038,	-0.00172479,	-0.947346,	-0.494975,	-0.00574569,	0.0986859,	-1.03609,	-0.533876,	-0.000448713,	-0.022306,	-1.04187,	-0.612952,	-0.0160253,	-0.0533545,	-0.780708,	-0.619509,	-0.0174966,	-0.304108,	-0.3549,	0.62136,	-0.05488,	33247,	-253,	-8,	-465,	33157,	144,	-30,	-138,	33137,	66,	-23,	-344,	
2,	14,	562625,	1.65255e+015,	-1,	-3,	-4,	-18,	0,	3,	0,	-1,	1.65255e+009,	-0.855959,	-0.368368,	-0.345038,	-0.00172479,	-0.947346,	-0.494975,	-0.00574569,	0.0986859,	-1.03609,	-0.533876,	-0.000448713,	-0.022306,	-1.04187,	-0.612952,	-0.0160253,	-0.0533545,	-0.780708,	-0.619509,	-0.0174966,	-0.304108,	-0.3549,	0.62136,	-0.05488,	33257,	-253,	-8,	-465,	33167,	145,	-30,	-138,	33147,	67,	-23,	-345,	
2,	14,	562704,	1.65255e+015,	0,	1,	-1,	-6,	-1,	-1,	-1,	0,	1.65255e+009,	-0.855959,	-0.368368,	-0.345038,	-0.00172479,	-0.947346,	-0.494975,	-0.00574569,	0.0986859,	-1.03609,	-0.533876,	-0.000448713,	-0.022306,	-1.04187,	-0.612952,	-0.0160253,	-0.0533545,	-0.780708,	-0.619509,	-0.0174966,	-0.304108,	-0.3549,	0.62136,	-0.05488,	33267,	-254,	-8,	-466,	33177,	144,	-30,	-138,	33157,	66,	-23,	-345,	
2,	14,	562766,	1.65255e+015,	-5,	-7,	3,	12,	1,	-2,	-1,	0,	1.65255e+009,	-0.855959,	-0.368368,	-0.345038,	-0.00172479,	-0.947346,	-0.494975,	-0.00574569,	0.0986859,	-1.03609,	-0.533876,	-0.000448713,	-0.022306,	-1.04187,	-0.612952,	-0.0160253,	-0.0533545,	-0.780708,	-0.619509,	-0.0174966,	-0.304108,	-0.3549,	0.62136,	-0.05488,	33277,	-254,	-8,	-465,	33187,	143,	-31,	-139,	33167,	67,	-23,	-345,	
2,	14,	562844,	1.65255e+015,	-2,	-6,	-2,	-3,	-1,	-2,	-2,	-2,	1.65255e+009,	-0.855959,	-0.368368,	-0.345038,	-0.00172479,	-0.947346,	-0.494975,	-0.00574569,	0.0986859,	-1.03609,	-0.533876,	-0.000448713,	-0.022306,	-1.04187,	-0.612952,	-0.0160253,	-0.0533545,	-0.780708,	-0.619509,	-0.0174966,	-0.304108,	-0.3549,	0.62136,	-0.05488,	33287,	-254,	-7,	-465,	33197,	145,	-29,	-139,	33177,	66,	-23,	-345,	
2,	14,	562907,	1.65255e+015,	1,	10,	1,	-20,	-2,	-2,	1,	1,	1.65255e+009,	-0.855959,	-0.368368,	-0.345038,	-0.00172479,	-0.947346,	-0.494975,	-0.00574569,	0.0986859,	-1.03609,	-0.533876,	-0.000448713,	-0.022306,	-1.04187,	-0.612952,	-0.0160253,	-0.0533545,	-0.780708,	-0.619509,	-0.0174966,	-0.304108,	-0.3549,	0.62136,	-0.05488,	33297,	-254,	-7,	-465,	33207,	143,	-29,	-139,	33187,	67,	-23,	-345,	
2,	14,	562969,	1.65255e+015,	1,	4,	2,	-19,	1,	2,	-1,	0,	1.65255e+009,	-0.855959,	-0.368368,	-0.345038,	-0.00172479,	-0.947346,	-0.494975,	-0.00574569,	0.0986859,	-1.03609,	-0.533876,	-0.000448713,	-0.022306,	-1.04187,	-0.612952,	-0.0160253,	-0.0533545,	-0.780708,	-0.619509,	-0.0174966,	-0.304108,	-0.3549,	0.62136,	-0.05488,	33307,	-255,	-7,	-464,	33217,	144,	-29,	-139,	33197,	68,	-22,	-345,	
2,	14,	563032,	1.65255e+015,	-4,	-5,	-3,	-2,	-2,	-1,	0,	1,	1.65255e+009,	-0.855959,	-0.368368,	-0.345038,	-0.00172479,	-0.947346,	-0.494975,	-0.00574569,	0.0986859,	-1.03609,	-0.533876,	-0.000448713,	-0.022306,	-1.04187,	-0.612952,	-0.0160253,	-0.0533545,	-0.780708,	-0.619509,	-0.0174966,	-0.304108,	-0.3549,	0.62136,	-0.05488,	33317,	-254,	-7,	-464,	33227,	143,	-30,	-138,	33207,	67,	-24,	-346,	
2,	14,	563094,	1.65255e+015,	1,	-1,	0,	16,	0,	-1,	-1,	-1,	1.65255e+009,	-0.855959,	-0.368368,	-0.345038,	-0.00172479,	-0.947346,	-0.494975,	-0.00574569,	0.0986859,	-1.03609,	-0.533876,	-0.000448713,	-0.022306,	-1.04187,	-0.612952,	-0.0160253,	-0.0533545,	-0.780708,	-0.619509,	-0.0174966,	-0.304108,	-0.3549,	0.62136,	-0.05488,	33327,	-254,	-8,	-464,	33237,	143,	-30,	-138,	33217,	67,	-23,	-346,	
2,	14,	563188,	1.65255e+015,	0,	-4,	3,	30,	0,	-1,	-2,	0,	1.65255e+009,	-0.855959,	-0.368368,	-0.345038,	-0.00172479,	-0.947346,	-0.494975,	-0.00574569,	0.0986859,	-1.03609,	-0.533876,	-0.000448713,	-0.022306,	-1.04187,	-0.612952,	-0.0160253,	-0.0533545,	-0.780708,	-0.619509,	-0.0174966,	-0.304108,	-0.3549,	0.62136,	-0.05488,	33337,	-254,	-7,	-464,	33247,	144,	-29,	-138,	33227,	67,	-24,	-345,	
2,	14,	563266,	1.65255e+015,	0,	-10,	-6,	-13,	-2,	-1,	0,	-1,	1.65255e+009,	-0.855959,	-0.368368,	-0.345038,	-0.00172479,	-0.947346,	-0.494975,	-0.00574569,	0.0986859,	-1.03609,	-0.533876,	-0.000448713,	-0.022306,	-1.04187,	-0.612952,	-0.0160253,	-0.0533545,	-0.780708,	-0.619509,	-0.0174966,	-0.304108,	-0.3549,	0.62136,	-0.05488,	33347,	-254,	-7,	-464,	33257,	143,	-31,	-139,	33237,	67,	-23,	-345,	
2,	14,	563329,	1.65255e+015,	1,	0,	-5,	-5,	-3,	-2,	-1,	0,	1.65255e+009,	-0.855959,	-0.368368,	-0.345038,	-0.00172479,	-0.947346,	-0.494975,	-0.00574569,	0.0986859,	-1.03609,	-0.533876,	-0.000448713,	-0.022306,	-1.04187,	-0.612952,	-0.0160253,	-0.0533545,	-0.780708,	-0.619509,	-0.0174966,	-0.304108,	-0.3549,	0.62136,	-0.05488,	33357,	-254,	-7,	-465,	33267,	144,	-30,	-139,	33247,	66,	-23,	-346,	
2,	14,	563407,	1.65255e+015,	0,	6,	1,	4,	0,	-1,	-1,	0,	1.65255e+009,	-0.855959,	-0.368368,	-0.345038,	-0.00172479,	-0.947346,	-0.494975,	-0.00574569,	0.0986859,	-1.03609,	-0.533876,	-0.000448713,	-0.022306,	-1.04187,	-0.612952,	-0.0160253,	-0.0533545,	-0.780708,	-0.619509,	-0.0174966,	-0.304108,	-0.3549,	0.62136,	-0.05488,	33367,	-255,	-8,	-464,	33277,	143,	-30,	-139,	33257,	66,	-25,	-346,	
