1,	12,	648157,	1.65255e+015,	1,	0,	2,	-3,	-5,	-2,	0,	-1,	1.65255e+009,	-0.795839,	-0.195888,	-0.31202,	-0.0559328,	-0.739138,	-0.326928,	-0.0213756,	0.0936821,	-0.815309,	-0.214548,	-0.0217433,	-0.0206558,	-0.846721,	-0.329096,	-0.021289,	-0.0517043,	-0.627198,	-0.337623,	-0.0209194,	-0.355684,	-0.5187,	0.62999,	-0.05488,	56011,	-225,	0,	-522,	55911,	144,	-23,	-155,	55891,	78,	-14,	-361,	
1,	12,	648219,	1.65255e+015,	2,	6,	5,	13,	-1,	-3,	-4,	0,	1.65255e+009,	-0.795839,	-0.195888,	-0.31202,	-0.0559328,	-0.739138,	-0.326928,	-0.0213756,	0.0936821,	-0.815309,	-0.214548,	-0.0217433,	-0.0206558,	-0.846721,	-0.329096,	-0.021289,	-0.0517043,	-0.627198,	-0.337623,	-0.0209194,	-0.355684,	-0.5187,	0.62999,	-0.05488,	56021,	-225,	1,	-521,	55921,	145,	-23,	-155,	55901,	78,	-14,	-361,	
1,	12,	648297,	1.65255e+015,	-4,	-9,	0,	-12,	-3,	0,	-2,	-2,	1.65255e+009,	-0.795839,	-0.195888,	-0.31202,	-0.0559328,	-0.739138,	-0.326928,	-0.0213756,	0.0936821,	-0.815309,	-0.214548,	-0.0217433,	-0.0206558,	-0.846721,	-0.329096,	-0.021289,	-0.0517043,	-0.627198,	-0.337623,	-0.0209194,	-0.355684,	-0.5187,	0.62999,	-0.05488,	56031,	-226,	0,	-521,	55931,	145,	-23,	-155,	55911,	78,	-14,	-362,	
1,	12,	648360,	1.65255e+015,	-3,	-7,	-11,	3,	-1,	0,	-3,	-2,	1.65255e+009,	-0.795839,	-0.195888,	-0.31202,	-0.0559328,	-0.739138,	-0.326928,	-0.0213756,	0.0936821,	-0.815309,	-0.214548,	-0.0217433,	-0.0206558,	-0.846721,	-0.329096,	-0.021289,	-0.0517043,	-0.627198,	-0.337623,	-0.0209194,	-0.355684,	-0.5187,	0.62999,	-0.05488,	56041,	-226,	0,	-522,	55941,	145,	-23,	-155,	55921,	78,	-13,	-362,	
1,	12,	648454,	1.65255e+015,	0,	6,	12,	0,	-4,	-1,	0,	-1,	1.65255e+009,	-0.795839,	-0.195888,	-0.31202,	-0.0559328,	-0.739138,	-0.326928,	-0.0213756,	0.0936821,	-0.815309,	-0.214548,	-0.0217433,	-0.0206558,	-0.846721,	-0.329096,	-0.021289,	-0.0517043,	-0.627198,	-0.337623,	-0.0209194,	-0.355684,	-0.5187,	0.62999,	-0.05488,	56051,	-226,	0,	-522,	55951,	146,	-23,	-155,	55931,	78,	-13,	-361,	
1,	12,	648532,	1.65255e+015,	2,	-3,	-3,	6,	0,	0,	1,	0,	1.65255e+009,	-0.795839,	-0.195888,	-0.31202,	-0.0559328,	-0.739138,	-0.326928,	-0.0213756,	0.0936821,	-0.815309,	-0.214548,	-0.0217433,	-0.0206558,	-0.846721,	-0.329096,	-0.021289,	-0.0517043,	-0.627198,	-0.337623,	-0.0209194,	-0.355684,	-0.5187,	0.62999,	-0.05488,	56061,	-225,	-1,	-522,	55961,	146,	-23,	-155,	55941,	78,	-12,	-361,	
1,	12,	648610,	1.65255e+015,	-3,	-2,	2,	5,	-2,	-2,	0,	-1,	1.65255e+009,	-0.795839,	-0.195888,	-0.31202,	-0.0559328,	-0.739138,	-0.326928,	-0.0213756,	0.0936821,	-0.815309,	-0.214548,	-0.0217433,	-0.0206558,	-0.846721,	-0.329096,	-0.021289,	-0.0517043,	-0.627198,	-0.337623,	-0.0209194,	-0.355684,	-0.5187,	0.62999,	-0.05488,	56071,	-226,	1,	-521,	55971,	147,	-22,	-155,	55951,	78,	-12,	-362,	
1,	12,	648688,	1.65255e+015,	1,	3,	-1,	2,	-1,	0,	0,	0,	1.65255e+009,	-0.795839,	-0.195888,	-0.31202,	-0.0559328,	-0.739138,	-0.326928,	-0.0213756,	0.0936821,	-0.815309,	-0.214548,	-0.0217433,	-0.0206558,	-0.846721,	-0.329096,	-0.021289,	-0.0517043,	-0.627198,	-0.337623,	-0.0209194,	-0.355684,	-0.5187,	0.62999,	-0.05488,	56081,	-227,	0,	-521,	55981,	144,	-23,	-155,	55961,	79,	-13,	-362,	
1,	12,	648766,	1.65255e+015,	0,	4,	2,	6,	-3,	-2,	-1,	-1,	1.65255e+009,	-0.795839,	-0.195888,	-0.31202,	-0.0559328,	-0.739138,	-0.326928,	-0.0213756,	0.0936821,	-0.815309,	-0.214548,	-0.0217433,	-0.0206558,	-0.846721,	-0.329096,	-0.021289,	-0.0517043,	-0.627198,	-0.337623,	-0.0209194,	-0.355684,	-0.5187,	0.62999,	-0.05488,	56091,	-226,	0,	-521,	55991,	144,	-23,	-156,	55971,	78,	-12,	-362,	
1,	12,	648844,	1.65255e+015,	0,	5,	-1,	-4,	-2,	-2,	-2,	-1,	1.65255e+009,	-0.795839,	-0.195888,	-0.31202,	-0.0559328,	-0.739138,	-0.326928,	-0.0213756,	0.0936821,	-0.815309,	-0.214548,	-0.0217433,	-0.0206558,	-0.846721,	-0.329096,	-0.021289,	-0.0517043,	-0.627198,	-0.337623,	-0.0209194,	-0.355684,	-0.5187,	0.62999,	-0.05488,	56101,	-226,	0,	-520,	56001,	145,	-22,	-156,	55981,	78,	-13,	-362,	
1,	12,	648922,	1.65255e+015,	-3,	-7,	-13,	-5,	0,	0,	-1,	-2,	1.65255e+009,	-0.795839,	-0.195888,	-0.31202,	-0.0559328,	-0.739138,	-0.326928,	-0.0213756,	0.0936821,	-0.815309,	-0.214548,	-0.0217433,	-0.0206558,	-0.846721,	-0.329096,	-0.021289,	-0.0517043,	-0.627198,	-0.337623,	-0.0209194,	-0.355684,	-0.5187,	0.62999,	-0.05488,	56111,	-226,	0,	-519,	56011,	145,	-23,	-155,	55991,	79,	-12,	-362,	
1,	12,	649000,	1.65255e+015,	0,	1,	-1,	11,	1,	-2,	-1,	-1,	1.65255e+009,	-0.795839,	-0.195888,	-0.31202,	-0.0559328,	-0.739138,	-0.326928,	-0.0213756,	0.0936821,	-0.815309,	-0.214548,	-0.0217433,	-0.0206558,	-0.846721,	-0.329096,	-0.021289,	-0.0517043,	-0.627198,	-0.337623,	-0.0209194,	-0.355684,	-0.5187,	0.62999,	-0.05488,	56121,	-227,	0,	-519,	56021,	146,	-23,	-155,	56001,	78,	-12,	-362,	
1,	12,	649079,	1.65255e+015,	-1,	1,	7,	0,	-1,	-2,	0,	-1,	1.65255e+009,	-0.795839,	-0.195888,	-0.31202,	-0.0559328,	-0.739138,	-0.326928,	-0.0213756,	0.0936821,	-0.815309,	-0.214548,	-0.0217433,	-0.0206558,	-0.846721,	-0.329096,	-0.021289,	-0.0517043,	-0.627198,	-0.337623,	-0.0209194,	-0.355684,	-0.5187,	0.62999,	-0.05488,	56131,	-227,	0,	-519,	56031,	145,	-22,	-155,	56011,	80,	-12,	-361,	
1,	12,	649157,	1.65255e+015,	-3,	-5,	-3,	-1,	-1,	-2,	-1,	-1,	1.65255e+009,	-0.795839,	-0.195888,	-0.31202,	-0.0559328,	-0.739138,	-0.326928,	-0.0213756,	0.0936821,	-0.815309,	-0.214548,	-0.0217433,	-0.0206558,	-0.846721,	-0.329096,	-0.021289,	-0.0517043,	-0.627198,	-0.337623,	-0.0209194,	-0.355684,	-0.5187,	0.62999,	-0.05488,	56141,	-226,	0,	-520,	56041,	146,	-23,	-155,	56021,	79,	-13,	-362,	
1,	12,	649235,	1.65255e+015,	0,	1,	4,	1,	0,	1,	-1,	0,	1.65255e+009,	-0.795839,	-0.195888,	-0.31202,	-0.0559328,	-0.739138,	-0.326928,	-0.0213756,	0.0936821,	-0.815309,	-0.214548,	-0.0217433,	-0.0206558,	-0.846721,	-0.329096,	-0.021289,	-0.0517043,	-0.627198,	-0.337623,	-0.0209194,	-0.355684,	-0.5187,	0.62999,	-0.05488,	56151,	-226,	0,	-520,	56051,	146,	-23,	-155,	56031,	79,	-14,	-362,	
1,	12,	649313,	1.65255e+015,	0,	-7,	-4,	-2,	-2,	0,	-2,	0,	1.65255e+009,	-0.795839,	-0.195888,	-0.31202,	-0.0559328,	-0.739138,	-0.326928,	-0.0213756,	0.0936821,	-0.815309,	-0.214548,	-0.0217433,	-0.0206558,	-0.846721,	-0.329096,	-0.021289,	-0.0517043,	-0.627198,	-0.337623,	-0.0209194,	-0.355684,	-0.5187,	0.62999,	-0.05488,	56161,	-225,	1,	-521,	56061,	146,	-23,	-155,	56041,	79,	-12,	-362,	
1,	12,	649391,	1.65255e+015,	-2,	1,	5,	2,	0,	2,	-1,	0,	1.65255e+009,	-0.795839,	-0.195888,	-0.31202,	-0.0559328,	-0.739138,	-0.326928,	-0.0213756,	0.0936821,	-0.815309,	-0.214548,	-0.0217433,	-0.0206558,	-0.846721,	-0.329096,	-0.021289,	-0.0517043,	-0.627198,	-0.337623,	-0.0209194,	-0.355684,	-0.5187,	0.62999,	-0.05488,	56171,	-226,	1,	-521,	56071,	145,	-22,	-155,	56051,	78,	-13,	-361,	
1,	12,	649469,	1.65255e+015,	3,	6,	2,	3,	0,	0,	0,	0,	1.65255e+009,	-0.795839,	-0.195888,	-0.31202,	-0.0559328,	-0.739138,	-0.326928,	-0.0213756,	0.0936821,	-0.815309,	-0.214548,	-0.0217433,	-0.0206558,	-0.846721,	-0.329096,	-0.021289,	-0.0517043,	-0.627198,	-0.337623,	-0.0209194,	-0.355684,	-0.5187,	0.62999,	-0.05488,	56181,	-226,	0,	-522,	56081,	144,	-23,	-155,	56061,	79,	-12,	-361,	
1,	12,	649547,	1.65255e+015,	-3,	0,	-3,	-8,	-5,	-2,	0,	-1,	1.65255e+009,	-0.795839,	-0.195888,	-0.31202,	-0.0559328,	-0.739138,	-0.326928,	-0.0213756,	0.0936821,	-0.815309,	-0.214548,	-0.0217433,	-0.0206558,	-0.846721,	-0.329096,	-0.021289,	-0.0517043,	-0.627198,	-0.337623,	-0.0209194,	-0.355684,	-0.5187,	0.62999,	-0.05488,	56191,	-226,	0,	-522,	56091,	145,	-24,	-154,	56071,	78,	-13,	-362,	
1,	12,	649610,	1.65255e+015,	0,	4,	4,	4,	1,	-2,	0,	-1,	1.65255e+009,	-0.795839,	-0.195888,	-0.31202,	-0.0559328,	-0.739138,	-0.326928,	-0.0213756,	0.0936821,	-0.815309,	-0.214548,	-0.0217433,	-0.0206558,	-0.846721,	-0.329096,	-0.021289,	-0.0517043,	-0.627198,	-0.337623,	-0.0209194,	-0.355684,	-0.5187,	0.62999,	-0.05488,	56201,	-227,	0,	-521,	56101,	145,	-23,	-154,	56081,	78,	-13,	-361,	
1,	12,	649672,	1.65255e+015,	0,	1,	-5,	4,	-1,	-3,	0,	-1,	1.65255e+009,	-0.795839,	-0.195888,	-0.31202,	-0.0559328,	-0.739138,	-0.326928,	-0.0213756,	0.0936821,	-0.815309,	-0.214548,	-0.0217433,	-0.0206558,	-0.846721,	-0.329096,	-0.021289,	-0.0517043,	-0.627198,	-0.337623,	-0.0209194,	-0.355684,	-0.5187,	0.62999,	-0.05488,	56211,	-228,	0,	-520,	56111,	147,	-24,	-155,	56091,	77,	-13,	-361,	
1,	12,	649750,	1.65255e+015,	0,	3,	1,	10,	2,	-2,	1,	1,	1.65255e+009,	-0.795839,	-0.195888,	-0.31202,	-0.0559328,	-0.739138,	-0.326928,	-0.0213756,	0.0936821,	-0.815309,	-0.214548,	-0.0217433,	-0.0206558,	-0.846721,	-0.329096,	-0.021289,	-0.0517043,	-0.627198,	-0.337623,	-0.0209194,	-0.355684,	-0.5187,	0.62999,	-0.05488,	56221,	-231,	0,	-518,	56121,	146,	-23,	-154,	56101,	79,	-14,	-361,	
1,	12,	649829,	1.65255e+015,	0,	6,	4,	3,	-1,	-2,	0,	-2,	1.65255e+009,	-0.795839,	-0.195888,	-0.31202,	-0.0559328,	-0.739138,	-0.326928,	-0.0213756,	0.0936821,	-0.815309,	-0.214548,	-0.0217433,	-0.0206558,	-0.846721,	-0.329096,	-0.021289,	-0.0517043,	-0.627198,	-0.337623,	-0.0209194,	-0.355684,	-0.5187,	0.62999,	-0.05488,	56231,	-231,	1,	-516,	56131,	146,	-24,	-154,	56111,	79,	-13,	-361,	
1,	12,	649907,	1.65255e+015,	2,	8,	-1,	3,	1,	-1,	-1,	0,	1.65255e+009,	-0.795839,	-0.195888,	-0.31202,	-0.0559328,	-0.739138,	-0.326928,	-0.0213756,	0.0936821,	-0.815309,	-0.214548,	-0.0217433,	-0.0206558,	-0.846721,	-0.329096,	-0.021289,	-0.0517043,	-0.627198,	-0.337623,	-0.0209194,	-0.355684,	-0.5187,	0.62999,	-0.05488,	56241,	-231,	1,	-515,	56141,	146,	-24,	-154,	56121,	78,	-13,	-361,	
1,	12,	649985,	1.65255e+015,	0,	-5,	-8,	-3,	5,	1,	-1,	0,	1.65255e+009,	-0.795839,	-0.195888,	-0.31202,	-0.0559328,	-0.739138,	-0.326928,	-0.0213756,	0.0936821,	-0.815309,	-0.214548,	-0.0217433,	-0.0206558,	-0.846721,	-0.329096,	-0.021289,	-0.0517043,	-0.627198,	-0.337623,	-0.0209194,	-0.355684,	-0.5187,	0.62999,	-0.05488,	56251,	-231,	0,	-516,	56151,	147,	-24,	-154,	56131,	79,	-14,	-361,	
1,	12,	650063,	1.65255e+015,	0,	9,	5,	8,	4,	0,	0,	0,	1.65255e+009,	-0.795839,	-0.195888,	-0.31202,	-0.0559328,	-0.739138,	-0.326928,	-0.0213756,	0.0936821,	-0.815309,	-0.214548,	-0.0217433,	-0.0206558,	-0.846721,	-0.329096,	-0.021289,	-0.0517043,	-0.627198,	-0.337623,	-0.0209194,	-0.355684,	-0.5187,	0.62999,	-0.05488,	56261,	-231,	1,	-517,	56161,	147,	-23,	-154,	56141,	78,	-14,	-361,	
1,	12,	650141,	1.65255e+015,	-1,	4,	-2,	-2,	-1,	-1,	0,	-1,	1.65255e+009,	-0.795839,	-0.195888,	-0.31202,	-0.0559328,	-0.739138,	-0.326928,	-0.0213756,	0.0936821,	-0.815309,	-0.214548,	-0.0217433,	-0.0206558,	-0.846721,	-0.329096,	-0.021289,	-0.0517043,	-0.627198,	-0.337623,	-0.0209194,	-0.355684,	-0.5187,	0.62999,	-0.05488,	56271,	-233,	1,	-518,	56171,	146,	-23,	-154,	56151,	79,	-15,	-361,	
1,	12,	650219,	1.65255e+015,	1,	3,	5,	2,	-3,	0,	0,	0,	1.65255e+009,	-0.795839,	-0.195888,	-0.31202,	-0.0559328,	-0.739138,	-0.326928,	-0.0213756,	0.0936821,	-0.815309,	-0.214548,	-0.0217433,	-0.0206558,	-0.846721,	-0.329096,	-0.021289,	-0.0517043,	-0.627198,	-0.337623,	-0.0209194,	-0.355684,	-0.5187,	0.62999,	-0.05488,	56281,	-232,	2,	-518,	56181,	147,	-24,	-154,	56161,	78,	-15,	-361,	
1,	12,	650297,	1.65255e+015,	-3,	-3,	-4,	-3,	-3,	-1,	2,	2,	1.65255e+009,	-0.795839,	-0.195888,	-0.31202,	-0.0559328,	-0.739138,	-0.326928,	-0.0213756,	0.0936821,	-0.815309,	-0.214548,	-0.0217433,	-0.0206558,	-0.846721,	-0.329096,	-0.021289,	-0.0517043,	-0.627198,	-0.337623,	-0.0209194,	-0.355684,	-0.5187,	0.62999,	-0.05488,	56291,	-234,	2,	-516,	56191,	146,	-24,	-154,	56171,	78,	-15,	-361,	
1,	12,	650375,	1.65255e+015,	0,	5,	-5,	2,	-2,	0,	-1,	0,	1.65255e+009,	-0.795839,	-0.195888,	-0.31202,	-0.0559328,	-0.739138,	-0.326928,	-0.0213756,	0.0936821,	-0.815309,	-0.214548,	-0.0217433,	-0.0206558,	-0.846721,	-0.329096,	-0.021289,	-0.0517043,	-0.627198,	-0.337623,	-0.0209194,	-0.355684,	-0.5187,	0.62999,	-0.05488,	56301,	-236,	3,	-513,	56201,	147,	-24,	-154,	56181,	78,	-14,	-361,	
1,	12,	650454,	1.65255e+015,	-1,	-1,	1,	1,	3,	2,	-1,	-2,	1.65255e+009,	-0.795839,	-0.195888,	-0.31202,	-0.0559328,	-0.739138,	-0.326928,	-0.0213756,	0.0936821,	-0.815309,	-0.214548,	-0.0217433,	-0.0206558,	-0.846721,	-0.329096,	-0.021289,	-0.0517043,	-0.627198,	-0.337623,	-0.0209194,	-0.355684,	-0.5187,	0.62999,	-0.05488,	56311,	-239,	3,	-509,	56211,	147,	-23,	-154,	56191,	78,	-14,	-361,	
1,	12,	650532,	1.65255e+015,	-1,	-2,	0,	1,	2,	-1,	-1,	1,	1.65255e+009,	-0.795839,	-0.195888,	-0.31202,	-0.0559328,	-0.739138,	-0.326928,	-0.0213756,	0.0936821,	-0.815309,	-0.214548,	-0.0217433,	-0.0206558,	-0.846721,	-0.329096,	-0.021289,	-0.0517043,	-0.627198,	-0.337623,	-0.0209194,	-0.355684,	-0.5187,	0.62999,	-0.05488,	56321,	-242,	2,	-504,	56221,	146,	-24,	-154,	56201,	79,	-14,	-361,	
1,	12,	650610,	1.65255e+015,	-2,	4,	13,	-3,	-1,	0,	2,	0,	1.65255e+009,	-0.795839,	-0.195888,	-0.31202,	-0.0559328,	-0.739138,	-0.326928,	-0.0213756,	0.0936821,	-0.815309,	-0.214548,	-0.0217433,	-0.0206558,	-0.846721,	-0.329096,	-0.021289,	-0.0517043,	-0.627198,	-0.337623,	-0.0209194,	-0.355684,	-0.5187,	0.62999,	-0.05488,	56331,	-246,	3,	-497,	56231,	146,	-24,	-153,	56211,	78,	-15,	-361,	
1,	12,	650688,	1.65255e+015,	1,	-1,	1,	-7,	-5,	-1,	0,	1,	1.65255e+009,	-0.795839,	-0.195888,	-0.31202,	-0.0559328,	-0.739138,	-0.326928,	-0.0213756,	0.0936821,	-0.815309,	-0.214548,	-0.0217433,	-0.0206558,	-0.846721,	-0.329096,	-0.021289,	-0.0517043,	-0.627198,	-0.337623,	-0.0209194,	-0.355684,	-0.5187,	0.62999,	-0.05488,	56341,	-248,	1,	-490,	56241,	146,	-24,	-152,	56221,	78,	-16,	-360,	
1,	12,	650766,	1.65255e+015,	-1,	1,	-7,	-5,	-2,	1,	0,	0,	1.65255e+009,	-0.795839,	-0.195888,	-0.31202,	-0.0559328,	-0.739138,	-0.326928,	-0.0213756,	0.0936821,	-0.815309,	-0.214548,	-0.0217433,	-0.0206558,	-0.846721,	-0.329096,	-0.021289,	-0.0517043,	-0.627198,	-0.337623,	-0.0209194,	-0.355684,	-0.5187,	0.62999,	-0.05488,	56351,	-250,	0,	-485,	56251,	148,	-24,	-152,	56231,	78,	-16,	-359,	
1,	12,	650844,	1.65255e+015,	-4,	-9,	-25,	-9,	-6,	-5,	-2,	-1,	1.65255e+009,	-0.795839,	-0.195888,	-0.31202,	-0.0559328,	-0.739138,	-0.326928,	-0.0213756,	0.0936821,	-0.815309,	-0.214548,	-0.0217433,	-0.0206558,	-0.846721,	-0.329096,	-0.021289,	-0.0517043,	-0.627198,	-0.337623,	-0.0209194,	-0.355684,	-0.5187,	0.62999,	-0.05488,	56361,	-255,	-1,	-480,	56261,	147,	-23,	-151,	56241,	77,	-17,	-359,	
1,	12,	650922,	1.65255e+015,	-4,	-6,	-3,	-3,	-5,	-2,	-1,	-2,	1.65255e+009,	-0.795839,	-0.195888,	-0.31202,	-0.0559328,	-0.739138,	-0.326928,	-0.0213756,	0.0936821,	-0.815309,	-0.214548,	-0.0217433,	-0.0206558,	-0.846721,	-0.329096,	-0.021289,	-0.0517043,	-0.627198,	-0.337623,	-0.0209194,	-0.355684,	-0.5187,	0.62999,	-0.05488,	56371,	-257,	-2,	-474,	56271,	147,	-24,	-150,	56251,	78,	-18,	-358,	
1,	12,	651000,	1.65255e+015,	2,	2,	2,	-1,	0,	1,	0,	1,	1.65255e+009,	-0.795839,	-0.195888,	-0.31202,	-0.0559328,	-0.739138,	-0.326928,	-0.0213756,	0.0936821,	-0.815309,	-0.214548,	-0.0217433,	-0.0206558,	-0.846721,	-0.329096,	-0.021289,	-0.0517043,	-0.627198,	-0.337623,	-0.0209194,	-0.355684,	-0.5187,	0.62999,	-0.05488,	56381,	-258,	-3,	-470,	56281,	146,	-23,	-150,	56261,	78,	-18,	-358,	
1,	12,	651079,	1.65255e+015,	0,	1,	1,	-1,	0,	1,	1,	0,	1.65255e+009,	-0.795839,	-0.195888,	-0.31202,	-0.0559328,	-0.739138,	-0.326928,	-0.0213756,	0.0936821,	-0.815309,	-0.214548,	-0.0217433,	-0.0206558,	-0.846721,	-0.329096,	-0.021289,	-0.0517043,	-0.627198,	-0.337623,	-0.0209194,	-0.355684,	-0.5187,	0.62999,	-0.05488,	56391,	-262,	-6,	-466,	56291,	146,	-23,	-150,	56271,	77,	-18,	-358,	
1,	12,	651157,	1.65255e+015,	-1,	4,	8,	-5,	-2,	-2,	0,	-2,	1.65255e+009,	-0.795839,	-0.195888,	-0.31202,	-0.0559328,	-0.739138,	-0.326928,	-0.0213756,	0.0936821,	-0.815309,	-0.214548,	-0.0217433,	-0.0206558,	-0.846721,	-0.329096,	-0.021289,	-0.0517043,	-0.627198,	-0.337623,	-0.0209194,	-0.355684,	-0.5187,	0.62999,	-0.05488,	56401,	-265,	-8,	-459,	56301,	146,	-23,	-149,	56281,	77,	-18,	-357,	
2,	12,	651266,	1.65255e+015,	1,	9,	10,	5,	-1,	0,	-1,	-1,	1.65255e+009,	-0.795839,	-0.195888,	-0.31202,	-0.0559328,	-0.739138,	-0.326928,	-0.0213756,	0.0936821,	-0.815309,	-0.214548,	-0.0217433,	-0.0206558,	-0.846721,	-0.329096,	-0.021289,	-0.0517043,	-0.627198,	-0.337623,	-0.0209194,	-0.355684,	-0.5187,	0.62999,	-0.05488,	56411,	-269,	-9,	-452,	56311,	145,	-23,	-149,	56291,	76,	-19,	-357,	
2,	12,	651344,	1.65255e+015,	1,	2,	1,	6,	0,	-2,	-1,	0,	1.65255e+009,	-0.795839,	-0.195888,	-0.31202,	-0.0559328,	-0.739138,	-0.326928,	-0.0213756,	0.0936821,	-0.815309,	-0.214548,	-0.0217433,	-0.0206558,	-0.846721,	-0.329096,	-0.021289,	-0.0517043,	-0.627198,	-0.337623,	-0.0209194,	-0.355684,	-0.5187,	0.62999,	-0.05488,	56421,	-273,	-9,	-446,	56321,	145,	-24,	-147,	56301,	76,	-19,	-356,	
2,	12,	651422,	1.65255e+015,	-1,	-6,	-9,	-1,	1,	2,	-2,	-1,	1.65255e+009,	-0.795839,	-0.195888,	-0.31202,	-0.0559328,	-0.739138,	-0.326928,	-0.0213756,	0.100354,	-0.815309,	-0.214548,	-0.0217433,	-0.022856,	-0.846721,	-0.329096,	-0.021289,	-0.0539045,	-0.627198,	-0.337623,	-0.0209194,	-0.357884,	-0.5187,	0.62999,	-0.05488,	56431,	-276,	-11,	-441,	56331,	145,	-24,	-146,	56311,	76,	-21,	-354,	
2,	12,	651500,	1.65255e+015,	1,	1,	3,	3,	-1,	-2,	-2,	-1,	1.65255e+009,	-0.795839,	-0.195888,	-0.31202,	-0.0559328,	-0.739138,	-0.326928,	-0.0213756,	0.100354,	-0.815309,	-0.214548,	-0.0217433,	-0.022856,	-0.846721,	-0.329096,	-0.021289,	-0.0539045,	-0.627198,	-0.337623,	-0.0209194,	-0.357884,	-0.5187,	0.62999,	-0.05488,	56441,	-280,	-11,	-438,	56341,	145,	-23,	-144,	56321,	76,	-22,	-353,	
2,	12,	651563,	1.65255e+015,	-2,	-5,	-2,	0,	-1,	-1,	-1,	-1,	1.65255e+009,	-0.795839,	-0.195888,	-0.31202,	-0.0559328,	-0.739138,	-0.326928,	-0.0213756,	0.100354,	-0.815309,	-0.214548,	-0.0217433,	-0.022856,	-0.846721,	-0.329096,	-0.021289,	-0.0539045,	-0.627198,	-0.337623,	-0.0209194,	-0.357884,	-0.5187,	0.62999,	-0.05488,	56451,	-282,	-12,	-434,	56351,	145,	-21,	-141,	56331,	76,	-24,	-351,	
2,	12,	651625,	1.65255e+015,	4,	-9,	-1,	2,	1,	0,	-4,	-7,	1.65255e+009,	-0.795839,	-0.195888,	-0.31202,	-0.0756448,	-0.739138,	-0.326928,	-0.0213756,	0.100354,	-0.815309,	-0.214548,	-0.0217433,	-0.022856,	-0.846721,	-0.329096,	-0.021289,	-0.0539045,	-0.627198,	-0.337623,	-0.0209194,	-0.357884,	-0.5187,	0.62999,	-0.05488,	56461,	-286,	-14,	-429,	56361,	145,	-20,	-138,	56341,	75,	-26,	-348,	
2,	12,	651704,	1.65255e+015,	-2,	2,	-11,	-8,	-3,	-4,	0,	1,	1.65255e+009,	-0.645539,	0.0751521,	-0.229475,	-0.154493,	-0.739138,	-0.326928,	-0.0213756,	0.100354,	-0.815309,	-0.214548,	-0.0217433,	-0.022856,	-0.846721,	-0.329096,	-0.021289,	-0.0539045,	-0.627198,	-0.337623,	-0.0209194,	-0.357884,	-0.5187,	0.62999,	-0.05488,	56471,	-288,	-12,	-423,	56371,	144,	-18,	-135,	56351,	72,	-26,	-345,	
2,	12,	651782,	1.65255e+015,	4,	-3,	2,	-2,	0,	1,	1,	3,	1.65255e+009,	-0.254759,	0.198352,	-0.163439,	-0.312189,	-0.739138,	-0.326928,	-0.0213756,	0.100354,	-0.815309,	-0.214548,	-0.0217433,	-0.022856,	-0.846721,	-0.329096,	-0.021289,	-0.0539045,	-0.627198,	-0.337623,	-0.0209194,	-0.357884,	-0.4914,	0.62999,	-0.05488,	56481,	-293,	-12,	-417,	56381,	142,	-17,	-132,	56361,	71,	-28,	-342,	
2,	12,	651860,	1.65255e+015,	-4,	1,	2,	0,	0,	0,	-1,	-6,	1.65255e+009,	0.105961,	0.321552,	-0.163439,	-0.386109,	-0.739138,	-0.326928,	-0.0213756,	0.100354,	-0.815309,	-0.214548,	-0.0217433,	-0.022856,	-0.846721,	-0.329096,	-0.021289,	-0.0539045,	-0.627198,	-0.337623,	-0.0209194,	-0.357884,	-0.4914,	0.62999,	-0.05488,	56491,	-295,	-13,	-413,	56391,	141,	-18,	-130,	56371,	70,	-29,	-340,	
2,	12,	651922,	1.65255e+015,	-5,	-3,	-4,	3,	0,	0,	-2,	-3,	1.65255e+009,	0.211171,	0.321552,	-0.163439,	-0.415677,	-0.739138,	-0.326928,	-0.0213756,	0.0936821,	-0.815309,	-0.214548,	-0.0217433,	-0.0206558,	-0.846721,	-0.329096,	-0.021289,	-0.0517043,	-0.627198,	-0.337623,	-0.0209194,	-0.355684,	-0.5187,	0.59547,	-0.05488,	56501,	-296,	-13,	-410,	56401,	141,	-18,	-128,	56381,	69,	-30,	-338,	
2,	12,	652000,	1.65255e+015,	-3,	3,	-6,	-2,	1,	0,	-2,	-4,	1.65255e+009,	0.301351,	0.321552,	-0.163439,	-0.440317,	-0.739138,	-0.326928,	-0.0213756,	0.0936821,	-0.815309,	-0.214548,	-0.0217433,	-0.0206558,	-0.846721,	-0.329096,	-0.021289,	-0.0517043,	-0.627198,	-0.337623,	-0.0209194,	-0.355684,	-0.5187,	0.59547,	-0.05488,	56511,	-296,	-17,	-408,	56411,	139,	-19,	-127,	56391,	68,	-29,	-336,	
2,	12,	652079,	1.65255e+015,	-6,	-5,	-6,	-7,	-2,	-2,	-2,	-4,	1.65255e+009,	0.361471,	0.321552,	-0.163439,	-0.440317,	-0.739138,	-0.326928,	-0.0213756,	0.0936821,	-0.815309,	-0.214548,	-0.0217433,	-0.0206558,	-0.846721,	-0.329096,	-0.021289,	-0.0517043,	-0.627198,	-0.337623,	-0.0209194,	-0.355684,	-0.5187,	0.59547,	-0.05488,	56521,	-297,	-20,	-406,	56421,	138,	-20,	-125,	56401,	66,	-29,	-334,	
2,	12,	652141,	1.65255e+015,	-21,	0,	-8,	-1,	-4,	-7,	-3,	-8,	1.65255e+009,	0.361471,	0.321552,	-0.163439,	-0.460029,	-0.739138,	-0.326928,	-0.0213756,	0.0936821,	-0.815309,	-0.214548,	-0.0217433,	-0.0206558,	-0.846721,	-0.329096,	-0.021289,	-0.0517043,	-0.627198,	-0.337623,	-0.0209194,	-0.355684,	-0.5551,	0.59547,	-0.05488,	56531,	-300,	-22,	-402,	56431,	137,	-20,	-122,	56411,	66,	-31,	-332,	
2,	12,	652219,	1.65255e+015,	-2,	-10,	3,	-1,	1,	-2,	-2,	-4,	1.65255e+009,	0.361471,	0.321552,	-0.0808941,	-0.460029,	-0.739138,	-0.326928,	-0.0213756,	0.0936821,	-0.815309,	-0.214548,	-0.0217433,	-0.0206558,	-0.846721,	-0.329096,	-0.021289,	-0.0517043,	-0.627198,	-0.337623,	-0.0209194,	-0.355684,	-0.5551,	0.59547,	-0.05488,	56541,	-301,	-21,	-398,	56441,	138,	-20,	-119,	56421,	64,	-33,	-329,	
2,	12,	652297,	1.65255e+015,	1,	-3,	1,	2,	1,	-1,	-1,	-4,	1.65255e+009,	0.361471,	0.321552,	-0.0808941,	-0.460029,	-0.739138,	-0.326928,	-0.0213756,	0.0936821,	-0.815309,	-0.214548,	-0.0217433,	-0.0206558,	-0.846721,	-0.329096,	-0.021289,	-0.0517043,	-0.627198,	-0.337623,	-0.0209194,	-0.355684,	-0.5551,	0.59547,	-0.05488,	56551,	-303,	-19,	-394,	56451,	136,	-18,	-117,	56431,	62,	-34,	-326,	
2,	12,	652375,	1.65255e+015,	-3,	-12,	-3,	-4,	0,	3,	-2,	-3,	1.65255e+009,	0.361471,	0.321552,	-0.0808941,	-0.460029,	-0.739138,	-0.326928,	-0.0213756,	0.0936821,	-0.815309,	-0.214548,	-0.0217433,	-0.0206558,	-0.846721,	-0.329096,	-0.021289,	-0.0517043,	-0.627198,	-0.337623,	-0.0209194,	-0.355684,	-0.5551,	0.59547,	-0.05488,	56561,	-305,	-20,	-391,	56461,	134,	-18,	-115,	56441,	60,	-35,	-324,	
2,	12,	652454,	1.65255e+015,	-1,	1,	10,	0,	-5,	-5,	18,	-16,	1.65255e+009,	0.361471,	0.321552,	-0.0808941,	-0.460029,	-0.739138,	-0.326928,	-0.0213756,	0.0936821,	-0.815309,	-0.214548,	-0.0217433,	-0.0206558,	-0.846721,	-0.329096,	-0.021289,	-0.0517043,	-0.627198,	-0.337623,	-0.0209194,	-0.355684,	-0.5551,	0.59547,	-0.05488,	56571,	-306,	-20,	-389,	56471,	134,	-17,	-114,	56451,	58,	-36,	-322,	
2,	12,	652532,	1.65255e+015,	-3,	3,	-4,	4,	-1,	-1,	4,	1,	1.65255e+009,	0.361471,	0.321552,	-0.0808941,	-0.460029,	-0.739138,	-0.326928,	-0.0213756,	0.0936821,	-0.815309,	-0.214548,	-0.0217433,	-0.0206558,	-0.846721,	-0.329096,	-0.021289,	-0.0517043,	-0.627198,	-0.337623,	-0.0209194,	-0.355684,	-0.5551,	0.59547,	-0.05488,	56581,	-307,	-21,	-389,	56481,	133,	-18,	-113,	56461,	58,	-36,	-321,	
2,	12,	652610,	1.65255e+015,	-3,	6,	2,	2,	-1,	-3,	1,	-10,	1.65255e+009,	0.361471,	0.321552,	-0.0808941,	-0.460029,	-0.739138,	-0.326928,	-0.0213756,	0.0936821,	-0.815309,	-0.214548,	-0.0217433,	-0.0206558,	-0.846721,	-0.329096,	-0.021289,	-0.0517043,	-0.627198,	-0.337623,	-0.0209194,	-0.355684,	-0.5551,	0.59547,	-0.05488,	56591,	-306,	-21,	-390,	56491,	132,	-19,	-111,	56471,	57,	-36,	-319,	
2,	12,	652704,	1.65255e+015,	7,	-2,	7,	0,	1,	0,	0,	3,	1.65255e+009,	0.361471,	0.321552,	-0.0808941,	-0.460029,	-0.675074,	-0.326928,	-0.0213756,	0.0936821,	-0.815309,	-0.214548,	-0.0217433,	-0.0206558,	-0.846721,	-0.329096,	-0.021289,	-0.0517043,	-0.627198,	-0.337623,	-0.0209194,	-0.355684,	-0.5551,	0.59547,	-0.05488,	56601,	-305,	-21,	-393,	56501,	132,	-18,	-109,	56481,	56,	-37,	-318,	
2,	12,	652782,	1.65255e+015,	5,	0,	-5,	-7,	-2,	-3,	6,	14,	1.65255e+009,	0.361471,	0.321552,	-0.0808941,	-0.460029,	-0.675074,	-0.326928,	-0.0213756,	0.0936821,	-0.815309,	-0.214548,	-0.0217433,	-0.0206558,	-0.846721,	-0.329096,	-0.021289,	-0.0517043,	-0.627198,	-0.337623,	-0.0209194,	-0.355684,	-0.5551,	0.59547,	-0.05488,	56611,	-303,	-21,	-396,	56511,	132,	-18,	-106,	56491,	56,	-38,	-316,	
2,	12,	652860,	1.65255e+015,	-6,	-9,	-1,	-5,	-1,	-1,	1,	-4,	1.65255e+009,	0.361471,	0.321552,	-0.0808941,	-0.460029,	-0.675074,	-0.326928,	-0.0213756,	0.0936821,	-0.815309,	-0.214548,	-0.0217433,	-0.0206558,	-0.846721,	-0.329096,	-0.021289,	-0.0517043,	-0.627198,	-0.337623,	-0.0209194,	-0.355684,	-0.5551,	0.59547,	-0.05488,	56621,	-302,	-23,	-398,	56521,	132,	-15,	-104,	56501,	55,	-40,	-313,	
2,	12,	652938,	1.65255e+015,	1,	1,	-1,	0,	-1,	-1,	-2,	1,	1.65255e+009,	0.361471,	0.321552,	-0.0808941,	-0.460029,	-0.675074,	-0.326928,	-0.0213756,	0.0936821,	-0.815309,	-0.214548,	-0.0217433,	-0.0206558,	-0.846721,	-0.329096,	-0.021289,	-0.0517043,	-0.627198,	-0.337623,	-0.0209194,	-0.355684,	-0.5551,	0.59547,	-0.05488,	56631,	-300,	-23,	-400,	56531,	129,	-16,	-103,	56511,	54,	-39,	-311,	
2,	12,	653016,	1.65255e+015,	-8,	-4,	0,	-3,	-2,	1,	0,	-3,	1.65255e+009,	0.361471,	0.321552,	-0.0808941,	-0.460029,	-0.675074,	-0.326928,	-0.0213756,	0.0936821,	-0.815309,	-0.214548,	-0.0217433,	-0.0206558,	-0.846721,	-0.329096,	-0.021289,	-0.0517043,	-0.627198,	-0.337623,	-0.0209194,	-0.355684,	-0.5551,	0.59547,	-0.05488,	56641,	-299,	-22,	-401,	56541,	129,	-17,	-103,	56521,	51,	-40,	-309,	
2,	12,	653110,	1.65255e+015,	3,	5,	1,	1,	0,	0,	0,	-1,	1.65255e+009,	0.361471,	0.321552,	-0.0808941,	-0.460029,	-0.675074,	-0.326928,	-0.0213756,	0.0936821,	-0.815309,	-0.214548,	-0.0217433,	-0.0206558,	-0.846721,	-0.329096,	-0.021289,	-0.0517043,	-0.627198,	-0.337623,	-0.0209194,	-0.355684,	-0.5551,	0.59547,	-0.05488,	56651,	-298,	-22,	-403,	56551,	126,	-18,	-103,	56531,	50,	-40,	-307,	
2,	12,	653188,	1.65255e+015,	0,	11,	7,	6,	0,	-2,	2,	-2,	1.65255e+009,	0.361471,	0.321552,	-0.0808941,	-0.460029,	-0.675074,	-0.326928,	-0.0213756,	0.0936821,	-0.815309,	-0.214548,	-0.0217433,	-0.0206558,	-0.846721,	-0.329096,	-0.021289,	-0.0517043,	-0.627198,	-0.337623,	-0.0209194,	-0.355684,	-0.5551,	0.59547,	-0.05488,	56661,	-297,	-21,	-406,	56561,	126,	-19,	-102,	56541,	48,	-41,	-305,	
2,	12,	653266,	1.65255e+015,	-1,	-2,	2,	4,	2,	3,	2,	-1,	1.65255e+009,	-0.0142785,	0.321552,	-0.0808941,	-0.317117,	-0.675074,	-0.326928,	-0.0213756,	0.0936821,	-0.815309,	-0.214548,	-0.0217433,	-0.0206558,	-0.846721,	-0.329096,	-0.021289,	-0.0517043,	-0.627198,	-0.337623,	-0.0209194,	-0.355684,	-0.5915,	0.59547,	-0.05488,	56671,	-297,	-21,	-407,	56571,	125,	-19,	-100,	56551,	48,	-42,	-303,	
2,	12,	653329,	1.65255e+015,	-4,	-5,	0,	5,	1,	-4,	-3,	-2,	1.65255e+009,	-0.495239,	0.0505121,	-0.163439,	-0.110141,	-0.675074,	-0.326928,	-0.0213756,	0.0936821,	-0.815309,	-0.214548,	-0.0217433,	-0.0206558,	-0.846721,	-0.329096,	-0.021289,	-0.0517043,	-0.627198,	-0.337623,	-0.0209194,	-0.355684,	-0.5915,	0.59547,	-0.05488,	56681,	-297,	-20,	-407,	56581,	125,	-19,	-99,	56561,	48,	-42,	-302,	
2,	12,	653391,	1.65255e+015,	1,	2,	0,	-9,	-3,	0,	-1,	-2,	1.65255e+009,	-0.570388,	-0.0973279,	-0.262493,	-0.0608608,	-0.755154,	-0.326928,	-0.0213756,	0.0936821,	-0.894159,	-0.214548,	-0.0217433,	-0.0206558,	-0.846721,	-0.329096,	-0.021289,	-0.0517043,	-0.627198,	-0.337623,	-0.0209194,	-0.355684,	-0.5096,	0.59547,	-0.05488,	56691,	-296,	-20,	-408,	56591,	126,	-17,	-98,	56571,	47,	-44,	-301,	
2,	12,	653485,	1.65255e+015,	0,	-2,	-4,	-5,	0,	1,	2,	0,	1.65255e+009,	-0.645539,	-0.195888,	-0.262493,	-0.0362208,	-0.755154,	-0.326928,	-0.0213756,	0.0936821,	-0.894159,	-0.214548,	-0.0217433,	-0.0206558,	-0.846721,	-0.329096,	-0.021289,	-0.0517043,	-0.627198,	-0.337623,	-0.0209194,	-0.355684,	-0.5096,	0.59547,	-0.05488,	56701,	-295,	-20,	-410,	56601,	125,	-16,	-97,	56581,	48,	-43,	-299,	
2,	12,	653547,	1.65255e+015,	0,	-2,	-7,	-1,	-2,	-1,	-2,	-2,	1.65255e+009,	-0.645539,	-0.195888,	-0.262493,	-0.0362208,	-0.755154,	-0.326928,	-0.0213756,	0.0936821,	-0.894159,	-0.214548,	-0.0217433,	-0.0206558,	-0.846721,	-0.329096,	-0.021289,	-0.0517043,	-0.627198,	-0.337623,	-0.0209194,	-0.355684,	-0.5096,	0.59547,	-0.05488,	56711,	-293,	-19,	-413,	56611,	126,	-15,	-97,	56591,	48,	-44,	-299,	
2,	12,	653625,	1.65255e+015,	-4,	-3,	-4,	-1,	-2,	1,	-3,	-1,	1.65255e+009,	-0.645539,	-0.195888,	-0.262493,	-0.0362208,	-0.755154,	-0.326928,	-0.0213756,	0.0936821,	-0.894159,	-0.214548,	-0.0217433,	-0.0206558,	-0.846721,	-0.329096,	-0.021289,	-0.0517043,	-0.627198,	-0.337623,	-0.0209194,	-0.355684,	-0.5096,	0.59547,	-0.05488,	56721,	-290,	-20,	-417,	56621,	126,	-15,	-98,	56601,	48,	-42,	-299,	
2,	12,	653688,	1.65255e+015,	-3,	-9,	-6,	-8,	-5,	-4,	-1,	-2,	1.65255e+009,	-0.645539,	-0.195888,	-0.262493,	-0.0362208,	-0.755154,	-0.326928,	-0.0213756,	0.101015,	-0.894159,	-0.214548,	-0.0217433,	-0.0133224,	-0.846721,	-0.329096,	-0.021289,	-0.0739409,	-0.627198,	-0.337623,	-0.0209194,	-0.377921,	-0.4732,	0.59547,	-0.05488,	56731,	-287,	-18,	-420,	56631,	125,	-15,	-100,	56611,	47,	-41,	-300,	
2,	12,	653782,	1.65255e+015,	-3,	-6,	-6,	-6,	-3,	-1,	-3,	-1,	1.65255e+009,	-0.645539,	-0.195888,	-0.262493,	-0.0362208,	-0.755154,	-0.326928,	-0.0213756,	0.101015,	-0.894159,	-0.214548,	-0.0217433,	-0.0133224,	-0.846721,	-0.329096,	-0.021289,	-0.0739409,	-0.627198,	-0.337623,	-0.0209194,	-0.377921,	-0.4732,	0.59547,	-0.05488,	56741,	-284,	-17,	-423,	56641,	125,	-15,	-101,	56621,	47,	-41,	-301,	
2,	12,	653860,	1.65255e+015,	0,	2,	0,	7,	1,	0,	0,	-1,	1.65255e+009,	-0.645539,	-0.195888,	-0.262493,	-0.0362208,	-0.755154,	-0.326928,	-0.0213756,	0.101015,	-0.894159,	-0.214548,	-0.0217433,	-0.0133224,	-0.846721,	-0.329096,	-0.021289,	-0.0739409,	-0.627198,	-0.337623,	-0.0209194,	-0.377921,	-0.4732,	0.59547,	-0.05488,	56751,	-279,	-16,	-427,	56651,	124,	-17,	-102,	56631,	47,	-40,	-302,	
2,	12,	653938,	1.65255e+015,	1,	1,	-1,	-4,	-2,	-1,	-1,	0,	1.65255e+009,	-0.645539,	-0.195888,	-0.262493,	-0.0362208,	-0.755154,	-0.326928,	-0.0213756,	0.101015,	-0.894159,	-0.214548,	-0.0217433,	-0.0133224,	-0.846721,	-0.329096,	-0.021289,	-0.0739409,	-0.627198,	-0.337623,	-0.0209194,	-0.377921,	-0.4732,	0.59547,	-0.05488,	56761,	-276,	-16,	-433,	56661,	125,	-16,	-103,	56641,	47,	-39,	-303,	
2,	12,	654000,	1.65255e+015,	1,	3,	0,	6,	-1,	0,	-1,	-1,	1.65255e+009,	-0.645539,	-0.195888,	-0.262493,	-0.0362208,	-0.755154,	-0.326928,	-0.0213756,	0.109355,	-0.894159,	-0.214548,	-0.0217433,	-0.0160727,	-0.846721,	-0.329096,	-0.021289,	-0.0766912,	-0.627198,	-0.337623,	-0.0209194,	-0.380671,	-0.4732,	0.59547,	-0.05488,	56771,	-272,	-16,	-438,	56671,	126,	-16,	-104,	56651,	50,	-37,	-304,	
2,	12,	654079,	1.65255e+015,	-1,	2,	1,	-1,	-2,	1,	-1,	-1,	1.65255e+009,	-0.645539,	-0.195888,	-0.262493,	-0.0362208,	-0.755154,	-0.326928,	-0.0213756,	0.109355,	-0.894159,	-0.214548,	-0.0217433,	-0.0160727,	-0.846721,	-0.329096,	-0.021289,	-0.0766912,	-0.627198,	-0.337623,	-0.0209194,	-0.380671,	-0.4732,	0.59547,	-0.05488,	56781,	-269,	-14,	-445,	56681,	126,	-16,	-104,	56661,	51,	-36,	-305,	
2,	12,	654141,	1.65255e+015,	2,	0,	-2,	3,	-1,	1,	-1,	0,	1.65255e+009,	-0.645539,	-0.195888,	-0.262493,	-0.0362208,	-0.755154,	-0.326928,	-0.0213756,	0.109355,	-0.894159,	-0.214548,	-0.0217433,	-0.0160727,	-0.846721,	-0.329096,	-0.021289,	-0.0766912,	-0.627198,	-0.337623,	-0.0209194,	-0.380671,	-0.4732,	0.59547,	-0.05488,	56791,	-265,	-13,	-452,	56691,	127,	-16,	-105,	56671,	52,	-36,	-306,	
2,	12,	654204,	1.65255e+015,	-2,	-2,	0,	-2,	-3,	-1,	1,	-2,	1.65255e+009,	-0.645539,	-0.195888,	-0.262493,	-0.0362208,	-0.755154,	-0.326928,	-0.0213756,	0.109355,	-0.894159,	-0.214548,	-0.0217433,	-0.0160727,	-0.846721,	-0.329096,	-0.021289,	-0.0766912,	-0.627198,	-0.337623,	-0.0209194,	-0.380671,	-0.4732,	0.59547,	-0.05488,	56801,	-260,	-10,	-460,	56701,	128,	-17,	-106,	56681,	51,	-35,	-306,	
2,	12,	654282,	1.65255e+015,	0,	4,	-2,	-20,	-5,	0,	1,	0,	1.65255e+009,	-0.645539,	-0.195888,	-0.262493,	-0.0362208,	-0.755154,	-0.326928,	-0.0213756,	0.109355,	-0.894159,	-0.214548,	-0.0217433,	-0.0160727,	-0.846721,	-0.329096,	-0.021289,	-0.0766912,	-0.627198,	-0.337623,	-0.0209194,	-0.380671,	-0.4732,	0.59547,	-0.05488,	56811,	-255,	-9,	-467,	56711,	128,	-16,	-106,	56691,	51,	-35,	-306,	
2,	12,	654360,	1.65255e+015,	-2,	-7,	-7,	-9,	-4,	0,	-1,	0,	1.65255e+009,	-0.645539,	-0.195888,	-0.262493,	-0.0362208,	-0.755154,	-0.326928,	-0.0213756,	0.109355,	-0.894159,	-0.214548,	-0.0217433,	-0.0160727,	-0.846721,	-0.329096,	-0.021289,	-0.0766912,	-0.627198,	-0.337623,	-0.0209194,	-0.380671,	-0.4732,	0.59547,	-0.05488,	56821,	-252,	-7,	-472,	56721,	128,	-15,	-107,	56701,	51,	-34,	-306,	
2,	12,	654438,	1.65255e+015,	-1,	3,	-4,	-5,	1,	-2,	-1,	-1,	1.65255e+009,	-0.645539,	-0.195888,	-0.262493,	-0.0362208,	-0.755154,	-0.326928,	-0.0213756,	0.109355,	-0.894159,	-0.214548,	-0.0217433,	-0.0160727,	-0.846721,	-0.329096,	-0.021289,	-0.0766912,	-0.627198,	-0.337623,	-0.0209194,	-0.380671,	-0.4732,	0.59547,	-0.05488,	56831,	-250,	-6,	-477,	56731,	128,	-15,	-108,	56711,	52,	-35,	-307,	
2,	12,	654516,	1.65255e+015,	-2,	-4,	-3,	-4,	-1,	-2,	-1,	-3,	1.65255e+009,	-0.645539,	-0.195888,	-0.262493,	-0.0362208,	-0.755154,	-0.326928,	-0.0213756,	0.109355,	-0.894159,	-0.214548,	-0.0217433,	-0.0160727,	-0.846721,	-0.329096,	-0.021289,	-0.0766912,	-0.627198,	-0.337623,	-0.0209194,	-0.380671,	-0.4732,	0.59547,	-0.05488,	56841,	-249,	-5,	-481,	56741,	129,	-15,	-109,	56721,	53,	-34,	-308,	
2,	12,	654594,	1.65255e+015,	-2,	-4,	-5,	-7,	-3,	0,	0,	-2,	1.65255e+009,	-0.645539,	-0.195888,	-0.262493,	-0.0362208,	-0.755154,	-0.326928,	-0.0213756,	0.109355,	-0.894159,	-0.214548,	-0.0217433,	-0.0160727,	-0.846721,	-0.329096,	-0.021289,	-0.0766912,	-0.627198,	-0.337623,	-0.0209194,	-0.380671,	-0.4732,	0.59547,	-0.05488,	56851,	-246,	-3,	-486,	56751,	129,	-15,	-110,	56731,	54,	-34,	-310,	
2,	12,	654672,	1.65255e+015,	1,	5,	0,	7,	4,	1,	1,	1,	1.65255e+009,	-0.645539,	-0.195888,	-0.262493,	-0.0362208,	-0.755154,	-0.326928,	-0.0213756,	0.109355,	-0.894159,	-0.214548,	-0.0217433,	-0.0160727,	-0.846721,	-0.329096,	-0.021289,	-0.0766912,	-0.627198,	-0.337623,	-0.0209194,	-0.380671,	-0.4732,	0.59547,	-0.05488,	56861,	-244,	-4,	-491,	56761,	130,	-16,	-111,	56741,	56,	-34,	-312,	
2,	12,	654750,	1.65255e+015,	0,	1,	-6,	-13,	-5,	-1,	0,	0,	1.65255e+009,	-0.645539,	-0.195888,	-0.262493,	-0.0362208,	-0.755154,	-0.326928,	-0.0213756,	0.109355,	-0.894159,	-0.214548,	-0.0217433,	-0.0160727,	-0.846721,	-0.329096,	-0.021289,	-0.0766912,	-0.627198,	-0.337623,	-0.0209194,	-0.380671,	-0.4732,	0.59547,	-0.05488,	56871,	-240,	-3,	-496,	56771,	131,	-18,	-113,	56751,	56,	-33,	-313,	
2,	12,	654829,	1.65255e+015,	1,	5,	-1,	-1,	-1,	-2,	-1,	1,	1.65255e+009,	-0.645539,	-0.195888,	-0.262493,	-0.0362208,	-0.755154,	-0.326928,	-0.0213756,	0.109355,	-0.894159,	-0.214548,	-0.0217433,	-0.0160727,	-0.846721,	-0.329096,	-0.021289,	-0.0766912,	-0.627198,	-0.337623,	-0.0209194,	-0.380671,	-0.4732,	0.59547,	-0.05488,	56881,	-238,	-5,	-498,	56781,	131,	-19,	-114,	56761,	57,	-33,	-315,	
2,	12,	654907,	1.65255e+015,	0,	-4,	1,	5,	-1,	-1,	0,	-2,	1.65255e+009,	-0.645539,	-0.195888,	-0.262493,	-0.0362208,	-0.755154,	-0.326928,	-0.0213756,	0.109355,	-0.894159,	-0.214548,	-0.0217433,	-0.0160727,	-0.846721,	-0.329096,	-0.021289,	-0.0766912,	-0.627198,	-0.337623,	-0.0209194,	-0.380671,	-0.4732,	0.59547,	-0.05488,	56891,	-235,	-6,	-499,	56791,	131,	-20,	-116,	56771,	57,	-32,	-317,	
2,	12,	654985,	1.65255e+015,	0,	-1,	-6,	-5,	-1,	0,	-1,	0,	1.65255e+009,	-0.645539,	-0.195888,	-0.262493,	-0.0362208,	-0.755154,	-0.326928,	-0.0213756,	0.109355,	-0.894159,	-0.214548,	-0.0217433,	-0.0160727,	-0.846721,	-0.329096,	-0.021289,	-0.0766912,	-0.627198,	-0.337623,	-0.0209194,	-0.380671,	-0.4732,	0.59547,	-0.05488,	56901,	-235,	-5,	-499,	56801,	134,	-22,	-119,	56781,	58,	-33,	-320,	
2,	12,	655063,	1.65255e+015,	-2,	-2,	-3,	1,	-1,	-1,	-1,	0,	1.65255e+009,	-0.645539,	-0.195888,	-0.262493,	-0.0362208,	-0.755154,	-0.326928,	-0.0213756,	0.109355,	-0.894159,	-0.214548,	-0.0217433,	-0.0160727,	-0.846721,	-0.329096,	-0.021289,	-0.0766912,	-0.627198,	-0.337623,	-0.0209194,	-0.380671,	-0.4732,	0.59547,	-0.05488,	56911,	-235,	-5,	-500,	56811,	135,	-22,	-121,	56791,	60,	-33,	-324,	
2,	12,	655141,	1.65255e+015,	0,	5,	0,	-10,	-2,	-1,	0,	0,	1.65255e+009,	-0.645539,	-0.195888,	-0.262493,	-0.0362208,	-0.755154,	-0.326928,	-0.0213756,	0.109355,	-0.894159,	-0.214548,	-0.0217433,	-0.0160727,	-0.846721,	-0.329096,	-0.021289,	-0.0766912,	-0.627198,	-0.337623,	-0.0209194,	-0.380671,	-0.4732,	0.59547,	-0.05488,	56921,	-236,	-6,	-502,	56821,	136,	-23,	-124,	56801,	62,	-32,	-327,	
2,	12,	655235,	1.65255e+015,	0,	3,	-4,	-8,	0,	0,	-1,	0,	1.65255e+009,	-0.645539,	-0.195888,	-0.262493,	-0.0362208,	-0.755154,	-0.326928,	-0.0213756,	0.109355,	-0.894159,	-0.214548,	-0.0217433,	-0.0160727,	-0.846721,	-0.329096,	-0.021289,	-0.0766912,	-0.627198,	-0.337623,	-0.0209194,	-0.380671,	-0.4732,	0.59547,	-0.05488,	56931,	-234,	-6,	-504,	56831,	137,	-23,	-127,	56811,	64,	-30,	-331,	
2,	12,	655313,	1.65255e+015,	-3,	-9,	-2,	-12,	-3,	-1,	-2,	-4,	1.65255e+009,	-0.645539,	-0.195888,	-0.262493,	-0.0362208,	-0.755154,	-0.326928,	-0.0213756,	0.109355,	-0.894159,	-0.214548,	-0.0217433,	-0.0160727,	-0.846721,	-0.329096,	-0.021289,	-0.0766912,	-0.627198,	-0.337623,	-0.0209194,	-0.380671,	-0.4732,	0.59547,	-0.05488,	56941,	-231,	-4,	-505,	56841,	137,	-24,	-129,	56821,	66,	-29,	-333,	
2,	12,	655391,	1.65255e+015,	1,	3,	0,	9,	4,	2,	0,	-1,	1.65255e+009,	-0.645539,	-0.195888,	-0.262493,	-0.0362208,	-0.755154,	-0.326928,	-0.0213756,	0.109355,	-0.894159,	-0.214548,	-0.0217433,	-0.0160727,	-0.846721,	-0.329096,	-0.021289,	-0.0766912,	-0.627198,	-0.337623,	-0.0209194,	-0.380671,	-0.4732,	0.59547,	-0.05488,	56951,	-229,	-4,	-507,	56851,	138,	-24,	-132,	56831,	67,	-29,	-336,	
2,	12,	655469,	1.65255e+015,	1,	2,	-2,	-1,	1,	0,	0,	0,	1.65255e+009,	-0.645539,	-0.195888,	-0.262493,	-0.0362208,	-0.755154,	-0.326928,	-0.0213756,	0.109355,	-0.894159,	-0.214548,	-0.0217433,	-0.0160727,	-0.846721,	-0.329096,	-0.021289,	-0.0766912,	-0.627198,	-0.337623,	-0.0209194,	-0.380671,	-0.4732,	0.59547,	-0.05488,	56961,	-227,	-6,	-508,	56861,	140,	-25,	-134,	56841,	68,	-27,	-338,	
2,	12,	655547,	1.65255e+015,	-1,	-5,	12,	-2,	-3,	-3,	1,	-1,	1.65255e+009,	-0.645539,	-0.195888,	-0.262493,	-0.0362208,	-0.755154,	-0.326928,	-0.0213756,	0.109355,	-0.894159,	-0.214548,	-0.0217433,	-0.0160727,	-0.846721,	-0.329096,	-0.021289,	-0.0766912,	-0.627198,	-0.337623,	-0.0209194,	-0.380671,	-0.4732,	0.59547,	-0.05488,	56971,	-230,	-6,	-507,	56871,	142,	-23,	-135,	56851,	70,	-27,	-340,	
2,	12,	655625,	1.65255e+015,	-2,	2,	-4,	0,	1,	-2,	-1,	0,	1.65255e+009,	-0.645539,	-0.195888,	-0.262493,	-0.0362208,	-0.755154,	-0.326928,	-0.0213756,	0.109355,	-0.894159,	-0.214548,	-0.0217433,	-0.0160727,	-0.846721,	-0.329096,	-0.021289,	-0.0766912,	-0.627198,	-0.337623,	-0.0209194,	-0.380671,	-0.4732,	0.59547,	-0.05488,	56981,	-233,	-6,	-504,	56881,	141,	-22,	-137,	56861,	72,	-26,	-343,	
2,	12,	655704,	1.65255e+015,	1,	-2,	1,	6,	3,	1,	1,	-1,	1.65255e+009,	-0.645539,	-0.195888,	-0.262493,	-0.0362208,	-0.755154,	-0.326928,	-0.0213756,	0.109355,	-0.894159,	-0.214548,	-0.0217433,	-0.0160727,	-0.846721,	-0.329096,	-0.021289,	-0.0766912,	-0.627198,	-0.337623,	-0.0209194,	-0.380671,	-0.4732,	0.59547,	-0.05488,	56991,	-234,	-6,	-500,	56891,	142,	-22,	-140,	56871,	73,	-25,	-345,	
2,	12,	655782,	1.65255e+015,	0,	-1,	2,	-1,	1,	-1,	-2,	-1,	1.65255e+009,	-0.645539,	-0.195888,	-0.262493,	-0.0362208,	-0.755154,	-0.326928,	-0.0213756,	0.109355,	-0.894159,	-0.214548,	-0.0217433,	-0.0160727,	-0.846721,	-0.329096,	-0.021289,	-0.0766912,	-0.627198,	-0.337623,	-0.0209194,	-0.380671,	-0.4732,	0.59547,	-0.05488,	57001,	-237,	-5,	-497,	56901,	142,	-23,	-142,	56881,	75,	-25,	-347,	
2,	12,	655860,	1.65255e+015,	1,	4,	1,	9,	4,	1,	-1,	1,	1.65255e+009,	-0.645539,	-0.195888,	-0.262493,	-0.0362208,	-0.755154,	-0.326928,	-0.0213756,	0.109355,	-0.894159,	-0.214548,	-0.0217433,	-0.0160727,	-0.846721,	-0.329096,	-0.021289,	-0.0766912,	-0.627198,	-0.337623,	-0.0209194,	-0.380671,	-0.4732,	0.59547,	-0.05488,	57011,	-237,	-5,	-495,	56911,	141,	-27,	-143,	56891,	74,	-24,	-348,	
2,	12,	655938,	1.65255e+015,	-1,	-3,	0,	-2,	0,	0,	0,	-1,	1.65255e+009,	-0.645539,	-0.195888,	-0.262493,	-0.0362208,	-0.755154,	-0.326928,	-0.0213756,	0.109355,	-0.894159,	-0.214548,	-0.0217433,	-0.0160727,	-0.846721,	-0.329096,	-0.021289,	-0.0766912,	-0.627198,	-0.337623,	-0.0209194,	-0.380671,	-0.4732,	0.59547,	-0.05488,	57021,	-238,	-5,	-494,	56921,	140,	-27,	-143,	56901,	73,	-24,	-348,	
2,	12,	656016,	1.65255e+015,	-2,	-2,	0,	-3,	0,	0,	-2,	0,	1.65255e+009,	-0.645539,	-0.195888,	-0.262493,	-0.0362208,	-0.755154,	-0.326928,	-0.0213756,	0.109355,	-0.894159,	-0.214548,	-0.0217433,	-0.0160727,	-0.846721,	-0.329096,	-0.021289,	-0.0766912,	-0.627198,	-0.337623,	-0.0209194,	-0.380671,	-0.4732,	0.59547,	-0.05488,	57031,	-240,	-6,	-493,	56931,	140,	-28,	-144,	56911,	72,	-23,	-348,	
2,	12,	656094,	1.65255e+015,	0,	1,	0,	-5,	-2,	1,	-2,	0,	1.65255e+009,	-0.645539,	-0.195888,	-0.262493,	-0.0362208,	-0.755154,	-0.326928,	-0.0213756,	0.109355,	-0.894159,	-0.214548,	-0.0217433,	-0.0160727,	-0.846721,	-0.329096,	-0.021289,	-0.0766912,	-0.627198,	-0.337623,	-0.0209194,	-0.380671,	-0.4732,	0.59547,	-0.05488,	57041,	-240,	-3,	-492,	56941,	140,	-29,	-144,	56921,	71,	-22,	-348,	
2,	12,	656157,	1.65255e+015,	-3,	-3,	-4,	1,	-3,	0,	0,	0,	1.65255e+009,	-0.645539,	-0.195888,	-0.262493,	-0.0362208,	-0.755154,	-0.326928,	-0.0213756,	0.109355,	-0.894159,	-0.214548,	-0.0217433,	-0.0160727,	-0.846721,	-0.329096,	-0.021289,	-0.0766912,	-0.627198,	-0.337623,	-0.0209194,	-0.380671,	-0.4732,	0.59547,	-0.05488,	57051,	-239,	-3,	-493,	56951,	140,	-30,	-145,	56931,	72,	-22,	-350,	
2,	12,	656250,	1.65255e+015,	0,	1,	0,	10,	3,	-2,	1,	1,	1.65255e+009,	-0.645539,	-0.195888,	-0.262493,	-0.0362208,	-0.755154,	-0.326928,	-0.0213756,	0.109355,	-0.894159,	-0.214548,	-0.0217433,	-0.0160727,	-0.846721,	-0.329096,	-0.021289,	-0.0766912,	-0.627198,	-0.337623,	-0.0209194,	-0.380671,	-0.4732,	0.59547,	-0.05488,	57061,	-238,	-3,	-495,	56961,	142,	-29,	-146,	56941,	73,	-22,	-350,	
2,	12,	656329,	1.65255e+015,	-2,	-4,	-2,	-13,	-1,	-2,	0,	-1,	1.65255e+009,	-0.645539,	-0.195888,	-0.262493,	-0.0362208,	-0.755154,	-0.326928,	-0.0213756,	0.109355,	-0.894159,	-0.214548,	-0.0217433,	-0.0160727,	-0.846721,	-0.329096,	-0.021289,	-0.0766912,	-0.627198,	-0.337623,	-0.0209194,	-0.380671,	-0.4732,	0.59547,	-0.05488,	57071,	-238,	-5,	-497,	56971,	143,	-27,	-147,	56951,	75,	-22,	-352,	
2,	12,	656407,	1.65255e+015,	-2,	5,	8,	1,	-1,	0,	0,	0,	1.65255e+009,	-0.645539,	-0.195888,	-0.262493,	-0.0362208,	-0.755154,	-0.326928,	-0.0213756,	0.109355,	-0.894159,	-0.214548,	-0.0217433,	-0.0160727,	-0.846721,	-0.329096,	-0.021289,	-0.0766912,	-0.627198,	-0.337623,	-0.0209194,	-0.380671,	-0.4732,	0.59547,	-0.05488,	57081,	-238,	-4,	-499,	56981,	143,	-27,	-147,	56961,	75,	-21,	-352,	
2,	12,	656469,	1.65255e+015,	0,	5,	3,	-5,	-3,	-3,	-1,	-2,	1.65255e+009,	-0.645539,	-0.195888,	-0.262493,	-0.0362208,	-0.755154,	-0.326928,	-0.0213756,	0.109355,	-0.894159,	-0.214548,	-0.0217433,	-0.0160727,	-0.846721,	-0.329096,	-0.021289,	-0.0766912,	-0.627198,	-0.337623,	-0.0209194,	-0.380671,	-0.4732,	0.59547,	-0.05488,	57091,	-238,	-4,	-499,	56991,	143,	-27,	-149,	56971,	75,	-22,	-353,	
2,	12,	656547,	1.65255e+015,	1,	1,	-2,	11,	3,	1,	-2,	-1,	1.65255e+009,	-0.645539,	-0.195888,	-0.262493,	-0.0362208,	-0.755154,	-0.326928,	-0.0213756,	0.109355,	-0.894159,	-0.214548,	-0.0217433,	-0.0160727,	-0.846721,	-0.329096,	-0.021289,	-0.0766912,	-0.627198,	-0.337623,	-0.0209194,	-0.380671,	-0.4732,	0.59547,	-0.05488,	57101,	-239,	-4,	-499,	57001,	141,	-27,	-149,	56981,	75,	-21,	-354,	
