1,	7,	71704,	1.65255e+015,	1,	-1,	-41,	-6,	-1,	-2,	-2,	-1,	1.65255e+009,	-0.705658,	-0.343728,	-0.345038,	-0.0214368,	-0.85125,	-0.204712,	-0.0213908,	0.117091,	-0.957239,	-0.0149685,	-0.00247295,	-0.0127728,	-0.998502,	-0.204909,	-0.0213985,	-0.0911333,	-0.780708,	-0.376062,	-0.0186753,	-0.383285,	-0.4459,	0.70766,	-0.04704,	3229,	-236,	-5,	-463,	3259,	156,	-60,	-139,	3239,	71,	-33,	-335,	
1,	7,	71766,	1.65255e+015,	-2,	-11,	-35,	-12,	4,	4,	0,	0,	1.65255e+009,	-0.705658,	-0.343728,	-0.345038,	-0.0214368,	-0.85125,	-0.204712,	-0.0213908,	0.117091,	-0.957239,	-0.0149685,	-0.00247295,	-0.0127728,	-0.998502,	-0.204909,	-0.0213985,	-0.0911333,	-0.780708,	-0.376062,	-0.0186753,	-0.383285,	-0.4459,	0.70766,	-0.04704,	3239,	-236,	-5,	-465,	3269,	156,	-61,	-140,	3249,	71,	-31,	-336,	
1,	7,	71829,	1.65255e+015,	-3,	-6,	6,	2,	-1,	-1,	-2,	-1,	1.65255e+009,	-0.705658,	-0.343728,	-0.345038,	-0.0214368,	-0.85125,	-0.204712,	-0.0213908,	0.117091,	-0.957239,	-0.0149685,	-0.00247295,	-0.0127728,	-0.998502,	-0.204909,	-0.0213985,	-0.0911333,	-0.780708,	-0.376062,	-0.0186753,	-0.383285,	-0.4459,	0.70766,	-0.04704,	3249,	-236,	-4,	-467,	3279,	156,	-59,	-141,	3259,	72,	-32,	-337,	
1,	7,	71891,	1.65255e+015,	3,	2,	0,	7,	-1,	1,	2,	0,	1.65255e+009,	-0.705658,	-0.343728,	-0.345038,	-0.0214368,	-0.85125,	-0.204712,	-0.0213908,	0.117091,	-0.957239,	-0.0149685,	-0.00247295,	-0.0127728,	-0.998502,	-0.204909,	-0.0213985,	-0.0911333,	-0.780708,	-0.376062,	-0.0186753,	-0.383285,	-0.4459,	0.70766,	-0.04704,	3259,	-233,	-5,	-469,	3289,	155,	-59,	-142,	3269,	72,	-31,	-337,	
1,	7,	71954,	1.65255e+015,	3,	3,	20,	9,	0,	1,	1,	0,	1.65255e+009,	-0.705658,	-0.343728,	-0.345038,	-0.0214368,	-0.85125,	-0.204712,	-0.0213908,	0.117091,	-0.957239,	-0.0149685,	-0.00247295,	-0.0127728,	-0.998502,	-0.204909,	-0.0213985,	-0.0911333,	-0.780708,	-0.376062,	-0.0186753,	-0.383285,	-0.4459,	0.70766,	-0.04704,	3269,	-234,	-5,	-471,	3299,	155,	-59,	-142,	3279,	72,	-31,	-337,	
1,	7,	72016,	1.65255e+015,	-2,	-3,	-48,	0,	-2,	-4,	-2,	-2,	1.65255e+009,	-0.705658,	-0.343728,	-0.345038,	-0.0214368,	-0.85125,	-0.204712,	-0.0213908,	0.117091,	-0.957239,	-0.0149685,	-0.00247295,	-0.0127728,	-0.998502,	-0.204909,	-0.0213985,	-0.0911333,	-0.780708,	-0.376062,	-0.0186753,	-0.383285,	-0.4459,	0.70766,	-0.04704,	3279,	-233,	-5,	-472,	3309,	155,	-60,	-142,	3289,	72,	-30,	-337,	
1,	7,	72094,	1.65255e+015,	1,	2,	29,	6,	3,	1,	0,	-1,	1.65255e+009,	-0.705658,	-0.343728,	-0.345038,	-0.0214368,	-0.85125,	-0.204712,	-0.0213908,	0.117091,	-0.957239,	-0.0149685,	-0.00247295,	-0.0127728,	-0.998502,	-0.204909,	-0.0213985,	-0.0911333,	-0.780708,	-0.376062,	-0.0186753,	-0.383285,	-0.4459,	0.70766,	-0.04704,	3289,	-233,	-5,	-473,	3319,	155,	-59,	-143,	3299,	71,	-30,	-337,	
1,	7,	72157,	1.65255e+015,	-2,	0,	30,	5,	1,	0,	-1,	-3,	1.65255e+009,	-0.705658,	-0.343728,	-0.345038,	-0.0214368,	-0.85125,	-0.204712,	-0.0213908,	0.117091,	-0.957239,	-0.0149685,	-0.00247295,	-0.0127728,	-0.998502,	-0.204909,	-0.0213985,	-0.0911333,	-0.780708,	-0.376062,	-0.0186753,	-0.383285,	-0.4459,	0.70766,	-0.04704,	3299,	-234,	-5,	-474,	3329,	155,	-59,	-143,	3309,	71,	-31,	-336,	
1,	7,	72235,	1.65255e+015,	-5,	-15,	12,	4,	-2,	-2,	-2,	-1,	1.65255e+009,	-0.705658,	-0.343728,	-0.345038,	-0.0214368,	-0.85125,	-0.204712,	-0.0213908,	0.117091,	-0.957239,	-0.0149685,	-0.00247295,	-0.0127728,	-0.998502,	-0.204909,	-0.0213985,	-0.0911333,	-0.780708,	-0.376062,	-0.0186753,	-0.383285,	-0.4459,	0.70766,	-0.04704,	3309,	-234,	-6,	-474,	3339,	153,	-58,	-143,	3319,	71,	-31,	-335,	
1,	7,	72297,	1.65255e+015,	4,	3,	-30,	-8,	7,	0,	-1,	1,	1.65255e+009,	-0.705658,	-0.343728,	-0.345038,	-0.0214368,	-0.85125,	-0.204712,	-0.0213908,	0.117091,	-0.957239,	-0.0149685,	-0.00247295,	-0.0127728,	-0.998502,	-0.204909,	-0.0213985,	-0.0911333,	-0.780708,	-0.376062,	-0.0186753,	-0.383285,	-0.4459,	0.70766,	-0.04704,	3319,	-236,	-7,	-474,	3349,	153,	-59,	-143,	3329,	71,	-31,	-335,	
1,	7,	72375,	1.65255e+015,	-3,	-13,	9,	0,	-3,	-2,	-1,	-1,	1.65255e+009,	-0.705658,	-0.343728,	-0.345038,	-0.0214368,	-0.85125,	-0.204712,	-0.0213908,	0.117091,	-0.957239,	-0.0149685,	-0.00247295,	-0.0127728,	-0.998502,	-0.204909,	-0.0213985,	-0.0911333,	-0.780708,	-0.376062,	-0.0186753,	-0.383285,	-0.4459,	0.70766,	-0.04704,	3329,	-236,	-7,	-474,	3359,	154,	-58,	-142,	3339,	70,	-31,	-334,	
1,	7,	72438,	1.65255e+015,	0,	-3,	-12,	-2,	5,	1,	0,	0,	1.65255e+009,	-0.705658,	-0.343728,	-0.345038,	-0.0214368,	-0.85125,	-0.204712,	-0.0213908,	0.117091,	-0.957239,	-0.0149685,	-0.00247295,	-0.0127728,	-0.998502,	-0.204909,	-0.0213985,	-0.0911333,	-0.780708,	-0.376062,	-0.0186753,	-0.383285,	-0.4459,	0.70766,	-0.04704,	3339,	-237,	-8,	-473,	3369,	153,	-58,	-141,	3349,	69,	-31,	-333,	
1,	7,	72516,	1.65255e+015,	0,	-6,	-7,	-4,	-2,	-2,	0,	-1,	1.65255e+009,	-0.705658,	-0.343728,	-0.345038,	-0.0214368,	-0.85125,	-0.204712,	-0.0213908,	0.117091,	-0.957239,	-0.0149685,	-0.00247295,	-0.0127728,	-0.998502,	-0.204909,	-0.0213985,	-0.0911333,	-0.780708,	-0.376062,	-0.0186753,	-0.383285,	-0.4459,	0.70766,	-0.04704,	3349,	-237,	-9,	-471,	3379,	153,	-60,	-140,	3359,	69,	-33,	-332,	
1,	7,	72594,	1.65255e+015,	-3,	3,	-13,	-3,	-3,	-2,	-2,	-1,	1.65255e+009,	-0.705658,	-0.343728,	-0.345038,	-0.0214368,	-0.85125,	-0.204712,	-0.0213908,	0.117091,	-0.957239,	-0.0149685,	-0.00247295,	-0.0127728,	-0.998502,	-0.204909,	-0.0213985,	-0.0911333,	-0.780708,	-0.376062,	-0.0186753,	-0.383285,	-0.4459,	0.70766,	-0.04704,	3359,	-239,	-8,	-470,	3389,	152,	-60,	-140,	3369,	69,	-33,	-331,	
1,	7,	72672,	1.65255e+015,	2,	7,	9,	4,	0,	2,	0,	3,	1.65255e+009,	-0.705658,	-0.343728,	-0.345038,	-0.0214368,	-0.85125,	-0.204712,	-0.0213908,	0.117091,	-0.957239,	-0.0149685,	-0.00247295,	-0.0127728,	-0.998502,	-0.204909,	-0.0213985,	-0.0911333,	-0.780708,	-0.376062,	-0.0186753,	-0.383285,	-0.4459,	0.70766,	-0.04704,	3369,	-241,	-8,	-468,	3399,	152,	-60,	-139,	3379,	68,	-34,	-330,	
1,	7,	72750,	1.65255e+015,	1,	7,	8,	-10,	-1,	0,	1,	0,	1.65255e+009,	-0.705658,	-0.343728,	-0.345038,	-0.0214368,	-0.85125,	-0.204712,	-0.0213908,	0.117091,	-0.957239,	-0.0149685,	-0.00247295,	-0.0127728,	-0.998502,	-0.204909,	-0.0213985,	-0.0911333,	-0.780708,	-0.376062,	-0.0186753,	-0.383285,	-0.4459,	0.70766,	-0.04704,	3379,	-241,	-8,	-468,	3409,	153,	-60,	-138,	3389,	68,	-34,	-330,	
1,	7,	72829,	1.65255e+015,	2,	2,	-9,	0,	-2,	-2,	-2,	1,	1.65255e+009,	-0.705658,	-0.343728,	-0.345038,	-0.0214368,	-0.85125,	-0.204712,	-0.0213908,	0.117091,	-0.957239,	-0.0149685,	-0.00247295,	-0.0127728,	-0.998502,	-0.204909,	-0.0213985,	-0.0911333,	-0.780708,	-0.376062,	-0.0186753,	-0.383285,	-0.4459,	0.70766,	-0.04704,	3389,	-242,	-8,	-467,	3419,	151,	-59,	-138,	3399,	68,	-34,	-329,	
1,	7,	72907,	1.65255e+015,	0,	1,	11,	6,	1,	0,	-1,	1,	1.65255e+009,	-0.705658,	-0.343728,	-0.345038,	-0.0214368,	-0.85125,	-0.204712,	-0.0213908,	0.117091,	-0.957239,	-0.0149685,	-0.00247295,	-0.0127728,	-0.998502,	-0.204909,	-0.0213985,	-0.0911333,	-0.780708,	-0.376062,	-0.0186753,	-0.383285,	-0.4459,	0.70766,	-0.04704,	3399,	-243,	-7,	-466,	3429,	152,	-58,	-137,	3409,	68,	-34,	-329,	
1,	7,	72985,	1.65255e+015,	0,	-7,	-36,	5,	1,	0,	-1,	0,	1.65255e+009,	-0.705658,	-0.343728,	-0.345038,	-0.0214368,	-0.85125,	-0.204712,	-0.0213908,	0.117091,	-0.957239,	-0.0149685,	-0.00247295,	-0.0127728,	-0.998502,	-0.204909,	-0.0213985,	-0.0911333,	-0.780708,	-0.376062,	-0.0186753,	-0.383285,	-0.4459,	0.70766,	-0.04704,	3409,	-244,	-7,	-466,	3439,	152,	-59,	-137,	3419,	68,	-35,	-329,	
1,	7,	73063,	1.65255e+015,	0,	-4,	-17,	6,	-3,	-2,	-1,	-2,	1.65255e+009,	-0.705658,	-0.343728,	-0.345038,	-0.0214368,	-0.85125,	-0.204712,	-0.0213908,	0.117091,	-0.957239,	-0.0149685,	-0.00247295,	-0.0127728,	-0.998502,	-0.204909,	-0.0213985,	-0.0911333,	-0.780708,	-0.376062,	-0.0186753,	-0.383285,	-0.4459,	0.70766,	-0.04704,	3419,	-245,	-9,	-466,	3449,	151,	-60,	-136,	3429,	68,	-34,	-328,	
1,	7,	73141,	1.65255e+015,	1,	-6,	8,	2,	-3,	-3,	-3,	1,	1.65255e+009,	-0.705658,	-0.343728,	-0.345038,	-0.0214368,	-0.85125,	-0.204712,	-0.0213908,	0.117091,	-0.957239,	-0.0149685,	-0.00247295,	-0.0127728,	-0.998502,	-0.204909,	-0.0213985,	-0.0911333,	-0.780708,	-0.376062,	-0.0186753,	-0.383285,	-0.4459,	0.70766,	-0.04704,	3429,	-246,	-8,	-465,	3459,	151,	-59,	-136,	3439,	67,	-34,	-328,	
1,	7,	73219,	1.65255e+015,	1,	4,	24,	2,	0,	2,	0,	0,	1.65255e+009,	-0.705658,	-0.343728,	-0.345038,	-0.0214368,	-0.85125,	-0.204712,	-0.0213908,	0.117091,	-0.957239,	-0.0149685,	-0.00247295,	-0.0127728,	-0.998502,	-0.204909,	-0.0213985,	-0.0911333,	-0.780708,	-0.376062,	-0.0186753,	-0.383285,	-0.4459,	0.70766,	-0.04704,	3439,	-246,	-8,	-465,	3469,	151,	-59,	-135,	3449,	68,	-35,	-327,	
1,	7,	73297,	1.65255e+015,	-1,	-2,	-8,	-8,	3,	-1,	-1,	-1,	1.65255e+009,	-0.705658,	-0.343728,	-0.345038,	-0.0214368,	-0.85125,	-0.204712,	-0.0213908,	0.117091,	-0.957239,	-0.0149685,	-0.00247295,	-0.0127728,	-0.998502,	-0.204909,	-0.0213985,	-0.0911333,	-0.780708,	-0.376062,	-0.0186753,	-0.383285,	-0.4459,	0.70766,	-0.04704,	3449,	-248,	-7,	-465,	3479,	151,	-59,	-134,	3459,	68,	-36,	-327,	
1,	7,	73375,	1.65255e+015,	-3,	-5,	15,	-12,	-2,	-3,	-2,	-2,	1.65255e+009,	-0.705658,	-0.343728,	-0.345038,	-0.0214368,	-0.85125,	-0.204712,	-0.0213908,	0.117091,	-0.957239,	-0.0149685,	-0.00247295,	-0.0127728,	-0.998502,	-0.204909,	-0.0213985,	-0.0911333,	-0.780708,	-0.376062,	-0.0186753,	-0.383285,	-0.4459,	0.70766,	-0.04704,	3459,	-248,	-9,	-464,	3489,	151,	-59,	-133,	3469,	66,	-36,	-326,	
1,	7,	73454,	1.65255e+015,	-4,	-8,	23,	5,	-4,	-2,	-1,	-1,	1.65255e+009,	-0.705658,	-0.343728,	-0.345038,	-0.0214368,	-0.85125,	-0.204712,	-0.0213908,	0.117091,	-0.957239,	-0.0149685,	-0.00247295,	-0.0127728,	-0.998502,	-0.204909,	-0.0213985,	-0.0911333,	-0.780708,	-0.376062,	-0.0186753,	-0.383285,	-0.4459,	0.70766,	-0.04704,	3469,	-249,	-10,	-463,	3499,	151,	-59,	-132,	3479,	67,	-36,	-325,	
1,	7,	73532,	1.65255e+015,	2,	23,	-5,	4,	1,	-1,	0,	0,	1.65255e+009,	-0.705658,	-0.343728,	-0.345038,	-0.0214368,	-0.85125,	-0.204712,	-0.0213908,	0.117091,	-0.957239,	-0.0149685,	-0.00247295,	-0.0127728,	-0.998502,	-0.204909,	-0.0213985,	-0.0911333,	-0.780708,	-0.376062,	-0.0186753,	-0.383285,	-0.4459,	0.70766,	-0.04704,	3479,	-251,	-9,	-462,	3509,	150,	-59,	-131,	3489,	65,	-36,	-324,	
1,	7,	73594,	1.65255e+015,	-4,	-4,	7,	-3,	-2,	-2,	-2,	-1,	1.65255e+009,	-0.705658,	-0.343728,	-0.345038,	-0.0214368,	-0.85125,	-0.204712,	-0.0213908,	0.117091,	-0.957239,	-0.0149685,	-0.00247295,	-0.0127728,	-0.998502,	-0.204909,	-0.0213985,	-0.0911333,	-0.780708,	-0.376062,	-0.0186753,	-0.383285,	-0.4459,	0.70766,	-0.04704,	3489,	-252,	-9,	-461,	3519,	151,	-59,	-131,	3499,	68,	-36,	-323,	
1,	7,	73657,	1.65255e+015,	-4,	5,	-8,	-7,	-4,	-3,	-2,	-2,	1.65255e+009,	-0.705658,	-0.343728,	-0.345038,	-0.0214368,	-0.85125,	-0.204712,	-0.0213908,	0.117091,	-0.957239,	-0.0149685,	-0.00247295,	-0.0127728,	-0.998502,	-0.204909,	-0.0213985,	-0.0911333,	-0.780708,	-0.376062,	-0.0186753,	-0.383285,	-0.4459,	0.70766,	-0.04704,	3499,	-252,	-8,	-461,	3529,	150,	-59,	-131,	3509,	67,	-36,	-323,	
1,	7,	73735,	1.65255e+015,	-1,	1,	5,	-3,	0,	0,	0,	0,	1.65255e+009,	-0.705658,	-0.343728,	-0.345038,	-0.0214368,	-0.85125,	-0.204712,	-0.0213908,	0.117091,	-0.957239,	-0.0149685,	-0.00247295,	-0.0127728,	-0.998502,	-0.204909,	-0.0213985,	-0.0911333,	-0.780708,	-0.376062,	-0.0186753,	-0.383285,	-0.4459,	0.70766,	-0.04704,	3509,	-254,	-9,	-460,	3539,	150,	-61,	-130,	3519,	68,	-37,	-322,	
1,	7,	73797,	1.65255e+015,	1,	-14,	-10,	-7,	0,	3,	0,	1,	1.65255e+009,	-0.705658,	-0.343728,	-0.345038,	-0.0214368,	-0.85125,	-0.204712,	-0.0213908,	0.117091,	-0.957239,	-0.0149685,	-0.00247295,	-0.0127728,	-0.998502,	-0.204909,	-0.0213985,	-0.0911333,	-0.780708,	-0.376062,	-0.0186753,	-0.383285,	-0.4459,	0.70766,	-0.04704,	3519,	-254,	-8,	-460,	3549,	151,	-59,	-130,	3529,	67,	-36,	-322,	
1,	7,	73875,	1.65255e+015,	0,	3,	5,	0,	4,	0,	1,	-1,	1.65255e+009,	-0.705658,	-0.343728,	-0.345038,	-0.0214368,	-0.85125,	-0.204712,	-0.0213908,	0.117091,	-0.957239,	-0.0149685,	-0.00247295,	-0.0127728,	-0.998502,	-0.204909,	-0.0213985,	-0.0911333,	-0.780708,	-0.376062,	-0.0186753,	-0.383285,	-0.4459,	0.70766,	-0.04704,	3529,	-253,	-8,	-460,	3559,	151,	-60,	-131,	3539,	66,	-37,	-322,	
1,	7,	73954,	1.65255e+015,	1,	-3,	-12,	4,	2,	1,	-1,	0,	1.65255e+009,	-0.705658,	-0.343728,	-0.345038,	-0.0214368,	-0.85125,	-0.204712,	-0.0213908,	0.117091,	-0.957239,	-0.0149685,	-0.00247295,	-0.0127728,	-0.998502,	-0.204909,	-0.0213985,	-0.0911333,	-0.780708,	-0.376062,	-0.0186753,	-0.383285,	-0.4459,	0.70766,	-0.04704,	3539,	-253,	-9,	-460,	3569,	150,	-61,	-130,	3549,	67,	-36,	-322,	
1,	7,	74016,	1.65255e+015,	-3,	-11,	-25,	-10,	-2,	-1,	-2,	-3,	1.65255e+009,	-0.705658,	-0.343728,	-0.345038,	-0.0214368,	-0.85125,	-0.204712,	-0.0213908,	0.117091,	-0.957239,	-0.0149685,	-0.00247295,	-0.0127728,	-0.998502,	-0.204909,	-0.0213985,	-0.0911333,	-0.780708,	-0.376062,	-0.0186753,	-0.383285,	-0.4459,	0.70766,	-0.04704,	3549,	-253,	-10,	-460,	3579,	151,	-60,	-130,	3559,	66,	-37,	-322,	
1,	7,	74094,	1.65255e+015,	-2,	-7,	9,	-10,	-1,	0,	-2,	-1,	1.65255e+009,	-0.705658,	-0.343728,	-0.345038,	-0.0214368,	-0.85125,	-0.204712,	-0.0213908,	0.117091,	-0.957239,	-0.0149685,	-0.00247295,	-0.0127728,	-0.998502,	-0.204909,	-0.0213985,	-0.0911333,	-0.780708,	-0.376062,	-0.0186753,	-0.383285,	-0.4459,	0.70766,	-0.04704,	3559,	-254,	-9,	-459,	3589,	150,	-60,	-130,	3569,	66,	-36,	-322,	
1,	7,	74157,	1.65255e+015,	-2,	-8,	4,	4,	1,	2,	-2,	0,	1.65255e+009,	-0.705658,	-0.343728,	-0.345038,	-0.0214368,	-0.85125,	-0.204712,	-0.0213908,	0.117091,	-0.957239,	-0.0149685,	-0.00247295,	-0.0127728,	-0.998502,	-0.204909,	-0.0213985,	-0.0911333,	-0.780708,	-0.376062,	-0.0186753,	-0.383285,	-0.4459,	0.70766,	-0.04704,	3569,	-255,	-8,	-459,	3599,	150,	-59,	-130,	3579,	67,	-36,	-321,	
1,	7,	74235,	1.65255e+015,	1,	6,	-28,	21,	3,	-2,	0,	1,	1.65255e+009,	-0.705658,	-0.343728,	-0.345038,	-0.0214368,	-0.85125,	-0.204712,	-0.0213908,	0.117091,	-0.957239,	-0.0149685,	-0.00247295,	-0.0127728,	-0.998502,	-0.204909,	-0.0213985,	-0.0911333,	-0.780708,	-0.376062,	-0.0186753,	-0.383285,	-0.4459,	0.70766,	-0.04704,	3579,	-255,	-9,	-457,	3609,	149,	-60,	-129,	3589,	67,	-37,	-321,	
1,	7,	74313,	1.65255e+015,	-1,	-1,	3,	2,	5,	2,	-1,	-1,	1.65255e+009,	-0.705658,	-0.343728,	-0.345038,	-0.0214368,	-0.85125,	-0.204712,	-0.0213908,	0.117091,	-0.957239,	-0.0149685,	-0.00247295,	-0.0127728,	-0.998502,	-0.204909,	-0.0213985,	-0.0911333,	-0.780708,	-0.376062,	-0.0186753,	-0.383285,	-0.4459,	0.70766,	-0.04704,	3589,	-255,	-10,	-455,	3619,	149,	-58,	-128,	3599,	68,	-36,	-320,	
1,	7,	74375,	1.65255e+015,	-2,	2,	0,	-5,	-2,	1,	-1,	0,	1.65255e+009,	-0.705658,	-0.343728,	-0.345038,	-0.0214368,	-0.85125,	-0.204712,	-0.0213908,	0.117091,	-0.957239,	-0.0149685,	-0.00247295,	-0.0127728,	-0.998502,	-0.204909,	-0.0213985,	-0.0911333,	-0.780708,	-0.376062,	-0.0186753,	-0.383285,	-0.4459,	0.70766,	-0.04704,	3599,	-258,	-10,	-453,	3629,	148,	-58,	-127,	3609,	66,	-37,	-319,	
1,	7,	74438,	1.65255e+015,	1,	2,	-4,	19,	4,	1,	0,	-1,	1.65255e+009,	-0.705658,	-0.343728,	-0.345038,	-0.0214368,	-0.85125,	-0.204712,	-0.0213908,	0.117091,	-0.957239,	-0.0149685,	-0.00247295,	-0.0127728,	-0.998502,	-0.204909,	-0.0213985,	-0.0911333,	-0.780708,	-0.376062,	-0.0186753,	-0.383285,	-0.4459,	0.70766,	-0.04704,	3609,	-260,	-10,	-451,	3639,	149,	-57,	-126,	3619,	66,	-37,	-317,	
1,	7,	74516,	1.65255e+015,	0,	-2,	-1,	-3,	0,	1,	-1,	0,	1.65255e+009,	-0.705658,	-0.343728,	-0.345038,	-0.0214368,	-0.85125,	-0.204712,	-0.0213908,	0.117091,	-0.957239,	-0.0149685,	-0.00247295,	-0.0127728,	-0.998502,	-0.204909,	-0.0213985,	-0.0911333,	-0.780708,	-0.376062,	-0.0186753,	-0.383285,	-0.4459,	0.70766,	-0.04704,	3619,	-261,	-10,	-450,	3649,	149,	-58,	-125,	3629,	66,	-38,	-317,	
2,	7,	74610,	1.65255e+015,	-6,	-22,	-12,	-7,	-4,	-2,	-2,	-4,	1.65255e+009,	-0.705658,	-0.343728,	-0.345038,	-0.0214368,	-0.85125,	-0.204712,	-0.0213908,	0.117091,	-0.957239,	-0.0149685,	-0.00247295,	-0.0127728,	-0.998502,	-0.204909,	-0.0213985,	-0.0911333,	-0.780708,	-0.376062,	-0.0186753,	-0.383285,	-0.4459,	0.70766,	-0.04704,	3629,	-261,	-10,	-449,	3659,	149,	-60,	-124,	3639,	65,	-39,	-316,	
2,	7,	74688,	1.65255e+015,	-4,	4,	-19,	-3,	5,	1,	1,	0,	1.65255e+009,	-0.705658,	-0.343728,	-0.345038,	-0.0214368,	-0.85125,	-0.204712,	-0.0213908,	0.117091,	-0.957239,	-0.0149685,	-0.00247295,	-0.0127728,	-0.998502,	-0.204909,	-0.0213985,	-0.0911333,	-0.780708,	-0.376062,	-0.0186753,	-0.383285,	-0.4459,	0.70766,	-0.04704,	3639,	-262,	-10,	-448,	3669,	150,	-60,	-124,	3649,	66,	-38,	-316,	
2,	7,	74750,	1.65255e+015,	-4,	-12,	-4,	-5,	-1,	0,	0,	-3,	1.65255e+009,	-0.705658,	-0.343728,	-0.345038,	-0.0214368,	-0.85125,	-0.204712,	-0.0213908,	0.117091,	-0.957239,	-0.0149685,	-0.00247295,	-0.0127728,	-0.998502,	-0.204909,	-0.0213985,	-0.0911333,	-0.780708,	-0.376062,	-0.0186753,	-0.383285,	-0.4459,	0.70766,	-0.04704,	3649,	-262,	-10,	-447,	3679,	148,	-60,	-124,	3659,	65,	-40,	-316,	
2,	7,	74813,	1.65255e+015,	-4,	-6,	-3,	14,	0,	1,	0,	-1,	1.65255e+009,	-0.705658,	-0.343728,	-0.345038,	-0.0214368,	-0.85125,	-0.204712,	-0.0213908,	0.117091,	-0.957239,	-0.0149685,	-0.00247295,	-0.0127728,	-0.998502,	-0.204909,	-0.0213985,	-0.0911333,	-0.780708,	-0.376062,	-0.0186753,	-0.383285,	-0.4459,	0.70766,	-0.04704,	3659,	-262,	-11,	-448,	3689,	149,	-60,	-123,	3669,	66,	-39,	-316,	
2,	7,	74891,	1.65255e+015,	-7,	-14,	26,	19,	-8,	-5,	-2,	-4,	1.65255e+009,	-0.705658,	-0.343728,	-0.345038,	-0.0214368,	-0.85125,	-0.204712,	-0.0213908,	0.117091,	-0.957239,	-0.0149685,	-0.00247295,	-0.0127728,	-0.998502,	-0.204909,	-0.0213985,	-0.0911333,	-0.780708,	-0.376062,	-0.0186753,	-0.383285,	-0.4459,	0.70766,	-0.04704,	3669,	-263,	-11,	-447,	3699,	149,	-60,	-123,	3679,	64,	-39,	-316,	
2,	7,	74954,	1.65255e+015,	-3,	5,	-18,	5,	-3,	-2,	-2,	-2,	1.65255e+009,	-0.705658,	-0.343728,	-0.345038,	-0.0214368,	-0.85125,	-0.204712,	-0.0213908,	0.117091,	-0.957239,	-0.0149685,	-0.00247295,	-0.0127728,	-0.998502,	-0.204909,	-0.0213985,	-0.0911333,	-0.780708,	-0.376062,	-0.0186753,	-0.383285,	-0.4459,	0.70766,	-0.04704,	3679,	-264,	-10,	-447,	3709,	148,	-60,	-124,	3689,	65,	-38,	-316,	
2,	7,	75016,	1.65255e+015,	-3,	-9,	-11,	-6,	-2,	-2,	0,	-1,	1.65255e+009,	-0.705658,	-0.343728,	-0.345038,	-0.0214368,	-0.85125,	-0.204712,	-0.0213908,	0.117091,	-0.957239,	-0.0149685,	-0.00247295,	-0.0127728,	-0.998502,	-0.204909,	-0.0213985,	-0.0911333,	-0.780708,	-0.376062,	-0.0186753,	-0.383285,	-0.4459,	0.70766,	-0.04704,	3689,	-262,	-10,	-448,	3719,	149,	-59,	-123,	3699,	64,	-39,	-316,	
2,	7,	75094,	1.65255e+015,	-1,	7,	15,	12,	-1,	1,	0,	-1,	1.65255e+009,	-0.705658,	-0.343728,	-0.345038,	-0.0214368,	-0.85125,	-0.204712,	-0.0213908,	0.117091,	-0.957239,	-0.0149685,	-0.00247295,	-0.0127728,	-0.998502,	-0.204909,	-0.0213985,	-0.0911333,	-0.780708,	-0.376062,	-0.0186753,	-0.383285,	-0.4459,	0.70766,	-0.04704,	3699,	-263,	-10,	-448,	3729,	150,	-60,	-124,	3709,	66,	-39,	-316,	
2,	7,	75157,	1.65255e+015,	0,	-2,	-25,	-14,	2,	-1,	1,	-1,	1.65255e+009,	-0.705658,	-0.343728,	-0.345038,	-0.0214368,	-0.85125,	-0.204712,	-0.0213908,	0.117091,	-0.957239,	-0.0149685,	-0.00247295,	-0.0127728,	-0.998502,	-0.204909,	-0.0213985,	-0.0911333,	-0.780708,	-0.376062,	-0.0186753,	-0.383285,	-0.4459,	0.70766,	-0.04704,	3709,	-262,	-11,	-447,	3739,	148,	-59,	-124,	3719,	66,	-38,	-316,	
2,	7,	75219,	1.65255e+015,	-3,	-4,	16,	-14,	-1,	-1,	-2,	-2,	1.65255e+009,	-0.705658,	-0.343728,	-0.345038,	-0.0214368,	-0.85125,	-0.204712,	-0.0213908,	0.117091,	-0.957239,	-0.0149685,	-0.00247295,	-0.0127728,	-0.998502,	-0.204909,	-0.0213985,	-0.0911333,	-0.780708,	-0.376062,	-0.0186753,	-0.383285,	-0.4459,	0.70766,	-0.04704,	3719,	-263,	-11,	-448,	3749,	148,	-59,	-124,	3729,	65,	-39,	-316,	
2,	7,	75282,	1.65255e+015,	-5,	-7,	10,	14,	-1,	0,	1,	-1,	1.65255e+009,	-0.705658,	-0.343728,	-0.345038,	-0.0214368,	-0.85125,	-0.204712,	-0.0213908,	0.117091,	-0.957239,	-0.0149685,	-0.00247295,	-0.0127728,	-0.998502,	-0.204909,	-0.0213985,	-0.0911333,	-0.780708,	-0.376062,	-0.0186753,	-0.383285,	-0.4459,	0.70766,	-0.04704,	3729,	-262,	-11,	-448,	3759,	149,	-58,	-123,	3739,	65,	-38,	-315,	
2,	7,	75360,	1.65255e+015,	-2,	2,	-3,	-3,	-2,	-2,	-2,	-1,	1.65255e+009,	-0.705658,	-0.343728,	-0.345038,	-0.0214368,	-0.85125,	-0.204712,	-0.0213908,	0.117091,	-0.957239,	-0.0149685,	-0.00247295,	-0.0127728,	-0.998502,	-0.204909,	-0.0213985,	-0.0911333,	-0.780708,	-0.376062,	-0.0186753,	-0.383285,	-0.4459,	0.70766,	-0.04704,	3739,	-262,	-11,	-448,	3769,	148,	-59,	-123,	3749,	65,	-38,	-315,	
2,	7,	75438,	1.65255e+015,	4,	-6,	-3,	-2,	2,	0,	0,	3,	1.65255e+009,	-0.705658,	-0.343728,	-0.345038,	-0.0214368,	-0.85125,	-0.204712,	-0.0213908,	0.117091,	-0.957239,	-0.0149685,	-0.00247295,	-0.0127728,	-0.998502,	-0.204909,	-0.0213985,	-0.0911333,	-0.780708,	-0.376062,	-0.0186753,	-0.383285,	-0.4459,	0.70766,	-0.04704,	3749,	-263,	-11,	-448,	3779,	148,	-59,	-123,	3759,	65,	-39,	-315,	
2,	7,	75500,	1.65255e+015,	0,	-1,	0,	-6,	2,	-1,	-2,	-1,	1.65255e+009,	-0.705658,	-0.343728,	-0.345038,	-0.0214368,	-0.85125,	-0.204712,	-0.0213908,	0.117091,	-0.957239,	-0.0149685,	-0.00247295,	-0.0127728,	-0.998502,	-0.204909,	-0.0213985,	-0.0911333,	-0.780708,	-0.376062,	-0.0186753,	-0.383285,	-0.4459,	0.70766,	-0.04704,	3759,	-264,	-9,	-447,	3789,	149,	-59,	-123,	3769,	65,	-38,	-315,	
2,	7,	75563,	1.65255e+015,	4,	11,	-12,	7,	-1,	-2,	-1,	-1,	1.65255e+009,	-0.705658,	-0.343728,	-0.345038,	-0.0214368,	-0.85125,	-0.204712,	-0.0213908,	0.117091,	-0.957239,	-0.0149685,	-0.00247295,	-0.0127728,	-0.998502,	-0.204909,	-0.0213985,	-0.0911333,	-0.780708,	-0.376062,	-0.0186753,	-0.383285,	-0.4459,	0.70766,	-0.04704,	3769,	-262,	-10,	-446,	3799,	149,	-59,	-123,	3779,	67,	-40,	-315,	
2,	7,	75625,	1.65255e+015,	1,	-10,	-47,	-12,	-2,	1,	-2,	0,	1.65255e+009,	-0.705658,	-0.343728,	-0.345038,	-0.0214368,	-0.85125,	-0.204712,	-0.0213908,	0.117091,	-0.957239,	-0.0149685,	-0.00247295,	-0.0127728,	-0.998502,	-0.204909,	-0.0213985,	-0.0911333,	-0.780708,	-0.376062,	-0.0186753,	-0.383285,	-0.4459,	0.70766,	-0.04704,	3779,	-262,	-11,	-446,	3809,	149,	-60,	-123,	3789,	66,	-39,	-315,	
2,	7,	75704,	1.65255e+015,	0,	4,	-6,	-2,	-3,	-2,	-1,	0,	1.65255e+009,	-0.705658,	-0.343728,	-0.345038,	-0.0214368,	-0.85125,	-0.204712,	-0.0213908,	0.117091,	-0.957239,	-0.0149685,	-0.00247295,	-0.0127728,	-0.998502,	-0.204909,	-0.0213985,	-0.0911333,	-0.780708,	-0.376062,	-0.0186753,	-0.383285,	-0.4459,	0.70766,	-0.04704,	3789,	-263,	-11,	-445,	3819,	149,	-60,	-123,	3799,	66,	-39,	-316,	
2,	7,	75782,	1.65255e+015,	3,	-3,	0,	-2,	2,	0,	0,	1,	1.65255e+009,	-0.705658,	-0.343728,	-0.345038,	-0.0214368,	-0.85125,	-0.204712,	-0.0213908,	0.117091,	-0.957239,	-0.0149685,	-0.00247295,	-0.0127728,	-0.998502,	-0.204909,	-0.0213985,	-0.0911333,	-0.780708,	-0.376062,	-0.0186753,	-0.383285,	-0.4459,	0.70766,	-0.04704,	3799,	-264,	-9,	-445,	3829,	150,	-60,	-123,	3809,	66,	-39,	-315,	
2,	7,	75860,	1.65255e+015,	1,	-8,	-23,	0,	1,	2,	0,	0,	1.65255e+009,	-0.705658,	-0.343728,	-0.345038,	-0.0214368,	-0.85125,	-0.204712,	-0.0213908,	0.117091,	-0.957239,	-0.0149685,	-0.00247295,	-0.0127728,	-0.998502,	-0.204909,	-0.0213985,	-0.0911333,	-0.780708,	-0.376062,	-0.0186753,	-0.383285,	-0.4459,	0.70766,	-0.04704,	3809,	-264,	-11,	-445,	3839,	150,	-59,	-123,	3819,	66,	-39,	-316,	
2,	7,	75938,	1.65255e+015,	0,	-4,	-19,	1,	-5,	-3,	-1,	-1,	1.65255e+009,	-0.705658,	-0.343728,	-0.345038,	-0.0214368,	-0.85125,	-0.204712,	-0.0213908,	0.117091,	-0.957239,	-0.0149685,	-0.00247295,	-0.0127728,	-0.998502,	-0.204909,	-0.0213985,	-0.0911333,	-0.780708,	-0.376062,	-0.0186753,	-0.383285,	-0.4459,	0.70766,	-0.04704,	3819,	-263,	-10,	-444,	3849,	149,	-60,	-123,	3829,	66,	-39,	-316,	
2,	7,	76016,	1.65255e+015,	2,	9,	-16,	1,	0,	-2,	0,	0,	1.65255e+009,	-0.705658,	-0.343728,	-0.345038,	-0.0214368,	-0.85125,	-0.204712,	-0.0213908,	0.117091,	-0.957239,	-0.0149685,	-0.00247295,	-0.0127728,	-0.998502,	-0.204909,	-0.0213985,	-0.0911333,	-0.780708,	-0.376062,	-0.0186753,	-0.383285,	-0.4459,	0.70766,	-0.04704,	3829,	-262,	-9,	-445,	3859,	149,	-60,	-123,	3839,	66,	-38,	-315,	
2,	7,	76094,	1.65255e+015,	0,	-10,	18,	-4,	-3,	-2,	-1,	2,	1.65255e+009,	-0.705658,	-0.343728,	-0.345038,	-0.0214368,	-0.85125,	-0.204712,	-0.0213908,	0.117091,	-0.957239,	-0.0149685,	-0.00247295,	-0.0127728,	-0.998502,	-0.204909,	-0.0213985,	-0.0911333,	-0.780708,	-0.376062,	-0.0186753,	-0.383285,	-0.4459,	0.70766,	-0.04704,	3839,	-262,	-10,	-446,	3869,	148,	-59,	-124,	3849,	67,	-39,	-316,	
2,	7,	76172,	1.65255e+015,	-2,	0,	-4,	1,	-1,	-2,	0,	-2,	1.65255e+009,	-0.705658,	-0.343728,	-0.345038,	-0.0214368,	-0.85125,	-0.204712,	-0.0213908,	0.117091,	-0.957239,	-0.0149685,	-0.00247295,	-0.0127728,	-0.998502,	-0.204909,	-0.0213985,	-0.0911333,	-0.780708,	-0.376062,	-0.0186753,	-0.383285,	-0.4459,	0.70766,	-0.04704,	3849,	-262,	-10,	-446,	3879,	149,	-60,	-124,	3859,	67,	-38,	-315,	
2,	7,	76250,	1.65255e+015,	0,	2,	-20,	-5,	-11,	-4,	0,	-4,	1.65255e+009,	-0.705658,	-0.343728,	-0.345038,	-0.0214368,	-0.85125,	-0.204712,	-0.0213908,	0.117091,	-0.957239,	-0.0149685,	-0.00247295,	-0.0127728,	-0.998502,	-0.204909,	-0.0213985,	-0.0911333,	-0.780708,	-0.376062,	-0.0186753,	-0.383285,	-0.4459,	0.70766,	-0.04704,	3859,	-262,	-10,	-445,	3889,	150,	-61,	-124,	3869,	66,	-38,	-316,	
2,	7,	76329,	1.65255e+015,	0,	3,	-5,	-4,	-5,	-3,	-2,	-2,	1.65255e+009,	-0.705658,	-0.343728,	-0.345038,	-0.0214368,	-0.85125,	-0.204712,	-0.0213908,	0.117091,	-0.957239,	-0.0149685,	-0.00247295,	-0.0127728,	-0.998502,	-0.204909,	-0.0213985,	-0.0911333,	-0.780708,	-0.376062,	-0.0186753,	-0.383285,	-0.4459,	0.70766,	-0.04704,	3869,	-262,	-10,	-446,	3899,	149,	-60,	-124,	3879,	67,	-38,	-316,	
2,	7,	76407,	1.65255e+015,	-3,	-2,	-21,	7,	-1,	2,	-1,	0,	1.65255e+009,	-0.705658,	-0.343728,	-0.345038,	-0.0214368,	-0.85125,	-0.204712,	-0.0213908,	0.117091,	-0.957239,	-0.0149685,	-0.00247295,	-0.0127728,	-0.998502,	-0.204909,	-0.0213985,	-0.0911333,	-0.780708,	-0.376062,	-0.0186753,	-0.383285,	-0.4459,	0.70766,	-0.04704,	3879,	-262,	-10,	-445,	3909,	149,	-60,	-124,	3889,	66,	-37,	-316,	
2,	7,	76485,	1.65255e+015,	-2,	4,	15,	-5,	-3,	-2,	-5,	-23,	1.65255e+009,	-0.705658,	-0.343728,	-0.345038,	-0.0214368,	-0.85125,	-0.204712,	-0.0213908,	0.117091,	-0.957239,	-0.0149685,	-0.00247295,	-0.0127728,	-0.998502,	-0.204909,	-0.0213985,	-0.0911333,	-0.780708,	-0.376062,	-0.0186753,	-0.383285,	-0.4459,	0.70766,	-0.04704,	3889,	-262,	-10,	-445,	3919,	149,	-60,	-124,	3899,	68,	-38,	-316,	
2,	7,	76563,	1.65255e+015,	-3,	-10,	-14,	0,	0,	0,	1,	3,	1.65255e+009,	-0.705658,	-0.343728,	-0.345038,	-0.0214368,	-0.85125,	-0.204712,	-0.0213908,	0.117091,	-0.957239,	-0.0149685,	-0.00247295,	-0.0127728,	-0.998502,	-0.204909,	-0.0213985,	-0.0911333,	-0.780708,	-0.376062,	-0.0186753,	-0.383285,	-0.4459,	0.70766,	-0.04704,	3899,	-262,	-10,	-445,	3929,	150,	-59,	-124,	3909,	66,	-39,	-316,	
2,	7,	76641,	1.65255e+015,	5,	6,	-9,	9,	1,	1,	0,	3,	1.65255e+009,	-0.705658,	-0.343728,	-0.345038,	-0.0214368,	-0.85125,	-0.204712,	-0.0213908,	0.117091,	-0.957239,	-0.0149685,	-0.00247295,	-0.0127728,	-0.998502,	-0.204909,	-0.0213985,	-0.0911333,	-0.780708,	-0.376062,	-0.0186753,	-0.383285,	-0.4459,	0.70766,	-0.04704,	3909,	-262,	-10,	-444,	3939,	149,	-59,	-123,	3919,	67,	-39,	-316,	
2,	7,	76719,	1.65255e+015,	0,	2,	-7,	4,	7,	3,	-3,	0,	1.65255e+009,	-0.705658,	-0.343728,	-0.345038,	-0.0214368,	-0.85125,	-0.204712,	-0.0213908,	0.117091,	-0.957239,	-0.0149685,	-0.00247295,	-0.0127728,	-0.998502,	-0.204909,	-0.0213985,	-0.0911333,	-0.780708,	-0.376062,	-0.0186753,	-0.383285,	-0.4459,	0.70766,	-0.04704,	3919,	-263,	-10,	-444,	3949,	150,	-58,	-123,	3929,	67,	-38,	-316,	
2,	7,	76797,	1.65255e+015,	-7,	-2,	7,	-21,	-9,	-3,	0,	-1,	1.65255e+009,	-0.705658,	-0.343728,	-0.345038,	-0.0214368,	-0.85125,	-0.204712,	-0.0213908,	0.117091,	-0.957239,	-0.0149685,	-0.00247295,	-0.0127728,	-0.998502,	-0.204909,	-0.0213985,	-0.0911333,	-0.780708,	-0.376062,	-0.0186753,	-0.383285,	-0.4459,	0.70766,	-0.04704,	3929,	-263,	-11,	-444,	3959,	151,	-58,	-124,	3939,	66,	-38,	-316,	
2,	7,	76875,	1.65255e+015,	0,	-3,	-8,	-5,	0,	-3,	-1,	0,	1.65255e+009,	-0.705658,	-0.343728,	-0.345038,	-0.0214368,	-0.85125,	-0.204712,	-0.0213908,	0.117091,	-0.957239,	-0.0149685,	-0.00247295,	-0.0127728,	-0.998502,	-0.204909,	-0.0213985,	-0.0911333,	-0.780708,	-0.376062,	-0.0186753,	-0.383285,	-0.4459,	0.70766,	-0.04704,	3939,	-262,	-12,	-444,	3969,	149,	-58,	-123,	3949,	67,	-38,	-316,	
2,	7,	76954,	1.65255e+015,	-1,	12,	18,	21,	-2,	0,	-1,	-5,	1.65255e+009,	-0.705658,	-0.343728,	-0.345038,	-0.0214368,	-0.85125,	-0.204712,	-0.0213908,	0.117091,	-0.957239,	-0.0149685,	-0.00247295,	-0.0127728,	-0.998502,	-0.204909,	-0.0213985,	-0.0911333,	-0.780708,	-0.376062,	-0.0186753,	-0.383285,	-0.4459,	0.70766,	-0.04704,	3949,	-263,	-10,	-444,	3979,	150,	-58,	-123,	3959,	66,	-38,	-315,	
2,	7,	77032,	1.65255e+015,	0,	9,	42,	-27,	-2,	-3,	-4,	-20,	1.65255e+009,	-0.705658,	-0.343728,	-0.345038,	-0.0214368,	-0.85125,	-0.204712,	-0.0213908,	0.117091,	-0.957239,	-0.0149685,	-0.00247295,	-0.0127728,	-0.998502,	-0.204909,	-0.0213985,	-0.0911333,	-0.780708,	-0.376062,	-0.0186753,	-0.383285,	-0.4459,	0.70766,	-0.04704,	3959,	-264,	-10,	-444,	3989,	149,	-59,	-123,	3969,	66,	-39,	-315,	
2,	7,	77110,	1.65255e+015,	0,	-13,	-24,	-12,	1,	-1,	-2,	-5,	1.65255e+009,	-0.705658,	-0.343728,	-0.345038,	-0.0214368,	-0.85125,	-0.204712,	-0.0213908,	0.117091,	-0.957239,	-0.0149685,	-0.00247295,	-0.0127728,	-0.998502,	-0.204909,	-0.0213985,	-0.0911333,	-0.780708,	-0.376062,	-0.0186753,	-0.383285,	-0.4459,	0.70766,	-0.04704,	3969,	-263,	-10,	-443,	3999,	148,	-58,	-123,	3979,	66,	-38,	-315,	
2,	7,	77188,	1.65255e+015,	-4,	0,	8,	2,	-1,	2,	0,	5,	1.65255e+009,	-0.705658,	-0.343728,	-0.345038,	-0.0214368,	-0.85125,	-0.204712,	-0.0213908,	0.117091,	-0.957239,	-0.0149685,	-0.00247295,	-0.0127728,	-0.998502,	-0.204909,	-0.0213985,	-0.0911333,	-0.780708,	-0.376062,	-0.0186753,	-0.383285,	-0.4823,	0.70766,	-0.04704,	3979,	-264,	-11,	-443,	4009,	150,	-59,	-123,	3989,	66,	-38,	-315,	
2,	7,	77266,	1.65255e+015,	-2,	3,	14,	11,	2,	0,	-8,	-16,	1.65255e+009,	-0.705658,	-0.343728,	-0.345038,	-0.0214368,	-0.85125,	-0.204712,	-0.0213908,	0.117091,	-0.957239,	-0.0149685,	-0.00247295,	-0.0127728,	-0.998502,	-0.204909,	-0.0213985,	-0.0911333,	-0.780708,	-0.376062,	-0.0186753,	-0.383285,	-0.4823,	0.70766,	-0.04704,	3989,	-263,	-10,	-442,	4019,	150,	-59,	-124,	3999,	66,	-38,	-315,	
2,	7,	77344,	1.65255e+015,	-3,	-2,	9,	-6,	-7,	-7,	-8,	-18,	1.65255e+009,	-0.705658,	-0.343728,	-0.345038,	-0.0214368,	-0.85125,	-0.204712,	-0.0213908,	0.114158,	-0.957239,	-0.0149685,	-0.00247295,	-0.0157062,	-0.998502,	-0.293614,	-0.0223274,	-0.0822387,	-0.780708,	-0.376062,	-0.0186753,	-0.37439,	-0.4823,	0.70766,	-0.04704,	3999,	-262,	-11,	-442,	4029,	149,	-58,	-123,	4009,	67,	-38,	-315,	
2,	7,	77422,	1.65255e+015,	2,	-3,	-37,	-19,	-7,	-4,	-1,	12,	1.65255e+009,	-0.705658,	-0.343728,	-0.345038,	-0.0214368,	-0.85125,	-0.204712,	-0.0213908,	0.114158,	-0.957239,	-0.0149685,	-0.00247295,	-0.0157062,	-0.998502,	-0.524247,	-0.00117488,	-0.0822387,	-0.780708,	-0.376062,	-0.0186753,	-0.398046,	-0.4823,	0.70766,	-0.04704,	4009,	-263,	-11,	-442,	4039,	149,	-59,	-123,	4019,	67,	-39,	-315,	
2,	7,	77516,	1.65255e+015,	-1,	-3,	26,	8,	-3,	-6,	-1,	6,	1.65255e+009,	-0.645539,	-0.343728,	-0.345038,	-0.0214368,	-0.85125,	-0.204712,	-0.0213908,	0.108291,	-0.957239,	-0.0149685,	-0.00247295,	-0.0215729,	-1.08523,	-0.825844,	-0.0778522,	-0.0644494,	-0.780708,	-0.376062,	-0.0186753,	-0.380257,	-0.6188,	0.70766,	-0.04704,	4019,	-262,	-9,	-442,	4049,	148,	-61,	-123,	4029,	66,	-38,	-315,	
2,	7,	77594,	1.65255e+015,	-1,	-7,	-23,	-6,	-1,	-1,	-3,	-9,	1.65255e+009,	-0.585419,	-0.343728,	-0.345038,	-0.0214368,	-0.85125,	-0.204712,	-0.0213908,	0.102424,	-0.957239,	-0.0149685,	-0.00247295,	-0.0274396,	-1.19365,	-1.03874,	-0.168686,	-0.0466601,	-0.780708,	-0.376062,	-0.0186753,	-0.362468,	-0.728,	0.70766,	-0.04704,	4029,	-262,	-10,	-443,	4059,	150,	-60,	-124,	4039,	66,	-39,	-315,	
2,	7,	77672,	1.65255e+015,	2,	3,	-12,	-8,	-4,	-1,	5,	-1,	1.65255e+009,	-0.585419,	-0.343728,	-0.345038,	-0.0214368,	-0.85125,	-0.204712,	-0.0213908,	0.102424,	-0.988779,	-0.0149685,	-0.00247295,	-0.0274396,	-1.28038,	-1.21615,	-0.266539,	-0.0466601,	-0.780708,	-0.376062,	-0.0186753,	-0.386124,	-0.819,	0.70766,	-0.04704,	4039,	-261,	-9,	-443,	4069,	150,	-59,	-124,	4049,	66,	-38,	-316,	
2,	7,	77750,	1.65255e+015,	-5,	-4,	-37,	-6,	-4,	-10,	-19,	-97,	1.65255e+009,	-0.585419,	-0.343728,	-0.345038,	-0.0214368,	-0.85125,	-0.204712,	-0.0213908,	0.102424,	-0.988779,	-0.0149685,	-0.00247295,	-0.0274396,	-1.28038,	-1.28711,	-0.31132,	-0.0466601,	-0.780708,	-0.376062,	-0.0186753,	-0.386124,	-0.8554,	0.70766,	-0.04704,	4049,	-262,	-9,	-443,	4079,	150,	-59,	-124,	4059,	67,	-38,	-316,	
2,	7,	77829,	1.65255e+015,	-7,	-8,	27,	9,	0,	3,	-3,	-40,	1.65255e+009,	-0.585419,	-0.343728,	-0.345038,	-0.0214368,	-0.85125,	-0.204712,	-0.0213908,	0.102424,	-0.988779,	-0.0149685,	-0.00247295,	-0.0274396,	-1.28038,	-1.37581,	-0.371829,	-0.0466601,	-0.780708,	-0.376062,	-0.0186753,	-0.386124,	-0.9009,	0.70766,	-0.04704,	4059,	-261,	-10,	-444,	4089,	150,	-59,	-124,	4069,	68,	-38,	-316,	
2,	7,	77907,	1.65255e+015,	-1,	10,	46,	11,	2,	-1,	-5,	-23,	1.65255e+009,	-0.585419,	-0.343728,	-0.345038,	-0.0214368,	-0.85125,	-0.204712,	-0.0213908,	0.102424,	-0.988779,	-0.0149685,	-0.00247295,	-0.0274396,	-1.28038,	-1.37581,	-0.371829,	-0.0466601,	-0.780708,	-0.376062,	-0.0186753,	-0.386124,	-0.9009,	0.70766,	-0.04704,	4069,	-261,	-9,	-444,	4099,	149,	-59,	-125,	4079,	67,	-37,	-316,	
2,	7,	77985,	1.65255e+015,	-2,	-3,	-15,	-19,	-5,	-4,	0,	2,	1.65255e+009,	-0.585419,	-0.343728,	-0.345038,	-0.0214368,	-0.85125,	-0.204712,	-0.0213908,	0.102424,	-0.988779,	-0.0149685,	-0.00247295,	-0.0274396,	-1.28038,	-1.37581,	-0.371829,	-0.0466601,	-0.780708,	-0.376062,	-0.0186753,	-0.386124,	-0.9009,	0.70766,	-0.04704,	4079,	-259,	-9,	-444,	4109,	150,	-59,	-125,	4089,	67,	-38,	-316,	
2,	7,	78047,	1.65255e+015,	-2,	-1,	13,	13,	3,	-1,	-2,	-11,	1.65255e+009,	-0.585419,	-0.343728,	-0.345038,	-0.0214368,	-0.85125,	-0.204712,	-0.0213908,	0.102424,	-0.988779,	-0.0149685,	-0.00247295,	-0.0274396,	-1.28038,	-1.37581,	-0.371829,	-0.0466601,	-0.780708,	-0.376062,	-0.0186753,	-0.386124,	-0.9009,	0.70766,	-0.04704,	4089,	-259,	-8,	-444,	4119,	150,	-60,	-125,	4099,	67,	-37,	-317,	
2,	7,	78125,	1.65255e+015,	0,	-9,	-19,	21,	-9,	-7,	-3,	9,	1.65255e+009,	-0.585419,	-0.343728,	-0.345038,	-0.0214368,	-0.85125,	-0.204712,	-0.0213908,	0.095091,	-0.988779,	-0.0149685,	-0.00247295,	-0.0347729,	-1.28038,	-1.44678,	-0.423862,	-0.0244234,	-0.780708,	-0.376062,	-0.0186753,	-0.363887,	-0.9009,	0.70766,	-0.04704,	4099,	-258,	-9,	-444,	4129,	151,	-61,	-125,	4109,	67,	-38,	-317,	
2,	7,	78204,	1.65255e+015,	-3,	-3,	5,	-8,	-5,	-3,	-1,	-7,	1.65255e+009,	-0.585419,	-0.343728,	-0.345038,	-0.0214368,	-0.85125,	-0.204712,	-0.0213908,	0.095091,	-0.988779,	-0.0149685,	-0.00247295,	-0.0347729,	-1.28038,	-1.44678,	-0.423862,	-0.0244234,	-0.780708,	-0.376062,	-0.0186753,	-0.363887,	-0.9009,	0.70766,	-0.04704,	4109,	-257,	-8,	-445,	4139,	152,	-60,	-125,	4119,	68,	-37,	-317,	
2,	7,	78282,	1.65255e+015,	0,	-5,	-15,	7,	1,	1,	1,	-16,	1.65255e+009,	-0.585419,	-0.343728,	-0.345038,	-0.0214368,	-0.85125,	-0.204712,	-0.0213908,	0.095091,	-0.988779,	-0.0149685,	-0.00247295,	-0.0347729,	-1.28038,	-1.44678,	-0.423862,	-0.0244234,	-0.780708,	-0.376062,	-0.0186753,	-0.363887,	-0.9009,	0.70766,	-0.04704,	4119,	-255,	-8,	-446,	4149,	153,	-60,	-126,	4129,	67,	-37,	-318,	
2,	7,	78344,	1.65255e+015,	-3,	-6,	3,	-4,	5,	4,	0,	-7,	1.65255e+009,	-0.585419,	-0.343728,	-0.345038,	-0.0214368,	-0.85125,	-0.204712,	-0.0213908,	0.095091,	-0.988779,	-0.0149685,	-0.00247295,	-0.0347729,	-1.28038,	-1.44678,	-0.423862,	-0.0244234,	-0.780708,	-0.376062,	-0.0186753,	-0.363887,	-0.8463,	0.70766,	-0.04704,	4129,	-254,	-8,	-448,	4159,	154,	-60,	-127,	4139,	69,	-36,	-319,	
2,	7,	78407,	1.65255e+015,	2,	1,	17,	-3,	-1,	-5,	-6,	-8,	1.65255e+009,	-0.585419,	-0.343728,	-0.345038,	-0.0214368,	-0.85125,	-0.204712,	-0.0213908,	0.095091,	-0.988779,	-0.0149685,	-0.00247295,	-0.0347729,	-1.28038,	-1.44678,	-0.423862,	-0.0244234,	-0.780708,	-0.376062,	-0.0186753,	-0.363887,	-0.8463,	0.70766,	-0.04704,	4139,	-252,	-7,	-450,	4169,	153,	-60,	-129,	4149,	69,	-36,	-321,	
2,	7,	78469,	1.65255e+015,	-1,	7,	7,	-8,	-7,	-4,	-4,	-9,	1.65255e+009,	-0.585419,	-0.343728,	-0.345038,	-0.0214368,	-0.85125,	-0.204712,	-0.0213908,	0.095091,	-0.988779,	-0.0149685,	-0.00247295,	-0.0347729,	-1.28038,	-1.44678,	-0.423862,	-0.0244234,	-0.780708,	-0.376062,	-0.0186753,	-0.363887,	-0.8463,	0.70766,	-0.04704,	4149,	-250,	-6,	-453,	4179,	154,	-61,	-130,	4159,	70,	-35,	-323,	
2,	7,	78547,	1.65255e+015,	2,	-3,	8,	5,	6,	2,	2,	2,	1.65255e+009,	-0.585419,	-0.343728,	-0.345038,	-0.0214368,	-0.85125,	-0.204712,	-0.0213908,	0.095091,	-0.988779,	-0.0149685,	-0.00247295,	-0.0347729,	-1.28038,	-1.35807,	-0.359324,	-0.0244234,	-0.780708,	-0.376062,	-0.0186753,	-0.363887,	-0.7917,	0.70766,	-0.04704,	4159,	-247,	-6,	-455,	4189,	155,	-60,	-131,	4169,	71,	-35,	-325,	
2,	7,	78625,	1.65255e+015,	-3,	-1,	21,	-2,	-11,	-7,	-2,	-3,	1.65255e+009,	-0.585419,	-0.343728,	-0.345038,	-0.0214368,	-0.85125,	-0.204712,	-0.0213908,	0.102424,	-0.957239,	-0.0149685,	-0.00247295,	-0.0274396,	-1.28038,	-1.12744,	-0.215094,	-0.0466601,	-0.780708,	-0.376062,	-0.0186753,	-0.386124,	-0.6643,	0.70766,	-0.04704,	4169,	-246,	-6,	-457,	4199,	155,	-61,	-133,	4179,	71,	-35,	-327,	
2,	7,	78704,	1.65255e+015,	-7,	-16,	-60,	-8,	-4,	-3,	-2,	-1,	1.65255e+009,	-0.585419,	-0.343728,	-0.345038,	-0.0214368,	-0.85125,	-0.204712,	-0.0213908,	0.109758,	-0.957239,	-0.0149685,	-0.00247295,	-0.0201062,	-1.15028,	-0.541988,	-0.00186229,	-0.0688967,	-0.780708,	-0.376062,	-0.0186753,	-0.40836,	-0.5824,	0.70766,	-0.04704,	4179,	-244,	-3,	-459,	4209,	156,	-60,	-134,	4189,	72,	-34,	-329,	
2,	7,	78766,	1.65255e+015,	1,	11,	-4,	9,	1,	0,	0,	1,	1.65255e+009,	-0.585419,	-0.343728,	-0.345038,	-0.0214368,	-0.85125,	-0.204712,	-0.0213908,	0.117091,	-0.957239,	-0.0149685,	-0.00247295,	-0.0127728,	-1.04187,	-0.293614,	-0.0223274,	-0.0911333,	-0.780708,	-0.376062,	-0.0186753,	-0.401027,	-0.546,	0.70766,	-0.04704,	4189,	-242,	-4,	-462,	4219,	156,	-62,	-136,	4199,	71,	-33,	-330,	
2,	7,	78829,	1.65255e+015,	-4,	1,	22,	-16,	-2,	-2,	-1,	-2,	1.65255e+009,	-0.585419,	-0.343728,	-0.345038,	-0.0214368,	-0.85125,	-0.204712,	-0.0213908,	0.117091,	-0.957239,	-0.0149685,	-0.00247295,	-0.0127728,	-1.04187,	-0.204909,	-0.0213985,	-0.0911333,	-0.780708,	-0.376062,	-0.0186753,	-0.401027,	-0.546,	0.70766,	-0.04704,	4199,	-240,	-4,	-463,	4229,	157,	-60,	-136,	4209,	72,	-33,	-331,	
2,	7,	78891,	1.65255e+015,	1,	-3,	25,	-12,	1,	3,	2,	1,	1.65255e+009,	-0.585419,	-0.343728,	-0.345038,	-0.0214368,	-0.85125,	-0.204712,	-0.0213908,	0.117091,	-0.957239,	-0.0149685,	-0.00247295,	-0.0127728,	-1.04187,	-0.204909,	-0.0213985,	-0.0911333,	-0.780708,	-0.376062,	-0.0186753,	-0.401027,	-0.546,	0.70766,	-0.04704,	4209,	-239,	-3,	-464,	4239,	156,	-61,	-137,	4219,	71,	-32,	-333,	
2,	7,	78969,	1.65255e+015,	1,	-7,	-78,	-12,	-2,	-2,	-2,	-1,	1.65255e+009,	-0.585419,	-0.343728,	-0.345038,	-0.0214368,	-0.85125,	-0.204712,	-0.0213908,	0.117091,	-0.957239,	-0.0149685,	-0.00247295,	-0.0127728,	-0.955136,	-0.204909,	-0.0213985,	-0.0911333,	-0.780708,	-0.376062,	-0.0186753,	-0.401027,	-0.546,	0.70766,	-0.04704,	4219,	-237,	-3,	-465,	4249,	157,	-60,	-137,	4229,	72,	-32,	-334,	
2,	7,	79047,	1.65255e+015,	-1,	1,	10,	3,	-4,	-2,	-2,	-1,	1.65255e+009,	-0.585419,	-0.343728,	-0.345038,	-0.0214368,	-0.85125,	-0.204712,	-0.0213908,	0.117091,	-0.957239,	-0.0149685,	-0.00247295,	-0.0127728,	-0.955136,	-0.204909,	-0.0213985,	-0.0911333,	-0.780708,	-0.376062,	-0.0186753,	-0.401027,	-0.5005,	0.70766,	-0.04704,	4229,	-237,	-4,	-465,	4259,	156,	-59,	-138,	4239,	72,	-31,	-334,	
2,	7,	79125,	1.65255e+015,	-1,	1,	-26,	-6,	-1,	0,	0,	1,	1.65255e+009,	-0.585419,	-0.343728,	-0.345038,	-0.0214368,	-0.85125,	-0.204712,	-0.0213908,	0.117091,	-0.957239,	-0.0149685,	-0.00247295,	-0.0127728,	-0.955136,	-0.204909,	-0.0213985,	-0.0911333,	-0.780708,	-0.376062,	-0.0186753,	-0.401027,	-0.5005,	0.70766,	-0.04704,	4239,	-238,	-3,	-465,	4269,	157,	-60,	-139,	4249,	72,	-31,	-335,	
2,	7,	79204,	1.65255e+015,	0,	-5,	29,	21,	-1,	0,	1,	-1,	1.65255e+009,	-0.660569,	-0.343728,	-0.345038,	-0.0214368,	-0.85125,	-0.204712,	-0.0213908,	0.117091,	-0.957239,	-0.0149685,	-0.00247295,	-0.0127728,	-0.955136,	-0.204909,	-0.0213985,	-0.0911333,	-0.780708,	-0.376062,	-0.0186753,	-0.401027,	-0.5005,	0.70766,	-0.04704,	4249,	-236,	-4,	-464,	4279,	157,	-59,	-139,	4259,	73,	-30,	-336,	
2,	7,	79297,	1.65255e+015,	3,	12,	20,	7,	1,	2,	1,	1,	1.65255e+009,	-0.660569,	-0.343728,	-0.345038,	-0.0214368,	-0.85125,	-0.204712,	-0.0213908,	0.117091,	-0.957239,	-0.0149685,	-0.00247295,	-0.0127728,	-0.955136,	-0.204909,	-0.0213985,	-0.0911333,	-0.780708,	-0.376062,	-0.0186753,	-0.401027,	-0.5005,	0.70766,	-0.04704,	4259,	-236,	-4,	-463,	4289,	156,	-59,	-139,	4269,	72,	-31,	-336,	
2,	7,	79375,	1.65255e+015,	-3,	4,	21,	-10,	-5,	-3,	-3,	-2,	1.65255e+009,	-0.660569,	-0.343728,	-0.345038,	-0.0214368,	-0.85125,	-0.204712,	-0.0213908,	0.117091,	-0.957239,	-0.0149685,	-0.00247295,	-0.0127728,	-0.955136,	-0.204909,	-0.0213985,	-0.0911333,	-0.780708,	-0.376062,	-0.0186753,	-0.401027,	-0.5005,	0.70766,	-0.04704,	4269,	-237,	-4,	-461,	4299,	157,	-59,	-138,	4279,	71,	-30,	-335,	
2,	7,	79454,	1.65255e+015,	0,	10,	23,	-1,	-2,	-2,	0,	1,	1.65255e+009,	-0.660569,	-0.343728,	-0.345038,	-0.0214368,	-0.85125,	-0.204712,	-0.0213908,	0.117091,	-0.957239,	-0.0149685,	-0.00247295,	-0.0127728,	-0.955136,	-0.204909,	-0.0213985,	-0.0911333,	-0.780708,	-0.376062,	-0.0186753,	-0.401027,	-0.5005,	0.70766,	-0.04704,	4279,	-238,	-3,	-459,	4309,	156,	-59,	-138,	4289,	71,	-31,	-335,	
2,	7,	79532,	1.65255e+015,	0,	-2,	10,	13,	1,	-1,	-1,	-6,	1.65255e+009,	-0.660569,	-0.343728,	-0.345038,	-0.0214368,	-0.85125,	-0.204712,	-0.0213908,	0.117091,	-0.957239,	-0.0149685,	-0.00247295,	-0.0127728,	-0.955136,	-0.204909,	-0.0213985,	-0.0911333,	-0.780708,	-0.376062,	-0.0186753,	-0.401027,	-0.5005,	0.70766,	-0.04704,	4289,	-238,	-3,	-459,	4319,	157,	-60,	-138,	4299,	71,	-32,	-335,	
2,	7,	79610,	1.65255e+015,	0,	-2,	0,	2,	3,	2,	0,	0,	1.65255e+009,	-0.660569,	-0.343728,	-0.345038,	-0.0214368,	-0.85125,	-0.204712,	-0.0213908,	0.117091,	-0.957239,	-0.0149685,	-0.00247295,	-0.0127728,	-0.955136,	-0.204909,	-0.0213985,	-0.0911333,	-0.780708,	-0.376062,	-0.0186753,	-0.401027,	-0.5005,	0.70766,	-0.04704,	4299,	-237,	-3,	-459,	4329,	158,	-59,	-139,	4309,	72,	-30,	-336,	
2,	7,	79688,	1.65255e+015,	0,	-7,	-1,	-2,	-1,	-1,	-2,	-1,	1.65255e+009,	-0.660569,	-0.343728,	-0.345038,	-0.0214368,	-0.85125,	-0.204712,	-0.0213908,	0.117091,	-0.957239,	-0.0149685,	-0.00247295,	-0.0127728,	-0.955136,	-0.204909,	-0.0213985,	-0.0911333,	-0.780708,	-0.376062,	-0.0186753,	-0.401027,	-0.5005,	0.70766,	-0.04704,	4309,	-236,	-3,	-459,	4339,	157,	-59,	-139,	4319,	72,	-31,	-336,	
2,	7,	79766,	1.65255e+015,	0,	-1,	3,	0,	5,	0,	1,	1,	1.65255e+009,	-0.660569,	-0.343728,	-0.345038,	-0.0214368,	-0.85125,	-0.204712,	-0.0213908,	0.117091,	-0.957239,	-0.0149685,	-0.00247295,	-0.0127728,	-0.955136,	-0.204909,	-0.0213985,	-0.0911333,	-0.780708,	-0.376062,	-0.0186753,	-0.401027,	-0.5005,	0.70766,	-0.04704,	4319,	-235,	-2,	-460,	4349,	157,	-59,	-140,	4329,	72,	-31,	-336,	
