1,	-3,	706282,	1.65255e+015,	0,	4,	0,	0,	-4,	-2,	-1,	-2,	1.65255e+009,	-0.991229,	-0.368368,	-0.345038,	-0.0263648,	-0.755154,	-0.204712,	-0.0213908,	0.112087,	-0.783769,	-0.234507,	-0.0222682,	-0.0111227,	-0.803355,	-0.293614,	-0.0223274,	-0.0894831,	-0.583338,	-0.376062,	-0.0186753,	-0.369807,	-0.5278,	0.56095,	-0.07448,	36865,	-268,	-4,	-471,	36845,	117,	-7,	-112,	36835,	47,	-37,	-317,	
1,	-3,	706360,	1.65255e+015,	0,	4,	-6,	-6,	-3,	0,	0,	-1,	1.65255e+009,	-0.991229,	-0.368368,	-0.345038,	-0.0263648,	-0.755154,	-0.204712,	-0.0213908,	0.112087,	-0.783769,	-0.234507,	-0.0222682,	-0.0111227,	-0.803355,	-0.293614,	-0.0223274,	-0.0894831,	-0.583338,	-0.376062,	-0.0186753,	-0.369807,	-0.5278,	0.56095,	-0.07448,	36875,	-268,	-4,	-473,	36855,	118,	-7,	-113,	36845,	48,	-36,	-317,	
1,	-3,	706438,	1.65255e+015,	-6,	-11,	-3,	-2,	-3,	0,	-2,	-2,	1.65255e+009,	-0.991229,	-0.368368,	-0.345038,	-0.0263648,	-0.755154,	-0.204712,	-0.0213908,	0.112087,	-0.783769,	-0.234507,	-0.0222682,	-0.0111227,	-0.803355,	-0.293614,	-0.0223274,	-0.0894831,	-0.583338,	-0.376062,	-0.0186753,	-0.369807,	-0.5278,	0.56095,	-0.07448,	36885,	-268,	-4,	-474,	36865,	118,	-6,	-113,	36855,	48,	-35,	-317,	
1,	-3,	706516,	1.65255e+015,	-2,	-3,	1,	0,	-2,	1,	-1,	0,	1.65255e+009,	-0.991229,	-0.368368,	-0.345038,	-0.0263648,	-0.755154,	-0.204712,	-0.0213908,	0.112087,	-0.783769,	-0.234507,	-0.0222682,	-0.0111227,	-0.803355,	-0.293614,	-0.0223274,	-0.0894831,	-0.583338,	-0.376062,	-0.0186753,	-0.369807,	-0.5278,	0.56095,	-0.07448,	36895,	-268,	-5,	-474,	36875,	118,	-6,	-113,	36865,	49,	-36,	-318,	
1,	-3,	706594,	1.65255e+015,	-2,	3,	-1,	-6,	-4,	0,	-1,	1,	1.65255e+009,	-0.991229,	-0.368368,	-0.345038,	-0.0263648,	-0.755154,	-0.204712,	-0.0213908,	0.112087,	-0.783769,	-0.234507,	-0.0222682,	-0.0111227,	-0.803355,	-0.293614,	-0.0223274,	-0.0894831,	-0.583338,	-0.376062,	-0.0186753,	-0.369807,	-0.5278,	0.56095,	-0.07448,	36905,	-269,	-5,	-474,	36885,	119,	-4,	-114,	36875,	49,	-36,	-318,	
1,	-3,	706672,	1.65255e+015,	2,	3,	1,	-4,	-2,	-2,	0,	-1,	1.65255e+009,	-0.991229,	-0.368368,	-0.345038,	-0.0263648,	-0.755154,	-0.204712,	-0.0213908,	0.112087,	-0.783769,	-0.234507,	-0.0222682,	-0.0111227,	-0.803355,	-0.293614,	-0.0223274,	-0.0894831,	-0.583338,	-0.376062,	-0.0186753,	-0.369807,	-0.5278,	0.56095,	-0.07448,	36915,	-267,	-5,	-474,	36895,	119,	-5,	-114,	36885,	49,	-35,	-318,	
1,	-3,	706735,	1.65255e+015,	-2,	1,	-6,	-11,	-4,	-1,	0,	0,	1.65255e+009,	-0.991229,	-0.368368,	-0.345038,	-0.0263648,	-0.755154,	-0.204712,	-0.0213908,	0.112087,	-0.783769,	-0.234507,	-0.0222682,	-0.0111227,	-0.803355,	-0.293614,	-0.0223274,	-0.0894831,	-0.583338,	-0.376062,	-0.0186753,	-0.369807,	-0.5278,	0.56095,	-0.07448,	36925,	-267,	-5,	-474,	36905,	120,	-6,	-115,	36895,	48,	-35,	-318,	
1,	-3,	706797,	1.65255e+015,	2,	6,	2,	0,	3,	1,	-1,	2,	1.65255e+009,	-0.991229,	-0.368368,	-0.345038,	-0.0263648,	-0.755154,	-0.204712,	-0.0213908,	0.112087,	-0.783769,	-0.234507,	-0.0222682,	-0.0111227,	-0.803355,	-0.293614,	-0.0223274,	-0.0894831,	-0.583338,	-0.376062,	-0.0186753,	-0.369807,	-0.5278,	0.56095,	-0.07448,	36935,	-267,	-5,	-474,	36915,	119,	-5,	-115,	36905,	47,	-35,	-318,	
1,	-3,	706860,	1.65255e+015,	0,	-4,	-1,	1,	0,	-1,	0,	0,	1.65255e+009,	-0.991229,	-0.368368,	-0.345038,	-0.0263648,	-0.755154,	-0.204712,	-0.0213908,	0.112087,	-0.783769,	-0.234507,	-0.0222682,	-0.0111227,	-0.803355,	-0.293614,	-0.0223274,	-0.0894831,	-0.583338,	-0.376062,	-0.0186753,	-0.369807,	-0.5278,	0.56095,	-0.07448,	36945,	-266,	-5,	-474,	36925,	118,	-5,	-115,	36915,	48,	-37,	-317,	
1,	-3,	706922,	1.65255e+015,	-4,	-9,	-9,	-7,	-3,	-3,	-2,	-1,	1.65255e+009,	-0.991229,	-0.368368,	-0.345038,	-0.0263648,	-0.755154,	-0.204712,	-0.0213908,	0.112087,	-0.783769,	-0.234507,	-0.0222682,	-0.0111227,	-0.803355,	-0.293614,	-0.0223274,	-0.0894831,	-0.583338,	-0.376062,	-0.0186753,	-0.369807,	-0.5278,	0.56095,	-0.07448,	36955,	-266,	-5,	-474,	36935,	119,	-5,	-114,	36925,	48,	-36,	-317,	
1,	-3,	706985,	1.65255e+015,	-1,	-2,	1,	-2,	-1,	0,	-2,	0,	1.65255e+009,	-0.991229,	-0.368368,	-0.345038,	-0.0263648,	-0.755154,	-0.204712,	-0.0213908,	0.112087,	-0.783769,	-0.234507,	-0.0222682,	-0.0111227,	-0.803355,	-0.293614,	-0.0223274,	-0.0894831,	-0.583338,	-0.376062,	-0.0186753,	-0.369807,	-0.5278,	0.56095,	-0.07448,	36965,	-267,	-5,	-475,	36945,	118,	-5,	-114,	36935,	48,	-36,	-317,	
1,	-3,	707063,	1.65255e+015,	1,	6,	-1,	2,	0,	-1,	0,	0,	1.65255e+009,	-0.991229,	-0.368368,	-0.345038,	-0.0263648,	-0.755154,	-0.204712,	-0.0213908,	0.112087,	-0.783769,	-0.234507,	-0.0222682,	-0.0111227,	-0.803355,	-0.293614,	-0.0223274,	-0.0894831,	-0.583338,	-0.376062,	-0.0186753,	-0.369807,	-0.5278,	0.56095,	-0.07448,	36975,	-265,	-5,	-476,	36955,	118,	-5,	-115,	36945,	48,	-37,	-317,	
1,	-3,	707125,	1.65255e+015,	1,	4,	3,	6,	-1,	-2,	0,	-2,	1.65255e+009,	-0.991229,	-0.368368,	-0.345038,	-0.0263648,	-0.755154,	-0.204712,	-0.0213908,	0.112087,	-0.783769,	-0.234507,	-0.0222682,	-0.0111227,	-0.803355,	-0.293614,	-0.0223274,	-0.0894831,	-0.583338,	-0.376062,	-0.0186753,	-0.369807,	-0.5278,	0.56095,	-0.07448,	36985,	-264,	-6,	-477,	36965,	119,	-5,	-115,	36955,	47,	-37,	-318,	
1,	-3,	707204,	1.65255e+015,	1,	0,	-5,	-4,	-1,	-1,	-1,	0,	1.65255e+009,	-0.991229,	-0.368368,	-0.345038,	-0.0263648,	-0.755154,	-0.204712,	-0.0213908,	0.112087,	-0.783769,	-0.234507,	-0.0222682,	-0.0111227,	-0.803355,	-0.293614,	-0.0223274,	-0.0894831,	-0.583338,	-0.376062,	-0.0186753,	-0.369807,	-0.5278,	0.56095,	-0.07448,	36995,	-263,	-5,	-478,	36975,	119,	-6,	-116,	36965,	49,	-36,	-319,	
1,	-3,	707282,	1.65255e+015,	2,	7,	2,	8,	2,	-1,	0,	-1,	1.65255e+009,	-0.991229,	-0.368368,	-0.345038,	-0.0263648,	-0.755154,	-0.204712,	-0.0213908,	0.112087,	-0.783769,	-0.234507,	-0.0222682,	-0.0111227,	-0.803355,	-0.293614,	-0.0223274,	-0.0894831,	-0.583338,	-0.376062,	-0.0186753,	-0.369807,	-0.5278,	0.56095,	-0.07448,	37005,	-263,	-5,	-479,	36985,	119,	-5,	-116,	36975,	49,	-36,	-319,	
1,	-3,	707360,	1.65255e+015,	-1,	-5,	-1,	-4,	-3,	0,	-1,	1,	1.65255e+009,	-0.991229,	-0.368368,	-0.345038,	-0.0263648,	-0.755154,	-0.204712,	-0.0213908,	0.112087,	-0.783769,	-0.234507,	-0.0222682,	-0.0111227,	-0.803355,	-0.293614,	-0.0223274,	-0.0894831,	-0.583338,	-0.376062,	-0.0186753,	-0.369807,	-0.5278,	0.56095,	-0.07448,	37015,	-263,	-5,	-479,	36995,	120,	-5,	-117,	36985,	50,	-35,	-320,	
1,	-3,	707438,	1.65255e+015,	0,	5,	-4,	-3,	-3,	-2,	0,	1,	1.65255e+009,	-0.991229,	-0.368368,	-0.345038,	-0.0263648,	-0.755154,	-0.204712,	-0.0213908,	0.112087,	-0.783769,	-0.234507,	-0.0222682,	-0.0111227,	-0.803355,	-0.293614,	-0.0223274,	-0.0894831,	-0.583338,	-0.376062,	-0.0186753,	-0.369807,	-0.5278,	0.56095,	-0.07448,	37025,	-263,	-4,	-479,	37005,	120,	-5,	-117,	36995,	49,	-34,	-320,	
1,	-3,	707532,	1.65255e+015,	-3,	-8,	-3,	-8,	-2,	-1,	-1,	-1,	1.65255e+009,	-0.991229,	-0.368368,	-0.345038,	-0.0263648,	-0.755154,	-0.204712,	-0.0213908,	0.112087,	-0.783769,	-0.234507,	-0.0222682,	-0.0111227,	-0.803355,	-0.293614,	-0.0223274,	-0.0894831,	-0.583338,	-0.376062,	-0.0186753,	-0.369807,	-0.5278,	0.56095,	-0.07448,	37035,	-263,	-4,	-480,	37015,	119,	-6,	-118,	37005,	49,	-34,	-320,	
1,	-3,	707594,	1.65255e+015,	-1,	1,	-8,	-4,	-2,	1,	-2,	-3,	1.65255e+009,	-0.991229,	-0.368368,	-0.345038,	-0.0263648,	-0.755154,	-0.204712,	-0.0213908,	0.112087,	-0.783769,	-0.234507,	-0.0222682,	-0.0111227,	-0.803355,	-0.293614,	-0.0223274,	-0.0894831,	-0.583338,	-0.376062,	-0.0186753,	-0.369807,	-0.5278,	0.56095,	-0.07448,	37045,	-262,	-4,	-481,	37025,	119,	-6,	-119,	37015,	51,	-33,	-321,	
1,	-3,	707657,	1.65255e+015,	-1,	1,	-1,	-2,	-2,	-1,	-3,	0,	1.65255e+009,	-0.991229,	-0.368368,	-0.345038,	-0.0263648,	-0.755154,	-0.204712,	-0.0213908,	0.112087,	-0.783769,	-0.234507,	-0.0222682,	-0.0111227,	-0.803355,	-0.293614,	-0.0223274,	-0.0894831,	-0.583338,	-0.376062,	-0.0186753,	-0.369807,	-0.5278,	0.56095,	-0.07448,	37055,	-262,	-6,	-482,	37035,	120,	-5,	-119,	37025,	51,	-34,	-321,	
1,	-3,	707719,	1.65255e+015,	0,	3,	3,	1,	-1,	-1,	-1,	1,	1.65255e+009,	-0.991229,	-0.368368,	-0.345038,	-0.0263648,	-0.755154,	-0.204712,	-0.0213908,	0.112087,	-0.783769,	-0.234507,	-0.0222682,	-0.0111227,	-0.803355,	-0.293614,	-0.0223274,	-0.0894831,	-0.583338,	-0.376062,	-0.0186753,	-0.369807,	-0.5278,	0.56095,	-0.07448,	37065,	-262,	-6,	-482,	37045,	121,	-5,	-119,	37035,	51,	-33,	-322,	
1,	-3,	707782,	1.65255e+015,	-1,	-2,	-1,	-10,	-5,	-2,	0,	-1,	1.65255e+009,	-0.991229,	-0.368368,	-0.345038,	-0.0263648,	-0.755154,	-0.204712,	-0.0213908,	0.112087,	-0.783769,	-0.234507,	-0.0222682,	-0.0111227,	-0.803355,	-0.293614,	-0.0223274,	-0.0894831,	-0.583338,	-0.376062,	-0.0186753,	-0.369807,	-0.5278,	0.56095,	-0.07448,	37075,	-261,	-6,	-483,	37055,	121,	-5,	-119,	37045,	50,	-33,	-322,	
1,	-3,	707844,	1.65255e+015,	-1,	2,	0,	-5,	-1,	0,	-1,	-1,	1.65255e+009,	-0.991229,	-0.368368,	-0.345038,	-0.0263648,	-0.755154,	-0.204712,	-0.0213908,	0.112087,	-0.783769,	-0.234507,	-0.0222682,	-0.0111227,	-0.803355,	-0.293614,	-0.0223274,	-0.0894831,	-0.583338,	-0.376062,	-0.0186753,	-0.369807,	-0.5278,	0.56095,	-0.07448,	37085,	-260,	-6,	-483,	37065,	120,	-6,	-119,	37055,	51,	-34,	-322,	
1,	-3,	707907,	1.65255e+015,	-1,	1,	0,	6,	1,	1,	-2,	-1,	1.65255e+009,	-0.991229,	-0.368368,	-0.345038,	-0.0263648,	-0.755154,	-0.204712,	-0.0213908,	0.112087,	-0.783769,	-0.234507,	-0.0222682,	-0.0111227,	-0.803355,	-0.293614,	-0.0223274,	-0.0894831,	-0.583338,	-0.376062,	-0.0186753,	-0.369807,	-0.5278,	0.56095,	-0.07448,	37095,	-261,	-6,	-483,	37075,	121,	-6,	-120,	37065,	50,	-32,	-323,	
1,	-3,	707985,	1.65255e+015,	-1,	8,	4,	11,	0,	1,	-2,	0,	1.65255e+009,	-0.991229,	-0.368368,	-0.345038,	-0.0263648,	-0.755154,	-0.204712,	-0.0213908,	0.112087,	-0.783769,	-0.234507,	-0.0222682,	-0.0111227,	-0.803355,	-0.293614,	-0.0223274,	-0.0894831,	-0.583338,	-0.376062,	-0.0186753,	-0.369807,	-0.5278,	0.56095,	-0.07448,	37105,	-260,	-5,	-484,	37085,	121,	-5,	-120,	37075,	51,	-33,	-323,	
1,	-3,	708047,	1.65255e+015,	1,	4,	2,	1,	-2,	-1,	1,	-2,	1.65255e+009,	-0.991229,	-0.368368,	-0.345038,	-0.0263648,	-0.755154,	-0.204712,	-0.0213908,	0.112087,	-0.783769,	-0.234507,	-0.0222682,	-0.0111227,	-0.803355,	-0.293614,	-0.0223274,	-0.0894831,	-0.583338,	-0.376062,	-0.0186753,	-0.369807,	-0.5278,	0.56095,	-0.07448,	37115,	-259,	-4,	-484,	37095,	120,	-5,	-121,	37085,	52,	-31,	-324,	
1,	-3,	708110,	1.65255e+015,	0,	1,	3,	5,	-2,	0,	-2,	1,	1.65255e+009,	-0.991229,	-0.368368,	-0.345038,	-0.0263648,	-0.755154,	-0.204712,	-0.0213908,	0.112087,	-0.783769,	-0.234507,	-0.0222682,	-0.0111227,	-0.803355,	-0.293614,	-0.0223274,	-0.0894831,	-0.583338,	-0.376062,	-0.0186753,	-0.369807,	-0.5278,	0.56095,	-0.07448,	37125,	-259,	-4,	-486,	37105,	121,	-5,	-121,	37095,	50,	-32,	-324,	
1,	-3,	708188,	1.65255e+015,	-3,	-5,	2,	2,	0,	1,	0,	0,	1.65255e+009,	-0.991229,	-0.368368,	-0.345038,	-0.0263648,	-0.755154,	-0.204712,	-0.0213908,	0.112087,	-0.783769,	-0.234507,	-0.0222682,	-0.0111227,	-0.803355,	-0.293614,	-0.0223274,	-0.0894831,	-0.583338,	-0.376062,	-0.0186753,	-0.369807,	-0.5278,	0.56095,	-0.07448,	37135,	-257,	-4,	-488,	37115,	121,	-5,	-122,	37105,	51,	-31,	-325,	
1,	-3,	708266,	1.65255e+015,	1,	0,	-2,	-1,	-1,	0,	-2,	-2,	1.65255e+009,	-0.991229,	-0.368368,	-0.345038,	-0.0263648,	-0.755154,	-0.204712,	-0.0213908,	0.112087,	-0.783769,	-0.234507,	-0.0222682,	-0.0111227,	-0.803355,	-0.293614,	-0.0223274,	-0.0894831,	-0.583338,	-0.376062,	-0.0186753,	-0.369807,	-0.5278,	0.56095,	-0.07448,	37145,	-257,	-5,	-488,	37125,	121,	-4,	-122,	37115,	51,	-32,	-325,	
1,	-3,	708344,	1.65255e+015,	-1,	-3,	-2,	-5,	-1,	-1,	0,	-1,	1.65255e+009,	-0.991229,	-0.368368,	-0.345038,	-0.0263648,	-0.755154,	-0.204712,	-0.0213908,	0.112087,	-0.783769,	-0.234507,	-0.0222682,	-0.0111227,	-0.803355,	-0.293614,	-0.0223274,	-0.0894831,	-0.583338,	-0.376062,	-0.0186753,	-0.369807,	-0.5278,	0.56095,	-0.07448,	37155,	-257,	-6,	-489,	37135,	121,	-5,	-123,	37125,	52,	-33,	-327,	
1,	-3,	708422,	1.65255e+015,	-1,	-2,	1,	-10,	-4,	-3,	-1,	-1,	1.65255e+009,	-0.991229,	-0.368368,	-0.345038,	-0.0263648,	-0.755154,	-0.204712,	-0.0213908,	0.112087,	-0.783769,	-0.234507,	-0.0222682,	-0.0111227,	-0.803355,	-0.293614,	-0.0223274,	-0.0894831,	-0.583338,	-0.376062,	-0.0186753,	-0.369807,	-0.5278,	0.56095,	-0.07448,	37165,	-258,	-5,	-487,	37145,	122,	-5,	-124,	37135,	52,	-31,	-328,	
1,	-3,	708500,	1.65255e+015,	0,	-1,	3,	4,	3,	1,	-1,	-1,	1.65255e+009,	-0.991229,	-0.368368,	-0.345038,	-0.0263648,	-0.755154,	-0.204712,	-0.0213908,	0.112087,	-0.783769,	-0.234507,	-0.0222682,	-0.0111227,	-0.803355,	-0.293614,	-0.0223274,	-0.0894831,	-0.583338,	-0.376062,	-0.0186753,	-0.369807,	-0.5278,	0.56095,	-0.07448,	37175,	-259,	-5,	-487,	37155,	121,	-5,	-124,	37145,	53,	-31,	-328,	
1,	-3,	708563,	1.65255e+015,	-3,	-3,	-5,	-6,	-1,	-1,	1,	-2,	1.65255e+009,	-0.991229,	-0.368368,	-0.345038,	-0.0263648,	-0.755154,	-0.204712,	-0.0213908,	0.112087,	-0.862619,	-0.234507,	-0.0222682,	-0.0111227,	-0.803355,	-0.293614,	-0.0223274,	-0.0894831,	-0.583338,	-0.376062,	-0.0186753,	-0.369807,	-0.5278,	0.56095,	-0.07448,	37185,	-259,	-4,	-486,	37165,	121,	-6,	-124,	37155,	53,	-30,	-328,	
1,	-3,	708641,	1.65255e+015,	2,	10,	5,	6,	4,	3,	1,	2,	1.65255e+009,	-0.991229,	-0.368368,	-0.345038,	-0.0263648,	-0.755154,	-0.204712,	-0.0213908,	0.112087,	-0.862619,	-0.234507,	-0.0222682,	-0.0111227,	-0.803355,	-0.293614,	-0.0223274,	-0.0894831,	-0.583338,	-0.376062,	-0.0186753,	-0.369807,	-0.5278,	0.56095,	-0.07448,	37195,	-261,	-4,	-485,	37175,	121,	-6,	-125,	37165,	52,	-31,	-329,	
1,	-3,	708704,	1.65255e+015,	1,	1,	3,	3,	1,	-3,	-2,	-1,	1.65255e+009,	-0.991229,	-0.368368,	-0.345038,	-0.0263648,	-0.755154,	-0.204712,	-0.0213908,	0.112087,	-0.862619,	-0.234507,	-0.0222682,	-0.0111227,	-0.803355,	-0.293614,	-0.0223274,	-0.0894831,	-0.583338,	-0.376062,	-0.0186753,	-0.369807,	-0.5278,	0.56095,	-0.07448,	37205,	-260,	-3,	-485,	37185,	120,	-6,	-125,	37175,	53,	-31,	-329,	
1,	-3,	708782,	1.65255e+015,	-1,	-1,	-1,	-1,	-2,	-2,	-1,	0,	1.65255e+009,	-0.991229,	-0.368368,	-0.345038,	-0.0263648,	-0.755154,	-0.204712,	-0.0213908,	0.112087,	-0.862619,	-0.234507,	-0.0222682,	-0.0111227,	-0.803355,	-0.293614,	-0.0223274,	-0.0894831,	-0.583338,	-0.376062,	-0.0186753,	-0.369807,	-0.5278,	0.56095,	-0.07448,	37215,	-260,	-3,	-484,	37195,	121,	-4,	-125,	37185,	53,	-31,	-328,	
1,	-3,	708860,	1.65255e+015,	-4,	-12,	-5,	-3,	-2,	2,	0,	-3,	1.65255e+009,	-0.991229,	-0.368368,	-0.345038,	-0.0263648,	-0.755154,	-0.204712,	-0.0213908,	0.112087,	-0.862619,	-0.234507,	-0.0222682,	-0.0111227,	-0.803355,	-0.293614,	-0.0223274,	-0.0894831,	-0.583338,	-0.376062,	-0.0186753,	-0.369807,	-0.5278,	0.56095,	-0.07448,	37225,	-259,	-3,	-483,	37205,	121,	-6,	-125,	37195,	53,	-32,	-328,	
1,	-3,	708922,	1.65255e+015,	-1,	-4,	-6,	-3,	0,	-1,	0,	-1,	1.65255e+009,	-0.991229,	-0.368368,	-0.345038,	-0.0263648,	-0.755154,	-0.204712,	-0.0213908,	0.112087,	-0.862619,	-0.234507,	-0.0222682,	-0.0111227,	-0.803355,	-0.293614,	-0.0223274,	-0.0894831,	-0.583338,	-0.376062,	-0.0186753,	-0.369807,	-0.5278,	0.56095,	-0.07448,	37235,	-258,	-4,	-484,	37215,	122,	-5,	-125,	37205,	53,	-32,	-329,	
1,	-3,	709000,	1.65255e+015,	2,	6,	0,	11,	1,	0,	1,	0,	1.65255e+009,	-0.991229,	-0.368368,	-0.345038,	-0.0263648,	-0.755154,	-0.204712,	-0.0213908,	0.112087,	-0.862619,	-0.234507,	-0.0222682,	-0.0111227,	-0.803355,	-0.293614,	-0.0223274,	-0.0894831,	-0.583338,	-0.376062,	-0.0186753,	-0.369807,	-0.5278,	0.56095,	-0.07448,	37245,	-259,	-6,	-484,	37225,	121,	-7,	-125,	37215,	53,	-33,	-329,	
1,	-3,	709079,	1.65255e+015,	2,	5,	5,	4,	2,	0,	0,	1,	1.65255e+009,	-0.991229,	-0.368368,	-0.345038,	-0.0263648,	-0.755154,	-0.204712,	-0.0213908,	0.112087,	-0.862619,	-0.234507,	-0.0222682,	-0.0111227,	-0.803355,	-0.293614,	-0.0223274,	-0.0894831,	-0.583338,	-0.376062,	-0.0186753,	-0.369807,	-0.5278,	0.56095,	-0.07448,	37255,	-259,	-5,	-484,	37235,	122,	-7,	-125,	37225,	52,	-33,	-328,	
2,	-3,	709188,	1.65255e+015,	-3,	-11,	-5,	-10,	-3,	-1,	0,	0,	1.65255e+009,	-0.991229,	-0.368368,	-0.345038,	-0.0263648,	-0.755154,	-0.204712,	-0.0213908,	0.112087,	-0.862619,	-0.234507,	-0.0222682,	-0.0111227,	-0.803355,	-0.293614,	-0.0223274,	-0.0894831,	-0.583338,	-0.376062,	-0.0186753,	-0.369807,	-0.5278,	0.56095,	-0.07448,	37265,	-260,	-5,	-483,	37245,	122,	-7,	-124,	37235,	52,	-34,	-327,	
2,	-3,	709250,	1.65255e+015,	2,	0,	4,	13,	4,	0,	0,	0,	1.65255e+009,	-0.991229,	-0.368368,	-0.345038,	-0.0263648,	-0.755154,	-0.204712,	-0.0213908,	0.112087,	-0.862619,	-0.234507,	-0.0222682,	-0.0111227,	-0.803355,	-0.293614,	-0.0223274,	-0.0894831,	-0.583338,	-0.376062,	-0.0186753,	-0.369807,	-0.5278,	0.56095,	-0.07448,	37275,	-261,	-4,	-484,	37255,	122,	-6,	-123,	37245,	52,	-33,	-327,	
2,	-3,	709329,	1.65255e+015,	1,	4,	-8,	-3,	-5,	-2,	-1,	-1,	1.65255e+009,	-0.991229,	-0.368368,	-0.345038,	-0.0263648,	-0.755154,	-0.204712,	-0.0213908,	0.112087,	-0.862619,	-0.234507,	-0.0222682,	-0.0111227,	-0.803355,	-0.293614,	-0.0223274,	-0.0894831,	-0.583338,	-0.376062,	-0.0186753,	-0.369807,	-0.5278,	0.56095,	-0.07448,	37285,	-260,	-3,	-484,	37265,	123,	-6,	-123,	37255,	52,	-33,	-327,	
2,	-3,	709407,	1.65255e+015,	-1,	-4,	6,	0,	-1,	-1,	0,	-1,	1.65255e+009,	-0.991229,	-0.368368,	-0.345038,	-0.0263648,	-0.755154,	-0.204712,	-0.0213908,	0.112087,	-0.862619,	-0.234507,	-0.0222682,	-0.0111227,	-0.803355,	-0.293614,	-0.0223274,	-0.0894831,	-0.583338,	-0.376062,	-0.0186753,	-0.369807,	-0.5278,	0.56095,	-0.07448,	37295,	-259,	-4,	-485,	37275,	122,	-8,	-123,	37265,	53,	-33,	-327,	
2,	-3,	709469,	1.65255e+015,	-2,	-4,	-12,	-11,	-3,	0,	0,	-2,	1.65255e+009,	-0.991229,	-0.368368,	-0.345038,	-0.0263648,	-0.755154,	-0.204712,	-0.0213908,	0.112087,	-0.862619,	-0.234507,	-0.0222682,	-0.0111227,	-0.803355,	-0.293614,	-0.0223274,	-0.0894831,	-0.583338,	-0.376062,	-0.0186753,	-0.369807,	-0.5278,	0.56095,	-0.07448,	37305,	-258,	-4,	-485,	37285,	122,	-7,	-123,	37275,	52,	-34,	-326,	
2,	-3,	709547,	1.65255e+015,	-2,	2,	-9,	-7,	-2,	-1,	0,	0,	1.65255e+009,	-0.991229,	-0.368368,	-0.345038,	-0.0263648,	-0.755154,	-0.204712,	-0.0213908,	0.112087,	-0.862619,	-0.234507,	-0.0222682,	-0.0111227,	-0.803355,	-0.293614,	-0.0223274,	-0.0894831,	-0.583338,	-0.376062,	-0.0186753,	-0.369807,	-0.5278,	0.56095,	-0.07448,	37315,	-257,	-5,	-486,	37295,	121,	-7,	-123,	37285,	52,	-34,	-326,	
2,	-3,	709610,	1.65255e+015,	5,	12,	31,	12,	1,	-3,	0,	0,	1.65255e+009,	-0.991229,	-0.368368,	-0.345038,	-0.0263648,	-0.755154,	-0.204712,	-0.0213908,	0.112087,	-0.862619,	-0.234507,	-0.0222682,	-0.0111227,	-0.803355,	-0.293614,	-0.0223274,	-0.0894831,	-0.583338,	-0.376062,	-0.0186753,	-0.369807,	-0.5278,	0.56095,	-0.07448,	37325,	-256,	-5,	-487,	37305,	121,	-9,	-123,	37295,	54,	-33,	-327,	
2,	-3,	709704,	1.65255e+015,	35,	9,	-6,	27,	3,	1,	4,	18,	1.65255e+009,	-0.991229,	-0.368368,	-0.345038,	-0.00172479,	-0.819218,	-0.26582,	-0.0225781,	0.0884771,	-0.767999,	-0.234507,	-0.0222682,	-0.0169888,	-0.803355,	-0.293614,	-0.0223274,	-0.0539513,	-0.583338,	-0.440127,	-0.0128339,	-0.269221,	-0.5278,	0.56095,	-0.07448,	37335,	-256,	-5,	-487,	37315,	123,	-9,	-124,	37305,	53,	-34,	-327,	
2,	-3,	709782,	1.65255e+015,	11,	42,	0,	20,	7,	7,	1,	7,	1.65255e+009,	-0.991229,	-0.491568,	-0.345038,	0.0574112,	-0.819218,	-0.342205,	-0.0207015,	0.0406529,	-0.610299,	-0.314339,	-0.0218188,	-0.022671,	-0.586525,	-0.293614,	-0.0223274,	0.00542048,	-0.583338,	-0.491379,	-0.00626944,	-0.0974831,	-0.5278,	0.56095,	-0.07448,	37345,	-256,	-5,	-487,	37325,	123,	-10,	-124,	37315,	54,	-33,	-328,	
2,	-3,	709860,	1.65255e+015,	-2,	6,	6,	12,	3,	4,	3,	-3,	1.65255e+009,	-0.991229,	-0.713328,	-0.609182,	0.0820512,	-0.755154,	-0.632468,	-0.0204854,	-0.021838,	-0.231819,	-0.533876,	-0.000448713,	-0.0430199,	-0.348012,	-0.382319,	-0.0182206,	0.109266,	-0.583338,	-0.555444,	-0.0043002,	0.07733,	-0.5278,	0.56095,	-0.07448,	37355,	-258,	-4,	-487,	37335,	123,	-11,	-125,	37325,	54,	-32,	-329,	
2,	-3,	709938,	1.65255e+015,	-38,	12,	62,	-5,	-15,	-6,	4,	-11,	1.65255e+009,	-0.991229,	-0.836528,	-0.757763,	0.101763,	-0.675074,	-0.739407,	-0.049252,	-0.0360444,	-0.0741191,	-0.633667,	-0.0207673,	-0.0461363,	-0.26128,	-0.737139,	-0.0485659,	0.129805,	-0.671058,	-0.657948,	-0.0266753,	0.12744,	-0.4823,	0.52643,	-0.07448,	37365,	-259,	-4,	-486,	37345,	123,	-11,	-125,	37335,	55,	-33,	-329,	
2,	-3,	710016,	1.65255e+015,	40,	-2,	16,	-1,	-1,	2,	7,	7,	1.65255e+009,	-1.05135,	-0.836528,	-0.856817,	0.101763,	-0.402802,	-0.953285,	-0.128742,	-0.0546508,	0.178201,	-1.03283,	-0.165773,	-0.0536527,	-0.26128,	-1.14518,	-0.22498,	0.163687,	-0.671058,	-0.824517,	-0.077377,	0.161321,	-0.4823,	0.52643,	-0.07448,	37375,	-259,	-4,	-486,	37355,	123,	-11,	-126,	37345,	56,	-31,	-329,	
2,	-3,	710094,	1.65255e+015,	-42,	-39,	16,	-2,	-1,	-3,	-2,	-8,	1.65255e+009,	-1.24674,	-0.836528,	-0.625691,	0.126403,	-0.274674,	-0.953285,	-0.128742,	-0.0634508,	0.0835809,	-1.25236,	-0.288991,	-0.0624527,	-0.521476,	-1.32259,	-0.334919,	0.190371,	-0.780708,	-0.952647,	-0.128461,	0.158435,	-0.5187,	0.52643,	-0.07448,	37385,	-258,	-4,	-486,	37365,	122,	-10,	-126,	37355,	55,	-31,	-330,	
2,	-3,	710172,	1.65255e+015,	-10,	3,	-4,	-1,	5,	6,	2,	-11,	1.65255e+009,	-1.39704,	-0.491568,	-0.163439,	0.126403,	-0.274674,	-0.861623,	-0.0910902,	-0.0458507,	-0.405289,	-1.25236,	-0.288991,	-0.0448526,	-0.716623,	-1.4113,	-0.397442,	0.137003,	-0.780708,	-0.952647,	-0.128461,	0.0340993,	-0.364,	0.52643,	-0.07448,	37395,	-257,	-4,	-487,	37375,	122,	-11,	-125,	37365,	55,	-31,	-329,	
2,	-3,	710250,	1.65255e+015,	5,	4,	48,	14,	3,	1,	1,	4,	1.65255e+009,	-1.20165,	-0.0973279,	-0.0643851,	0.0919072,	-0.675074,	-0.861623,	-0.0910902,	0.0231106,	-0.657609,	-1.25236,	-0.288991,	-0.0246873,	-0.716623,	-1.30485,	-0.323019,	0.0270602,	-0.780708,	-0.952647,	-0.128461,	-0.0994994,	-0.3094,	0.56095,	-0.07448,	37405,	-257,	-4,	-488,	37385,	122,	-8,	-125,	37375,	56,	-31,	-330,	
2,	-3,	710329,	1.65255e+015,	17,	6,	-14,	-16,	-5,	-2,	3,	11,	1.65255e+009,	-0.615479,	-0.195888,	-0.279002,	-0.134781,	-1.13954,	-0.785238,	-0.0638211,	0.0811437,	-0.720689,	-0.813289,	-0.0734012,	-0.0243222,	-0.499793,	-0.75488,	-0.0540203,	-0.0317147,	-0.429828,	-0.657948,	-0.0266753,	-0.158274,	-0.4186,	0.56095,	-0.07448,	37415,	-257,	-5,	-488,	37395,	122,	-7,	-125,	37385,	56,	-32,	-331,	
2,	-3,	710407,	1.65255e+015,	-22,	-37,	72,	-55,	-29,	-17,	-3,	-5,	1.65255e+009,	-0.374999,	-0.737968,	-0.823799,	-0.139709,	-1.23563,	-0.922731,	-0.115594,	0.0894834,	-0.657609,	-0.613708,	-0.0161938,	-0.0270725,	-0.391378,	-0.559729,	-0.00510089,	-0.034465,	-0.342108,	-0.45294,	-0.0113504,	-0.131455,	-0.4186,	0.56095,	-0.07448,	37425,	-257,	-4,	-488,	37405,	125,	-8,	-125,	37395,	55,	-32,	-331,	
2,	-3,	710485,	1.65255e+015,	-15,	-28,	-11,	0,	1,	0,	1,	-3,	1.65255e+009,	-0.810869,	-0.885808,	-1.187,	-0.0312928,	-0.995394,	-1.13661,	-0.220178,	0.0445925,	-0.326439,	-0.414129,	-0.0155211,	-0.0298214,	-0.282963,	-0.329096,	-0.021289,	0.0160121,	-0.342108,	-0.337623,	-0.0209194,	-0.0454935,	-0.3458,	0.56095,	-0.07448,	37435,	-257,	-5,	-489,	37415,	124,	-10,	-126,	37405,	55,	-33,	-332,	
2,	-3,	710563,	1.65255e+015,	55,	25,	-29,	-7,	3,	4,	4,	-3,	1.65255e+009,	-0.901049,	-0.885808,	-1.187,	0.0623392,	-0.53093,	-0.983839,	-0.142488,	-0.0379136,	-0.0898891,	-0.29438,	-0.0223135,	-0.0435695,	-0.174548,	-0.240391,	-0.0223744,	0.126458,	-0.429828,	-0.337623,	-0.0209194,	0.0945224,	-0.4368,	0.52643,	-0.07448,	56995,	-277,	-11,	-431,	57035,	139,	-16,	-110,	57015,	63,	-27,	-315,	
2,	-3,	710641,	1.65255e+015,	-5,	1,	-1,	7,	1,	2,	1,	2,	1.65255e+009,	-1.02129,	-0.885808,	-0.6422,	0.0869792,	-0.386786,	-0.41859,	-0.0150907,	-0.0555136,	0.0205009,	-0.19459,	-0.0209634,	-0.0611695,	-0.47811,	-0.346837,	-0.0204676,	0.179826,	-0.627198,	-0.491379,	-0.00626944,	0.14789,	-0.546,	0.52643,	-0.07448,	57005,	-278,	-12,	-430,	57045,	140,	-17,	-109,	57025,	63,	-28,	-315,	
2,	-3,	710719,	1.65255e+015,	-24,	-1,	-1,	20,	-3,	-4,	-2,	-4,	1.65255e+009,	-1.09644,	-0.639408,	-0.295511,	0.0869792,	-0.643042,	-0.326928,	-0.0213756,	0.038985,	-0.499909,	-0.314339,	-0.0218188,	-0.022121,	-0.564842,	-0.595211,	-0.0121824,	0.00597054,	-0.714918,	-0.568256,	-0.00672934,	-0.102847,	-0.3822,	0.52643,	-0.07448,	57015,	-278,	-12,	-427,	57055,	140,	-20,	-109,	57035,	63,	-28,	-315,	
2,	-3,	710797,	1.65255e+015,	0,	0,	0,	18,	4,	2,	-2,	-1,	1.65255e+009,	-1.09644,	-0.393008,	-0.295511,	0.0475552,	-0.915314,	-0.326928,	-0.0213756,	0.0938834,	-0.846849,	-0.39417,	-0.0172905,	-0.0226725,	-0.803355,	-0.595211,	-0.0121824,	-0.047807,	-0.714918,	-0.619509,	-0.0174966,	-0.274905,	-0.3367,	0.56958,	-0.07448,	57025,	-279,	-12,	-425,	57065,	141,	-20,	-108,	57045,	63,	-31,	-315,	
2,	-3,	710875,	1.65255e+015,	-1,	-1,	0,	5,	5,	2,	0,	0,	1.65255e+009,	-1.09644,	-0.393008,	-0.295511,	0.0229152,	-0.947346,	-0.403313,	-0.0165116,	0.0997501,	-0.957239,	-0.39417,	-0.0172905,	-0.0168058,	-0.803355,	-0.595211,	-0.0121824,	-0.0655963,	-0.714918,	-0.619509,	-0.0174966,	-0.292694,	-0.3367,	0.56958,	-0.07448,	57035,	-281,	-12,	-424,	57075,	142,	-20,	-107,	57055,	64,	-33,	-314,	
2,	-3,	710954,	1.65255e+015,	-1,	3,	7,	13,	4,	0,	-2,	0,	1.65255e+009,	-1.09644,	-0.393008,	-0.295511,	0.0229152,	-0.947346,	-0.403313,	-0.0165116,	0.0997501,	-0.988779,	-0.39417,	-0.0172905,	-0.0168058,	-0.803355,	-0.595211,	-0.0121824,	-0.0655963,	-0.714918,	-0.619509,	-0.0174966,	-0.292694,	-0.3367,	0.56958,	-0.07448,	57045,	-282,	-11,	-422,	57085,	143,	-19,	-105,	57065,	63,	-33,	-313,	
2,	-3,	711032,	1.65255e+015,	-1,	-2,	-1,	1,	-1,	-3,	-3,	-3,	1.65255e+009,	-1.09644,	-0.393008,	-0.295511,	0.0229152,	-0.947346,	-0.403313,	-0.0165116,	0.0997501,	-0.988779,	-0.39417,	-0.0172905,	-0.0168058,	-0.803355,	-0.595211,	-0.0121824,	-0.0655963,	-0.714918,	-0.619509,	-0.0174966,	-0.292694,	-0.3367,	0.56958,	-0.07448,	57055,	-284,	-10,	-421,	57095,	141,	-19,	-105,	57075,	62,	-33,	-312,	
2,	-3,	711110,	1.65255e+015,	0,	2,	1,	-3,	-1,	-2,	0,	0,	1.65255e+009,	-1.03632,	-0.393008,	-0.295511,	0.0229152,	-0.947346,	-0.403313,	-0.0165116,	0.0997501,	-0.988779,	-0.39417,	-0.0172905,	-0.0168058,	-0.803355,	-0.595211,	-0.0121824,	-0.0655963,	-0.714918,	-0.619509,	-0.0174966,	-0.292694,	-0.3822,	0.56958,	-0.07448,	57065,	-284,	-10,	-420,	57105,	140,	-18,	-104,	57085,	61,	-34,	-312,	
2,	-3,	711188,	1.65255e+015,	-1,	0,	9,	1,	-4,	-4,	-1,	0,	1.65255e+009,	-1.03632,	-0.393008,	-0.295511,	0.0229152,	-0.947346,	-0.403313,	-0.0165116,	0.0997501,	-0.988779,	-0.39417,	-0.0172905,	-0.0168058,	-0.803355,	-0.595211,	-0.0121824,	-0.0655963,	-0.714918,	-0.619509,	-0.0174966,	-0.292694,	-0.3822,	0.56958,	-0.07448,	57075,	-284,	-10,	-419,	57115,	141,	-18,	-103,	57095,	60,	-34,	-312,	
2,	-3,	711282,	1.65255e+015,	5,	9,	-1,	-11,	-5,	-1,	0,	1,	1.65255e+009,	-1.03632,	-0.393008,	-0.295511,	0.0229152,	-0.947346,	-0.403313,	-0.0165116,	0.0997501,	-0.988779,	-0.314339,	-0.0218188,	-0.0168058,	-0.91177,	-0.275873,	-0.0225445,	-0.0655963,	-0.714918,	-0.465753,	-0.0097618,	-0.292694,	-0.455,	0.56958,	-0.07448,	57085,	-286,	-11,	-418,	57125,	141,	-19,	-100,	57105,	60,	-32,	-311,	
2,	-3,	711360,	1.65255e+015,	1,	3,	20,	13,	2,	-3,	-4,	0,	1.65255e+009,	-0.961169,	-0.491568,	-0.361547,	0.0229152,	-1.04344,	-0.174158,	-0.0199009,	0.0568719,	-1.0834,	-0.0349265,	-0.00554715,	-0.039722,	-0.91177,	0.0434654,	0.00799367,	0.0238535,	-0.714918,	-0.145428,	-0.0179549,	-0.0672221,	-0.6552,	0.56958,	-0.07448,	57095,	-287,	-12,	-416,	57135,	139,	-20,	-98,	57115,	59,	-32,	-310,	
2,	-3,	711438,	1.65255e+015,	-5,	5,	25,	7,	1,	0,	-2,	-10,	1.65255e+009,	-0.961169,	-0.737968,	-0.361547,	-0.0214368,	-1.04344,	-0.11305,	-0.0151288,	0.0133321,	-0.941469,	0.0449055,	0.00827922,	-0.0721718,	-0.803355,	0.0434654,	0.00799367,	0.13334,	-0.583338,	-0.0685495,	-0.0101497,	0.0659201,	-0.6552,	0.56958,	-0.07448,	57105,	-289,	-12,	-414,	57145,	138,	-21,	-96,	57125,	58,	-31,	-308,	
2,	-3,	711516,	1.65255e+015,	-10,	-9,	-86,	-38,	-8,	-4,	-9,	-3,	1.65255e+009,	-0.961169,	-0.737968,	-0.361547,	-0.0214368,	-0.93133,	-0.0519418,	-0.00796677,	-0.0186756,	-0.799539,	0.124738,	0.0261844,	-0.0908715,	-0.673257,	0.0434654,	0.00799367,	0.20335,	-0.473688,	-0.0172975,	-0.00284483,	0.13593,	-0.6552,	0.56958,	-0.07448,	57115,	-289,	-13,	-413,	57155,	139,	-21,	-95,	57135,	57,	-30,	-308,	
2,	-3,	711610,	1.65255e+015,	-14,	-14,	1,	11,	-1,	3,	-5,	-2,	1.65255e+009,	-0.886019,	-0.737968,	-0.361547,	-0.0460768,	-0.93133,	-0.0519418,	-0.00796677,	-0.0402153,	-0.594529,	0.124738,	0.0261844,	-0.101321,	-0.564842,	0.13217,	0.0280591,	0.246126,	-0.364038,	-0.0172975,	-0.00284483,	0.231933,	-0.6006,	0.53506,	-0.07448,	57125,	-291,	-14,	-413,	57165,	139,	-21,	-94,	57145,	57,	-31,	-307,	
2,	-3,	711704,	1.65255e+015,	15,	-12,	-25,	-45,	-10,	-11,	-4,	0,	1.65255e+009,	-0.886019,	-0.737968,	-0.361547,	-0.0460768,	-0.77117,	0.0244432,	0.00434653,	-0.0475487,	-0.421059,	0.124738,	0.0261844,	-0.108655,	-0.456427,	0.13217,	0.0280591,	0.268363,	-0.364038,	-0.0172975,	-0.00284483,	0.277825,	-0.5278,	0.53506,	-0.07448,	57135,	-292,	-15,	-411,	57175,	139,	-20,	-93,	57155,	56,	-31,	-306,	
2,	-3,	711782,	1.65255e+015,	7,	18,	-10,	-4,	-1,	0,	0,	14,	1.65255e+009,	-0.886019,	-0.737968,	-0.361547,	-0.0460768,	-0.514914,	0.0244432,	0.00434653,	-0.0558884,	-0.279129,	0.124738,	0.0261844,	-0.105904,	-0.456427,	0.13217,	0.0280591,	0.271113,	-0.364038,	-0.0172975,	-0.00284483,	0.280576,	-0.5005,	0.53506,	-0.07448,	57145,	-291,	-15,	-410,	57185,	137,	-19,	-93,	57165,	57,	-32,	-307,	
2,	-3,	711860,	1.65255e+015,	1,	-6,	3,	59,	7,	4,	1,	2,	1.65255e+009,	-0.795839,	-0.614768,	-0.361547,	-0.0460768,	-0.514914,	0.0244432,	0.00434653,	-0.0231612,	-0.610299,	0.124738,	0.0261844,	-0.0620871,	-0.868404,	0.13217,	0.0280591,	0.149338,	-0.671058,	-0.171054,	-0.0197161,	0.0464347,	-0.5733,	0.53506,	-0.07448,	57155,	-294,	-15,	-410,	57195,	137,	-18,	-93,	57175,	57,	-31,	-307,	
2,	-3,	711938,	1.65255e+015,	0,	-6,	-3,	1,	0,	-1,	0,	0,	1.65255e+009,	-0.720689,	-0.614768,	-0.361547,	-0.0460768,	-0.514914,	0.0244432,	0.00434653,	0.013649,	-0.689149,	0.0449055,	0.00827922,	-0.0430209,	-0.976819,	-0.0452396,	-0.00703581,	0.0737806,	-0.758778,	-0.299184,	-0.0222177,	-0.052779,	-0.5369,	0.56958,	-0.07448,	57165,	-292,	-15,	-410,	57205,	137,	-16,	-94,	57185,	55,	-31,	-309,	
2,	-3,	712000,	1.65255e+015,	3,	5,	3,	-2,	-1,	-1,	-1,	1,	1.65255e+009,	-0.720689,	-0.516208,	-0.361547,	-0.0657888,	-0.69109,	-0.0519418,	-0.00796677,	0.0531335,	-0.689149,	-0.0548845,	-0.00836643,	-0.0345884,	-0.976819,	-0.204909,	-0.0213985,	0.0171591,	-0.758778,	-0.363249,	-0.0195284,	-0.144885,	-0.5369,	0.56958,	-0.0588,	57175,	-294,	-16,	-412,	57215,	136,	-15,	-95,	57195,	56,	-29,	-310,	
2,	-3,	712079,	1.65255e+015,	2,	-6,	-15,	17,	3,	2,	1,	1,	1.65255e+009,	-0.720689,	-0.516208,	-0.361547,	-0.0657888,	-0.69109,	-0.128327,	-0.0165459,	0.0702732,	-0.783769,	-0.154675,	-0.0186389,	-0.0285387,	-0.976819,	-0.275873,	-0.0225445,	-0.0122752,	-0.758778,	-0.363249,	-0.0195284,	-0.209803,	-0.5369,	0.56958,	-0.0588,	57185,	-293,	-15,	-412,	57225,	135,	-14,	-95,	57205,	56,	-29,	-311,	
2,	-3,	712141,	1.65255e+015,	-1,	-1,	1,	-4,	-2,	0,	-2,	-3,	1.65255e+009,	-0.720689,	-0.516208,	-0.361547,	-0.0657888,	-0.77117,	-0.128327,	-0.0165459,	0.0786129,	-0.862619,	-0.154675,	-0.0186389,	-0.031289,	-0.976819,	-0.275873,	-0.0225445,	-0.0150255,	-0.758778,	-0.414501,	-0.0154857,	-0.212553,	-0.5369,	0.56958,	-0.0588,	57195,	-292,	-16,	-413,	57235,	135,	-14,	-95,	57215,	55,	-29,	-312,	
2,	-3,	712204,	1.65255e+015,	0,	1,	-13,	-4,	-2,	-2,	-1,	-1,	1.65255e+009,	-0.720689,	-0.516208,	-0.361547,	-0.0657888,	-0.77117,	-0.128327,	-0.0165459,	0.0786129,	-0.862619,	-0.154675,	-0.0186389,	-0.031289,	-0.976819,	-0.275873,	-0.0225445,	-0.0150255,	-0.758778,	-0.414501,	-0.0154857,	-0.236209,	-0.5369,	0.56958,	-0.0588,	57205,	-291,	-16,	-415,	57245,	135,	-15,	-96,	57225,	55,	-29,	-313,	
2,	-3,	712266,	1.65255e+015,	-9,	-10,	4,	-1,	-5,	-4,	3,	-10,	1.65255e+009,	-0.720689,	-0.516208,	-0.361547,	-0.0657888,	-0.77117,	-0.128327,	-0.0165459,	0.0844796,	-0.862619,	-0.154675,	-0.0186389,	-0.0254223,	-0.976819,	-0.275873,	-0.0225445,	-0.0328148,	-0.758778,	-0.414501,	-0.0154857,	-0.253998,	-0.5369,	0.56958,	-0.0588,	57215,	-290,	-16,	-417,	57255,	134,	-15,	-97,	57235,	54,	-28,	-313,	
2,	-3,	712329,	1.65255e+015,	-2,	-6,	-5,	-4,	-4,	-7,	-26,	-21,	1.65255e+009,	-0.720689,	-0.516208,	-0.361547,	-0.0657888,	-0.562962,	-0.0366648,	-0.00580284,	0.0627964,	-0.862619,	-0.154675,	-0.0186389,	-0.0182715,	-0.976819,	-0.275873,	-0.0225445,	-0.025664,	-0.758778,	-0.414501,	-0.0154857,	-0.246848,	-0.5824,	0.56958,	-0.0588,	57225,	-290,	-16,	-419,	57265,	135,	-15,	-98,	57245,	55,	-28,	-314,	
2,	-3,	712407,	1.65255e+015,	7,	1,	6,	2,	2,	0,	-1,	-12,	1.65255e+009,	-0.660569,	-0.516208,	-0.361547,	-0.0657888,	-0.306706,	0.0397202,	0.00725729,	0.0394453,	-0.862619,	-0.154675,	-0.0186389,	-0.0105706,	-0.976819,	-0.275873,	-0.0225445,	-0.0179631,	-0.758778,	-0.414501,	-0.0154857,	-0.239147,	-0.637,	0.56958,	-0.0588,	57235,	-288,	-16,	-421,	57275,	136,	-15,	-100,	57255,	55,	-28,	-316,	
2,	-3,	712469,	1.65255e+015,	-8,	-10,	-4,	0,	0,	5,	5,	-1,	1.65255e+009,	-0.660569,	-0.516208,	-0.361547,	-0.0657888,	-0.0824823,	0.0397202,	0.00725729,	0.0227659,	-0.862619,	-0.0548845,	-0.00836643,	-0.00506997,	-0.976819,	-0.275873,	-0.0225445,	-0.0124625,	-0.758778,	-0.363249,	-0.0195284,	-0.233646,	-0.6825,	0.56958,	-0.0588,	57245,	-289,	-16,	-422,	57285,	137,	-15,	-100,	57265,	57,	-27,	-317,	
2,	-3,	712547,	1.65255e+015,	2,	7,	0,	-1,	-4,	-6,	-5,	-7,	1.65255e+009,	-0.600448,	-0.516208,	-0.361547,	-0.0855008,	-0.0824823,	0.100828,	0.020394,	0.0227659,	-0.862619,	-0.0548845,	-0.00836643,	-0.00506997,	-0.976819,	-0.275873,	-0.0225445,	-0.0124625,	-0.758778,	-0.363249,	-0.0195284,	-0.233646,	-0.6825,	0.53506,	-0.0588,	57255,	-288,	-16,	-423,	57295,	137,	-13,	-100,	57275,	55,	-27,	-317,	
2,	-3,	712610,	1.65255e+015,	0,	0,	4,	-10,	-3,	-1,	0,	-2,	1.65255e+009,	-0.600448,	-0.516208,	-0.361547,	-0.0855008,	-0.0824823,	0.100828,	0.020394,	0.0227659,	-0.862619,	-0.0548845,	-0.00836643,	-0.00506997,	-0.976819,	-0.275873,	-0.0225445,	-0.0124625,	-0.758778,	-0.363249,	-0.0195284,	-0.233646,	-0.6825,	0.53506,	-0.0588,	57265,	-289,	-17,	-424,	57305,	135,	-12,	-99,	57285,	56,	-25,	-317,	
2,	-3,	712688,	1.65255e+015,	1,	1,	-8,	-14,	-1,	0,	-1,	-2,	1.65255e+009,	-0.600448,	-0.516208,	-0.361547,	-0.0855008,	-0.29069,	0.100828,	0.020394,	0.0394453,	-0.862619,	-0.0548845,	-0.00836643,	-0.0105706,	-0.976819,	-0.275873,	-0.0225445,	-0.0179631,	-0.758778,	-0.363249,	-0.0195284,	-0.239147,	-0.6461,	0.53506,	-0.0588,	57275,	-287,	-18,	-425,	57315,	134,	-13,	-100,	57295,	55,	-23,	-318,	
2,	-3,	712766,	1.65255e+015,	-6,	-12,	-16,	-20,	-2,	1,	0,	-3,	1.65255e+009,	-0.675599,	-0.516208,	-0.361547,	-0.0855008,	-0.707106,	-0.0519418,	-0.00796677,	0.0694681,	-1.00455,	-0.0548845,	-0.00836643,	-0.0204718,	-0.976819,	-0.275873,	-0.0225445,	-0.0278643,	-0.758778,	-0.363249,	-0.0195284,	-0.249048,	-0.6006,	0.56958,	-0.0588,	57285,	-287,	-18,	-426,	57325,	132,	-11,	-101,	57305,	55,	-24,	-318,	
2,	-3,	712829,	1.65255e+015,	4,	-6,	13,	-13,	5,	4,	-1,	1,	1.65255e+009,	-0.735718,	-0.516208,	-0.361547,	-0.0657888,	-0.963362,	-0.11305,	-0.0151288,	0.0903463,	-1.16225,	-0.174633,	-0.0199286,	-0.0195556,	-0.976819,	-0.275873,	-0.0225445,	-0.0506041,	-0.758778,	-0.363249,	-0.0195284,	-0.271788,	-0.5551,	0.56958,	-0.0588,	57295,	-287,	-19,	-428,	57335,	132,	-12,	-101,	57315,	55,	-24,	-319,	
2,	-3,	712907,	1.65255e+015,	3,	6,	27,	6,	4,	1,	-1,	1,	1.65255e+009,	-0.735718,	-0.516208,	-0.361547,	-0.0657888,	-0.963362,	-0.11305,	-0.0151288,	0.0903463,	-1.16225,	-0.174633,	-0.0199286,	-0.0195556,	-1.06355,	-0.275873,	-0.0225445,	-0.0506041,	-0.758778,	-0.363249,	-0.0195284,	-0.271788,	-0.5551,	0.56958,	-0.0588,	57305,	-286,	-18,	-429,	57345,	133,	-11,	-101,	57325,	55,	-23,	-320,	
2,	-3,	712969,	1.65255e+015,	-6,	4,	-11,	-1,	-2,	-1,	-1,	2,	1.65255e+009,	-0.735718,	-0.516208,	-0.361547,	-0.0657888,	-0.963362,	-0.11305,	-0.0151288,	0.0830129,	-1.16225,	-0.0948005,	-0.0132402,	-0.026889,	-1.06355,	-0.204909,	-0.0213985,	-0.0283675,	-0.758778,	-0.363249,	-0.0195284,	-0.279121,	-0.5551,	0.56958,	-0.0588,	57315,	-286,	-19,	-431,	57355,	133,	-12,	-103,	57335,	57,	-22,	-321,	
2,	-3,	713063,	1.65255e+015,	-9,	-2,	60,	3,	1,	2,	-6,	-11,	1.65255e+009,	-0.735718,	-0.516208,	-0.361547,	-0.0657888,	-0.77117,	-0.11305,	-0.0151288,	0.0551461,	-0.720689,	0.0049895,	0.000856181,	-0.0547558,	-1.06355,	-0.116204,	-0.0154336,	0.0561317,	-0.758778,	-0.363249,	-0.0195284,	-0.194622,	-0.6006,	0.56958,	-0.0588,	57325,	-286,	-19,	-433,	57365,	134,	-12,	-103,	57345,	57,	-21,	-321,	
2,	-3,	713141,	1.65255e+015,	-9,	2,	39,	9,	-1,	-1,	0,	11,	1.65255e+009,	-0.735718,	-0.614768,	-0.361547,	-0.0855008,	-0.498898,	-0.0519418,	-0.00796677,	-6.92262e-005,	-0.342209,	0.104779,	0.0213257,	-0.0833551,	-1.06355,	-0.0274986,	-0.00443279,	0.169468,	-0.671058,	-0.311997,	-0.02189,	-0.0517152,	-0.6552,	0.53506,	-0.0588,	57335,	-285,	-18,	-436,	57375,	133,	-12,	-105,	57355,	58,	-22,	-322,	
2,	-3,	713219,	1.65255e+015,	-29,	5,	-79,	-3,	7,	1,	0,	-5,	1.65255e+009,	-0.660569,	-0.614768,	-0.361547,	-0.0953568,	-0.418818,	-0.0519418,	-0.00796677,	-0.0412217,	-0.263359,	0.184611,	0.04229,	-0.0912376,	-1.06355,	0.0612064,	0.0116039,	0.22664,	-0.671058,	-0.247932,	-0.0224779,	0.00545632,	-0.7462,	0.53506,	-0.0588,	57345,	-283,	-18,	-437,	57385,	134,	-12,	-106,	57365,	58,	-21,	-323,	
2,	-3,	713297,	1.65255e+015,	9,	2,	5,	7,	2,	0,	-4,	-8,	1.65255e+009,	-0.660569,	-0.713328,	-0.361547,	-0.0953568,	-0.338738,	0.0244432,	0.00434653,	-0.0495613,	-0.168739,	0.184611,	0.04229,	-0.0884872,	-1.06355,	0.0612064,	0.0116039,	0.22939,	-0.671058,	-0.247932,	-0.0224779,	0.00820664,	-0.7007,	0.53506,	-0.0588,	57355,	-283,	-18,	-439,	57395,	134,	-10,	-106,	57375,	57,	-21,	-324,	
2,	-3,	713375,	1.65255e+015,	2,	6,	-5,	-18,	1,	0,	-1,	-1,	1.65255e+009,	-0.660569,	-0.713328,	-0.361547,	-0.0953568,	-0.338738,	0.0244432,	0.00434653,	-0.0407613,	-0.168739,	0.184611,	0.04229,	-0.0796872,	-0.976819,	0.0612064,	0.0116039,	0.202706,	-0.671058,	-0.247932,	-0.0224779,	0.00517868,	-0.7007,	0.53506,	-0.0588,	57365,	-283,	-18,	-439,	57405,	134,	-10,	-106,	57385,	57,	-21,	-324,	
2,	-3,	713454,	1.65255e+015,	2,	3,	-1,	9,	1,	0,	-1,	-1,	1.65255e+009,	-0.660569,	-0.614768,	-0.361547,	-0.0953568,	-0.578978,	0.0244432,	0.00434653,	0.0504014,	-0.594529,	0.0848215,	0.016722,	-0.0395385,	-0.890087,	-0.0807216,	-0.0116376,	0.029951,	-0.671058,	-0.311997,	-0.02189,	-0.138007,	-0.455,	0.53506,	-0.0588,	57375,	-283,	-19,	-438,	57415,	134,	-9,	-104,	57395,	57,	-22,	-322,	
2,	-3,	713532,	1.65255e+015,	-1,	-3,	-1,	14,	2,	0,	-4,	-18,	1.65255e+009,	-0.660569,	-0.614768,	-0.361547,	-0.0855008,	-0.803202,	-0.0519418,	-0.00796677,	0.0734078,	-0.957239,	-0.114758,	-0.0152947,	-0.0276221,	-0.890087,	-0.258132,	-0.0225602,	-0.0172726,	-0.671058,	-0.376062,	-0.0186753,	-0.2148,	-0.455,	0.57821,	-0.0588,	57385,	-284,	-19,	-436,	57425,	135,	-8,	-102,	57405,	59,	-21,	-321,	
2,	-3,	713610,	1.65255e+015,	-2,	-4,	-18,	-11,	-3,	-3,	-4,	2,	1.65255e+009,	-0.735718,	-0.491568,	-0.361547,	-0.0855008,	-0.803202,	-0.11305,	-0.0151288,	0.0909501,	-1.00455,	-0.214548,	-0.0217433,	-0.0256059,	-0.976819,	-0.346837,	-0.0204676,	-0.0389124,	-0.671058,	-0.376062,	-0.0186753,	-0.260096,	-0.455,	0.57821,	-0.0588,	57395,	-285,	-20,	-434,	57435,	134,	-9,	-101,	57415,	58,	-21,	-320,	
2,	-3,	713688,	1.65255e+015,	2,	-7,	25,	-11,	1,	2,	0,	1,	1.65255e+009,	-0.735718,	-0.491568,	-0.361547,	-0.0855008,	-0.803202,	-0.11305,	-0.0151288,	0.0909501,	-1.00455,	-0.214548,	-0.0217433,	-0.0256059,	-0.976819,	-0.346837,	-0.0204676,	-0.0389124,	-0.671058,	-0.376062,	-0.0186753,	-0.260096,	-0.455,	0.57821,	-0.0588,	57405,	-287,	-20,	-433,	57445,	134,	-9,	-100,	57425,	57,	-21,	-319,	
2,	-3,	713766,	1.65255e+015,	-6,	16,	86,	2,	3,	4,	14,	14,	1.65255e+009,	-0.735718,	-0.491568,	-0.361547,	-0.0657888,	-0.803202,	-0.11305,	-0.0151288,	0.0909501,	-1.00455,	-0.114758,	-0.0152947,	-0.0256059,	-0.976819,	-0.258132,	-0.0225602,	-0.0389124,	-0.758778,	-0.376062,	-0.0186753,	-0.260096,	-0.455,	0.57821,	-0.0588,	57415,	-286,	-20,	-433,	57455,	135,	-9,	-99,	57435,	57,	-20,	-319,	
2,	-3,	713844,	1.65255e+015,	45,	27,	-13,	23,	12,	14,	-9,	2,	1.65255e+009,	-0.735718,	-0.614768,	-0.361547,	-0.0855008,	-0.803202,	-0.0519418,	-0.00796677,	0.0692091,	-0.925699,	0.0249475,	0.00444024,	-0.0340388,	-0.890087,	0.0966884,	0.0194286,	-3.33449e-005,	-0.671058,	-0.260745,	-0.0225705,	-0.120679,	-0.5733,	0.57821,	-0.0588,	57425,	-287,	-20,	-433,	57465,	134,	-9,	-99,	57445,	57,	-21,	-319,	
2,	-3,	713922,	1.65255e+015,	-5,	-5,	-6,	20,	-5,	-7,	-3,	-18,	1.65255e+009,	-0.585419,	-0.737968,	-0.361547,	-0.100285,	-0.803202,	-0.0519418,	-0.00796677,	0.0196013,	-0.846849,	0.124738,	0.0261844,	-0.0703386,	-0.673257,	0.0966884,	0.0194286,	0.123345,	-0.561408,	-0.19668,	-0.021057,	0.0381833,	-0.6734,	0.54369,	-0.0588,	57435,	-287,	-19,	-432,	57475,	133,	-10,	-98,	57455,	57,	-21,	-320,	
2,	-3,	714000,	1.65255e+015,	-7,	-9,	-56,	1,	-1,	1,	4,	-4,	1.65255e+009,	-0.585419,	-0.737968,	-0.361547,	-0.100285,	-0.803202,	-0.0519418,	-0.00796677,	0.0196013,	-0.767999,	0.124738,	0.0261844,	-0.0703386,	-0.564842,	0.0966884,	0.0194286,	0.123345,	-0.473688,	-0.19668,	-0.021057,	0.0914093,	-0.5824,	0.54369,	-0.0588,	57445,	-286,	-18,	-430,	57485,	134,	-10,	-98,	57465,	57,	-22,	-320,	
2,	-3,	714079,	1.65255e+015,	29,	5,	-28,	-16,	-6,	-4,	2,	-7,	1.65255e+009,	-0.585419,	-0.737968,	-0.361547,	-0.100285,	-0.803202,	-0.0519418,	-0.00796677,	0.0284013,	-0.673379,	0.124738,	0.0261844,	-0.0615386,	-0.456427,	0.0966884,	0.0194286,	0.0966609,	-0.473688,	-0.19668,	-0.021057,	0.0647253,	-0.5824,	0.54369,	-0.0588,	57455,	-288,	-18,	-430,	57495,	132,	-10,	-98,	57475,	56,	-21,	-321,	
2,	-3,	714141,	1.65255e+015,	-10,	-53,	-26,	-20,	-2,	-1,	-1,	-6,	1.65255e+009,	-0.585419,	-0.737968,	-0.361547,	-0.100285,	-0.803202,	-0.0519418,	-0.00796677,	0.0225346,	-0.673379,	0.124738,	0.0261844,	-0.0674053,	-0.456427,	0.0966884,	0.0194286,	0.11445,	-0.473688,	-0.145428,	-0.0179549,	0.0825146,	-0.5005,	0.54369,	-0.0588,	57465,	-288,	-18,	-430,	57505,	132,	-10,	-98,	57485,	57,	-21,	-321,	
2,	-3,	714235,	1.65255e+015,	-2,	-5,	-10,	-12,	-7,	-2,	-7,	-40,	1.65255e+009,	-0.645539,	-0.737968,	-0.361547,	-0.100285,	-0.803202,	-0.0519418,	-0.00796677,	0.00852954,	-0.673379,	0.124738,	0.0261844,	-0.0725384,	-0.976819,	0.0966884,	0.0194286,	0.138887,	-0.649128,	-0.145428,	-0.0179549,	0.0418975,	-0.364,	0.54369,	-0.0588,	57475,	-288,	-18,	-431,	57515,	131,	-10,	-98,	57495,	56,	-22,	-322,	
2,	-3,	714313,	1.65255e+015,	-2,	-6,	-1,	56,	1,	3,	-1,	-2,	1.65255e+009,	-0.720689,	-0.639408,	-0.361547,	-0.100285,	-0.803202,	-0.0519418,	-0.00796677,	0.037863,	-0.673379,	0.0049895,	0.000856181,	-0.0432049,	-1.06355,	-0.311355,	-0.0219089,	0.0499406,	-0.758778,	-0.337623,	-0.0209194,	-0.047049,	-0.3094,	0.57821,	-0.0588,	57485,	-288,	-19,	-430,	57525,	132,	-10,	-97,	57505,	57,	-20,	-322,	
2,	-3,	714391,	1.65255e+015,	6,	-2,	8,	-7,	-4,	-2,	-1,	-2,	1.65255e+009,	-0.720689,	-0.639408,	-0.361547,	-0.0805728,	-0.803202,	-0.0519418,	-0.00796677,	0.0608694,	-0.862619,	-0.19459,	-0.0209634,	-0.0312885,	-1.06355,	-0.524247,	-0.00117488,	0.00271698,	-0.758778,	-0.465753,	-0.0097618,	-0.159327,	-0.3094,	0.57821,	-0.0588,	57495,	-288,	-18,	-430,	57535,	132,	-10,	-97,	57515,	56,	-21,	-321,	
2,	-3,	714469,	1.65255e+015,	-4,	-18,	-29,	-22,	-5,	-3,	-4,	-4,	1.65255e+009,	-0.720689,	-0.639408,	-0.361547,	-0.0805728,	-0.803202,	-0.0519418,	-0.00796677,	0.0765424,	-0.925699,	-0.19459,	-0.0209634,	-0.0267055,	-1.06355,	-0.471024,	-0.00907778,	-0.02227,	-0.868428,	-0.517005,	-0.00235679,	-0.213884,	-0.3458,	0.57821,	-0.0588,	57505,	-288,	-20,	-430,	57545,	132,	-10,	-97,	57525,	56,	-20,	-320,	
2,	-3,	714563,	1.65255e+015,	-8,	-13,	6,	-7,	-6,	-6,	-5,	-18,	1.65255e+009,	-0.720689,	-0.639408,	-0.361547,	-0.0904288,	-0.803202,	-0.0519418,	-0.00796677,	0.0824091,	-0.925699,	-0.19459,	-0.0209634,	-0.0208388,	-0.955136,	-0.346837,	-0.0204676,	-0.0400593,	-0.868428,	-0.45294,	-0.0113504,	-0.261243,	-0.3094,	0.57821,	-0.0588,	57515,	-288,	-19,	-431,	57555,	133,	-10,	-96,	57535,	56,	-20,	-319,	
2,	-3,	714641,	1.65255e+015,	-11,	0,	-13,	5,	-6,	-6,	-4,	-3,	1.65255e+009,	-0.720689,	-0.639408,	-0.361547,	-0.0904288,	-0.883282,	-0.0519418,	-0.00796677,	0.0830707,	-0.988779,	-0.0948005,	-0.0132402,	-0.0113052,	-0.955136,	-0.169427,	-0.0196168,	-0.0600957,	-0.649128,	-0.222306,	-0.0219776,	-0.257623,	-0.4277,	0.57821,	-0.0588,	57525,	-289,	-20,	-430,	57565,	133,	-10,	-95,	57545,	56,	-21,	-318,	
2,	-3,	714719,	1.65255e+015,	-10,	15,	7,	5,	6,	7,	10,	3,	1.65255e+009,	-0.645539,	-0.737968,	-0.361547,	-0.0904288,	-0.963362,	-0.0519418,	-0.00796677,	0.0830707,	-1.14648,	0.0049895,	0.000856181,	-0.0113052,	-1.06355,	0.0257244,	0.00458491,	-0.0600957,	-0.649128,	-0.0813625,	-0.0117133,	-0.192569,	-0.4277,	0.57821,	-0.0588,	57535,	-290,	-19,	-428,	57575,	133,	-10,	-94,	57555,	56,	-20,	-317,	
2,	-3,	714797,	1.65255e+015,	-1,	0,	12,	-3,	-3,	-1,	-1,	3,	1.65255e+009,	-0.705658,	-0.737968,	-0.361547,	-0.0904288,	-0.963362,	-0.0519418,	-0.00796677,	0.061531,	-1.05186,	0.0049895,	0.000856181,	-0.0217549,	-0.976819,	0.0966884,	0.0194286,	-0.0173194,	-0.429828,	-0.0813625,	-0.0117133,	-0.126137,	-0.4277,	0.57821,	-0.0588,	57545,	-291,	-20,	-427,	57585,	133,	-10,	-94,	57565,	55,	-21,	-317,	
2,	-3,	714875,	1.65255e+015,	-5,	-11,	25,	10,	1,	3,	2,	0,	1.65255e+009,	-0.765779,	-0.737968,	-0.361547,	-0.0559328,	-0.915314,	-0.0519418,	-0.00796677,	0.0548593,	-0.941469,	0.0049895,	0.000856181,	-0.0195547,	-0.846721,	0.0966884,	0.0194286,	-0.0151192,	-0.429828,	-0.0813625,	-0.0117133,	-0.123937,	-0.4277,	0.57821,	-0.0588,	57555,	-290,	-19,	-426,	57595,	132,	-12,	-93,	57575,	55,	-20,	-318,	
2,	-3,	714938,	1.65255e+015,	-1,	2,	-1,	-3,	-1,	-3,	-3,	-2,	1.65255e+009,	-0.825899,	-0.590128,	-0.361547,	-0.00172479,	-0.915314,	-0.0519418,	-0.00796677,	0.0607259,	-0.941469,	0.0049895,	0.000856181,	-0.013688,	-0.846721,	0.0079834,	0.00137757,	-0.0329085,	-0.561408,	-0.183867,	-0.0204391,	-0.189038,	-0.4277,	0.57821,	-0.0588,	57565,	-291,	-19,	-426,	57605,	133,	-10,	-94,	57585,	54,	-20,	-319,	
2,	-3,	715016,	1.65255e+015,	1,	4,	5,	-2,	-2,	-4,	-4,	0,	1.65255e+009,	-0.931109,	-0.491568,	-0.31202,	0.0229152,	-0.835234,	-0.0519418,	-0.00796677,	0.0816041,	-0.941469,	-0.0948005,	-0.0132402,	-0.0127719,	-0.846721,	-0.0984626,	-0.0136363,	-0.0556484,	-0.671058,	-0.247932,	-0.0224779,	-0.276832,	-0.4277,	0.57821,	-0.0588,	57575,	-290,	-19,	-427,	57615,	131,	-11,	-95,	57595,	55,	-19,	-320,	
2,	-3,	715094,	1.65255e+015,	26,	-10,	32,	-14,	-7,	2,	-3,	-3,	1.65255e+009,	-1.02129,	-0.269808,	-0.212966,	0.0475552,	-0.835234,	-0.0519418,	-0.00796677,	0.0899437,	-0.941469,	-0.0948005,	-0.0132402,	-0.0155222,	-0.846721,	-0.0984626,	-0.0136363,	-0.0583987,	-0.671058,	-0.299184,	-0.0222177,	-0.309152,	-0.3822,	0.57821,	-0.0588,	57585,	-288,	-18,	-428,	57625,	132,	-11,	-97,	57605,	53,	-21,	-323,	
2,	-3,	715172,	1.65255e+015,	22,	25,	-16,	-16,	11,	63,	-19,	13,	1.65255e+009,	-0.855959,	0.395472,	-0.0643851,	-0.0805728,	-0.739138,	-0.0519418,	-0.00796677,	0.0715964,	-0.846849,	-0.0948005,	-0.0132402,	-0.00947147,	-0.846721,	-0.187168,	-0.0206083,	-0.052348,	-0.671058,	-0.299184,	-0.0222177,	-0.303102,	-0.4277,	0.54369,	-0.0588,	57595,	-288,	-19,	-430,	57635,	132,	-10,	-98,	57615,	53,	-20,	-324,	
2,	-3,	715250,	1.65255e+015,	7,	-1,	-14,	-16,	2,	16,	10,	7,	1.65255e+009,	-0.104459,	0.395472,	-0.0643851,	-0.154493,	-0.338738,	-0.0519418,	-0.00796677,	0.0573901,	-0.405289,	-0.0948005,	-0.0132402,	-0.0125878,	-0.47811,	-0.187168,	-0.0206083,	-0.0318083,	-0.429828,	-0.299184,	-0.0222177,	-0.252992,	-0.5733,	0.50054,	-0.0588,	57605,	-287,	-18,	-432,	57645,	131,	-11,	-100,	57625,	54,	-19,	-325,	
2,	-3,	715329,	1.65255e+015,	4,	1,	-14,	-5,	-2,	7,	-39,	2,	1.65255e+009,	0.211171,	0.272272,	-0.0643851,	-0.208701,	-0.178578,	-0.0519418,	-0.00796677,	0.0573901,	-0.200279,	-0.0948005,	-0.0132402,	-0.0125878,	-0.348012,	-0.187168,	-0.0206083,	-0.0318083,	-0.320178,	-0.222306,	-0.0219776,	-0.229336,	-0.6552,	0.46602,	-0.0588,	57615,	-286,	-18,	-434,	57655,	131,	-9,	-101,	57635,	53,	-20,	-326,	
2,	-3,	715407,	1.65255e+015,	12,	2,	8,	8,	-1,	-17,	-13,	7,	1.65255e+009,	0.286321,	0.149072,	-0.0643851,	-0.233341,	-0.114514,	-0.0519418,	-0.00796677,	0.0573901,	-0.105659,	-0.0948005,	-0.0132402,	-0.0125878,	-0.239597,	-0.187168,	-0.0206083,	-0.0318083,	-0.210528,	-0.158241,	-0.0188881,	-0.229336,	-0.6552,	0.46602,	-0.0588,	57625,	-284,	-19,	-436,	57665,	130,	-9,	-103,	57645,	53,	-19,	-327,	
2,	-3,	715485,	1.65255e+015,	1,	-1,	5,	11,	1,	-4,	4,	-1,	1.65255e+009,	0.361471,	0.149072,	-0.0643851,	-0.233341,	-0.114514,	-0.0519418,	-0.00796677,	0.0573901,	-0.105659,	-0.0948005,	-0.0132402,	-0.0125878,	-0.239597,	-0.187168,	-0.0206083,	-0.0318083,	-0.210528,	-0.158241,	-0.0188881,	-0.229336,	-0.6916,	0.46602,	-0.0588,	57635,	-283,	-19,	-438,	57675,	131,	-9,	-105,	57655,	54,	-19,	-329,	
2,	-3,	715563,	1.65255e+015,	0,	1,	3,	-4,	1,	1,	-2,	-1,	1.65255e+009,	-0.194639,	0.149072,	-0.0643851,	-0.110141,	-0.306706,	-0.0519418,	-0.00796677,	0.0745298,	-0.231819,	-0.0948005,	-0.0132402,	-0.00653812,	-0.391378,	-0.187168,	-0.0206083,	-0.0612426,	-0.210528,	-0.158241,	-0.0188881,	-0.25877,	-0.637,	0.46602,	-0.0588,	57645,	-284,	-19,	-441,	57685,	131,	-10,	-107,	57665,	56,	-19,	-330,	
2,	-3,	715641,	1.65255e+015,	-2,	-10,	-11,	-46,	-3,	-2,	-2,	-1,	1.65255e+009,	-0.600448,	-0.0726879,	-0.196457,	-0.0510048,	-0.627026,	-0.11305,	-0.0151288,	0.096213,	-0.736459,	-0.0948005,	-0.0132402,	-0.013689,	-0.608208,	-0.187168,	-0.0206083,	-0.0683935,	-0.517548,	-0.299184,	-0.0222177,	-0.348717,	-0.5369,	0.53506,	-0.0588,	57655,	-282,	-19,	-443,	57695,	131,	-9,	-110,	57675,	56,	-18,	-331,	
2,	-3,	715704,	1.65255e+015,	5,	8,	6,	27,	2,	-2,	-2,	2,	1.65255e+009,	-0.765779,	-0.195888,	-0.279002,	-0.0214368,	-0.707106,	-0.11305,	-0.0151288,	0.10208,	-0.799539,	-0.0948005,	-0.0132402,	-0.00782227,	-0.716623,	-0.187168,	-0.0206083,	-0.0861828,	-0.517548,	-0.299184,	-0.0222177,	-0.366506,	-0.4914,	0.53506,	-0.0588,	57665,	-281,	-18,	-444,	57705,	133,	-8,	-112,	57685,	57,	-18,	-333,	
2,	-3,	715782,	1.65255e+015,	0,	0,	44,	6,	1,	0,	0,	-1,	1.65255e+009,	-0.840928,	-0.319088,	-0.279002,	-0.00172479,	-0.77117,	-0.11305,	-0.0151288,	0.10208,	-0.799539,	-0.0948005,	-0.0132402,	-0.00782227,	-0.716623,	-0.187168,	-0.0206083,	-0.0861828,	-0.517548,	-0.299184,	-0.0222177,	-0.366506,	-0.4459,	0.53506,	-0.0588,	57675,	-279,	-18,	-446,	57715,	133,	-9,	-116,	57695,	58,	-17,	-334,	
2,	-3,	715844,	1.65255e+015,	-3,	0,	29,	8,	7,	3,	2,	0,	1.65255e+009,	-0.901049,	-0.319088,	-0.279002,	0.0229152,	-0.77117,	-0.11305,	-0.0151288,	0.10208,	-0.799539,	-0.0948005,	-0.0132402,	-0.00782227,	-0.716623,	-0.187168,	-0.0206083,	-0.0861828,	-0.605268,	-0.299184,	-0.0222177,	-0.354678,	-0.4459,	0.53506,	-0.0588,	57685,	-277,	-17,	-449,	57725,	135,	-9,	-121,	57705,	58,	-17,	-337,	
2,	-3,	715922,	1.65255e+015,	4,	8,	-9,	0,	0,	2,	8,	7,	1.65255e+009,	-0.976198,	-0.319088,	-0.279002,	0.0524832,	-0.77117,	-0.11305,	-0.0151288,	0.0954079,	-0.720689,	-0.0948005,	-0.0132402,	-0.00562201,	-0.716623,	-0.187168,	-0.0206083,	-0.0839825,	-0.605268,	-0.299184,	-0.0222177,	-0.352478,	-0.4095,	0.53506,	-0.0588,	57695,	-274,	-17,	-453,	57735,	135,	-9,	-126,	57715,	59,	-15,	-341,	
2,	-3,	716000,	1.65255e+015,	34,	-2,	45,	5,	-1,	-8,	-58,	7,	1.65255e+009,	-1.17159,	-0.442288,	-0.279002,	0.0771232,	-0.77117,	-0.219989,	-0.0219117,	0.0841349,	-0.626069,	-0.214548,	-0.0217433,	-0.00580504,	-0.629891,	-0.187168,	-0.0206083,	-0.0723375,	-0.605268,	-0.414501,	-0.0154857,	-0.311263,	-0.3276,	0.53506,	-0.0588,	57705,	-271,	-16,	-456,	57745,	136,	-9,	-130,	57725,	60,	-14,	-344,	
2,	-3,	716063,	1.65255e+015,	-27,	7,	-12,	-12,	-3,	-7,	-24,	-40,	1.65255e+009,	-1.44213,	-0.540848,	-0.279002,	0.126403,	-0.594994,	-0.8769,	-0.0969921,	0.0535938,	-0.373749,	-0.972952,	-0.137522,	-0.0230381,	-0.629891,	-0.896808,	-0.104907,	-0.00677456,	-0.736848,	-0.773265,	-0.0598852,	-0.2457,	-0.2912,	0.53506,	-0.0588,	57715,	-269,	-17,	-459,	57755,	136,	-9,	-134,	57735,	61,	-14,	-347,	
2,	-3,	716141,	1.65255e+015,	-67,	-10,	6,	74,	6,	-1,	0,	14,	1.65255e+009,	-1.59243,	-0.540848,	-0.361547,	0.126403,	-0.514914,	-1.33521,	-0.343506,	0.0462605,	-0.294899,	-1.45194,	-0.427775,	-0.0303714,	-0.521476,	-1.46452,	-0.437373,	0.0154621,	-0.736848,	-1.17047,	-0.239419,	-0.199808,	-0.1456,	0.53506,	-0.0588,	57725,	-267,	-17,	-462,	57765,	137,	-9,	-138,	57745,	61,	-12,	-349,	
2,	-3,	716219,	1.65255e+015,	36,	-23,	0,	60,	2,	-1,	10,	32,	1.65255e+009,	-1.66758,	-0.540848,	-0.361547,	0.126403,	-0.594994,	-1.4727,	-0.443674,	0.0462605,	-0.499909,	-1.53178,	-0.490427,	-0.0303714,	-0.608208,	-1.67741,	-0.615227,	0.0154621,	-0.978078,	-1.24735,	-0.28583,	-0.199808,	0.0091,	0.56958,	-0.0588,	57735,	-266,	-16,	-464,	57775,	137,	-10,	-140,	57755,	62,	-10,	-350,	
2,	-3,	716282,	1.65255e+015,	-4,	-21,	-11,	-20,	-1,	-5,	-6,	-13,	1.65255e+009,	-1.74273,	-0.540848,	-0.361547,	0.126403,	-0.947346,	-1.54909,	-0.50455,	0.0546002,	-1.03609,	-1.65152,	-0.592051,	-0.0331217,	-1.17197,	-1.74838,	-0.680958,	0.0127118,	-1.41668,	-1.31141,	-0.327395,	-0.202558,	0.3367,	0.56958,	-0.0588,	57745,	-264,	-17,	-466,	57785,	136,	-10,	-141,	57765,	63,	-10,	-350,	
2,	-3,	716360,	1.65255e+015,	0,	-15,	-1,	-7,	-2,	-3,	-7,	-2,	1.65255e+009,	-1.74273,	-0.540848,	-0.444092,	0.151043,	-1.18759,	-1.54909,	-0.50455,	0.0619335,	-1.31995,	-1.65152,	-0.592051,	-0.0257884,	-1.51889,	-1.74838,	-0.680958,	-0.00952488,	-1.67984,	-1.36266,	-0.362539,	-0.24845,	0.5551,	0.56958,	-0.0588,	57755,	-263,	-17,	-467,	57795,	137,	-10,	-142,	57775,	63,	-8,	-350,	
2,	-3,	716438,	1.65255e+015,	15,	0,	-5,	-2,	-1,	2,	28,	4,	1.65255e+009,	-1.68261,	-0.540848,	-0.625691,	0.151043,	-1.34775,	-1.54909,	-0.50455,	0.0686053,	-1.50919,	-1.65152,	-0.592051,	-0.0279886,	-1.62731,	-1.74838,	-0.680958,	-0.0117251,	-1.92107,	-1.36266,	-0.362539,	-0.250651,	0.6097,	0.56958,	-0.0588,	57765,	-263,	-17,	-468,	57805,	136,	-10,	-142,	57785,	65,	-5,	-349,	
2,	-3,	716500,	1.65255e+015,	-8,	-10,	-10,	-7,	1,	-7,	-15,	0,	1.65255e+009,	-1.68261,	-0.664048,	-0.625691,	0.170755,	-1.34775,	-1.54909,	-0.50455,	0.0686053,	-1.50919,	-1.65152,	-0.592051,	-0.0279886,	-1.62731,	-1.74838,	-0.680958,	-0.0117251,	-1.92107,	-1.36266,	-0.362539,	-0.250651,	0.6097,	0.56958,	-0.0588,	57775,	-261,	-18,	-468,	57815,	136,	-9,	-142,	57795,	65,	-4,	-348,	
2,	-3,	716579,	1.65255e+015,	-1,	0,	-11,	13,	0,	0,	-1,	-9,	1.65255e+009,	-1.68261,	-0.664048,	-0.625691,	0.170755,	-1.34775,	-1.54909,	-0.50455,	0.074472,	-1.50919,	-1.65152,	-0.592051,	-0.0221219,	-1.62731,	-1.74838,	-0.680958,	-0.0295144,	-1.92107,	-1.36266,	-0.362539,	-0.26844,	0.6097,	0.56958,	-0.0588,	57785,	-262,	-19,	-467,	57825,	135,	-10,	-141,	57805,	65,	-4,	-348,	
2,	-3,	716641,	1.65255e+015,	4,	-1,	-21,	-19,	-7,	0,	1,	28,	1.65255e+009,	-1.26177,	-0.664048,	-0.427583,	0.126403,	-1.07547,	-1.42687,	-0.40894,	0.074472,	-1.19379,	-1.4719,	-0.443056,	-0.0221219,	-1.2587,	-1.55322,	-0.507954,	-0.0295144,	-1.43861,	-1.18328,	-0.246891,	-0.26844,	0.2093,	0.56958,	-0.0588,	57795,	-262,	-21,	-466,	57835,	135,	-9,	-140,	57815,	64,	-3,	-347,	
2,	-3,	716719,	1.65255e+015,	-7,	-8,	-39,	-8,	0,	2,	0,	2,	1.65255e+009,	-0.870988,	-0.664048,	-0.262493,	0.0968352,	-0.85125,	-0.632468,	-0.0204854,	0.046117,	-0.767999,	-0.79333,	-0.0665333,	-0.0127709,	-0.825038,	-0.75488,	-0.0540203,	-0.0201634,	-0.736848,	-0.683574,	-0.0333198,	-0.205863,	-0.364,	0.56958,	-0.0588,	57805,	-264,	-21,	-463,	57845,	134,	-9,	-140,	57825,	64,	-4,	-346,	
2,	-3,	716797,	1.65255e+015,	-5,	15,	86,	29,	1,	-4,	3,	-8,	1.65255e+009,	-0.690629,	-0.664048,	-0.179948,	0.0278432,	-0.787186,	-0.357482,	-0.0198781,	0.030444,	-0.689149,	-0.39417,	-0.0172905,	-0.0173539,	-0.716623,	-0.329096,	-0.021289,	0.0048236,	-0.736848,	-0.427314,	-0.0142123,	-0.151306,	-0.5278,	0.53506,	-0.0588,	57815,	-265,	-22,	-459,	57855,	133,	-9,	-139,	57835,	64,	-4,	-345,	
2,	-3,	716891,	1.65255e+015,	-1,	-1,	-27,	-20,	-1,	-4,	-2,	1,	1.65255e+009,	-0.615479,	-0.540848,	-0.179948,	-0.0165088,	-0.787186,	-0.204712,	-0.0213908,	0.0231106,	-0.626069,	-0.214548,	-0.0217433,	-0.0246873,	-0.716623,	-0.116204,	-0.0154336,	0.0270602,	-0.649128,	-0.363249,	-0.0195284,	-0.0699294,	-0.5642,	0.53506,	-0.0588,	57825,	-266,	-21,	-457,	57865,	136,	-9,	-139,	57845,	64,	-6,	-345,	
2,	-3,	716969,	1.65255e+015,	-2,	-13,	8,	-5,	-3,	6,	-16,	3,	1.65255e+009,	-0.765779,	-0.540848,	-0.179948,	-0.0165088,	-0.867266,	-0.204712,	-0.0213908,	0.0157773,	-0.626069,	-0.114758,	-0.0152947,	-0.0320206,	-0.716623,	-0.0452396,	-0.00703581,	0.0492969,	-0.758778,	-0.427314,	-0.0142123,	-0.0476927,	-0.4641,	0.53506,	-0.0588,	57835,	-266,	-21,	-454,	57875,	136,	-9,	-139,	57855,	63,	-6,	-345,	
2,	-3,	717047,	1.65255e+015,	5,	-39,	28,	-18,	-1,	-2,	-6,	-13,	1.65255e+009,	-0.855959,	-0.540848,	-0.262493,	-0.0165088,	-0.947346,	-0.449144,	-0.0118008,	0.0153169,	-0.468369,	-0.114758,	-0.0152947,	-0.043571,	-0.608208,	-0.0452396,	-0.00703581,	0.0732305,	-0.956148,	-0.568256,	-0.00672934,	-0.0237591,	-0.3185,	0.53506,	-0.0588,	57845,	-267,	-21,	-453,	57885,	137,	-8,	-139,	57865,	63,	-8,	-346,	
2,	-3,	717141,	1.65255e+015,	88,	25,	-12,	-12,	-7,	-15,	-25,	-24,	1.65255e+009,	-0.916079,	-0.540848,	-0.411074,	0.00813121,	-0.578978,	-0.708853,	-0.0402862,	-0.0350959,	-0.247589,	-0.214548,	-0.0217433,	-0.0718038,	-0.825038,	-0.471024,	-0.00907778,	0.18102,	-1.41668,	-0.773265,	-0.0598852,	0.0840301,	-0.3185,	0.53506,	-0.0588,	57855,	-269,	-19,	-452,	57895,	137,	-8,	-139,	57875,	64,	-10,	-347,	
2,	-3,	717219,	1.65255e+015,	-34,	-19,	-14,	-25,	-12,	-8,	-5,	-4,	1.65255e+009,	-0.916079,	-0.540848,	-0.411074,	0.00813121,	-0.29069,	-0.525529,	-0.000962125,	-0.0612369,	-0.247589,	-0.633667,	-0.0207673,	-0.0846368,	-1.32375,	-1.05648,	-0.177565,	0.233241,	-1.943,	-0.927021,	-0.117404,	0.136251,	-0.5187,	0.53506,	-0.0588,	57865,	-268,	-19,	-452,	57905,	137,	-9,	-139,	57885,	65,	-10,	-347,	
2,	-3,	717297,	1.65255e+015,	3,	4,	-24,	2,	4,	4,	-5,	4,	1.65255e+009,	-0.916079,	-0.540848,	-0.328529,	0.00813121,	-0.29069,	-0.372759,	-0.0189053,	-0.0539035,	-0.310669,	-1.21245,	-0.264294,	-0.0773034,	-1.32375,	-1.55322,	-0.507954,	0.211004,	-2.03072,	-1.09359,	-0.19679,	0.114014,	-0.4823,	0.53506,	-0.04312,	57875,	-266,	-18,	-452,	57915,	137,	-10,	-139,	57895,	65,	-12,	-346,	
2,	-3,	717375,	1.65255e+015,	-7,	2,	10,	3,	1,	5,	-6,	-2,	1.65255e+009,	-0.705658,	-0.540848,	-0.328529,	-0.0312928,	-0.546946,	-0.525529,	-0.000962125,	0.0270503,	-0.704919,	-1.3322,	-0.341446,	-0.0318376,	-1.1286,	-1.64193,	-0.58357,	0.0376519,	-1.43861,	-1.15765,	-0.232051,	-0.142134,	-0.2275,	0.53506,	-0.04312,	57885,	-266,	-18,	-452,	57925,	137,	-12,	-140,	57905,	64,	-13,	-347,	
2,	-3,	717454,	1.65255e+015,	-3,	-28,	-63,	-40,	-5,	7,	-4,	-20,	1.65255e+009,	-0.555359,	-0.540848,	-0.328529,	-0.0559328,	-0.963362,	-0.739407,	-0.049252,	0.0598631,	-0.894159,	-1.45194,	-0.427775,	-0.0212048,	-0.564842,	-1.44678,	-0.423862,	-0.0167693,	-0.385968,	-0.798891,	-0.068421,	-0.226125,	-0.3367,	0.53506,	-0.04312,	57895,	-266,	-17,	-453,	57935,	137,	-12,	-140,	57915,	64,	-12,	-347,	
2,	-3,	717532,	1.65255e+015,	5,	-15,	51,	3,	4,	-1,	0,	-4,	1.65255e+009,	-0.780809,	-0.664048,	-0.328529,	-0.0312928,	-1.17157,	-0.983839,	-0.142488,	0.0598631,	-0.689149,	-0.992911,	-0.146684,	-0.0212048,	-0.348012,	-0.75488,	-0.0540203,	-0.0167693,	-0.276318,	-0.235119,	-0.0222803,	-0.096017,	-0.2457,	0.53506,	-0.04312,	57905,	-266,	-18,	-453,	57945,	135,	-14,	-140,	57925,	65,	-14,	-347,	
2,	-3,	717610,	1.65255e+015,	1,	0,	43,	-10,	2,	1,	-6,	-6,	1.65255e+009,	-1.00626,	-0.664048,	-0.361547,	0.0426272,	-1.23563,	-1.12133,	-0.211737,	0.0525297,	-0.610299,	-0.334296,	-0.0210691,	-0.0285382,	-0.348012,	-0.187168,	-0.0206083,	0.0054673,	-0.407898,	-0.171054,	-0.0197161,	-0.0382963,	-0.2457,	0.53506,	-0.06272,	57915,	-265,	-17,	-453,	57955,	136,	-13,	-140,	57935,	64,	-14,	-347,	
2,	-3,	717688,	1.65255e+015,	-23,	-8,	38,	-7,	-6,	-5,	-1,	-3,	1.65255e+009,	-1.15656,	-0.664048,	-0.427583,	0.0869792,	-1.05946,	-1.12133,	-0.211737,	0.00505023,	-0.484139,	-0.254465,	-0.0225383,	-0.0538377,	-0.47811,	0.0079834,	0.00137757,	0.104362,	-0.846498,	-0.350436,	-0.0202764,	0.0605982,	-0.2457,	0.53506,	-0.06272,	57925,	-267,	-17,	-453,	57965,	136,	-14,	-139,	57945,	64,	-14,	-347,	
2,	-3,	717766,	1.65255e+015,	-116,	-17,	-23,	7,	13,	21,	19,	21,	1.65255e+009,	-1.15656,	-0.664048,	-0.427583,	0.106691,	-0.546946,	-0.617191,	-0.0169734,	-0.0633074,	-0.152969,	-0.154675,	-0.0186389,	-0.0800533,	-0.803355,	-0.453283,	-0.0113092,	0.225996,	-1.48247,	-0.555444,	-0.0043002,	0.205889,	-0.2457,	0.53506,	-0.06272,	57935,	-268,	-18,	-453,	57975,	136,	-15,	-139,	57955,	64,	-14,	-346,	
2,	-3,	717844,	1.65255e+015,	-15,	-5,	0,	-1,	-2,	0,	0,	-51,	1.65255e+009,	-1.15656,	-0.664048,	-0.295511,	0.106691,	-0.482882,	-0.235266,	-0.0222832,	-0.0841855,	-0.231819,	-0.573793,	-0.00781138,	-0.0809694,	-1.32375,	-1.07422,	-0.186645,	0.248736,	-2.00879,	-0.850143,	-0.0867533,	0.169489,	-0.2548,	0.53506,	-0.06272,	57945,	-269,	-17,	-451,	57985,	136,	-14,	-138,	57965,	65,	-15,	-345,	
2,	-3,	717922,	1.65255e+015,	16,	27,	0,	7,	5,	6,	10,	23,	1.65255e+009,	-1.24674,	-0.466928,	-0.0808941,	0.106691,	-0.53093,	-0.296374,	-0.0222756,	-0.0543917,	-0.941469,	-1.35215,	-0.355197,	-0.0400856,	-1.41048,	-1.60645,	-0.55272,	0.135856,	-1.81142,	-1.15765,	-0.232051,	-0.0143597,	-0.0728,	0.53506,	-0.06272,	57955,	-270,	-16,	-450,	57995,	136,	-15,	-137,	57975,	64,	-14,	-345,	
2,	-3,	718000,	1.65255e+015,	2,	-14,	20,	-13,	-5,	-1,	-17,	-8,	1.65255e+009,	-0.870988,	-0.220528,	-0.0808941,	-0.00172479,	-1.09149,	-0.433867,	-0.0135204,	0.0424643,	-1.17802,	-1.35215,	-0.355197,	-0.0408216,	-1.41048,	-1.60645,	-0.55272,	0.0404959,	-1.5044,	-1.09359,	-0.19679,	-0.145204,	0.0182,	0.53506,	-0.06272,	57965,	-268,	-16,	-449,	58005,	136,	-15,	-137,	57985,	63,	-15,	-344,	
2,	-3,	718063,	1.65255e+015,	10,	17,	28,	37,	4,	-3,	-5,	4,	1.65255e+009,	-0.870988,	-0.491568,	-0.245984,	0.0179872,	-1.17157,	-0.556083,	-0.00441892,	0.0667361,	-1.17802,	-1.43199,	-0.41275,	-0.0254218,	-1.04187,	-1.60645,	-0.55272,	-0.0150723,	-0.956148,	-0.991086,	-0.145836,	-0.200772,	-0.1456,	0.56958,	-0.06272,	57975,	-270,	-17,	-448,	58015,	137,	-14,	-137,	57995,	64,	-15,	-343,	
2,	-3,	718141,	1.65255e+015,	-9,	-30,	-42,	-17,	-12,	-5,	-1,	-5,	1.65255e+009,	-0.931109,	-0.737968,	-0.510128,	0.0820512,	-1.25165,	-0.617191,	-0.0169734,	0.0567285,	-0.752229,	-0.972952,	-0.137522,	-0.0221215,	-0.564842,	-0.985513,	-0.143258,	-0.011772,	-0.627198,	-0.593883,	-0.0119028,	-0.132418,	-0.2002,	0.56958,	-0.06272,	57985,	-270,	-16,	-448,	58025,	137,	-14,	-137,	58005,	64,	-15,	-343,	
2,	-3,	718219,	1.65255e+015,	17,	-4,	101,	44,	4,	5,	-3,	12,	1.65255e+009,	-1.02129,	-0.737968,	-0.510128,	0.101763,	-1.18759,	-0.693576,	-0.0360273,	0.0483888,	-0.657609,	-0.533876,	-0.000448713,	-0.0193711,	-0.456427,	-0.471024,	-0.00907778,	-0.00902163,	-0.627198,	-0.427314,	-0.0142123,	-0.100097,	-0.1638,	0.56958,	-0.06272,	57995,	-269,	-16,	-449,	58035,	137,	-14,	-136,	58015,	64,	-15,	-343,	
2,	-3,	718297,	1.65255e+015,	1,	-1,	-3,	4,	2,	2,	0,	-3,	1.65255e+009,	-1.08141,	-0.737968,	-0.592673,	0.101763,	-0.867266,	-0.601914,	-0.0136107,	0.0227081,	-0.452599,	-0.314339,	-0.0218188,	-0.0206538,	-0.456427,	-0.275873,	-0.0225445,	0.0192657,	-0.714918,	-0.427314,	-0.0142123,	-0.0718099,	-0.3094,	0.53506,	-0.06272,	58005,	-268,	-17,	-450,	58045,	137,	-15,	-137,	58025,	64,	-15,	-343,	
2,	-3,	718375,	1.65255e+015,	0,	4,	7,	1,	-1,	-5,	-3,	-2,	1.65255e+009,	-1.14153,	-0.614768,	-0.328529,	0.101763,	-0.787186,	-0.372759,	-0.0189053,	0.0227081,	-0.452599,	-0.214548,	-0.0217433,	-0.0206538,	-0.564842,	-0.275873,	-0.0225445,	0.0192657,	-0.714918,	-0.427314,	-0.0142123,	-0.10138,	-0.3549,	0.53506,	-0.06272,	58015,	-267,	-15,	-452,	58055,	136,	-14,	-137,	58035,	65,	-16,	-343,	
2,	-3,	718454,	1.65255e+015,	-2,	-1,	0,	-3,	-3,	-3,	-2,	-2,	1.65255e+009,	-1.05135,	-0.466928,	-0.229475,	0.0376992,	-0.707106,	-0.311651,	-0.0219002,	0.0435862,	-0.689149,	-0.334296,	-0.0210691,	-0.0197377,	-0.673257,	-0.364578,	-0.0194448,	-0.00347418,	-0.824568,	-0.491379,	-0.00626944,	-0.15369,	-0.4095,	0.53506,	-0.06272,	58025,	-266,	-16,	-453,	58065,	137,	-14,	-138,	58045,	65,	-14,	-344,	
2,	-3,	718516,	1.65255e+015,	-4,	-2,	-18,	-5,	-8,	-5,	-6,	-4,	1.65255e+009,	-0.720689,	-0.343728,	-0.229475,	-0.0460768,	-0.707106,	-0.311651,	-0.0219002,	0.0592593,	-0.689149,	-0.334296,	-0.0210691,	-0.0151546,	-0.781672,	-0.364578,	-0.0194448,	-0.0284611,	-0.824568,	-0.491379,	-0.00626944,	-0.214161,	-0.4914,	0.53506,	-0.06272,	58035,	-264,	-15,	-456,	58075,	137,	-13,	-139,	58055,	65,	-15,	-344,	
2,	-3,	718594,	1.65255e+015,	-2,	-1,	3,	-2,	-2,	-5,	10,	-2,	1.65255e+009,	-0.435119,	-0.343728,	-0.229475,	-0.115069,	-0.643042,	-0.311651,	-0.0219002,	0.0592593,	-0.689149,	-0.334296,	-0.0210691,	-0.0151546,	-0.673257,	-0.364578,	-0.0194448,	-0.0284611,	-0.714918,	-0.491379,	-0.00626944,	-0.214161,	-0.5369,	0.53506,	-0.06272,	58045,	-265,	-14,	-458,	58085,	137,	-14,	-139,	58065,	67,	-14,	-345,	
2,	-3,	718657,	1.65255e+015,	0,	0,	-1,	3,	-1,	-2,	-3,	-1,	1.65255e+009,	-0.435119,	-0.343728,	-0.229475,	-0.115069,	-0.643042,	-0.311651,	-0.0219002,	0.0675989,	-0.610299,	-0.334296,	-0.0210691,	-0.017905,	-0.673257,	-0.364578,	-0.0194448,	-0.0312115,	-0.714918,	-0.491379,	-0.00626944,	-0.216911,	-0.5369,	0.53506,	-0.06272,	58055,	-262,	-14,	-461,	58095,	137,	-15,	-140,	58075,	67,	-12,	-346,	
2,	-3,	718719,	1.65255e+015,	-1,	-2,	-6,	-2,	0,	2,	-3,	2,	1.65255e+009,	-0.435119,	-0.343728,	-0.229475,	-0.139709,	-0.643042,	-0.311651,	-0.0219002,	0.0675989,	-0.610299,	-0.334296,	-0.0210691,	-0.017905,	-0.673257,	-0.364578,	-0.0194448,	-0.0312115,	-0.714918,	-0.491379,	-0.00626944,	-0.240567,	-0.5824,	0.53506,	-0.06272,	58065,	-262,	-14,	-464,	58105,	137,	-15,	-141,	58085,	66,	-13,	-346,	
2,	-3,	718782,	1.65255e+015,	-6,	-5,	1,	-6,	-5,	-4,	-2,	-3,	1.65255e+009,	-0.435119,	-0.245168,	-0.229475,	-0.139709,	-0.643042,	-0.311651,	-0.0219002,	0.0675989,	-0.689149,	-0.334296,	-0.0210691,	-0.017905,	-0.673257,	-0.364578,	-0.0194448,	-0.0312115,	-0.714918,	-0.491379,	-0.00626944,	-0.240567,	-0.5824,	0.53506,	-0.06272,	58075,	-261,	-16,	-465,	58115,	136,	-15,	-141,	58095,	67,	-11,	-346,	
2,	-3,	718860,	1.65255e+015,	-2,	-2,	0,	-5,	-4,	-2,	-2,	-1,	1.65255e+009,	-0.435119,	-0.245168,	-0.229475,	-0.139709,	-0.643042,	-0.311651,	-0.0219002,	0.0742707,	-0.689149,	-0.334296,	-0.0210691,	-0.0201052,	-0.673257,	-0.364578,	-0.0194448,	-0.0334117,	-0.714918,	-0.491379,	-0.00626944,	-0.242767,	-0.5824,	0.53506,	-0.06272,	58085,	-260,	-15,	-466,	58125,	138,	-14,	-140,	58105,	66,	-11,	-346,	
2,	-3,	718938,	1.65255e+015,	-2,	-8,	-12,	10,	-4,	0,	-2,	-1,	1.65255e+009,	-0.435119,	-0.245168,	-0.229475,	-0.139709,	-0.643042,	-0.311651,	-0.0219002,	0.0742707,	-0.689149,	-0.334296,	-0.0210691,	-0.0201052,	-0.673257,	-0.364578,	-0.0194448,	-0.0334117,	-0.714918,	-0.491379,	-0.00626944,	-0.242767,	-0.5824,	0.53506,	-0.06272,	58095,	-260,	-15,	-466,	58135,	139,	-14,	-140,	58115,	67,	-10,	-346,	
2,	-3,	719016,	1.65255e+015,	-17,	1,	-22,	-25,	-9,	-8,	-12,	-54,	1.65255e+009,	-0.435119,	-0.245168,	-0.229475,	-0.139709,	-0.643042,	-0.311651,	-0.0219002,	0.0742707,	-0.689149,	-0.334296,	-0.0210691,	-0.0201052,	-0.673257,	-0.364578,	-0.0194448,	-0.0334117,	-0.714918,	-0.491379,	-0.00626944,	-0.242767,	-0.5824,	0.53506,	-0.06272,	58105,	-260,	-14,	-467,	58145,	139,	-13,	-140,	58125,	67,	-10,	-346,	
2,	-3,	719094,	1.65255e+015,	0,	-3,	1,	0,	-2,	-4,	-12,	26,	1.65255e+009,	-0.495239,	-0.245168,	-0.229475,	-0.100285,	-0.643042,	-0.311651,	-0.0219002,	0.0669373,	-0.689149,	-0.254465,	-0.0225383,	-0.0274386,	-0.868404,	-0.57747,	-0.00854093,	-0.0111751,	-0.714918,	-0.440127,	-0.0128339,	-0.244187,	-0.6279,	0.53506,	-0.06272,	58115,	-260,	-14,	-467,	58155,	138,	-13,	-140,	58135,	67,	-11,	-346,	
2,	-3,	719172,	1.65255e+015,	12,	-18,	-21,	-10,	4,	12,	32,	33,	1.65255e+009,	-0.750749,	-0.491568,	-0.229475,	0.0179872,	-0.643042,	-0.311651,	-0.0219002,	0.0470655,	-0.689149,	-0.254465,	-0.0225383,	-0.0384384,	-1.28038,	-1.09196,	-0.195927,	0.0310511,	-0.802638,	-0.440127,	-0.0128339,	-0.243358,	-0.8281,	0.53506,	-0.06272,	58125,	-259,	-14,	-468,	58165,	140,	-14,	-140,	58145,	67,	-11,	-346,	
2,	-3,	719250,	1.65255e+015,	14,	6,	-14,	17,	2,	1,	13,	82,	1.65255e+009,	-1.26177,	-0.639408,	-0.229475,	0.0968352,	-0.803202,	-0.311651,	-0.0219002,	0.0240591,	-0.767999,	-0.154675,	-0.0186389,	-0.0503548,	-1.41048,	-1.1984,	-0.255847,	0.0782747,	-0.912288,	-0.376062,	-0.0186753,	-0.225705,	-1.1557,	0.53506,	-0.06272,	58135,	-259,	-12,	-469,	58175,	139,	-13,	-140,	58155,	66,	-12,	-346,	
2,	-3,	719329,	1.65255e+015,	-11,	-25,	5,	-8,	-2,	-4,	-23,	-27,	1.65255e+009,	-1.51728,	-0.639408,	-0.328529,	0.121475,	-0.723122,	-0.311651,	-0.0219002,	-0.00855235,	-0.610299,	-0.0548845,	-0.00836643,	-0.0630043,	-1.41048,	-1.1984,	-0.255847,	0.136593,	-0.912288,	-0.32481,	-0.0214572,	-0.167386,	-1.4378,	0.53506,	-0.06272,	58145,	-259,	-13,	-470,	58185,	140,	-13,	-141,	58165,	68,	-11,	-347,	
2,	-3,	719407,	1.65255e+015,	-9,	-8,	12,	5,	1,	2,	1,	-4,	1.65255e+009,	-1.65255,	-0.639408,	-0.328529,	0.121475,	-0.659058,	-0.311651,	-0.0219002,	-0.014419,	-0.468369,	-0.0548845,	-0.00836643,	-0.0688709,	-1.10692,	-1.26937,	-0.299822,	0.154383,	-0.824568,	-0.260745,	-0.0225705,	-0.108199,	-1.3923,	0.53506,	-0.06272,	58155,	-259,	-13,	-470,	58195,	139,	-14,	-141,	58175,	67,	-13,	-347,	
2,	-3,	719485,	1.65255e+015,	-2,	-10,	2,	3,	1,	-4,	-10,	-38,	1.65255e+009,	-1.7277,	-0.639408,	-0.328529,	0.121475,	-0.659058,	-0.311651,	-0.0219002,	-0.014419,	-0.373749,	-0.0548845,	-0.00836643,	-0.0688709,	-1.10692,	-1.26937,	-0.299822,	0.154383,	-0.714918,	-0.260745,	-0.0225705,	-0.120027,	-1.3923,	0.53506,	-0.06272,	58165,	-259,	-13,	-471,	58205,	139,	-14,	-141,	58185,	68,	-12,	-347,	
2,	-3,	719563,	1.65255e+015,	3,	6,	-1,	8,	-2,	-3,	8,	21,	1.65255e+009,	-1.7277,	-0.639408,	-0.245984,	0.121475,	-0.659058,	-0.235266,	-0.0222832,	-0.014419,	-0.373749,	-0.0548845,	-0.00836643,	-0.0688709,	-1.10692,	-1.35807,	-0.359324,	0.154383,	-0.714918,	-0.260745,	-0.0225705,	-0.120027,	-1.4378,	0.53506,	-0.06272,	58175,	-257,	-13,	-472,	58215,	140,	-13,	-141,	58195,	67,	-12,	-347,	
2,	-3,	719641,	1.65255e+015,	1,	4,	22,	3,	-2,	-2,	-3,	0,	1.65255e+009,	-1.7277,	-0.639408,	-0.245984,	0.121475,	-0.659058,	-0.235266,	-0.0222832,	-0.00041393,	-0.373749,	-0.0548845,	-0.00836643,	-0.0637378,	-1.10692,	-1.35807,	-0.359324,	0.129946,	-0.714918,	-0.260745,	-0.0225705,	-0.144464,	-1.4378,	0.53506,	-0.06272,	58185,	-258,	-13,	-473,	58225,	139,	-14,	-141,	58205,	67,	-12,	-347,	
2,	-3,	719719,	1.65255e+015,	14,	1,	-1,	17,	13,	13,	7,	15,	1.65255e+009,	-1.47219,	-0.540848,	-0.179948,	0.0968352,	-0.739138,	-0.235266,	-0.0222832,	0.0389271,	-0.531449,	-0.154675,	-0.0186389,	-0.0377048,	-0.998502,	-1.09196,	-0.195927,	0.0376987,	-0.714918,	-0.311997,	-0.02189,	-0.236711,	-0.9555,	0.53506,	-0.06272,	58195,	-257,	-13,	-474,	58235,	139,	-14,	-141,	58215,	67,	-12,	-347,	
2,	-3,	719782,	1.65255e+015,	7,	-9,	19,	10,	4,	3,	-12,	-36,	1.65255e+009,	-1.24674,	-0.540848,	-0.179948,	0.0721952,	-0.659058,	-0.235266,	-0.0222832,	0.0462605,	-0.531449,	-0.154675,	-0.0186389,	-0.0303714,	-0.803355,	-0.75488,	-0.0540203,	0.0154621,	-0.605268,	-0.311997,	-0.02189,	-0.205722,	-0.7371,	0.53506,	-0.06272,	58205,	-256,	-13,	-474,	58245,	140,	-14,	-141,	58225,	67,	-12,	-347,	
2,	-3,	719860,	1.65255e+015,	-11,	14,	-4,	-3,	-3,	-5,	-2,	-39,	1.65255e+009,	-1.24674,	-0.664048,	-0.262493,	0.0721952,	-0.659058,	-0.235266,	-0.0222832,	0.0462605,	-0.452599,	-0.154675,	-0.0186389,	-0.0303714,	-0.803355,	-0.75488,	-0.0540203,	0.0154621,	-0.605268,	-0.311997,	-0.02189,	-0.205722,	-0.6916,	0.53506,	-0.06272,	58215,	-257,	-12,	-475,	58255,	140,	-14,	-141,	58235,	68,	-11,	-347,	
2,	-3,	719938,	1.65255e+015,	-2,	-18,	-5,	10,	-1,	-4,	-10,	-1,	1.65255e+009,	-1.4271,	-0.787248,	-0.328529,	0.116547,	-0.659058,	-0.235266,	-0.0222832,	0.0289195,	-0.389519,	-0.154675,	-0.0186389,	-0.0344044,	-0.803355,	-0.666175,	-0.0287627,	0.0409991,	-0.605268,	-0.311997,	-0.02189,	-0.180185,	-0.7371,	0.53506,	-0.06272,	58225,	-256,	-12,	-474,	58265,	139,	-15,	-142,	58245,	66,	-11,	-347,	
2,	-3,	720016,	1.65255e+015,	-12,	-21,	8,	-10,	4,	4,	6,	-24,	1.65255e+009,	-1.50225,	-0.787248,	-0.328529,	0.116547,	-0.578978,	-0.235266,	-0.0222832,	0.0255836,	-0.168739,	-0.154675,	-0.0186389,	-0.0333043,	-0.586525,	-0.666175,	-0.0287627,	0.0420992,	-0.517548,	-0.311997,	-0.02189,	-0.179084,	-0.8008,	0.53506,	-0.06272,	58235,	-256,	-11,	-474,	58275,	140,	-15,	-141,	58255,	67,	-12,	-346,	
2,	-3,	720094,	1.65255e+015,	-22,	-19,	-7,	-47,	-18,	-11,	-9,	-18,	1.65255e+009,	-1.59243,	-0.787248,	-0.378056,	0.116547,	-0.578978,	-0.235266,	-0.0222832,	0.00824266,	-0.0898891,	-0.154675,	-0.0186389,	-0.0373372,	-0.586525,	-0.541988,	-0.00186229,	0.0676363,	-0.407898,	-0.311997,	-0.02189,	-0.153547,	-0.8918,	0.53506,	-0.06272,	58245,	-255,	-12,	-475,	58285,	140,	-15,	-141,	58265,	68,	-12,	-346,	
2,	-3,	720157,	1.65255e+015,	4,	-11,	-17,	-5,	-5,	2,	21,	18,	1.65255e+009,	-1.71267,	-0.787248,	-0.378056,	0.116547,	-0.578978,	-0.296374,	-0.0222756,	0.00157092,	-0.200279,	-0.693541,	-0.0360176,	-0.035137,	-0.586525,	-0.719398,	-0.0433129,	0.0698365,	-0.407898,	-0.311997,	-0.02189,	-0.151347,	-0.91,	0.53506,	-0.06272,	58255,	-255,	-13,	-475,	58295,	140,	-14,	-141,	58275,	68,	-12,	-347,	
2,	-3,	720235,	1.65255e+015,	4,	2,	-13,	-2,	-1,	6,	17,	18,	1.65255e+009,	-1.56237,	-0.787248,	-0.31202,	0.116547,	-0.69109,	-0.296374,	-0.0222756,	0.0198326,	-0.957239,	-0.913078,	-0.111565,	-0.00800331,	-0.759989,	-0.719398,	-0.0433129,	-0.00356781,	-0.407898,	-0.311997,	-0.02189,	-0.224751,	-0.8645,	0.53506,	-0.06272,	58265,	-255,	-13,	-475,	58305,	139,	-14,	-141,	58285,	68,	-12,	-347,	
2,	-3,	720297,	1.65255e+015,	-2,	-5,	-2,	-12,	-9,	-12,	-3,	8,	1.65255e+009,	-1.56237,	-0.787248,	-0.31202,	0.116547,	-0.787186,	-0.219989,	-0.0219117,	0.0256993,	-1.09917,	-1.11266,	-0.207011,	-0.00213662,	-0.890087,	-0.488765,	-0.00664491,	-0.0213571,	-0.495618,	-0.235119,	-0.0222803,	-0.242541,	-0.819,	0.53506,	-0.06272,	58275,	-254,	-13,	-476,	58315,	140,	-14,	-141,	58295,	68,	-12,	-347,	
2,	-3,	720391,	1.65255e+015,	9,	11,	20,	4,	1,	-2,	-2,	1,	1.65255e+009,	-1.71267,	-0.787248,	-0.212966,	0.116547,	-0.787186,	-0.143604,	-0.0178136,	0.0330326,	-1.20956,	-0.933037,	-0.119962,	0.00519674,	-0.976819,	-0.311355,	-0.0219089,	-0.0435938,	-0.495618,	-0.183867,	-0.0204391,	-0.294347,	-0.6461,	0.53506,	-0.06272,	58285,	-255,	-14,	-476,	58325,	140,	-14,	-142,	58305,	69,	-11,	-347,	
2,	-3,	720469,	1.65255e+015,	-11,	-3,	-35,	-9,	-1,	-1,	3,	7,	1.65255e+009,	-1.71267,	-0.787248,	-0.212966,	0.116547,	-0.787186,	-0.143604,	-0.0178136,	0.0330326,	-1.20956,	-1.03283,	-0.165773,	0.00519674,	-0.976819,	-0.311355,	-0.0219089,	-0.0435938,	-0.495618,	-0.183867,	-0.0204391,	-0.294347,	-0.6097,	0.53506,	-0.06272,	58295,	-254,	-13,	-476,	58335,	139,	-14,	-142,	58315,	68,	-11,	-347,	
2,	-3,	720532,	1.65255e+015,	5,	14,	-1,	15,	3,	2,	16,	2,	1.65255e+009,	-1.71267,	-0.664048,	-0.212966,	0.116547,	-0.787186,	-0.143604,	-0.0178136,	0.0397044,	-1.11494,	-1.13262,	-0.217958,	0.00299648,	-0.976819,	-0.311355,	-0.0219089,	-0.045794,	-0.495618,	-0.183867,	-0.0204391,	-0.296548,	-0.5642,	0.53506,	-0.06272,	58305,	-254,	-13,	-477,	58345,	139,	-15,	-142,	58325,	68,	-11,	-347,	
2,	-3,	720610,	1.65255e+015,	8,	7,	-71,	9,	10,	9,	23,	118,	1.65255e+009,	-1.59243,	-0.664048,	-0.212966,	0.116547,	-0.627026,	-0.143604,	-0.0178136,	0.034844,	-0.657609,	-0.913078,	-0.111565,	-0.0129539,	-0.738306,	-0.311355,	-0.0219089,	-0.00851838,	-0.495618,	-0.183867,	-0.0204391,	-0.229702,	-0.5642,	0.53506,	-0.08232,	58315,	-254,	-12,	-477,	58355,	139,	-15,	-142,	58335,	68,	-10,	-347,	
2,	-3,	720688,	1.65255e+015,	15,	1,	-43,	26,	5,	4,	2,	98,	1.65255e+009,	-1.51728,	-0.664048,	-0.212966,	0.116547,	-0.466866,	-0.143604,	-0.0178136,	-0.00403668,	-0.279129,	-0.474003,	-0.00868335,	-0.0274366,	-0.738306,	-0.382319,	-0.0182206,	0.0597949,	-0.407898,	-0.183867,	-0.0204391,	-0.161389,	-0.7462,	0.53506,	-0.08232,	58325,	-255,	-12,	-477,	58365,	140,	-14,	-142,	58345,	68,	-13,	-347,	
2,	-3,	720750,	1.65255e+015,	2,	8,	-38,	-19,	-3,	-4,	9,	3,	1.65255e+009,	-1.66758,	-0.664048,	-0.295511,	0.116547,	-0.29069,	-0.143604,	-0.0178136,	-0.0363035,	-0.0425791,	-0.174633,	-0.0199286,	-0.0597034,	-0.738306,	-0.541988,	-0.00186229,	0.157636,	-0.495618,	-0.235119,	-0.0222803,	-0.0635475,	-0.9828,	0.53506,	-0.08232,	58335,	-254,	-12,	-477,	58375,	140,	-15,	-142,	58355,	68,	-12,	-347,	
2,	-3,	720829,	1.65255e+015,	10,	14,	-42,	-5,	-5,	-6,	-22,	-81,	1.65255e+009,	-1.83291,	-0.664048,	-0.295511,	0.141187,	-0.29069,	-0.143604,	-0.0178136,	-0.0463111,	0.0205009,	-0.0748425,	-0.0109308,	-0.056403,	-0.738306,	-0.541988,	-0.00186229,	0.160937,	-0.780708,	-0.645135,	-0.0235107,	-0.0602471,	-0.9191,	0.53506,	-0.08232,	58345,	-254,	-11,	-476,	58385,	140,	-15,	-142,	58365,	66,	-12,	-347,	
2,	-3,	720891,	1.65255e+015,	-12,	-5,	29,	22,	-6,	-10,	-7,	-39,	1.65255e+009,	-1.89303,	-0.664048,	-0.295511,	0.141187,	-0.29069,	-0.143604,	-0.0178136,	-0.0316444,	0.0993509,	0.0249475,	0.00444024,	-0.0417363,	-0.521476,	-0.293614,	-0.0223274,	0.116463,	-0.780708,	-0.991086,	-0.145836,	-0.10472,	-0.9555,	0.53506,	-0.08232,	58355,	-254,	-11,	-476,	58395,	140,	-14,	-141,	58375,	67,	-12,	-348,	
2,	-3,	720954,	1.65255e+015,	1,	-2,	71,	37,	-7,	-11,	-2,	29,	1.65255e+009,	-1.89303,	-0.664048,	-0.295511,	0.141187,	-0.29069,	-0.143604,	-0.0178136,	-0.0228443,	0.0993509,	0.0249475,	0.00444024,	-0.0329362,	-0.413061,	-0.187168,	-0.0206083,	0.0897793,	-0.780708,	-1.05515,	-0.176894,	-0.15506,	-1.0647,	0.53506,	-0.08232,	58365,	-253,	-11,	-476,	58405,	141,	-14,	-142,	58385,	68,	-13,	-348,	
2,	-3,	721032,	1.65255e+015,	3,	40,	2,	6,	7,	3,	10,	-8,	1.65255e+009,	-1.89303,	-0.664048,	-0.295511,	0.141187,	-0.29069,	-0.143604,	-0.0178136,	-0.0228443,	0.0993509,	0.0249475,	0.00444024,	-0.0329362,	-0.413061,	-0.0984626,	-0.0136363,	0.0897793,	-0.780708,	-1.05515,	-0.176894,	-0.15506,	-1.1557,	0.53506,	-0.08232,	58375,	-253,	-10,	-477,	58415,	140,	-15,	-142,	58395,	68,	-13,	-348,	
2,	-3,	721094,	1.65255e+015,	8,	16,	-9,	-3,	1,	1,	-5,	26,	1.65255e+009,	-1.89303,	-0.664048,	-0.361547,	0.141187,	-0.29069,	-0.143604,	-0.0178136,	-0.00196622,	0.0205009,	0.0249475,	0.00444024,	-0.0320201,	-0.413061,	-0.0984626,	-0.0136363,	0.0670394,	-0.649128,	-1.05515,	-0.176894,	-0.1778,	-1.1921,	0.53506,	-0.08232,	58385,	-254,	-10,	-477,	58425,	140,	-15,	-142,	58405,	67,	-12,	-347,	
2,	-3,	721172,	1.65255e+015,	-2,	-29,	-11,	-23,	-10,	-2,	1,	36,	1.65255e+009,	-1.68261,	-0.664048,	-0.361547,	0.141187,	-0.37077,	-0.143604,	-0.0178136,	0.0080414,	-0.0583491,	0.0249475,	0.00444024,	-0.0353205,	-0.413061,	-0.40006,	-0.0167949,	0.063739,	-0.517548,	-0.606696,	-0.0146472,	-0.181101,	-0.9191,	0.53506,	-0.08232,	58395,	-253,	-11,	-478,	58435,	140,	-15,	-142,	58415,	67,	-13,	-347,	
2,	-3,	721250,	1.65255e+015,	-13,	-15,	-9,	-4,	-5,	-11,	-21,	-25,	1.65255e+009,	-1.59243,	-0.664048,	-0.328529,	0.141187,	-0.434834,	-0.143604,	-0.0178136,	0.0237144,	-0.405289,	-0.19459,	-0.0209634,	-0.0307375,	-0.651574,	-0.75488,	-0.0540203,	0.038752,	-0.517548,	-0.414501,	-0.0154857,	-0.182432,	-0.7098,	0.53506,	-0.08232,	58405,	-253,	-12,	-478,	58445,	140,	-15,	-142,	58425,	67,	-13,	-348,	
2,	-3,	721313,	1.65255e+015,	-11,	-12,	-8,	-7,	5,	2,	-42,	-28,	1.65255e+009,	-1.71267,	-0.664048,	-0.328529,	0.121475,	-0.659058,	-0.143604,	-0.0178136,	0.0479862,	-1.00455,	-0.673582,	-0.0306793,	-0.0153377,	-0.868404,	-0.75488,	-0.0540203,	-0.0168162,	-0.517548,	-0.414501,	-0.0154857,	-0.261656,	-0.6279,	0.56958,	-0.08232,	58415,	-253,	-12,	-477,	58455,	141,	-14,	-141,	58435,	67,	-13,	-348,	
2,	-3,	721391,	1.65255e+015,	1,	-5,	-8,	7,	-2,	3,	7,	3,	1.65255e+009,	-1.78782,	-0.664048,	-0.328529,	0.121475,	-0.659058,	-0.143604,	-0.0178136,	0.0538529,	-1.06763,	-1.05278,	-0.1757,	-0.00947097,	-0.868404,	-0.843585,	-0.0843138,	-0.0346055,	-0.517548,	-0.414501,	-0.0154857,	-0.279445,	-0.5824,	0.56958,	-0.08232,	58425,	-253,	-13,	-477,	58465,	140,	-16,	-141,	58445,	68,	-13,	-348,	
2,	-3,	721454,	1.65255e+015,	-7,	-32,	54,	2,	-3,	-4,	-1,	-1,	1.65255e+009,	-1.78782,	-0.664048,	-0.328529,	0.121475,	-0.659058,	-0.143604,	-0.0178136,	0.0505171,	-0.988779,	-1.05278,	-0.1757,	-0.00837084,	-0.868404,	-0.93229,	-0.119643,	-0.0335053,	-0.517548,	-0.414501,	-0.0154857,	-0.278345,	-0.4459,	0.56958,	-0.08232,	58435,	-253,	-12,	-478,	58475,	141,	-16,	-141,	58455,	67,	-12,	-348,	
2,	-3,	721516,	1.65255e+015,	3,	-7,	-33,	-1,	-1,	-2,	1,	19,	1.65255e+009,	-1.71267,	-0.664048,	-0.361547,	0.121475,	-0.659058,	-0.143604,	-0.0178136,	0.0593171,	-1.06763,	-1.05278,	-0.1757,	0.000429187,	-0.868404,	-0.843585,	-0.0843138,	-0.0601893,	-0.517548,	-0.286371,	-0.0224404,	-0.305029,	-0.546,	0.56958,	-0.08232,	58445,	-253,	-12,	-477,	58485,	141,	-16,	-141,	58465,	67,	-13,	-347,	
2,	-3,	721594,	1.65255e+015,	0,	-7,	8,	2,	0,	7,	4,	3,	1.65255e+009,	-1.39704,	-0.664048,	-0.328529,	0.121475,	-0.755154,	-0.143604,	-0.0178136,	0.0593171,	-1.14648,	-1.15257,	-0.229159,	0.000429187,	-0.868404,	-0.488765,	-0.00664491,	-0.0601893,	-0.517548,	-0.222306,	-0.0219776,	-0.281373,	-0.6825,	0.56958,	-0.08232,	58455,	-253,	-12,	-477,	58495,	140,	-15,	-142,	58475,	67,	-12,	-347,	
2,	-3,	721672,	1.65255e+015,	7,	26,	109,	56,	11,	3,	0,	3,	1.65255e+009,	-1.14153,	-0.565488,	-0.262493,	0.0968352,	-0.93133,	-0.143604,	-0.0178136,	0.062653,	-1.14648,	-1.03283,	-0.165773,	-0.000670941,	-0.868404,	-0.40006,	-0.0167949,	-0.0612894,	-0.407898,	-0.158241,	-0.0188881,	-0.282473,	-0.728,	0.56958,	-0.08232,	58465,	-253,	-11,	-476,	58505,	141,	-14,	-141,	58485,	67,	-13,	-347,	
2,	-3,	721735,	1.65255e+015,	1,	-3,	-1,	-20,	-1,	0,	-5,	-1,	1.65255e+009,	-1.17159,	-0.565488,	-0.196457,	0.0968352,	-1.18759,	-0.311651,	-0.0219002,	0.0465196,	-0.925699,	-0.59375,	-0.0118751,	-0.0168043,	-0.759989,	-0.311355,	-0.0219089,	-0.0123688,	-0.407898,	-0.158241,	-0.0188881,	-0.203982,	-0.6825,	0.56958,	-0.08232,	58475,	-254,	-11,	-476,	58515,	141,	-15,	-141,	58495,	67,	-13,	-347,	
2,	-3,	721813,	1.65255e+015,	-3,	0,	17,	1,	-5,	-3,	1,	-5,	1.65255e+009,	-1.36698,	-0.466928,	-0.196457,	0.0968352,	-1.33173,	-0.586637,	-0.0103974,	0.0648669,	-0.925699,	-0.513919,	-0.00285023,	-0.022855,	-0.759989,	-0.311355,	-0.0219089,	-0.0184195,	-0.517548,	-0.311997,	-0.02189,	-0.233689,	-0.6825,	0.56958,	-0.08232,	58485,	-254,	-11,	-475,	58525,	141,	-15,	-141,	58505,	67,	-14,	-347,	
2,	-3,	721875,	1.65255e+015,	-6,	7,	55,	15,	-3,	0,	0,	5,	1.65255e+009,	-1.36698,	-0.466928,	-0.196457,	0.121475,	-1.33173,	-0.663022,	-0.0279576,	0.0748745,	-0.846849,	-0.513919,	-0.00285023,	-0.0261554,	-0.759989,	-0.240391,	-0.0223744,	-0.0217199,	-0.517548,	-0.311997,	-0.02189,	-0.23699,	-0.6825,	0.56958,	-0.08232,	58495,	-254,	-11,	-474,	58535,	142,	-15,	-141,	58515,	67,	-14,	-347,	
2,	-3,	721969,	1.65255e+015,	-5,	6,	-11,	-4,	2,	0,	-5,	-6,	1.65255e+009,	-1.44213,	-0.466928,	-0.196457,	0.121475,	-1.33173,	-0.663022,	-0.0279576,	0.0815462,	-0.846849,	-0.434087,	-0.0134968,	-0.0283557,	-0.759989,	-0.240391,	-0.0223744,	-0.0239202,	-0.517548,	-0.311997,	-0.02189,	-0.262846,	-0.6188,	0.56958,	-0.08232,	58505,	-254,	-11,	-474,	58545,	142,	-15,	-141,	58525,	67,	-14,	-347,	
2,	-3,	722047,	1.65255e+015,	6,	-14,	-28,	-21,	-6,	-5,	2,	5,	1.65255e+009,	-1.30686,	-0.466928,	-0.196457,	0.121475,	-1.15555,	-0.601914,	-0.0136107,	0.0581951,	-0.673379,	-0.334296,	-0.0210691,	-0.0206548,	-0.651574,	-0.240391,	-0.0223744,	-0.0162193,	-0.517548,	-0.311997,	-0.02189,	-0.225575,	-0.6279,	0.56958,	-0.08232,	58515,	-254,	-11,	-474,	58555,	140,	-15,	-141,	58535,	68,	-15,	-347,	
2,	-3,	722125,	1.65255e+015,	0,	2,	8,	-2,	1,	-1,	-3,	-1,	1.65255e+009,	-0.946139,	-0.343728,	-0.113912,	0.0376992,	-1.15555,	-0.525529,	-0.000962125,	0.0491938,	-0.673379,	-0.154675,	-0.0186389,	-0.0274381,	-0.651574,	-0.133945,	-0.0170294,	0.00656742,	-0.517548,	-0.311997,	-0.02189,	-0.173218,	-0.6825,	0.56958,	-0.08232,	58525,	-253,	-11,	-475,	58565,	140,	-15,	-141,	58545,	67,	-14,	-347,	
2,	-3,	722204,	1.65255e+015,	-2,	-9,	-14,	-2,	1,	2,	-1,	-1,	1.65255e+009,	-0.870988,	-0.343728,	-0.113912,	-0.0214368,	-1.09149,	-0.403313,	-0.0165116,	0.0491938,	-0.673379,	-0.154675,	-0.0186389,	-0.0274381,	-0.651574,	-0.0452396,	-0.00703581,	0.00656742,	-0.517548,	-0.311997,	-0.02189,	-0.173218,	-0.728,	0.56958,	-0.08232,	58535,	-252,	-11,	-475,	58575,	140,	-16,	-141,	58555,	67,	-15,	-347,	
2,	-3,	722282,	1.65255e+015,	1,	1,	-5,	7,	1,	0,	-1,	0,	1.65255e+009,	-0.810869,	-0.245168,	-0.113912,	-0.0460768,	-1.01141,	-0.311651,	-0.0219002,	0.0886783,	-0.846849,	-0.154675,	-0.0186389,	-0.0190056,	-0.759989,	-0.133945,	-0.0170294,	-0.0500541,	-0.627198,	-0.311997,	-0.02189,	-0.265324,	-0.6916,	0.56958,	-0.08232,	58545,	-253,	-12,	-474,	58585,	140,	-16,	-141,	58565,	67,	-14,	-347,	
2,	-3,	722360,	1.65255e+015,	-1,	5,	2,	-7,	-2,	-2,	0,	-1,	1.65255e+009,	-0.901049,	-0.245168,	-0.179948,	-0.0214368,	-1.01141,	-0.311651,	-0.0219002,	0.0886783,	-0.925699,	-0.234507,	-0.0222682,	-0.0190056,	-0.759989,	-0.22265,	-0.0219871,	-0.0500541,	-0.627198,	-0.363249,	-0.0195284,	-0.294894,	-0.637,	0.56958,	-0.08232,	58555,	-253,	-13,	-474,	58595,	141,	-16,	-141,	58575,	68,	-15,	-347,	
2,	-3,	722438,	1.65255e+015,	0,	-1,	1,	-12,	2,	0,	1,	-2,	1.65255e+009,	-0.961169,	-0.245168,	-0.179948,	-0.00172479,	-1.01141,	-0.311651,	-0.0219002,	0.0886783,	-0.925699,	-0.234507,	-0.0222682,	-0.0190056,	-0.759989,	-0.293614,	-0.0223274,	-0.0500541,	-0.627198,	-0.363249,	-0.0195284,	-0.294894,	-0.5915,	0.56958,	-0.08232,	58565,	-254,	-12,	-473,	58605,	140,	-16,	-141,	58585,	68,	-15,	-346,	
2,	-3,	722532,	1.65255e+015,	0,	0,	2,	10,	5,	2,	-1,	0,	1.65255e+009,	-0.961169,	-0.245168,	-0.179948,	-0.00172479,	-1.01141,	-0.311651,	-0.0219002,	0.0886783,	-0.925699,	-0.234507,	-0.0222682,	-0.0190056,	-0.759989,	-0.293614,	-0.0223274,	-0.0500541,	-0.627198,	-0.363249,	-0.0195284,	-0.294894,	-0.5915,	0.56958,	-0.08232,	58575,	-255,	-11,	-472,	58615,	140,	-17,	-140,	58595,	67,	-15,	-346,	
2,	-3,	722610,	1.65255e+015,	0,	-4,	-8,	-4,	0,	-2,	0,	-2,	1.65255e+009,	-0.961169,	-0.245168,	-0.179948,	-0.00172479,	-0.947346,	-0.311651,	-0.0219002,	0.0886783,	-0.925699,	-0.234507,	-0.0222682,	-0.0190056,	-0.759989,	-0.293614,	-0.0223274,	-0.0500541,	-0.627198,	-0.363249,	-0.0195284,	-0.294894,	-0.5915,	0.56958,	-0.08232,	58585,	-256,	-11,	-470,	58625,	140,	-16,	-140,	58605,	68,	-16,	-346,	
2,	-3,	722688,	1.65255e+015,	-1,	-3,	-3,	1,	-2,	-1,	-1,	-1,	1.65255e+009,	-0.961169,	-0.245168,	-0.179948,	-0.00172479,	-0.899298,	-0.311651,	-0.0219002,	0.0886783,	-0.925699,	-0.234507,	-0.0222682,	-0.0190056,	-0.759989,	-0.293614,	-0.0223274,	-0.0500541,	-0.627198,	-0.363249,	-0.0195284,	-0.294894,	-0.5915,	0.56958,	-0.08232,	58595,	-256,	-12,	-469,	58635,	140,	-16,	-139,	58615,	68,	-15,	-345,	
2,	-3,	722766,	1.65255e+015,	-1,	-2,	-1,	-1,	0,	0,	-2,	-2,	1.65255e+009,	-0.961169,	-0.245168,	-0.179948,	-0.00172479,	-0.899298,	-0.311651,	-0.0219002,	0.0886783,	-0.925699,	-0.234507,	-0.0222682,	-0.0190056,	-0.759989,	-0.293614,	-0.0223274,	-0.0500541,	-0.627198,	-0.363249,	-0.0195284,	-0.294894,	-0.5915,	0.56958,	-0.08232,	58605,	-256,	-12,	-469,	58645,	141,	-15,	-139,	58625,	67,	-16,	-345,	
2,	-3,	722844,	1.65255e+015,	0,	2,	-3,	1,	0,	0,	-2,	0,	1.65255e+009,	-0.961169,	-0.245168,	-0.179948,	-0.00172479,	-0.899298,	-0.311651,	-0.0219002,	0.0886783,	-0.925699,	-0.234507,	-0.0222682,	-0.0190056,	-0.759989,	-0.293614,	-0.0223274,	-0.0500541,	-0.627198,	-0.363249,	-0.0195284,	-0.294894,	-0.5915,	0.56958,	-0.08232,	58615,	-259,	-12,	-468,	58655,	140,	-15,	-139,	58635,	68,	-15,	-345,	
2,	-3,	722922,	1.65255e+015,	-1,	-3,	6,	2,	1,	-2,	-1,	0,	1.65255e+009,	-0.901049,	-0.245168,	-0.179948,	-0.0214368,	-0.899298,	-0.311651,	-0.0219002,	0.0886783,	-0.925699,	-0.234507,	-0.0222682,	-0.0190056,	-0.759989,	-0.293614,	-0.0223274,	-0.0500541,	-0.627198,	-0.363249,	-0.0195284,	-0.294894,	-0.5915,	0.56958,	-0.08232,	58625,	-258,	-11,	-467,	58665,	141,	-16,	-139,	58645,	66,	-16,	-344,	
2,	-3,	723000,	1.65255e+015,	-2,	3,	5,	3,	-3,	0,	-2,	-1,	1.65255e+009,	-0.901049,	-0.245168,	-0.179948,	-0.0214368,	-0.899298,	-0.311651,	-0.0219002,	0.0886783,	-0.925699,	-0.234507,	-0.0222682,	-0.0190056,	-0.759989,	-0.293614,	-0.0223274,	-0.0500541,	-0.627198,	-0.363249,	-0.0195284,	-0.294894,	-0.5915,	0.56958,	-0.08232,	58635,	-257,	-11,	-467,	58675,	140,	-15,	-139,	58655,	67,	-16,	-344,	
2,	-3,	723079,	1.65255e+015,	0,	-1,	0,	2,	2,	0,	-1,	-1,	1.65255e+009,	-0.901049,	-0.245168,	-0.179948,	-0.0214368,	-0.899298,	-0.311651,	-0.0219002,	0.0886783,	-0.925699,	-0.234507,	-0.0222682,	-0.0190056,	-0.759989,	-0.293614,	-0.0223274,	-0.0500541,	-0.627198,	-0.363249,	-0.0195284,	-0.294894,	-0.5915,	0.56958,	-0.08232,	58645,	-257,	-11,	-467,	58685,	141,	-16,	-138,	58665,	66,	-15,	-344,	
2,	-3,	723157,	1.65255e+015,	-1,	-4,	-4,	-1,	1,	-2,	-1,	-4,	1.65255e+009,	-0.901049,	-0.245168,	-0.179948,	-0.0214368,	-0.899298,	-0.311651,	-0.0219002,	0.0886783,	-0.925699,	-0.234507,	-0.0222682,	-0.0190056,	-0.759989,	-0.293614,	-0.0223274,	-0.0500541,	-0.627198,	-0.363249,	-0.0195284,	-0.294894,	-0.5915,	0.56958,	-0.08232,	58655,	-259,	-11,	-466,	58695,	141,	-16,	-138,	58675,	66,	-16,	-344,	
2,	-3,	723235,	1.65255e+015,	0,	-4,	-11,	-4,	-4,	-1,	-1,	-2,	1.65255e+009,	-0.901049,	-0.245168,	-0.179948,	-0.0214368,	-0.899298,	-0.311651,	-0.0219002,	0.0886783,	-0.925699,	-0.234507,	-0.0222682,	-0.0190056,	-0.759989,	-0.293614,	-0.0223274,	-0.0500541,	-0.627198,	-0.363249,	-0.0195284,	-0.294894,	-0.5915,	0.56958,	-0.08232,	58665,	-259,	-12,	-465,	58705,	141,	-16,	-138,	58685,	67,	-16,	-344,	
2,	-3,	723313,	1.65255e+015,	-4,	-8,	-11,	-6,	-4,	-3,	-1,	-2,	1.65255e+009,	-0.901049,	-0.245168,	-0.179948,	-0.0214368,	-0.899298,	-0.311651,	-0.0219002,	0.0886783,	-0.925699,	-0.234507,	-0.0222682,	-0.0190056,	-0.759989,	-0.293614,	-0.0223274,	-0.0500541,	-0.627198,	-0.363249,	-0.0195284,	-0.294894,	-0.5915,	0.56958,	-0.08232,	58675,	-258,	-12,	-464,	58715,	141,	-15,	-138,	58695,	66,	-16,	-344,	
2,	-3,	723391,	1.65255e+015,	2,	2,	3,	4,	0,	-1,	-3,	1,	1.65255e+009,	-0.901049,	-0.245168,	-0.179948,	-0.0214368,	-0.899298,	-0.311651,	-0.0219002,	0.0886783,	-0.925699,	-0.234507,	-0.0222682,	-0.0190056,	-0.759989,	-0.293614,	-0.0223274,	-0.0500541,	-0.627198,	-0.363249,	-0.0195284,	-0.294894,	-0.5915,	0.56958,	-0.08232,	58685,	-258,	-13,	-464,	58725,	141,	-15,	-138,	58705,	67,	-16,	-344,	
2,	-3,	723469,	1.65255e+015,	-1,	5,	3,	0,	-4,	-2,	-1,	0,	1.65255e+009,	-0.901049,	-0.245168,	-0.179948,	-0.0214368,	-0.899298,	-0.311651,	-0.0219002,	0.0886783,	-0.925699,	-0.234507,	-0.0222682,	-0.0190056,	-0.759989,	-0.293614,	-0.0223274,	-0.0500541,	-0.627198,	-0.363249,	-0.0195284,	-0.294894,	-0.5915,	0.56958,	-0.08232,	58695,	-257,	-13,	-464,	58735,	141,	-16,	-138,	58715,	67,	-16,	-344,	
2,	-3,	723547,	1.65255e+015,	-2,	-5,	-3,	-1,	-1,	1,	1,	-1,	1.65255e+009,	-0.901049,	-0.245168,	-0.179948,	-0.0214368,	-0.899298,	-0.311651,	-0.0219002,	0.0886783,	-0.925699,	-0.234507,	-0.0222682,	-0.0190056,	-0.759989,	-0.293614,	-0.0223274,	-0.0500541,	-0.627198,	-0.363249,	-0.0195284,	-0.294894,	-0.5915,	0.56958,	-0.08232,	58705,	-257,	-13,	-464,	58745,	140,	-15,	-138,	58725,	67,	-17,	-344,	
2,	-3,	723625,	1.65255e+015,	0,	9,	3,	2,	-1,	0,	-1,	-1,	1.65255e+009,	-0.901049,	-0.245168,	-0.179948,	-0.0214368,	-0.899298,	-0.311651,	-0.0219002,	0.0886783,	-0.925699,	-0.234507,	-0.0222682,	-0.0190056,	-0.759989,	-0.293614,	-0.0223274,	-0.0500541,	-0.627198,	-0.363249,	-0.0195284,	-0.294894,	-0.5915,	0.56958,	-0.08232,	58715,	-258,	-13,	-465,	58755,	140,	-16,	-139,	58735,	67,	-16,	-344,	
2,	-3,	723704,	1.65255e+015,	1,	1,	-2,	0,	-3,	0,	-1,	0,	1.65255e+009,	-0.901049,	-0.245168,	-0.179948,	-0.0214368,	-0.899298,	-0.311651,	-0.0219002,	0.0886783,	-0.925699,	-0.234507,	-0.0222682,	-0.0190056,	-0.759989,	-0.293614,	-0.0223274,	-0.0500541,	-0.627198,	-0.363249,	-0.0195284,	-0.294894,	-0.5915,	0.56958,	-0.08232,	58725,	-259,	-12,	-465,	58765,	142,	-15,	-138,	58745,	67,	-16,	-344,	
2,	-3,	723782,	1.65255e+015,	-2,	-5,	-2,	-19,	-5,	-2,	-1,	-1,	1.65255e+009,	-0.901049,	-0.245168,	-0.179948,	-0.0214368,	-0.899298,	-0.311651,	-0.0219002,	0.0886783,	-0.925699,	-0.234507,	-0.0222682,	-0.0190056,	-0.759989,	-0.293614,	-0.0223274,	-0.0500541,	-0.627198,	-0.363249,	-0.0195284,	-0.294894,	-0.5915,	0.56958,	-0.08232,	58735,	-259,	-14,	-465,	58775,	141,	-15,	-138,	58755,	67,	-15,	-344,	
2,	-3,	723860,	1.65255e+015,	-1,	-7,	-4,	0,	4,	1,	-1,	-1,	1.65255e+009,	-0.901049,	-0.245168,	-0.179948,	-0.0214368,	-0.899298,	-0.311651,	-0.0219002,	0.0953501,	-0.925699,	-0.234507,	-0.0222682,	-0.0212058,	-0.759989,	-0.293614,	-0.0223274,	-0.0522543,	-0.627198,	-0.363249,	-0.0195284,	-0.297094,	-0.5915,	0.56958,	-0.08232,	58745,	-257,	-13,	-465,	58785,	142,	-15,	-138,	58765,	66,	-17,	-344,	
2,	-3,	723922,	1.65255e+015,	-3,	-5,	-8,	-5,	-5,	-3,	-2,	-1,	1.65255e+009,	-0.901049,	-0.245168,	-0.179948,	-0.0214368,	-0.899298,	-0.311651,	-0.0219002,	0.0953501,	-0.925699,	-0.234507,	-0.0222682,	-0.0212058,	-0.759989,	-0.293614,	-0.0223274,	-0.0522543,	-0.627198,	-0.363249,	-0.0195284,	-0.297094,	-0.5915,	0.56958,	-0.08232,	58755,	-258,	-13,	-465,	58795,	140,	-16,	-138,	58775,	68,	-16,	-344,	
2,	-3,	723985,	1.65255e+015,	0,	6,	-2,	1,	1,	1,	-1,	-1,	1.65255e+009,	-0.901049,	-0.245168,	-0.179948,	-0.0214368,	-0.899298,	-0.311651,	-0.0219002,	0.0953501,	-0.925699,	-0.234507,	-0.0222682,	-0.0212058,	-0.759989,	-0.293614,	-0.0223274,	-0.0522543,	-0.627198,	-0.363249,	-0.0195284,	-0.297094,	-0.5915,	0.56958,	-0.08232,	58765,	-259,	-12,	-464,	58805,	139,	-15,	-138,	58785,	67,	-15,	-344,	
2,	-3,	724047,	1.65255e+015,	-1,	5,	1,	-6,	-2,	-1,	-2,	-2,	1.65255e+009,	-0.901049,	-0.245168,	-0.179948,	-0.0214368,	-0.899298,	-0.311651,	-0.0219002,	0.0953501,	-0.925699,	-0.234507,	-0.0222682,	-0.0212058,	-0.759989,	-0.293614,	-0.0223274,	-0.0522543,	-0.627198,	-0.363249,	-0.0195284,	-0.297094,	-0.5915,	0.56958,	-0.08232,	58775,	-258,	-11,	-463,	58815,	140,	-14,	-138,	58795,	67,	-15,	-344,	
2,	-3,	724125,	1.65255e+015,	0,	1,	1,	1,	-1,	0,	-1,	1,	1.65255e+009,	-0.901049,	-0.245168,	-0.179948,	-0.0214368,	-0.899298,	-0.311651,	-0.0219002,	0.0953501,	-0.925699,	-0.234507,	-0.0222682,	-0.0212058,	-0.759989,	-0.293614,	-0.0223274,	-0.0522543,	-0.627198,	-0.363249,	-0.0195284,	-0.297094,	-0.5915,	0.56958,	-0.08232,	58785,	-260,	-13,	-464,	58825,	140,	-15,	-138,	58805,	66,	-15,	-344,	
2,	-3,	724204,	1.65255e+015,	-2,	-5,	-4,	-1,	0,	-1,	-1,	0,	1.65255e+009,	-0.901049,	-0.245168,	-0.179948,	-0.0214368,	-0.899298,	-0.311651,	-0.0219002,	0.0953501,	-0.925699,	-0.234507,	-0.0222682,	-0.0212058,	-0.759989,	-0.293614,	-0.0223274,	-0.0522543,	-0.627198,	-0.363249,	-0.0195284,	-0.297094,	-0.5915,	0.56958,	-0.08232,	58795,	-259,	-12,	-463,	58835,	140,	-15,	-138,	58815,	66,	-15,	-344,	
2,	-3,	724282,	1.65255e+015,	-1,	-1,	0,	-2,	2,	0,	-1,	-2,	1.65255e+009,	-0.901049,	-0.245168,	-0.179948,	-0.0214368,	-0.899298,	-0.311651,	-0.0219002,	0.0953501,	-0.925699,	-0.234507,	-0.0222682,	-0.0212058,	-0.759989,	-0.293614,	-0.0223274,	-0.0522543,	-0.627198,	-0.363249,	-0.0195284,	-0.297094,	-0.5915,	0.56958,	-0.08232,	58805,	-260,	-13,	-462,	58845,	140,	-15,	-138,	58825,	67,	-15,	-344,	
