1,	4,	656657,	1.65255e+015,	0,	-5,	3,	1,	2,	-2,	-2,	1,	1.65255e+009,	-0.645539,	-0.195888,	-0.262493,	-0.0362208,	-0.755154,	-0.326928,	-0.0213756,	0.109355,	-0.894159,	-0.214548,	-0.0217433,	-0.0160727,	-0.846721,	-0.329096,	-0.021289,	-0.0766912,	-0.627198,	-0.337623,	-0.0209194,	-0.380671,	-0.4732,	0.59547,	-0.05488,	57111,	-239,	-4,	-499,	57011,	143,	-26,	-149,	56991,	74,	-22,	-354,	
1,	4,	656735,	1.65255e+015,	-2,	0,	-5,	0,	-1,	-1,	-2,	0,	1.65255e+009,	-0.645539,	-0.195888,	-0.262493,	-0.0362208,	-0.755154,	-0.326928,	-0.0213756,	0.109355,	-0.894159,	-0.214548,	-0.0217433,	-0.0160727,	-0.846721,	-0.329096,	-0.021289,	-0.0766912,	-0.627198,	-0.337623,	-0.0209194,	-0.380671,	-0.4732,	0.59547,	-0.05488,	57121,	-240,	-4,	-498,	57021,	141,	-25,	-148,	57001,	75,	-21,	-354,	
1,	4,	656813,	1.65255e+015,	-2,	-2,	-1,	2,	0,	-2,	-1,	0,	1.65255e+009,	-0.645539,	-0.195888,	-0.262493,	-0.0362208,	-0.755154,	-0.326928,	-0.0213756,	0.109355,	-0.894159,	-0.214548,	-0.0217433,	-0.0160727,	-0.846721,	-0.329096,	-0.021289,	-0.0766912,	-0.627198,	-0.337623,	-0.0209194,	-0.380671,	-0.4732,	0.59547,	-0.05488,	57131,	-240,	-3,	-499,	57031,	141,	-24,	-147,	57011,	74,	-21,	-353,	
1,	4,	656891,	1.65255e+015,	-1,	-4,	1,	-4,	0,	-1,	-1,	0,	1.65255e+009,	-0.645539,	-0.195888,	-0.262493,	-0.0362208,	-0.755154,	-0.326928,	-0.0213756,	0.109355,	-0.894159,	-0.214548,	-0.0217433,	-0.0160727,	-0.846721,	-0.329096,	-0.021289,	-0.0766912,	-0.627198,	-0.337623,	-0.0209194,	-0.380671,	-0.4732,	0.59547,	-0.05488,	57141,	-240,	-4,	-500,	57041,	140,	-25,	-147,	57021,	74,	-21,	-353,	
1,	4,	656969,	1.65255e+015,	0,	3,	3,	-2,	3,	-1,	-1,	-1,	1.65255e+009,	-0.645539,	-0.195888,	-0.262493,	-0.0362208,	-0.755154,	-0.326928,	-0.0213756,	0.109355,	-0.894159,	-0.214548,	-0.0217433,	-0.0160727,	-0.846721,	-0.329096,	-0.021289,	-0.0766912,	-0.627198,	-0.337623,	-0.0209194,	-0.380671,	-0.4732,	0.59547,	-0.05488,	57151,	-239,	-5,	-500,	57051,	141,	-26,	-148,	57031,	74,	-22,	-354,	
1,	4,	657032,	1.65255e+015,	-1,	-6,	-4,	-10,	-3,	-2,	-1,	-1,	1.65255e+009,	-0.645539,	-0.195888,	-0.262493,	-0.0362208,	-0.755154,	-0.326928,	-0.0213756,	0.109355,	-0.894159,	-0.214548,	-0.0217433,	-0.0160727,	-0.846721,	-0.329096,	-0.021289,	-0.0766912,	-0.627198,	-0.337623,	-0.0209194,	-0.380671,	-0.4732,	0.59547,	-0.05488,	57161,	-239,	-5,	-500,	57061,	142,	-25,	-148,	57041,	76,	-22,	-355,	
1,	4,	657094,	1.65255e+015,	-1,	1,	-4,	0,	0,	0,	-2,	0,	1.65255e+009,	-0.645539,	-0.195888,	-0.262493,	-0.0362208,	-0.755154,	-0.326928,	-0.0213756,	0.109355,	-0.894159,	-0.214548,	-0.0217433,	-0.0160727,	-0.846721,	-0.329096,	-0.021289,	-0.0766912,	-0.627198,	-0.337623,	-0.0209194,	-0.380671,	-0.4732,	0.59547,	-0.05488,	57171,	-241,	-5,	-500,	57071,	143,	-24,	-148,	57051,	78,	-22,	-355,	
1,	4,	657172,	1.65255e+015,	0,	0,	-4,	-13,	-3,	-2,	-1,	0,	1.65255e+009,	-0.645539,	-0.195888,	-0.262493,	-0.0362208,	-0.755154,	-0.326928,	-0.0213756,	0.109355,	-0.894159,	-0.214548,	-0.0217433,	-0.0160727,	-0.846721,	-0.329096,	-0.021289,	-0.0766912,	-0.627198,	-0.337623,	-0.0209194,	-0.380671,	-0.4732,	0.59547,	-0.05488,	57181,	-241,	-4,	-499,	57081,	143,	-23,	-149,	57061,	77,	-22,	-356,	
1,	4,	657235,	1.65255e+015,	-4,	-3,	-4,	-4,	-7,	-5,	-2,	-1,	1.65255e+009,	-0.645539,	-0.195888,	-0.262493,	-0.0362208,	-0.755154,	-0.326928,	-0.0213756,	0.109355,	-0.894159,	-0.214548,	-0.0217433,	-0.0160727,	-0.846721,	-0.329096,	-0.021289,	-0.0766912,	-0.627198,	-0.337623,	-0.0209194,	-0.380671,	-0.4732,	0.59547,	-0.05488,	57191,	-241,	-4,	-499,	57091,	143,	-25,	-149,	57071,	77,	-21,	-356,	
1,	4,	657313,	1.65255e+015,	-1,	2,	-9,	-3,	-2,	-3,	-2,	-1,	1.65255e+009,	-0.645539,	-0.195888,	-0.262493,	-0.0362208,	-0.755154,	-0.326928,	-0.0213756,	0.109355,	-0.894159,	-0.214548,	-0.0217433,	-0.0160727,	-0.846721,	-0.329096,	-0.021289,	-0.0766912,	-0.627198,	-0.337623,	-0.0209194,	-0.380671,	-0.4732,	0.59547,	-0.05488,	57201,	-240,	-4,	-498,	57101,	143,	-25,	-150,	57081,	76,	-21,	-357,	
1,	4,	657391,	1.65255e+015,	-2,	-3,	0,	-7,	-3,	-2,	-2,	-2,	1.65255e+009,	-0.645539,	-0.195888,	-0.262493,	-0.0362208,	-0.755154,	-0.326928,	-0.0213756,	0.109355,	-0.894159,	-0.214548,	-0.0217433,	-0.0160727,	-0.846721,	-0.329096,	-0.021289,	-0.0766912,	-0.627198,	-0.337623,	-0.0209194,	-0.380671,	-0.4732,	0.59547,	-0.05488,	57211,	-241,	-4,	-497,	57111,	142,	-25,	-150,	57091,	76,	-21,	-357,	
1,	4,	657469,	1.65255e+015,	-4,	-12,	-9,	-11,	-4,	0,	0,	-3,	1.65255e+009,	-0.645539,	-0.195888,	-0.262493,	-0.0362208,	-0.755154,	-0.326928,	-0.0213756,	0.109355,	-0.894159,	-0.214548,	-0.0217433,	-0.0160727,	-0.846721,	-0.329096,	-0.021289,	-0.0766912,	-0.627198,	-0.337623,	-0.0209194,	-0.380671,	-0.4732,	0.59547,	-0.05488,	57221,	-240,	-4,	-496,	57121,	141,	-23,	-150,	57101,	76,	-19,	-357,	
1,	4,	657532,	1.65255e+015,	-2,	-5,	-3,	2,	1,	-1,	-1,	0,	1.65255e+009,	-0.645539,	-0.195888,	-0.262493,	-0.0362208,	-0.755154,	-0.326928,	-0.0213756,	0.109355,	-0.894159,	-0.214548,	-0.0217433,	-0.0160727,	-0.846721,	-0.329096,	-0.021289,	-0.0766912,	-0.627198,	-0.337623,	-0.0209194,	-0.380671,	-0.4732,	0.59547,	-0.05488,	57231,	-241,	-2,	-497,	57131,	141,	-23,	-150,	57111,	77,	-19,	-358,	
1,	4,	657610,	1.65255e+015,	2,	2,	7,	14,	1,	0,	0,	0,	1.65255e+009,	-0.645539,	-0.195888,	-0.262493,	-0.0362208,	-0.755154,	-0.326928,	-0.0213756,	0.109355,	-0.894159,	-0.214548,	-0.0217433,	-0.0160727,	-0.846721,	-0.329096,	-0.021289,	-0.0766912,	-0.627198,	-0.337623,	-0.0209194,	-0.380671,	-0.4732,	0.59547,	-0.05488,	57241,	-241,	-3,	-498,	57141,	142,	-22,	-150,	57121,	77,	-18,	-358,	
1,	4,	657688,	1.65255e+015,	1,	-1,	3,	-9,	-5,	-3,	-2,	-1,	1.65255e+009,	-0.645539,	-0.195888,	-0.262493,	-0.0362208,	-0.755154,	-0.326928,	-0.0213756,	0.109355,	-0.894159,	-0.214548,	-0.0217433,	-0.0160727,	-0.846721,	-0.329096,	-0.021289,	-0.0766912,	-0.627198,	-0.337623,	-0.0209194,	-0.380671,	-0.4732,	0.59547,	-0.05488,	57251,	-241,	-2,	-500,	57151,	141,	-22,	-150,	57131,	77,	-18,	-358,	
1,	4,	657750,	1.65255e+015,	2,	3,	0,	-1,	1,	1,	2,	0,	1.65255e+009,	-0.645539,	-0.195888,	-0.262493,	-0.0362208,	-0.755154,	-0.326928,	-0.0213756,	0.109355,	-0.894159,	-0.214548,	-0.0217433,	-0.0160727,	-0.846721,	-0.329096,	-0.021289,	-0.0766912,	-0.627198,	-0.337623,	-0.0209194,	-0.380671,	-0.4732,	0.59547,	-0.05488,	57261,	-240,	-3,	-502,	57161,	141,	-22,	-150,	57141,	76,	-18,	-357,	
1,	4,	657829,	1.65255e+015,	0,	3,	15,	2,	0,	-1,	0,	-2,	1.65255e+009,	-0.645539,	-0.195888,	-0.262493,	-0.0362208,	-0.755154,	-0.326928,	-0.0213756,	0.109355,	-0.894159,	-0.214548,	-0.0217433,	-0.0160727,	-0.846721,	-0.329096,	-0.021289,	-0.0766912,	-0.627198,	-0.337623,	-0.0209194,	-0.380671,	-0.4732,	0.59547,	-0.05488,	57271,	-238,	-3,	-504,	57171,	142,	-23,	-151,	57151,	76,	-18,	-358,	
1,	4,	657891,	1.65255e+015,	-2,	-12,	-15,	-18,	-1,	2,	0,	-1,	1.65255e+009,	-0.645539,	-0.195888,	-0.262493,	-0.0362208,	-0.755154,	-0.326928,	-0.0213756,	0.109355,	-0.894159,	-0.214548,	-0.0217433,	-0.0160727,	-0.846721,	-0.329096,	-0.021289,	-0.0766912,	-0.627198,	-0.337623,	-0.0209194,	-0.380671,	-0.4732,	0.59547,	-0.05488,	57281,	-238,	-3,	-505,	57181,	143,	-23,	-151,	57161,	76,	-18,	-358,	
1,	4,	657969,	1.65255e+015,	-3,	-8,	-13,	-16,	-6,	-3,	-2,	0,	1.65255e+009,	-0.645539,	-0.195888,	-0.262493,	-0.0362208,	-0.755154,	-0.326928,	-0.0213756,	0.109355,	-0.894159,	-0.214548,	-0.0217433,	-0.0160727,	-0.846721,	-0.329096,	-0.021289,	-0.0766912,	-0.627198,	-0.337623,	-0.0209194,	-0.380671,	-0.4732,	0.59547,	-0.05488,	57291,	-235,	-2,	-506,	57191,	141,	-23,	-151,	57171,	76,	-17,	-358,	
1,	4,	658047,	1.65255e+015,	0,	-3,	0,	13,	-1,	-5,	0,	-2,	1.65255e+009,	-0.645539,	-0.195888,	-0.262493,	-0.0362208,	-0.755154,	-0.326928,	-0.0213756,	0.109355,	-0.894159,	-0.214548,	-0.0217433,	-0.0160727,	-0.846721,	-0.329096,	-0.021289,	-0.0766912,	-0.627198,	-0.337623,	-0.0209194,	-0.380671,	-0.4732,	0.59547,	-0.05488,	57301,	-237,	-2,	-507,	57201,	143,	-23,	-151,	57181,	76,	-18,	-358,	
1,	4,	658125,	1.65255e+015,	0,	5,	1,	13,	0,	-1,	0,	-2,	1.65255e+009,	-0.645539,	-0.195888,	-0.262493,	-0.0362208,	-0.755154,	-0.326928,	-0.0213756,	0.109355,	-0.894159,	-0.214548,	-0.0217433,	-0.0160727,	-0.846721,	-0.329096,	-0.021289,	-0.0766912,	-0.627198,	-0.388875,	-0.0177172,	-0.380671,	-0.4732,	0.59547,	-0.05488,	57311,	-236,	-3,	-508,	57211,	141,	-22,	-150,	57191,	77,	-18,	-358,	
1,	4,	658204,	1.65255e+015,	-1,	-4,	-4,	-5,	-1,	0,	-1,	-1,	1.65255e+009,	-0.645539,	-0.195888,	-0.262493,	-0.0362208,	-0.755154,	-0.326928,	-0.0213756,	0.109355,	-0.894159,	-0.214548,	-0.0217433,	-0.0160727,	-0.846721,	-0.329096,	-0.021289,	-0.0766912,	-0.627198,	-0.388875,	-0.0177172,	-0.380671,	-0.4732,	0.59547,	-0.05488,	57321,	-236,	-4,	-507,	57221,	141,	-22,	-150,	57201,	77,	-19,	-357,	
1,	4,	658282,	1.65255e+015,	-3,	-3,	2,	-6,	-1,	0,	1,	0,	1.65255e+009,	-0.645539,	-0.195888,	-0.262493,	-0.0362208,	-0.755154,	-0.326928,	-0.0213756,	0.109355,	-0.894159,	-0.214548,	-0.0217433,	-0.0160727,	-0.846721,	-0.329096,	-0.021289,	-0.0766912,	-0.627198,	-0.388875,	-0.0177172,	-0.380671,	-0.4732,	0.59547,	-0.05488,	57331,	-237,	-5,	-507,	57231,	141,	-21,	-149,	57211,	76,	-18,	-357,	
1,	4,	658360,	1.65255e+015,	-2,	-5,	-2,	6,	-1,	-1,	-2,	-1,	1.65255e+009,	-0.645539,	-0.195888,	-0.262493,	-0.0362208,	-0.755154,	-0.326928,	-0.0213756,	0.109355,	-0.894159,	-0.214548,	-0.0217433,	-0.0160727,	-0.846721,	-0.329096,	-0.021289,	-0.0766912,	-0.627198,	-0.388875,	-0.0177172,	-0.380671,	-0.4732,	0.59547,	-0.05488,	57341,	-237,	-5,	-506,	57241,	142,	-20,	-149,	57221,	75,	-18,	-357,	
1,	4,	658438,	1.65255e+015,	0,	-3,	1,	-2,	-1,	-2,	-1,	-1,	1.65255e+009,	-0.645539,	-0.195888,	-0.262493,	-0.0362208,	-0.755154,	-0.326928,	-0.0213756,	0.109355,	-0.894159,	-0.214548,	-0.0217433,	-0.0160727,	-0.846721,	-0.329096,	-0.021289,	-0.0766912,	-0.627198,	-0.388875,	-0.0177172,	-0.380671,	-0.4732,	0.59547,	-0.05488,	57351,	-238,	-4,	-506,	57251,	142,	-20,	-149,	57231,	77,	-20,	-357,	
1,	4,	658516,	1.65255e+015,	0,	-1,	0,	0,	-2,	-1,	-2,	-1,	1.65255e+009,	-0.645539,	-0.195888,	-0.262493,	-0.0362208,	-0.755154,	-0.326928,	-0.0213756,	0.109355,	-0.894159,	-0.214548,	-0.0217433,	-0.0160727,	-0.846721,	-0.329096,	-0.021289,	-0.0766912,	-0.627198,	-0.388875,	-0.0177172,	-0.380671,	-0.4732,	0.59547,	-0.05488,	57361,	-237,	-4,	-506,	57261,	142,	-21,	-149,	57241,	76,	-19,	-357,	
1,	4,	658594,	1.65255e+015,	-1,	6,	13,	4,	-1,	-2,	-1,	-1,	1.65255e+009,	-0.645539,	-0.195888,	-0.262493,	-0.0362208,	-0.755154,	-0.326928,	-0.0213756,	0.109355,	-0.894159,	-0.214548,	-0.0217433,	-0.0160727,	-0.846721,	-0.329096,	-0.021289,	-0.0766912,	-0.627198,	-0.388875,	-0.0177172,	-0.380671,	-0.4732,	0.59547,	-0.05488,	57371,	-238,	-3,	-506,	57271,	142,	-22,	-149,	57251,	76,	-20,	-357,	
1,	4,	658672,	1.65255e+015,	-1,	-3,	-3,	-2,	0,	-1,	-2,	-2,	1.65255e+009,	-0.645539,	-0.195888,	-0.262493,	-0.0362208,	-0.755154,	-0.326928,	-0.0213756,	0.109355,	-0.894159,	-0.214548,	-0.0217433,	-0.0160727,	-0.846721,	-0.329096,	-0.021289,	-0.0766912,	-0.627198,	-0.388875,	-0.0177172,	-0.380671,	-0.4732,	0.59547,	-0.05488,	57381,	-239,	-3,	-507,	57281,	143,	-21,	-150,	57261,	76,	-20,	-358,	
1,	4,	658750,	1.65255e+015,	-1,	-4,	-2,	-3,	-1,	-1,	-1,	-1,	1.65255e+009,	-0.645539,	-0.195888,	-0.262493,	-0.0362208,	-0.755154,	-0.326928,	-0.0213756,	0.109355,	-0.894159,	-0.214548,	-0.0217433,	-0.0160727,	-0.846721,	-0.329096,	-0.021289,	-0.0766912,	-0.627198,	-0.388875,	-0.0177172,	-0.380671,	-0.4732,	0.59547,	-0.05488,	57391,	-238,	-3,	-507,	57291,	143,	-21,	-151,	57271,	76,	-20,	-358,	
1,	4,	658829,	1.65255e+015,	-5,	-10,	-3,	-5,	-2,	-2,	-1,	-4,	1.65255e+009,	-0.645539,	-0.195888,	-0.262493,	-0.0362208,	-0.755154,	-0.326928,	-0.0213756,	0.109355,	-0.894159,	-0.214548,	-0.0217433,	-0.0160727,	-0.846721,	-0.329096,	-0.021289,	-0.0766912,	-0.627198,	-0.388875,	-0.0177172,	-0.380671,	-0.4732,	0.59547,	-0.05488,	57401,	-238,	-4,	-507,	57301,	143,	-21,	-152,	57281,	77,	-18,	-359,	
1,	4,	658907,	1.65255e+015,	-3,	-8,	-6,	-4,	-2,	-3,	-3,	-1,	1.65255e+009,	-0.645539,	-0.195888,	-0.262493,	-0.0362208,	-0.755154,	-0.326928,	-0.0213756,	0.109355,	-0.894159,	-0.214548,	-0.0217433,	-0.0160727,	-0.846721,	-0.329096,	-0.021289,	-0.0766912,	-0.627198,	-0.388875,	-0.0177172,	-0.380671,	-0.4732,	0.59547,	-0.05488,	57411,	-237,	-3,	-508,	57311,	143,	-21,	-153,	57291,	77,	-17,	-359,	
1,	4,	658985,	1.65255e+015,	-2,	-5,	-3,	-7,	-4,	-2,	-1,	-2,	1.65255e+009,	-0.645539,	-0.195888,	-0.262493,	-0.0362208,	-0.755154,	-0.326928,	-0.0213756,	0.109355,	-0.894159,	-0.214548,	-0.0217433,	-0.0160727,	-0.846721,	-0.329096,	-0.021289,	-0.0766912,	-0.627198,	-0.388875,	-0.0177172,	-0.380671,	-0.4732,	0.59547,	-0.05488,	57421,	-237,	-3,	-508,	57321,	143,	-21,	-153,	57301,	77,	-18,	-359,	
1,	4,	659063,	1.65255e+015,	-2,	-1,	0,	-7,	-1,	-2,	1,	-2,	1.65255e+009,	-0.645539,	-0.195888,	-0.262493,	-0.0362208,	-0.755154,	-0.326928,	-0.0213756,	0.109355,	-0.894159,	-0.214548,	-0.0217433,	-0.0160727,	-0.846721,	-0.329096,	-0.021289,	-0.0766912,	-0.627198,	-0.388875,	-0.0177172,	-0.380671,	-0.4732,	0.59547,	-0.05488,	57431,	-237,	-3,	-508,	57331,	142,	-22,	-153,	57311,	78,	-16,	-360,	
1,	4,	659141,	1.65255e+015,	1,	-1,	-11,	-1,	-1,	1,	1,	-1,	1.65255e+009,	-0.645539,	-0.195888,	-0.262493,	-0.0362208,	-0.755154,	-0.326928,	-0.0213756,	0.109355,	-0.894159,	-0.214548,	-0.0217433,	-0.0160727,	-0.846721,	-0.329096,	-0.021289,	-0.0766912,	-0.627198,	-0.388875,	-0.0177172,	-0.380671,	-0.4732,	0.59547,	-0.05488,	57441,	-236,	-3,	-508,	57341,	143,	-21,	-153,	57321,	77,	-17,	-360,	
1,	4,	659219,	1.65255e+015,	-2,	-2,	0,	12,	-3,	-3,	-2,	-3,	1.65255e+009,	-0.645539,	-0.195888,	-0.262493,	-0.0362208,	-0.755154,	-0.326928,	-0.0213756,	0.109355,	-0.894159,	-0.214548,	-0.0217433,	-0.0160727,	-0.846721,	-0.329096,	-0.021289,	-0.0766912,	-0.627198,	-0.388875,	-0.0177172,	-0.380671,	-0.4732,	0.59547,	-0.05488,	57451,	-237,	-3,	-508,	57351,	142,	-21,	-152,	57331,	78,	-16,	-359,	
1,	4,	659297,	1.65255e+015,	-1,	10,	9,	1,	-2,	-2,	0,	0,	1.65255e+009,	-0.645539,	-0.195888,	-0.262493,	-0.0362208,	-0.755154,	-0.326928,	-0.0213756,	0.109355,	-0.894159,	-0.214548,	-0.0217433,	-0.0160727,	-0.846721,	-0.329096,	-0.021289,	-0.0766912,	-0.627198,	-0.388875,	-0.0177172,	-0.380671,	-0.4732,	0.59547,	-0.05488,	57461,	-235,	-3,	-508,	57361,	142,	-22,	-152,	57341,	76,	-17,	-359,	
1,	4,	659375,	1.65255e+015,	0,	-3,	-14,	-6,	0,	-1,	0,	-1,	1.65255e+009,	-0.645539,	-0.195888,	-0.262493,	-0.0362208,	-0.755154,	-0.326928,	-0.0213756,	0.109355,	-0.894159,	-0.214548,	-0.0217433,	-0.0160727,	-0.846721,	-0.329096,	-0.021289,	-0.0766912,	-0.627198,	-0.388875,	-0.0177172,	-0.380671,	-0.4732,	0.59547,	-0.05488,	57471,	-235,	-2,	-508,	57371,	143,	-21,	-152,	57351,	76,	-17,	-359,	
1,	4,	659454,	1.65255e+015,	1,	2,	-7,	-8,	0,	1,	0,	2,	1.65255e+009,	-0.645539,	-0.195888,	-0.262493,	-0.0362208,	-0.755154,	-0.326928,	-0.0213756,	0.109355,	-0.894159,	-0.214548,	-0.0217433,	-0.0160727,	-0.846721,	-0.329096,	-0.021289,	-0.0766912,	-0.627198,	-0.388875,	-0.0177172,	-0.380671,	-0.4732,	0.59547,	-0.05488,	57481,	-235,	-3,	-508,	57381,	143,	-21,	-152,	57361,	77,	-17,	-359,	
1,	4,	659532,	1.65255e+015,	-4,	-5,	0,	5,	-2,	-1,	0,	-1,	1.65255e+009,	-0.645539,	-0.195888,	-0.262493,	-0.0362208,	-0.755154,	-0.326928,	-0.0213756,	0.109355,	-0.894159,	-0.214548,	-0.0217433,	-0.0160727,	-0.846721,	-0.329096,	-0.021289,	-0.0766912,	-0.627198,	-0.388875,	-0.0177172,	-0.380671,	-0.4732,	0.59547,	-0.05488,	57491,	-236,	-3,	-508,	57391,	143,	-20,	-152,	57371,	77,	-17,	-359,	
1,	4,	659610,	1.65255e+015,	-1,	-2,	16,	1,	-4,	-4,	-3,	-2,	1.65255e+009,	-0.645539,	-0.195888,	-0.262493,	-0.0362208,	-0.755154,	-0.326928,	-0.0213756,	0.109355,	-0.894159,	-0.214548,	-0.0217433,	-0.0160727,	-0.846721,	-0.329096,	-0.021289,	-0.0766912,	-0.627198,	-0.388875,	-0.0177172,	-0.380671,	-0.4732,	0.59547,	-0.05488,	57501,	-236,	-3,	-508,	57401,	143,	-21,	-152,	57381,	78,	-17,	-360,	
2,	4,	659719,	1.65255e+015,	1,	1,	0,	4,	0,	-2,	-1,	0,	1.65255e+009,	-0.645539,	-0.195888,	-0.262493,	-0.0362208,	-0.755154,	-0.326928,	-0.0213756,	0.109355,	-0.894159,	-0.214548,	-0.0217433,	-0.0160727,	-0.846721,	-0.329096,	-0.021289,	-0.0766912,	-0.627198,	-0.388875,	-0.0177172,	-0.380671,	-0.4732,	0.59547,	-0.05488,	57511,	-235,	-3,	-509,	57411,	143,	-22,	-152,	57391,	78,	-17,	-360,	
2,	4,	659797,	1.65255e+015,	-3,	2,	-6,	1,	1,	-1,	-1,	-1,	1.65255e+009,	-0.645539,	-0.195888,	-0.262493,	-0.0362208,	-0.755154,	-0.326928,	-0.0213756,	0.109355,	-0.894159,	-0.214548,	-0.0217433,	-0.0160727,	-0.846721,	-0.329096,	-0.021289,	-0.0766912,	-0.627198,	-0.388875,	-0.0177172,	-0.380671,	-0.4732,	0.59547,	-0.05488,	57521,	-234,	-3,	-509,	57421,	143,	-22,	-152,	57401,	79,	-17,	-360,	
2,	4,	659875,	1.65255e+015,	-3,	-7,	5,	-20,	-2,	1,	0,	0,	1.65255e+009,	-0.645539,	-0.195888,	-0.262493,	-0.0362208,	-0.755154,	-0.326928,	-0.0213756,	0.109355,	-0.894159,	-0.214548,	-0.0217433,	-0.0160727,	-0.846721,	-0.329096,	-0.021289,	-0.0766912,	-0.627198,	-0.388875,	-0.0177172,	-0.380671,	-0.4732,	0.59547,	-0.05488,	57531,	-233,	-1,	-509,	57431,	142,	-22,	-153,	57411,	78,	-16,	-360,	
2,	4,	659954,	1.65255e+015,	1,	-2,	-16,	-5,	-3,	-3,	-1,	-1,	1.65255e+009,	-0.645539,	-0.195888,	-0.262493,	-0.0362208,	-0.755154,	-0.326928,	-0.0213756,	0.109355,	-0.894159,	-0.214548,	-0.0217433,	-0.0160727,	-0.846721,	-0.329096,	-0.021289,	-0.0766912,	-0.627198,	-0.388875,	-0.0177172,	-0.380671,	-0.4732,	0.59547,	-0.05488,	57541,	-235,	-2,	-509,	57441,	143,	-22,	-153,	57421,	78,	-17,	-360,	
2,	4,	660032,	1.65255e+015,	0,	-1,	0,	7,	5,	0,	0,	0,	1.65255e+009,	-0.645539,	-0.195888,	-0.262493,	-0.0362208,	-0.755154,	-0.326928,	-0.0213756,	0.109355,	-0.894159,	-0.214548,	-0.0217433,	-0.0160727,	-0.846721,	-0.329096,	-0.021289,	-0.0766912,	-0.627198,	-0.388875,	-0.0177172,	-0.380671,	-0.4732,	0.59547,	-0.05488,	57551,	-234,	-1,	-509,	57451,	142,	-23,	-153,	57431,	78,	-16,	-360,	
2,	4,	660110,	1.65255e+015,	-1,	0,	-15,	-2,	0,	-1,	0,	0,	1.65255e+009,	-0.645539,	-0.195888,	-0.262493,	-0.0362208,	-0.755154,	-0.326928,	-0.0213756,	0.109355,	-0.894159,	-0.214548,	-0.0217433,	-0.0160727,	-0.846721,	-0.329096,	-0.021289,	-0.0766912,	-0.627198,	-0.388875,	-0.0177172,	-0.380671,	-0.4732,	0.59547,	-0.05488,	57561,	-236,	-2,	-508,	57461,	143,	-23,	-153,	57441,	78,	-15,	-360,	
2,	4,	660188,	1.65255e+015,	2,	9,	13,	16,	1,	0,	0,	0,	1.65255e+009,	-0.645539,	-0.195888,	-0.262493,	-0.0362208,	-0.755154,	-0.326928,	-0.0213756,	0.109355,	-0.894159,	-0.214548,	-0.0217433,	-0.0160727,	-0.846721,	-0.329096,	-0.021289,	-0.0766912,	-0.627198,	-0.388875,	-0.0177172,	-0.380671,	-0.4732,	0.59547,	-0.05488,	57571,	-235,	-3,	-508,	57471,	143,	-22,	-153,	57451,	77,	-15,	-360,	
2,	4,	660266,	1.65255e+015,	0,	2,	5,	2,	2,	-2,	-2,	-2,	1.65255e+009,	-0.645539,	-0.195888,	-0.262493,	-0.0362208,	-0.755154,	-0.326928,	-0.0213756,	0.109355,	-0.894159,	-0.214548,	-0.0217433,	-0.0160727,	-0.846721,	-0.329096,	-0.021289,	-0.0766912,	-0.627198,	-0.388875,	-0.0177172,	-0.380671,	-0.4732,	0.59547,	-0.05488,	57581,	-235,	-2,	-508,	57481,	143,	-22,	-153,	57461,	77,	-16,	-360,	
2,	4,	660329,	1.65255e+015,	-3,	-5,	-17,	-17,	-7,	-4,	-2,	-9,	1.65255e+009,	-0.645539,	-0.195888,	-0.262493,	-0.0362208,	-0.755154,	-0.326928,	-0.0213756,	0.109355,	-0.894159,	-0.214548,	-0.0217433,	-0.0160727,	-0.846721,	-0.329096,	-0.021289,	-0.0766912,	-0.627198,	-0.388875,	-0.0177172,	-0.380671,	-0.4732,	0.59547,	-0.05488,	57591,	-236,	-2,	-507,	57491,	142,	-22,	-153,	57471,	77,	-16,	-359,	
2,	4,	660391,	1.65255e+015,	2,	2,	4,	1,	2,	1,	-2,	-7,	1.65255e+009,	-0.645539,	-0.195888,	-0.262493,	-0.0362208,	-0.755154,	-0.326928,	-0.0213756,	0.109355,	-0.894159,	-0.214548,	-0.0217433,	-0.0160727,	-0.846721,	-0.329096,	-0.021289,	-0.0766912,	-0.824568,	-0.440127,	-0.0128339,	-0.380671,	-0.364,	0.59547,	-0.05488,	57601,	-235,	-3,	-507,	57501,	143,	-22,	-153,	57481,	77,	-17,	-360,	
2,	4,	660454,	1.65255e+015,	-3,	6,	45,	11,	1,	0,	-1,	-4,	1.65255e+009,	-0.645539,	-0.195888,	-0.262493,	-0.0362208,	-0.755154,	-0.326928,	-0.0213756,	0.109355,	-0.894159,	-0.214548,	-0.0217433,	-0.0160727,	-0.933453,	-0.240391,	-0.0223744,	-0.0766912,	-1.02194,	-0.517005,	-0.00235679,	-0.380671,	-0.2912,	0.59547,	-0.05488,	57611,	-237,	-4,	-507,	57511,	143,	-21,	-153,	57491,	77,	-17,	-360,	
2,	4,	660516,	1.65255e+015,	-2,	-2,	29,	6,	0,	0,	-3,	-5,	1.65255e+009,	-0.645539,	-0.195888,	-0.262493,	-0.0362208,	-0.755154,	-0.326928,	-0.0213756,	0.102022,	-0.894159,	-0.134716,	-0.0170943,	-0.0234061,	-0.933453,	-0.169427,	-0.0196168,	-0.0544546,	-1.41668,	-0.683574,	-0.0333198,	-0.317036,	-0.2912,	0.59547,	-0.05488,	57621,	-237,	-4,	-507,	57521,	143,	-22,	-153,	57501,	78,	-17,	-360,	
2,	4,	660594,	1.65255e+015,	-3,	2,	26,	-10,	1,	0,	-5,	-5,	1.65255e+009,	-0.570388,	-0.195888,	-0.262493,	-0.0362208,	-0.755154,	-0.326928,	-0.0213756,	0.0953501,	-0.894159,	-0.134716,	-0.0170943,	-0.0212058,	-1.06355,	-0.0807216,	-0.0116376,	-0.0522543,	-1.67984,	-0.786077,	-0.0641005,	-0.285266,	-0.2912,	0.59547,	-0.05488,	57631,	-238,	-3,	-506,	57531,	143,	-22,	-152,	57511,	77,	-18,	-361,	
2,	4,	660672,	1.65255e+015,	1,	3,	26,	0,	-2,	-1,	2,	1,	1.65255e+009,	-0.570388,	-0.195888,	-0.262493,	-0.0362208,	-0.755154,	-0.326928,	-0.0213756,	0.0894834,	-0.894159,	-0.134716,	-0.0170943,	-0.0270725,	-1.17197,	-0.0807216,	-0.0116376,	-0.034465,	-1.76756,	-0.83733,	-0.0820126,	-0.243821,	-0.3367,	0.59547,	-0.05488,	57641,	-238,	-4,	-506,	57541,	142,	-22,	-153,	57521,	78,	-17,	-361,	
2,	4,	660750,	1.65255e+015,	-1,	0,	22,	9,	-1,	-1,	-1,	-1,	1.65255e+009,	-0.570388,	-0.195888,	-0.262493,	-0.0362208,	-0.755154,	-0.326928,	-0.0213756,	0.0894834,	-0.894159,	-0.134716,	-0.0170943,	-0.0270725,	-1.17197,	-0.0807216,	-0.0116376,	-0.034465,	-1.76756,	-0.901395,	-0.106767,	-0.243821,	-0.3367,	0.59547,	-0.05488,	57651,	-238,	-3,	-506,	57551,	143,	-22,	-154,	57531,	77,	-17,	-361,	
2,	4,	660829,	1.65255e+015,	-2,	-5,	6,	5,	0,	0,	-1,	1,	1.65255e+009,	-0.570388,	-0.195888,	-0.262493,	-0.0362208,	-0.755154,	-0.326928,	-0.0213756,	0.0894834,	-0.894159,	-0.134716,	-0.0170943,	-0.0270725,	-1.17197,	-0.0807216,	-0.0116376,	-0.034465,	-1.87721,	-0.901395,	-0.106767,	-0.243821,	-0.3367,	0.59547,	-0.05488,	57661,	-238,	-3,	-506,	57561,	143,	-21,	-153,	57541,	78,	-16,	-361,	
2,	4,	660907,	1.65255e+015,	-1,	1,	6,	1,	-1,	-4,	-2,	-3,	1.65255e+009,	-0.570388,	-0.195888,	-0.262493,	-0.0362208,	-0.755154,	-0.326928,	-0.0213756,	0.0894834,	-0.894159,	-0.134716,	-0.0170943,	-0.0270725,	-1.17197,	-0.0807216,	-0.0116376,	-0.034465,	-1.87721,	-0.96546,	-0.134148,	-0.243821,	-0.3367,	0.59547,	-0.05488,	57671,	-239,	-4,	-505,	57571,	143,	-21,	-153,	57551,	78,	-16,	-361,	
2,	4,	660985,	1.65255e+015,	-2,	-5,	-2,	0,	-2,	-3,	0,	3,	1.65255e+009,	-0.570388,	-0.195888,	-0.262493,	-0.0362208,	-0.755154,	-0.326928,	-0.0213756,	0.0894834,	-0.894159,	-0.134716,	-0.0170943,	-0.0270725,	-1.17197,	-0.0807216,	-0.0116376,	-0.034465,	-1.87721,	-0.96546,	-0.134148,	-0.243821,	-0.3731,	0.59547,	-0.05488,	57681,	-238,	-4,	-505,	57581,	144,	-21,	-153,	57561,	78,	-16,	-360,	
2,	4,	661063,	1.65255e+015,	-1,	2,	-1,	0,	1,	0,	1,	9,	1.65255e+009,	-0.570388,	-0.195888,	-0.262493,	-0.0362208,	-0.755154,	-0.326928,	-0.0213756,	0.0894834,	-0.894159,	-0.134716,	-0.0170943,	-0.0270725,	-1.17197,	-0.0807216,	-0.0116376,	-0.034465,	-1.87721,	-0.96546,	-0.134148,	-0.243821,	-0.3731,	0.59547,	-0.05488,	57691,	-239,	-3,	-505,	57591,	144,	-21,	-152,	57571,	78,	-15,	-360,	
2,	4,	661141,	1.65255e+015,	-1,	0,	-6,	-4,	-2,	-2,	-3,	-4,	1.65255e+009,	-0.570388,	-0.195888,	-0.262493,	-0.0362208,	-0.755154,	-0.326928,	-0.0213756,	0.0894834,	-0.894159,	-0.134716,	-0.0170943,	-0.0270725,	-1.17197,	-0.0807216,	-0.0116376,	-0.034465,	-1.87721,	-0.96546,	-0.134148,	-0.243821,	-0.3731,	0.59547,	-0.05488,	57701,	-238,	-3,	-505,	57601,	143,	-21,	-153,	57581,	78,	-15,	-360,	
2,	4,	661219,	1.65255e+015,	-6,	-9,	-18,	-3,	-3,	-3,	0,	-2,	1.65255e+009,	-0.570388,	-0.195888,	-0.262493,	-0.0362208,	-0.755154,	-0.326928,	-0.0213756,	0.0894834,	-0.894159,	-0.134716,	-0.0170943,	-0.0270725,	-1.17197,	-0.0807216,	-0.0116376,	-0.034465,	-1.87721,	-0.96546,	-0.134148,	-0.243821,	-0.3731,	0.59547,	-0.05488,	57711,	-239,	-3,	-506,	57611,	143,	-21,	-152,	57591,	78,	-15,	-360,	
2,	4,	661297,	1.65255e+015,	0,	-2,	-68,	-7,	1,	-1,	-1,	3,	1.65255e+009,	-0.570388,	-0.195888,	-0.262493,	-0.0362208,	-0.755154,	-0.326928,	-0.0213756,	0.0894834,	-0.894159,	-0.134716,	-0.0170943,	-0.0270725,	-1.17197,	-0.0807216,	-0.0116376,	-0.034465,	-1.87721,	-0.96546,	-0.134148,	-0.243821,	-0.3731,	0.59547,	-0.05488,	57721,	-237,	-3,	-506,	57621,	142,	-22,	-153,	57601,	77,	-16,	-361,	
2,	4,	661375,	1.65255e+015,	1,	3,	0,	-3,	-1,	-2,	-3,	0,	1.65255e+009,	-0.570388,	-0.195888,	-0.262493,	-0.0362208,	-0.755154,	-0.326928,	-0.0213756,	0.0894834,	-0.894159,	-0.134716,	-0.0170943,	-0.0270725,	-1.17197,	-0.0807216,	-0.0116376,	-0.034465,	-1.87721,	-0.96546,	-0.134148,	-0.243821,	-0.3731,	0.59547,	-0.05488,	57731,	-237,	-2,	-506,	57631,	143,	-21,	-152,	57611,	78,	-16,	-360,	
2,	4,	661454,	1.65255e+015,	0,	0,	-44,	-12,	0,	-2,	2,	6,	1.65255e+009,	-0.570388,	-0.195888,	-0.262493,	-0.0362208,	-0.755154,	-0.326928,	-0.0213756,	0.0894834,	-0.894159,	-0.134716,	-0.0170943,	-0.0270725,	-1.17197,	-0.0807216,	-0.0116376,	-0.034465,	-1.87721,	-0.96546,	-0.134148,	-0.243821,	-0.3731,	0.59547,	-0.05488,	57741,	-238,	-2,	-506,	57641,	143,	-21,	-152,	57621,	78,	-16,	-360,	
2,	4,	661547,	1.65255e+015,	-1,	-1,	-11,	-13,	-4,	-2,	-1,	-5,	1.65255e+009,	-0.570388,	-0.195888,	-0.262493,	-0.0362208,	-0.755154,	-0.326928,	-0.0213756,	0.0836167,	-0.894159,	-0.134716,	-0.0170943,	-0.0329392,	-1.17197,	-0.0807216,	-0.0116376,	-0.0166757,	-1.96493,	-0.96546,	-0.134148,	-0.226031,	-0.4095,	0.59547,	-0.05488,	57751,	-238,	-3,	-505,	57651,	143,	-20,	-152,	57631,	77,	-17,	-360,	
2,	4,	661625,	1.65255e+015,	-1,	-1,	17,	2,	-4,	-4,	-2,	-1,	1.65255e+009,	-0.570388,	-0.195888,	-0.262493,	-0.0362208,	-0.755154,	-0.326928,	-0.0213756,	0.0836167,	-0.894159,	-0.134716,	-0.0170943,	-0.0329392,	-1.17197,	-0.0807216,	-0.0116376,	-0.0166757,	-1.96493,	-0.96546,	-0.134148,	-0.226031,	-0.4095,	0.59547,	-0.05488,	57761,	-240,	-3,	-504,	57661,	143,	-21,	-152,	57641,	78,	-16,	-360,	
2,	4,	661704,	1.65255e+015,	-1,	8,	-1,	-18,	-5,	-4,	-3,	-3,	1.65255e+009,	-0.570388,	-0.195888,	-0.262493,	-0.0362208,	-0.755154,	-0.326928,	-0.0213756,	0.0836167,	-0.894159,	-0.134716,	-0.0170943,	-0.0329392,	-1.17197,	-0.0807216,	-0.0116376,	-0.0166757,	-1.96493,	-0.96546,	-0.134148,	-0.226031,	-0.4095,	0.59547,	-0.05488,	57771,	-239,	-3,	-504,	57671,	144,	-22,	-152,	57651,	78,	-18,	-360,	
2,	4,	661782,	1.65255e+015,	0,	5,	-7,	5,	0,	1,	-1,	2,	1.65255e+009,	-0.570388,	-0.195888,	-0.262493,	-0.0362208,	-0.755154,	-0.326928,	-0.0213756,	0.0836167,	-0.894159,	-0.134716,	-0.0170943,	-0.0329392,	-1.17197,	-0.0807216,	-0.0116376,	-0.0166757,	-1.96493,	-0.96546,	-0.134148,	-0.226031,	-0.4095,	0.59547,	-0.05488,	57781,	-238,	-4,	-502,	57681,	144,	-21,	-152,	57661,	78,	-17,	-360,	
2,	4,	661860,	1.65255e+015,	-2,	-12,	-59,	-14,	-3,	-4,	-1,	-2,	1.65255e+009,	-0.570388,	-0.195888,	-0.262493,	-0.0362208,	-0.755154,	-0.326928,	-0.0213756,	0.0836167,	-0.894159,	-0.134716,	-0.0170943,	-0.0329392,	-1.17197,	-0.0807216,	-0.0116376,	-0.0166757,	-1.96493,	-0.96546,	-0.134148,	-0.226031,	-0.4095,	0.59547,	-0.05488,	57791,	-237,	-3,	-502,	57691,	143,	-21,	-152,	57671,	77,	-17,	-360,	
2,	4,	661938,	1.65255e+015,	2,	0,	13,	-2,	1,	0,	0,	0,	1.65255e+009,	-0.570388,	-0.195888,	-0.262493,	-0.0362208,	-0.755154,	-0.326928,	-0.0213756,	0.0836167,	-0.894159,	-0.134716,	-0.0170943,	-0.0329392,	-1.17197,	-0.0807216,	-0.0116376,	-0.0166757,	-1.96493,	-0.96546,	-0.134148,	-0.226031,	-0.4095,	0.59547,	-0.05488,	57801,	-239,	-4,	-502,	57701,	142,	-22,	-152,	57681,	77,	-18,	-360,	
2,	4,	662016,	1.65255e+015,	-3,	-8,	4,	-2,	-1,	-1,	1,	-1,	1.65255e+009,	-0.570388,	-0.195888,	-0.262493,	-0.0362208,	-0.755154,	-0.326928,	-0.0213756,	0.0836167,	-0.894159,	-0.134716,	-0.0170943,	-0.0329392,	-1.17197,	-0.0807216,	-0.0116376,	-0.0166757,	-1.96493,	-0.747639,	-0.0517697,	-0.202375,	-0.4095,	0.59547,	-0.05488,	57811,	-239,	-3,	-502,	57711,	142,	-21,	-152,	57691,	77,	-17,	-359,	
2,	4,	662094,	1.65255e+015,	-3,	1,	7,	-4,	-2,	0,	2,	-1,	1.65255e+009,	-0.570388,	-0.195888,	-0.262493,	-0.0362208,	-0.755154,	-0.326928,	-0.0213756,	0.0836167,	-0.894159,	-0.134716,	-0.0170943,	-0.0329392,	-1.17197,	-0.0807216,	-0.0116376,	-0.0166757,	-1.85528,	-0.58107,	-0.00926355,	-0.202375,	-0.3731,	0.59547,	-0.05488,	57821,	-239,	-3,	-503,	57721,	143,	-21,	-151,	57701,	77,	-18,	-359,	
2,	4,	662172,	1.65255e+015,	-1,	-3,	-2,	-3,	0,	2,	-1,	0,	1.65255e+009,	-0.570388,	-0.195888,	-0.262493,	-0.0362208,	-0.755154,	-0.326928,	-0.0213756,	0.0909501,	-0.894159,	-0.134716,	-0.0170943,	-0.0256059,	-1.1286,	-0.0807216,	-0.0116376,	-0.0389124,	-1.48247,	-0.504192,	-0.00436565,	-0.283752,	-0.3367,	0.59547,	-0.05488,	57831,	-239,	-4,	-503,	57731,	142,	-22,	-152,	57711,	78,	-18,	-359,	
2,	4,	662250,	1.65255e+015,	1,	4,	9,	6,	1,	0,	-3,	0,	1.65255e+009,	-0.570388,	-0.195888,	-0.262493,	-0.0362208,	-0.755154,	-0.326928,	-0.0213756,	0.0982834,	-0.894159,	-0.134716,	-0.0170943,	-0.0182725,	-1.02019,	-0.151686,	-0.0184238,	-0.061149,	-1.15352,	-0.440127,	-0.0128339,	-0.341473,	-0.3367,	0.59547,	-0.05488,	57841,	-238,	-3,	-504,	57741,	143,	-21,	-152,	57721,	78,	-17,	-360,	
2,	4,	662329,	1.65255e+015,	2,	-1,	-9,	3,	0,	-2,	-2,	1,	1.65255e+009,	-0.570388,	-0.195888,	-0.262493,	-0.0362208,	-0.755154,	-0.326928,	-0.0213756,	0.0982834,	-0.815309,	-0.134716,	-0.0170943,	-0.0182725,	-1.02019,	-0.151686,	-0.0184238,	-0.061149,	-1.04387,	-0.376062,	-0.0186753,	-0.341473,	-0.3731,	0.59547,	-0.05488,	57851,	-238,	-3,	-504,	57751,	143,	-22,	-152,	57731,	78,	-18,	-360,	
2,	4,	662407,	1.65255e+015,	1,	9,	26,	-3,	-1,	-1,	0,	-1,	1.65255e+009,	-0.570388,	-0.195888,	-0.262493,	-0.0362208,	-0.755154,	-0.326928,	-0.0213756,	0.10415,	-0.815309,	-0.134716,	-0.0170943,	-0.0124058,	-0.933453,	-0.151686,	-0.0184238,	-0.0789383,	-0.956148,	-0.311997,	-0.02189,	-0.359262,	-0.3276,	0.59547,	-0.05488,	57861,	-237,	-2,	-505,	57761,	143,	-21,	-152,	57741,	78,	-16,	-360,	
2,	4,	662485,	1.65255e+015,	-1,	-4,	-4,	-4,	-1,	-1,	-1,	-1,	1.65255e+009,	-0.645539,	-0.195888,	-0.262493,	-0.0362208,	-0.755154,	-0.326928,	-0.0213756,	0.10415,	-0.815309,	-0.134716,	-0.0170943,	-0.0124058,	-0.933453,	-0.151686,	-0.0184238,	-0.0789383,	-0.956148,	-0.311997,	-0.02189,	-0.359262,	-0.3276,	0.59547,	-0.05488,	57871,	-238,	-3,	-505,	57771,	143,	-21,	-152,	57751,	77,	-16,	-360,	
2,	4,	662563,	1.65255e+015,	0,	-2,	-1,	-6,	0,	0,	0,	1,	1.65255e+009,	-0.645539,	-0.195888,	-0.262493,	-0.0362208,	-0.755154,	-0.326928,	-0.0213756,	0.10415,	-0.815309,	-0.134716,	-0.0170943,	-0.0124058,	-0.933453,	-0.151686,	-0.0184238,	-0.0789383,	-0.956148,	-0.260745,	-0.0225705,	-0.359262,	-0.3276,	0.59547,	-0.05488,	57881,	-238,	-5,	-505,	57781,	142,	-21,	-152,	57761,	77,	-16,	-360,	
2,	4,	662625,	1.65255e+015,	-8,	-22,	-19,	-6,	-4,	-5,	-3,	-3,	1.65255e+009,	-0.645539,	-0.195888,	-0.262493,	-0.0362208,	-0.755154,	-0.326928,	-0.0213756,	0.10415,	-0.815309,	-0.134716,	-0.0170943,	-0.0124058,	-0.933453,	-0.151686,	-0.0184238,	-0.0789383,	-0.868428,	-0.260745,	-0.0225705,	-0.359262,	-0.3276,	0.59547,	-0.05488,	57891,	-238,	-4,	-504,	57791,	142,	-21,	-152,	57771,	77,	-17,	-359,	
2,	4,	662704,	1.65255e+015,	-1,	-1,	6,	3,	0,	-1,	-1,	-1,	1.65255e+009,	-0.645539,	-0.195888,	-0.262493,	-0.0362208,	-0.755154,	-0.326928,	-0.0213756,	0.10415,	-0.815309,	-0.134716,	-0.0170943,	-0.0124058,	-0.933453,	-0.151686,	-0.0184238,	-0.0789383,	-0.868428,	-0.260745,	-0.0225705,	-0.359262,	-0.3276,	0.59547,	-0.05488,	57901,	-239,	-5,	-503,	57801,	142,	-21,	-151,	57781,	77,	-16,	-359,	
2,	4,	662766,	1.65255e+015,	-1,	1,	0,	7,	1,	0,	0,	-1,	1.65255e+009,	-0.645539,	-0.195888,	-0.262493,	-0.0362208,	-0.755154,	-0.326928,	-0.0213756,	0.10415,	-0.815309,	-0.134716,	-0.0170943,	-0.0124058,	-0.933453,	-0.151686,	-0.0184238,	-0.0789383,	-0.868428,	-0.260745,	-0.0225705,	-0.359262,	-0.3276,	0.59547,	-0.05488,	57911,	-240,	-4,	-501,	57811,	142,	-22,	-151,	57791,	78,	-17,	-359,	
2,	4,	662829,	1.65255e+015,	-4,	-11,	-8,	-7,	-1,	0,	-1,	-1,	1.65255e+009,	-0.645539,	-0.195888,	-0.262493,	-0.0362208,	-0.755154,	-0.326928,	-0.0213756,	0.10415,	-0.815309,	-0.134716,	-0.0170943,	-0.0124058,	-0.933453,	-0.151686,	-0.0184238,	-0.0789383,	-0.868428,	-0.260745,	-0.0225705,	-0.359262,	-0.3276,	0.59547,	-0.05488,	57921,	-241,	-5,	-500,	57821,	142,	-21,	-151,	57801,	78,	-16,	-359,	
2,	4,	662907,	1.65255e+015,	1,	1,	2,	-6,	0,	-1,	1,	0,	1.65255e+009,	-0.645539,	-0.195888,	-0.262493,	-0.0362208,	-0.755154,	-0.326928,	-0.0213756,	0.10415,	-0.815309,	-0.134716,	-0.0170943,	-0.0124058,	-0.933453,	-0.151686,	-0.0184238,	-0.0789383,	-0.868428,	-0.260745,	-0.0225705,	-0.359262,	-0.3276,	0.59547,	-0.05488,	57931,	-241,	-4,	-499,	57831,	142,	-21,	-150,	57811,	77,	-16,	-359,	
2,	4,	662985,	1.65255e+015,	0,	2,	3,	-2,	-1,	-1,	0,	-1,	1.65255e+009,	-0.645539,	-0.195888,	-0.262493,	-0.0362208,	-0.755154,	-0.326928,	-0.0213756,	0.10415,	-0.815309,	-0.134716,	-0.0170943,	-0.0124058,	-0.933453,	-0.151686,	-0.0184238,	-0.0789383,	-0.868428,	-0.260745,	-0.0225705,	-0.359262,	-0.364,	0.59547,	-0.05488,	57941,	-242,	-4,	-499,	57841,	143,	-20,	-150,	57821,	77,	-18,	-359,	
2,	4,	663047,	1.65255e+015,	1,	2,	6,	1,	6,	2,	-1,	0,	1.65255e+009,	-0.645539,	-0.195888,	-0.262493,	-0.0362208,	-0.755154,	-0.326928,	-0.0213756,	0.10415,	-0.815309,	-0.134716,	-0.0170943,	-0.0124058,	-0.933453,	-0.151686,	-0.0184238,	-0.0789383,	-0.868428,	-0.260745,	-0.0225705,	-0.359262,	-0.364,	0.59547,	-0.05488,	57951,	-243,	-4,	-499,	57851,	142,	-22,	-151,	57831,	77,	-18,	-359,	
2,	4,	663125,	1.65255e+015,	-3,	-2,	-13,	4,	0,	-2,	0,	-1,	1.65255e+009,	-0.645539,	-0.195888,	-0.262493,	-0.0362208,	-0.755154,	-0.326928,	-0.0213756,	0.10415,	-0.815309,	-0.134716,	-0.0170943,	-0.0124058,	-0.933453,	-0.151686,	-0.0184238,	-0.0789383,	-0.868428,	-0.260745,	-0.0225705,	-0.359262,	-0.364,	0.59547,	-0.05488,	57961,	-243,	-4,	-499,	57861,	143,	-21,	-151,	57841,	76,	-18,	-360,	
2,	4,	663188,	1.65255e+015,	1,	-1,	-3,	-3,	0,	-1,	1,	0,	1.65255e+009,	-0.645539,	-0.195888,	-0.262493,	-0.0362208,	-0.755154,	-0.326928,	-0.0213756,	0.10415,	-0.815309,	-0.134716,	-0.0170943,	-0.0124058,	-0.933453,	-0.151686,	-0.0184238,	-0.0789383,	-0.868428,	-0.260745,	-0.0225705,	-0.359262,	-0.364,	0.59547,	-0.05488,	57971,	-242,	-4,	-500,	57871,	144,	-20,	-151,	57851,	77,	-17,	-360,	
2,	4,	663266,	1.65255e+015,	-1,	-3,	-16,	-4,	5,	2,	-1,	-2,	1.65255e+009,	-0.645539,	-0.195888,	-0.262493,	-0.0362208,	-0.755154,	-0.326928,	-0.0213756,	0.10415,	-0.815309,	-0.134716,	-0.0170943,	-0.0124058,	-0.933453,	-0.151686,	-0.0184238,	-0.0789383,	-0.868428,	-0.260745,	-0.0225705,	-0.359262,	-0.364,	0.59547,	-0.05488,	57981,	-240,	-4,	-501,	57881,	143,	-21,	-151,	57861,	77,	-16,	-360,	
2,	4,	663344,	1.65255e+015,	-3,	2,	5,	-2,	0,	1,	-2,	0,	1.65255e+009,	-0.645539,	-0.195888,	-0.262493,	-0.0362208,	-0.755154,	-0.326928,	-0.0213756,	0.10415,	-0.815309,	-0.134716,	-0.0170943,	-0.0124058,	-0.933453,	-0.151686,	-0.0184238,	-0.0789383,	-0.868428,	-0.260745,	-0.0225705,	-0.359262,	-0.364,	0.59547,	-0.05488,	57991,	-241,	-5,	-502,	57891,	143,	-21,	-151,	57871,	76,	-16,	-359,	
2,	4,	663422,	1.65255e+015,	-4,	-17,	-22,	-3,	-6,	-1,	-1,	-1,	1.65255e+009,	-0.645539,	-0.195888,	-0.262493,	-0.0362208,	-0.755154,	-0.326928,	-0.0213756,	0.10415,	-0.815309,	-0.134716,	-0.0170943,	-0.0124058,	-0.933453,	-0.151686,	-0.0184238,	-0.0789383,	-0.868428,	-0.260745,	-0.0225705,	-0.359262,	-0.364,	0.59547,	-0.05488,	58001,	-242,	-4,	-502,	57901,	143,	-21,	-151,	57881,	76,	-15,	-360,	
2,	4,	663485,	1.65255e+015,	0,	-3,	-6,	-2,	1,	1,	-1,	-1,	1.65255e+009,	-0.645539,	-0.195888,	-0.262493,	-0.0362208,	-0.755154,	-0.326928,	-0.0213756,	0.10415,	-0.815309,	-0.134716,	-0.0170943,	-0.0124058,	-0.933453,	-0.151686,	-0.0184238,	-0.0789383,	-0.868428,	-0.260745,	-0.0225705,	-0.359262,	-0.364,	0.59547,	-0.05488,	58011,	-242,	-4,	-502,	57911,	142,	-21,	-151,	57891,	78,	-16,	-360,	
2,	4,	663563,	1.65255e+015,	-2,	-7,	-9,	-23,	-6,	-1,	-2,	0,	1.65255e+009,	-0.645539,	-0.195888,	-0.262493,	-0.0362208,	-0.755154,	-0.326928,	-0.0213756,	0.10415,	-0.815309,	-0.134716,	-0.0170943,	-0.0124058,	-0.933453,	-0.151686,	-0.0184238,	-0.0789383,	-0.868428,	-0.260745,	-0.0225705,	-0.359262,	-0.364,	0.59547,	-0.05488,	58021,	-241,	-5,	-502,	57921,	142,	-22,	-151,	57901,	78,	-16,	-360,	
2,	4,	663641,	1.65255e+015,	-2,	0,	-6,	-8,	-1,	1,	0,	-1,	1.65255e+009,	-0.645539,	-0.195888,	-0.262493,	-0.0362208,	-0.755154,	-0.326928,	-0.0213756,	0.10415,	-0.815309,	-0.134716,	-0.0170943,	-0.0124058,	-0.933453,	-0.151686,	-0.0184238,	-0.0789383,	-0.868428,	-0.260745,	-0.0225705,	-0.359262,	-0.364,	0.59547,	-0.05488,	58031,	-242,	-4,	-502,	57931,	143,	-21,	-150,	57911,	77,	-17,	-359,	
2,	4,	663704,	1.65255e+015,	1,	7,	-2,	2,	-1,	-1,	-1,	0,	1.65255e+009,	-0.645539,	-0.195888,	-0.262493,	-0.0362208,	-0.755154,	-0.326928,	-0.0213756,	0.10415,	-0.815309,	-0.134716,	-0.0170943,	-0.0124058,	-0.933453,	-0.151686,	-0.0184238,	-0.0789383,	-0.868428,	-0.260745,	-0.0225705,	-0.359262,	-0.364,	0.59547,	-0.05488,	58041,	-242,	-4,	-502,	57941,	142,	-21,	-150,	57921,	77,	-16,	-359,	
2,	4,	663766,	1.65255e+015,	-4,	-4,	16,	-12,	-3,	-2,	-2,	-3,	1.65255e+009,	-0.645539,	-0.195888,	-0.262493,	-0.0362208,	-0.755154,	-0.326928,	-0.0213756,	0.10415,	-0.815309,	-0.134716,	-0.0170943,	-0.0124058,	-0.933453,	-0.151686,	-0.0184238,	-0.0789383,	-0.868428,	-0.260745,	-0.0225705,	-0.359262,	-0.364,	0.59547,	-0.05488,	58051,	-241,	-4,	-502,	57951,	142,	-20,	-151,	57931,	77,	-17,	-359,	
2,	4,	663844,	1.65255e+015,	-1,	-5,	-3,	-2,	-2,	0,	-2,	-1,	1.65255e+009,	-0.645539,	-0.195888,	-0.262493,	-0.0362208,	-0.755154,	-0.326928,	-0.0213756,	0.10415,	-0.815309,	-0.134716,	-0.0170943,	-0.0124058,	-0.933453,	-0.151686,	-0.0184238,	-0.0789383,	-0.868428,	-0.260745,	-0.0225705,	-0.359262,	-0.364,	0.59547,	-0.05488,	58061,	-241,	-5,	-502,	57961,	141,	-21,	-151,	57941,	77,	-17,	-359,	
2,	4,	663922,	1.65255e+015,	-3,	-7,	-11,	-5,	-4,	-4,	-2,	0,	1.65255e+009,	-0.645539,	-0.195888,	-0.262493,	-0.0362208,	-0.755154,	-0.326928,	-0.0213756,	0.10415,	-0.815309,	-0.134716,	-0.0170943,	-0.0124058,	-0.933453,	-0.151686,	-0.0184238,	-0.0789383,	-0.868428,	-0.260745,	-0.0225705,	-0.359262,	-0.364,	0.59547,	-0.05488,	58071,	-240,	-4,	-502,	57971,	141,	-22,	-150,	57951,	77,	-16,	-359,	
2,	4,	664000,	1.65255e+015,	-1,	-4,	1,	0,	2,	2,	1,	1,	1.65255e+009,	-0.645539,	-0.195888,	-0.262493,	-0.0362208,	-0.755154,	-0.326928,	-0.0213756,	0.10415,	-0.815309,	-0.134716,	-0.0170943,	-0.0124058,	-0.933453,	-0.151686,	-0.0184238,	-0.0789383,	-0.868428,	-0.260745,	-0.0225705,	-0.359262,	-0.364,	0.59547,	-0.05488,	58081,	-239,	-4,	-502,	57981,	142,	-21,	-150,	57961,	76,	-17,	-359,	
2,	4,	664079,	1.65255e+015,	-2,	1,	-3,	6,	1,	0,	-1,	0,	1.65255e+009,	-0.645539,	-0.195888,	-0.262493,	-0.0362208,	-0.755154,	-0.326928,	-0.0213756,	0.10415,	-0.815309,	-0.134716,	-0.0170943,	-0.0124058,	-0.933453,	-0.151686,	-0.0184238,	-0.0789383,	-0.868428,	-0.260745,	-0.0225705,	-0.359262,	-0.364,	0.59547,	-0.05488,	58091,	-240,	-4,	-502,	57991,	142,	-23,	-150,	57971,	77,	-18,	-360,	
2,	4,	664157,	1.65255e+015,	-1,	2,	24,	10,	0,	-3,	-2,	0,	1.65255e+009,	-0.645539,	-0.195888,	-0.262493,	-0.0362208,	-0.755154,	-0.326928,	-0.0213756,	0.10415,	-0.815309,	-0.134716,	-0.0170943,	-0.0124058,	-0.933453,	-0.151686,	-0.0184238,	-0.0789383,	-0.868428,	-0.260745,	-0.0225705,	-0.359262,	-0.364,	0.59547,	-0.05488,	58101,	-239,	-3,	-503,	58001,	143,	-22,	-151,	57981,	75,	-18,	-360,	
2,	4,	664235,	1.65255e+015,	1,	-1,	7,	2,	0,	0,	-1,	1,	1.65255e+009,	-0.645539,	-0.195888,	-0.262493,	-0.0362208,	-0.755154,	-0.326928,	-0.0213756,	0.10415,	-0.815309,	-0.134716,	-0.0170943,	-0.0124058,	-0.933453,	-0.151686,	-0.0184238,	-0.0789383,	-0.868428,	-0.311997,	-0.02189,	-0.359262,	-0.364,	0.59547,	-0.05488,	58111,	-239,	-4,	-503,	58011,	142,	-22,	-151,	57991,	76,	-17,	-360,	
2,	4,	664313,	1.65255e+015,	1,	7,	14,	-1,	-2,	0,	0,	2,	1.65255e+009,	-0.645539,	-0.195888,	-0.262493,	-0.0362208,	-0.755154,	-0.326928,	-0.0213756,	0.10415,	-0.815309,	-0.134716,	-0.0170943,	-0.0124058,	-0.933453,	-0.151686,	-0.0184238,	-0.0789383,	-0.868428,	-0.388875,	-0.0177172,	-0.359262,	-0.364,	0.59547,	-0.05488,	58121,	-238,	-4,	-503,	58021,	142,	-22,	-151,	58001,	76,	-17,	-360,	
2,	4,	664391,	1.65255e+015,	0,	-6,	20,	8,	-4,	-2,	-2,	3,	1.65255e+009,	-0.645539,	-0.195888,	-0.262493,	-0.0362208,	-0.755154,	-0.326928,	-0.0213756,	0.10415,	-0.815309,	-0.134716,	-0.0170943,	-0.0124058,	-0.933453,	-0.151686,	-0.0184238,	-0.0789383,	-0.978078,	-0.465753,	-0.0097618,	-0.359262,	-0.273,	0.59547,	-0.05488,	58131,	-238,	-4,	-502,	58031,	142,	-21,	-151,	58011,	76,	-17,	-360,	
2,	4,	664469,	1.65255e+015,	2,	4,	0,	-11,	0,	0,	1,	3,	1.65255e+009,	-0.645539,	-0.195888,	-0.262493,	-0.0362208,	-0.755154,	-0.326928,	-0.0213756,	0.0982834,	-0.815309,	-0.134716,	-0.0170943,	-0.0182725,	-0.933453,	-0.151686,	-0.0184238,	-0.061149,	-1.30703,	-0.58107,	-0.00926355,	-0.317817,	-0.273,	0.59547,	-0.05488,	58141,	-240,	-4,	-502,	58041,	142,	-22,	-151,	58021,	76,	-16,	-360,	
2,	4,	664547,	1.65255e+015,	-1,	-2,	-70,	-9,	-3,	-3,	-1,	2,	1.65255e+009,	-0.570388,	-0.195888,	-0.262493,	-0.0362208,	-0.755154,	-0.326928,	-0.0213756,	0.0909501,	-0.815309,	-0.134716,	-0.0170943,	-0.0256059,	-1.04187,	-0.151686,	-0.0184238,	-0.0389124,	-1.63598,	-0.760451,	-0.0557749,	-0.26601,	-0.3094,	0.59547,	-0.05488,	58151,	-241,	-4,	-501,	58051,	142,	-22,	-151,	58031,	77,	-17,	-360,	
2,	4,	664625,	1.65255e+015,	2,	1,	-7,	1,	-1,	-1,	-3,	-3,	1.65255e+009,	-0.570388,	-0.195888,	-0.262493,	-0.0362208,	-0.755154,	-0.326928,	-0.0213756,	0.0909501,	-0.815309,	-0.134716,	-0.0170943,	-0.0256059,	-1.15028,	-0.0807216,	-0.0116376,	-0.0389124,	-1.74563,	-0.939834,	-0.12288,	-0.23644,	-0.3458,	0.59547,	-0.05488,	58161,	-241,	-4,	-501,	58061,	142,	-23,	-151,	58041,	77,	-16,	-360,	
2,	4,	664688,	1.65255e+015,	0,	1,	-10,	10,	-3,	-3,	-3,	-4,	1.65255e+009,	-0.495239,	-0.195888,	-0.262493,	-0.0362208,	-0.755154,	-0.326928,	-0.0213756,	0.0909501,	-0.894159,	-0.134716,	-0.0170943,	-0.0256059,	-1.19365,	-0.0807216,	-0.0116376,	-0.0389124,	-1.85528,	-0.991086,	-0.145836,	-0.23644,	-0.3913,	0.59547,	-0.05488,	58171,	-241,	-3,	-500,	58071,	143,	-22,	-151,	58051,	76,	-16,	-360,	
2,	4,	664750,	1.65255e+015,	0,	2,	10,	-1,	-1,	1,	0,	1,	1.65255e+009,	-0.495239,	-0.195888,	-0.262493,	-0.0362208,	-0.755154,	-0.326928,	-0.0213756,	0.0909501,	-0.894159,	-0.134716,	-0.0170943,	-0.0256059,	-1.19365,	-0.0807216,	-0.0116376,	-0.0389124,	-1.943,	-1.05515,	-0.176894,	-0.23644,	-0.3913,	0.59547,	-0.05488,	58181,	-240,	-3,	-500,	58081,	144,	-23,	-151,	58061,	77,	-15,	-360,	
2,	4,	664829,	1.65255e+015,	0,	1,	3,	3,	-2,	-1,	-4,	-15,	1.65255e+009,	-0.495239,	-0.195888,	-0.262493,	-0.0362208,	-0.755154,	-0.326928,	-0.0213756,	0.0909501,	-0.894159,	-0.134716,	-0.0170943,	-0.0256059,	-1.19365,	-0.0807216,	-0.0116376,	-0.0389124,	-1.943,	-1.05515,	-0.176894,	-0.23644,	-0.3913,	0.59547,	-0.05488,	58191,	-240,	-3,	-499,	58091,	143,	-24,	-151,	58071,	75,	-15,	-360,	
2,	4,	664907,	1.65255e+015,	-3,	-7,	-10,	1,	-2,	0,	2,	2,	1.65255e+009,	-0.495239,	-0.195888,	-0.262493,	-0.0362208,	-0.755154,	-0.326928,	-0.0213756,	0.0850834,	-0.894159,	-0.134716,	-0.0170943,	-0.0314725,	-1.19365,	-0.0807216,	-0.0116376,	-0.021123,	-1.943,	-1.05515,	-0.176894,	-0.218651,	-0.3913,	0.59547,	-0.05488,	58201,	-242,	-2,	-499,	58101,	143,	-23,	-151,	58081,	77,	-16,	-360,	
