1,	9,	689766,	1.65255e+015,	-2,	-7,	-1,	-1,	0,	0,	-2,	-1,	1.65255e+009,	-0.630509,	-0.220528,	-0.262493,	-0.0855008,	-0.723122,	-0.26582,	-0.0225781,	0.11249,	-0.783769,	-0.274422,	-0.0225534,	-0.0151561,	-0.716623,	-0.329096,	-0.021289,	-0.0816886,	-0.605268,	-0.376062,	-0.0186753,	-0.362012,	-0.4914,	0.56095,	-0.05488,	34665,	-236,	-9,	-517,	34645,	140,	-15,	-153,	34635,	72,	-9,	-358,	
1,	9,	689829,	1.65255e+015,	0,	1,	0,	5,	-1,	0,	-2,	-1,	1.65255e+009,	-0.630509,	-0.220528,	-0.262493,	-0.0855008,	-0.723122,	-0.26582,	-0.0225781,	0.11249,	-0.783769,	-0.274422,	-0.0225534,	-0.0151561,	-0.716623,	-0.329096,	-0.021289,	-0.0816886,	-0.605268,	-0.376062,	-0.0186753,	-0.362012,	-0.4914,	0.56095,	-0.05488,	34675,	-235,	-10,	-517,	34655,	140,	-15,	-153,	34645,	72,	-8,	-358,	
1,	9,	689907,	1.65255e+015,	-1,	0,	-1,	3,	-3,	-2,	-1,	0,	1.65255e+009,	-0.630509,	-0.220528,	-0.262493,	-0.0855008,	-0.723122,	-0.26582,	-0.0225781,	0.11249,	-0.783769,	-0.274422,	-0.0225534,	-0.0151561,	-0.716623,	-0.329096,	-0.021289,	-0.0816886,	-0.605268,	-0.376062,	-0.0186753,	-0.362012,	-0.4914,	0.56095,	-0.05488,	34685,	-235,	-9,	-518,	34665,	140,	-17,	-153,	34655,	73,	-9,	-358,	
1,	9,	689969,	1.65255e+015,	-2,	-4,	0,	-5,	4,	0,	0,	1,	1.65255e+009,	-0.630509,	-0.220528,	-0.262493,	-0.0855008,	-0.723122,	-0.26582,	-0.0225781,	0.11249,	-0.783769,	-0.274422,	-0.0225534,	-0.0151561,	-0.716623,	-0.329096,	-0.021289,	-0.0816886,	-0.605268,	-0.376062,	-0.0186753,	-0.362012,	-0.4914,	0.56095,	-0.05488,	34695,	-236,	-10,	-518,	34675,	141,	-17,	-153,	34665,	73,	-8,	-358,	
1,	9,	690063,	1.65255e+015,	-1,	0,	-3,	3,	1,	-4,	-2,	-1,	1.65255e+009,	-0.630509,	-0.220528,	-0.262493,	-0.0855008,	-0.723122,	-0.26582,	-0.0225781,	0.11249,	-0.783769,	-0.274422,	-0.0225534,	-0.0151561,	-0.716623,	-0.329096,	-0.021289,	-0.0816886,	-0.605268,	-0.376062,	-0.0186753,	-0.362012,	-0.4914,	0.56095,	-0.05488,	34705,	-236,	-9,	-518,	34685,	141,	-16,	-153,	34675,	72,	-8,	-358,	
1,	9,	690141,	1.65255e+015,	-1,	-4,	0,	4,	0,	-3,	-2,	-1,	1.65255e+009,	-0.630509,	-0.220528,	-0.262493,	-0.0855008,	-0.723122,	-0.26582,	-0.0225781,	0.11249,	-0.783769,	-0.274422,	-0.0225534,	-0.0151561,	-0.716623,	-0.329096,	-0.021289,	-0.0816886,	-0.605268,	-0.376062,	-0.0186753,	-0.362012,	-0.4914,	0.56095,	-0.05488,	34715,	-235,	-10,	-519,	34695,	141,	-16,	-153,	34685,	71,	-9,	-358,	
1,	9,	690219,	1.65255e+015,	0,	2,	-3,	3,	-3,	-1,	-2,	-1,	1.65255e+009,	-0.630509,	-0.220528,	-0.262493,	-0.0855008,	-0.723122,	-0.26582,	-0.0225781,	0.11249,	-0.783769,	-0.274422,	-0.0225534,	-0.0151561,	-0.716623,	-0.329096,	-0.021289,	-0.0816886,	-0.605268,	-0.376062,	-0.0186753,	-0.362012,	-0.4914,	0.56095,	-0.05488,	34725,	-236,	-10,	-518,	34705,	141,	-17,	-153,	34695,	72,	-9,	-358,	
1,	9,	690297,	1.65255e+015,	-1,	-8,	-1,	1,	0,	-1,	0,	0,	1.65255e+009,	-0.630509,	-0.220528,	-0.262493,	-0.0855008,	-0.723122,	-0.26582,	-0.0225781,	0.11249,	-0.783769,	-0.274422,	-0.0225534,	-0.0151561,	-0.716623,	-0.329096,	-0.021289,	-0.0816886,	-0.605268,	-0.376062,	-0.0186753,	-0.362012,	-0.4914,	0.56095,	-0.05488,	34735,	-235,	-9,	-518,	34715,	142,	-17,	-153,	34705,	71,	-9,	-358,	
1,	9,	690375,	1.65255e+015,	-3,	-3,	3,	1,	-2,	0,	-2,	-1,	1.65255e+009,	-0.630509,	-0.220528,	-0.262493,	-0.0855008,	-0.723122,	-0.26582,	-0.0225781,	0.11249,	-0.783769,	-0.274422,	-0.0225534,	-0.0151561,	-0.716623,	-0.329096,	-0.021289,	-0.0816886,	-0.605268,	-0.376062,	-0.0186753,	-0.362012,	-0.4914,	0.56095,	-0.05488,	34745,	-236,	-10,	-518,	34725,	140,	-17,	-153,	34715,	71,	-9,	-358,	
1,	9,	690454,	1.65255e+015,	0,	5,	-8,	5,	-2,	-2,	-2,	0,	1.65255e+009,	-0.630509,	-0.220528,	-0.262493,	-0.0855008,	-0.723122,	-0.26582,	-0.0225781,	0.11249,	-0.783769,	-0.274422,	-0.0225534,	-0.0151561,	-0.716623,	-0.329096,	-0.021289,	-0.0816886,	-0.605268,	-0.376062,	-0.0186753,	-0.362012,	-0.4914,	0.56095,	-0.05488,	34755,	-236,	-9,	-519,	34735,	140,	-18,	-153,	34725,	72,	-9,	-358,	
1,	9,	690532,	1.65255e+015,	2,	2,	-5,	-2,	6,	5,	0,	-1,	1.65255e+009,	-0.630509,	-0.220528,	-0.262493,	-0.0855008,	-0.723122,	-0.26582,	-0.0225781,	0.11249,	-0.783769,	-0.274422,	-0.0225534,	-0.0151561,	-0.716623,	-0.329096,	-0.021289,	-0.0816886,	-0.605268,	-0.376062,	-0.0186753,	-0.362012,	-0.4914,	0.56095,	-0.05488,	34765,	-235,	-9,	-519,	34745,	141,	-17,	-153,	34735,	72,	-9,	-358,	
1,	9,	690625,	1.65255e+015,	-3,	-4,	-15,	3,	2,	0,	0,	-3,	1.65255e+009,	-0.630509,	-0.220528,	-0.262493,	-0.0855008,	-0.723122,	-0.26582,	-0.0225781,	0.11249,	-0.783769,	-0.274422,	-0.0225534,	-0.0151561,	-0.716623,	-0.329096,	-0.021289,	-0.0816886,	-0.605268,	-0.376062,	-0.0186753,	-0.362012,	-0.4914,	0.56095,	-0.05488,	34775,	-234,	-8,	-519,	34755,	141,	-17,	-153,	34745,	73,	-9,	-358,	
1,	9,	690704,	1.65255e+015,	0,	-1,	2,	-2,	0,	0,	-1,	1,	1.65255e+009,	-0.630509,	-0.220528,	-0.262493,	-0.0855008,	-0.723122,	-0.26582,	-0.0225781,	0.11249,	-0.783769,	-0.274422,	-0.0225534,	-0.0151561,	-0.716623,	-0.329096,	-0.021289,	-0.0816886,	-0.605268,	-0.376062,	-0.0186753,	-0.362012,	-0.4914,	0.56095,	-0.05488,	34785,	-235,	-9,	-519,	34765,	141,	-17,	-153,	34755,	72,	-9,	-357,	
1,	9,	690782,	1.65255e+015,	-1,	-4,	4,	0,	-1,	-2,	0,	-1,	1.65255e+009,	-0.570388,	-0.220528,	-0.262493,	-0.0855008,	-0.723122,	-0.26582,	-0.0225781,	0.11249,	-0.783769,	-0.274422,	-0.0225534,	-0.0151561,	-0.716623,	-0.329096,	-0.021289,	-0.0816886,	-0.605268,	-0.376062,	-0.0186753,	-0.362012,	-0.4914,	0.56095,	-0.05488,	34795,	-235,	-9,	-518,	34775,	141,	-18,	-153,	34765,	72,	-10,	-358,	
1,	9,	690860,	1.65255e+015,	-3,	-1,	28,	-5,	-4,	-1,	-2,	-1,	1.65255e+009,	-0.570388,	-0.220528,	-0.262493,	-0.0855008,	-0.723122,	-0.26582,	-0.0225781,	0.11249,	-0.783769,	-0.274422,	-0.0225534,	-0.0151561,	-0.716623,	-0.329096,	-0.021289,	-0.0816886,	-0.605268,	-0.376062,	-0.0186753,	-0.362012,	-0.4914,	0.56095,	-0.05488,	34805,	-236,	-8,	-518,	34785,	140,	-18,	-152,	34775,	73,	-9,	-358,	
1,	9,	690938,	1.65255e+015,	1,	3,	-2,	1,	-2,	-1,	1,	0,	1.65255e+009,	-0.570388,	-0.220528,	-0.262493,	-0.0855008,	-0.723122,	-0.26582,	-0.0225781,	0.11249,	-0.783769,	-0.274422,	-0.0225534,	-0.0151561,	-0.716623,	-0.329096,	-0.021289,	-0.0816886,	-0.605268,	-0.376062,	-0.0186753,	-0.362012,	-0.4914,	0.56095,	-0.05488,	34815,	-236,	-9,	-518,	34795,	140,	-18,	-152,	34785,	72,	-11,	-357,	
1,	9,	691016,	1.65255e+015,	1,	1,	1,	4,	0,	0,	-1,	0,	1.65255e+009,	-0.570388,	-0.220528,	-0.262493,	-0.0855008,	-0.723122,	-0.26582,	-0.0225781,	0.11249,	-0.783769,	-0.274422,	-0.0225534,	-0.0151561,	-0.716623,	-0.329096,	-0.021289,	-0.0816886,	-0.605268,	-0.376062,	-0.0186753,	-0.362012,	-0.4914,	0.56095,	-0.05488,	34825,	-235,	-9,	-518,	34805,	141,	-19,	-152,	34795,	72,	-11,	-357,	
1,	9,	691094,	1.65255e+015,	-2,	-14,	-15,	1,	-7,	-4,	-3,	-1,	1.65255e+009,	-0.570388,	-0.220528,	-0.262493,	-0.0855008,	-0.723122,	-0.26582,	-0.0225781,	0.11249,	-0.783769,	-0.274422,	-0.0225534,	-0.0151561,	-0.716623,	-0.329096,	-0.021289,	-0.0816886,	-0.605268,	-0.376062,	-0.0186753,	-0.362012,	-0.4914,	0.56095,	-0.05488,	34835,	-234,	-9,	-518,	34815,	142,	-19,	-152,	34805,	72,	-11,	-357,	
1,	9,	691188,	1.65255e+015,	-3,	-6,	-4,	-1,	1,	-1,	0,	-2,	1.65255e+009,	-0.570388,	-0.220528,	-0.262493,	-0.0855008,	-0.723122,	-0.26582,	-0.0225781,	0.11249,	-0.783769,	-0.274422,	-0.0225534,	-0.0151561,	-0.716623,	-0.329096,	-0.021289,	-0.0816886,	-0.605268,	-0.376062,	-0.0186753,	-0.362012,	-0.4914,	0.56095,	-0.05488,	34845,	-235,	-9,	-519,	34825,	141,	-19,	-152,	34815,	72,	-11,	-357,	
1,	9,	691266,	1.65255e+015,	2,	6,	-2,	5,	3,	1,	0,	1,	1.65255e+009,	-0.570388,	-0.220528,	-0.262493,	-0.0855008,	-0.723122,	-0.26582,	-0.0225781,	0.11249,	-0.783769,	-0.274422,	-0.0225534,	-0.0151561,	-0.716623,	-0.329096,	-0.021289,	-0.0816886,	-0.605268,	-0.376062,	-0.0186753,	-0.362012,	-0.4914,	0.56095,	-0.05488,	34855,	-235,	-8,	-519,	34835,	142,	-18,	-152,	34825,	73,	-11,	-357,	
1,	9,	691344,	1.65255e+015,	1,	6,	13,	5,	1,	-2,	0,	-1,	1.65255e+009,	-0.570388,	-0.220528,	-0.262493,	-0.0855008,	-0.723122,	-0.26582,	-0.0225781,	0.11249,	-0.783769,	-0.274422,	-0.0225534,	-0.0151561,	-0.716623,	-0.329096,	-0.021289,	-0.0816886,	-0.605268,	-0.376062,	-0.0186753,	-0.362012,	-0.4914,	0.56095,	-0.05488,	34865,	-235,	-8,	-519,	34845,	142,	-18,	-152,	34835,	72,	-11,	-357,	
1,	9,	691422,	1.65255e+015,	-2,	-3,	-4,	-5,	-4,	1,	-3,	-2,	1.65255e+009,	-0.570388,	-0.220528,	-0.262493,	-0.0855008,	-0.723122,	-0.26582,	-0.0225781,	0.11249,	-0.783769,	-0.274422,	-0.0225534,	-0.0151561,	-0.716623,	-0.329096,	-0.021289,	-0.0816886,	-0.605268,	-0.376062,	-0.0186753,	-0.362012,	-0.4914,	0.56095,	-0.05488,	34875,	-236,	-9,	-518,	34855,	143,	-17,	-152,	34845,	72,	-11,	-358,	
1,	9,	691500,	1.65255e+015,	2,	7,	3,	0,	0,	-1,	0,	-2,	1.65255e+009,	-0.570388,	-0.220528,	-0.262493,	-0.0855008,	-0.723122,	-0.26582,	-0.0225781,	0.11249,	-0.783769,	-0.274422,	-0.0225534,	-0.0151561,	-0.716623,	-0.329096,	-0.021289,	-0.0816886,	-0.605268,	-0.376062,	-0.0186753,	-0.362012,	-0.4914,	0.56095,	-0.05488,	34885,	-236,	-8,	-518,	34865,	142,	-19,	-152,	34855,	72,	-10,	-358,	
1,	9,	691579,	1.65255e+015,	0,	0,	-5,	-5,	-2,	-1,	-1,	-2,	1.65255e+009,	-0.570388,	-0.220528,	-0.262493,	-0.0855008,	-0.723122,	-0.26582,	-0.0225781,	0.11249,	-0.783769,	-0.274422,	-0.0225534,	-0.0151561,	-0.716623,	-0.329096,	-0.021289,	-0.0816886,	-0.605268,	-0.376062,	-0.0186753,	-0.362012,	-0.4914,	0.56095,	-0.05488,	34895,	-236,	-9,	-517,	34875,	142,	-19,	-153,	34865,	73,	-9,	-357,	
1,	9,	691641,	1.65255e+015,	-1,	8,	1,	0,	0,	-1,	-1,	-1,	1.65255e+009,	-0.570388,	-0.220528,	-0.262493,	-0.0855008,	-0.723122,	-0.26582,	-0.0225781,	0.11249,	-0.783769,	-0.274422,	-0.0225534,	-0.0151561,	-0.716623,	-0.329096,	-0.021289,	-0.0816886,	-0.605268,	-0.376062,	-0.0186753,	-0.362012,	-0.4914,	0.56095,	-0.05488,	34905,	-237,	-9,	-517,	34885,	142,	-19,	-153,	34875,	73,	-8,	-358,	
1,	9,	691704,	1.65255e+015,	-1,	-2,	-1,	-19,	-1,	0,	0,	-2,	1.65255e+009,	-0.570388,	-0.220528,	-0.262493,	-0.0855008,	-0.723122,	-0.26582,	-0.0225781,	0.11249,	-0.783769,	-0.274422,	-0.0225534,	-0.0151561,	-0.716623,	-0.329096,	-0.021289,	-0.0816886,	-0.605268,	-0.376062,	-0.0186753,	-0.362012,	-0.4914,	0.56095,	-0.05488,	34915,	-236,	-9,	-516,	34895,	141,	-19,	-153,	34885,	72,	-9,	-358,	
1,	9,	691782,	1.65255e+015,	0,	-3,	-5,	-12,	-3,	-1,	0,	1,	1.65255e+009,	-0.570388,	-0.220528,	-0.262493,	-0.0855008,	-0.723122,	-0.26582,	-0.0225781,	0.11249,	-0.783769,	-0.274422,	-0.0225534,	-0.0151561,	-0.716623,	-0.329096,	-0.021289,	-0.0816886,	-0.605268,	-0.376062,	-0.0186753,	-0.362012,	-0.4914,	0.56095,	-0.05488,	34925,	-238,	-10,	-517,	34905,	143,	-18,	-153,	34895,	73,	-9,	-358,	
1,	9,	691844,	1.65255e+015,	2,	-2,	-1,	1,	-2,	-2,	-3,	-1,	1.65255e+009,	-0.570388,	-0.220528,	-0.262493,	-0.0855008,	-0.723122,	-0.26582,	-0.0225781,	0.11249,	-0.783769,	-0.274422,	-0.0225534,	-0.0151561,	-0.716623,	-0.329096,	-0.021289,	-0.0816886,	-0.605268,	-0.376062,	-0.0186753,	-0.362012,	-0.4914,	0.56095,	-0.05488,	34935,	-238,	-10,	-517,	34915,	141,	-20,	-152,	34905,	72,	-9,	-357,	
1,	9,	691907,	1.65255e+015,	-2,	-2,	3,	10,	1,	0,	0,	0,	1.65255e+009,	-0.570388,	-0.220528,	-0.262493,	-0.0855008,	-0.723122,	-0.26582,	-0.0225781,	0.11249,	-0.783769,	-0.274422,	-0.0225534,	-0.0151561,	-0.716623,	-0.329096,	-0.021289,	-0.0816886,	-0.605268,	-0.376062,	-0.0186753,	-0.362012,	-0.4914,	0.56095,	-0.05488,	34945,	-238,	-10,	-517,	34925,	141,	-19,	-153,	34915,	72,	-9,	-357,	
1,	9,	691969,	1.65255e+015,	-2,	-1,	-2,	-6,	-3,	-2,	-2,	-2,	1.65255e+009,	-0.570388,	-0.220528,	-0.262493,	-0.0855008,	-0.723122,	-0.26582,	-0.0225781,	0.11249,	-0.783769,	-0.274422,	-0.0225534,	-0.0151561,	-0.716623,	-0.329096,	-0.021289,	-0.0816886,	-0.605268,	-0.376062,	-0.0186753,	-0.362012,	-0.4914,	0.56095,	-0.05488,	34955,	-237,	-10,	-518,	34935,	140,	-19,	-153,	34925,	72,	-9,	-358,	
1,	9,	692032,	1.65255e+015,	-2,	1,	0,	0,	0,	0,	0,	-1,	1.65255e+009,	-0.570388,	-0.220528,	-0.262493,	-0.0855008,	-0.723122,	-0.26582,	-0.0225781,	0.11249,	-0.783769,	-0.274422,	-0.0225534,	-0.0151561,	-0.716623,	-0.329096,	-0.021289,	-0.0816886,	-0.605268,	-0.376062,	-0.0186753,	-0.362012,	-0.4914,	0.56095,	-0.05488,	34965,	-237,	-10,	-519,	34945,	141,	-18,	-153,	34935,	73,	-8,	-358,	
1,	9,	692094,	1.65255e+015,	-1,	-4,	-5,	6,	-2,	-2,	-1,	-1,	1.65255e+009,	-0.570388,	-0.220528,	-0.262493,	-0.0855008,	-0.723122,	-0.26582,	-0.0225781,	0.11249,	-0.783769,	-0.274422,	-0.0225534,	-0.0151561,	-0.716623,	-0.329096,	-0.021289,	-0.0816886,	-0.605268,	-0.376062,	-0.0186753,	-0.362012,	-0.4914,	0.56095,	-0.05488,	34975,	-235,	-10,	-519,	34955,	141,	-18,	-152,	34945,	72,	-9,	-357,	
1,	9,	692172,	1.65255e+015,	-1,	2,	0,	3,	3,	2,	1,	-1,	1.65255e+009,	-0.570388,	-0.220528,	-0.262493,	-0.0855008,	-0.723122,	-0.26582,	-0.0225781,	0.11249,	-0.783769,	-0.274422,	-0.0225534,	-0.0151561,	-0.716623,	-0.329096,	-0.021289,	-0.0816886,	-0.605268,	-0.376062,	-0.0186753,	-0.362012,	-0.4914,	0.56095,	-0.05488,	34985,	-235,	-10,	-520,	34965,	141,	-18,	-152,	34955,	73,	-9,	-358,	
1,	9,	692235,	1.65255e+015,	-2,	-4,	-14,	0,	-1,	-2,	-1,	0,	1.65255e+009,	-0.570388,	-0.220528,	-0.262493,	-0.0855008,	-0.723122,	-0.26582,	-0.0225781,	0.11249,	-0.783769,	-0.274422,	-0.0225534,	-0.0151561,	-0.716623,	-0.329096,	-0.021289,	-0.0816886,	-0.605268,	-0.376062,	-0.0186753,	-0.362012,	-0.4914,	0.56095,	-0.05488,	34995,	-235,	-11,	-521,	34975,	141,	-18,	-153,	34965,	73,	-7,	-358,	
1,	9,	692297,	1.65255e+015,	0,	1,	8,	0,	2,	0,	-1,	-1,	1.65255e+009,	-0.570388,	-0.220528,	-0.262493,	-0.0855008,	-0.723122,	-0.26582,	-0.0225781,	0.11249,	-0.783769,	-0.274422,	-0.0225534,	-0.0151561,	-0.716623,	-0.329096,	-0.021289,	-0.0816886,	-0.605268,	-0.376062,	-0.0186753,	-0.362012,	-0.4914,	0.56095,	-0.05488,	35005,	-235,	-9,	-521,	34985,	141,	-19,	-153,	34975,	71,	-9,	-358,	
1,	9,	692360,	1.65255e+015,	-1,	0,	7,	11,	1,	0,	0,	0,	1.65255e+009,	-0.570388,	-0.220528,	-0.262493,	-0.0855008,	-0.723122,	-0.26582,	-0.0225781,	0.11249,	-0.783769,	-0.274422,	-0.0225534,	-0.0151561,	-0.716623,	-0.329096,	-0.021289,	-0.0816886,	-0.605268,	-0.376062,	-0.0186753,	-0.362012,	-0.4914,	0.56095,	-0.05488,	35015,	-234,	-9,	-522,	34995,	141,	-18,	-153,	34985,	73,	-7,	-358,	
1,	9,	692438,	1.65255e+015,	-2,	1,	1,	1,	-2,	0,	-2,	-1,	1.65255e+009,	-0.570388,	-0.220528,	-0.262493,	-0.0855008,	-0.723122,	-0.26582,	-0.0225781,	0.11249,	-0.783769,	-0.274422,	-0.0225534,	-0.0151561,	-0.716623,	-0.329096,	-0.021289,	-0.0816886,	-0.605268,	-0.376062,	-0.0186753,	-0.362012,	-0.4914,	0.56095,	-0.05488,	35025,	-235,	-9,	-522,	35005,	141,	-17,	-153,	34995,	72,	-8,	-358,	
1,	9,	692500,	1.65255e+015,	-3,	-11,	0,	1,	3,	0,	-1,	-2,	1.65255e+009,	-0.570388,	-0.220528,	-0.262493,	-0.0855008,	-0.723122,	-0.26582,	-0.0225781,	0.11249,	-0.783769,	-0.274422,	-0.0225534,	-0.0151561,	-0.716623,	-0.329096,	-0.021289,	-0.0816886,	-0.605268,	-0.376062,	-0.0186753,	-0.362012,	-0.4914,	0.56095,	-0.05488,	35035,	-233,	-9,	-523,	35015,	140,	-18,	-153,	35005,	73,	-8,	-358,	
1,	9,	692563,	1.65255e+015,	-1,	0,	2,	2,	3,	-2,	1,	0,	1.65255e+009,	-0.570388,	-0.220528,	-0.262493,	-0.0855008,	-0.723122,	-0.26582,	-0.0225781,	0.11249,	-0.783769,	-0.274422,	-0.0225534,	-0.0151561,	-0.716623,	-0.329096,	-0.021289,	-0.0816886,	-0.605268,	-0.376062,	-0.0186753,	-0.362012,	-0.4914,	0.56095,	-0.05488,	35045,	-235,	-10,	-523,	35025,	140,	-17,	-153,	35015,	73,	-7,	-358,	
1,	9,	692657,	1.65255e+015,	1,	-1,	8,	1,	0,	0,	0,	-1,	1.65255e+009,	-0.570388,	-0.220528,	-0.262493,	-0.0855008,	-0.723122,	-0.26582,	-0.0225781,	0.11249,	-0.783769,	-0.274422,	-0.0225534,	-0.0151561,	-0.716623,	-0.329096,	-0.021289,	-0.0816886,	-0.605268,	-0.376062,	-0.0186753,	-0.362012,	-0.4914,	0.56095,	-0.05488,	35055,	-234,	-9,	-523,	35035,	140,	-17,	-153,	35025,	72,	-7,	-358,	
2,	9,	692766,	1.65255e+015,	0,	-3,	0,	-4,	-4,	-3,	0,	-2,	1.65255e+009,	-0.570388,	-0.220528,	-0.262493,	-0.0855008,	-0.723122,	-0.26582,	-0.0225781,	0.11249,	-0.783769,	-0.274422,	-0.0225534,	-0.0151561,	-0.716623,	-0.329096,	-0.021289,	-0.0816886,	-0.605268,	-0.376062,	-0.0186753,	-0.362012,	-0.4914,	0.56095,	-0.05488,	35065,	-235,	-9,	-523,	35045,	141,	-17,	-154,	35035,	72,	-6,	-358,	
2,	9,	692844,	1.65255e+015,	0,	1,	-2,	7,	1,	-1,	-2,	-2,	1.65255e+009,	-0.570388,	-0.220528,	-0.262493,	-0.0855008,	-0.723122,	-0.26582,	-0.0225781,	0.11249,	-0.783769,	-0.274422,	-0.0225534,	-0.0151561,	-0.716623,	-0.329096,	-0.021289,	-0.0816886,	-0.605268,	-0.376062,	-0.0186753,	-0.362012,	-0.4914,	0.56095,	-0.05488,	35075,	-234,	-9,	-524,	35055,	141,	-17,	-154,	35045,	73,	-7,	-359,	
2,	9,	692922,	1.65255e+015,	1,	5,	0,	6,	3,	0,	1,	0,	1.65255e+009,	-0.570388,	-0.220528,	-0.262493,	-0.0855008,	-0.723122,	-0.26582,	-0.0225781,	0.11249,	-0.783769,	-0.274422,	-0.0225534,	-0.0151561,	-0.716623,	-0.329096,	-0.021289,	-0.0816886,	-0.605268,	-0.376062,	-0.0186753,	-0.362012,	-0.4914,	0.56095,	-0.05488,	35085,	-234,	-9,	-524,	35065,	141,	-18,	-154,	35055,	73,	-6,	-358,	
2,	9,	693000,	1.65255e+015,	-1,	1,	0,	-4,	-1,	1,	0,	-1,	1.65255e+009,	-0.570388,	-0.220528,	-0.262493,	-0.0855008,	-0.723122,	-0.26582,	-0.0225781,	0.11249,	-0.783769,	-0.274422,	-0.0225534,	-0.0151561,	-0.716623,	-0.329096,	-0.021289,	-0.0816886,	-0.605268,	-0.376062,	-0.0186753,	-0.362012,	-0.4914,	0.56095,	-0.05488,	35095,	-234,	-9,	-525,	35075,	141,	-18,	-154,	35065,	73,	-7,	-359,	
2,	9,	693079,	1.65255e+015,	-3,	-8,	-2,	-2,	0,	-2,	-2,	-2,	1.65255e+009,	-0.570388,	-0.220528,	-0.262493,	-0.0855008,	-0.723122,	-0.26582,	-0.0225781,	0.11249,	-0.783769,	-0.274422,	-0.0225534,	-0.0151561,	-0.716623,	-0.329096,	-0.021289,	-0.0816886,	-0.605268,	-0.376062,	-0.0186753,	-0.362012,	-0.4914,	0.56095,	-0.05488,	35105,	-234,	-9,	-524,	35085,	142,	-18,	-154,	35075,	73,	-7,	-359,	
2,	9,	693157,	1.65255e+015,	-3,	-9,	-3,	-8,	-3,	-2,	0,	0,	1.65255e+009,	-0.570388,	-0.220528,	-0.262493,	-0.0855008,	-0.723122,	-0.26582,	-0.0225781,	0.11249,	-0.783769,	-0.274422,	-0.0225534,	-0.0151561,	-0.716623,	-0.329096,	-0.021289,	-0.0816886,	-0.605268,	-0.376062,	-0.0186753,	-0.362012,	-0.4914,	0.56095,	-0.05488,	35115,	-234,	-10,	-524,	35095,	141,	-18,	-154,	35085,	74,	-6,	-359,	
2,	9,	693235,	1.65255e+015,	0,	2,	-2,	0,	-1,	0,	0,	-2,	1.65255e+009,	-0.570388,	-0.220528,	-0.262493,	-0.0855008,	-0.723122,	-0.26582,	-0.0225781,	0.11249,	-0.783769,	-0.274422,	-0.0225534,	-0.0151561,	-0.716623,	-0.329096,	-0.021289,	-0.0816886,	-0.605268,	-0.376062,	-0.0186753,	-0.362012,	-0.4914,	0.56095,	-0.05488,	35125,	-234,	-9,	-524,	35105,	140,	-18,	-155,	35095,	74,	-7,	-359,	
2,	9,	693297,	1.65255e+015,	0,	-2,	3,	-1,	1,	0,	-1,	-1,	1.65255e+009,	-0.570388,	-0.220528,	-0.262493,	-0.0855008,	-0.723122,	-0.26582,	-0.0225781,	0.11249,	-0.783769,	-0.274422,	-0.0225534,	-0.0151561,	-0.716623,	-0.329096,	-0.021289,	-0.0816886,	-0.605268,	-0.376062,	-0.0186753,	-0.362012,	-0.4914,	0.56095,	-0.05488,	35135,	-234,	-10,	-523,	35115,	141,	-19,	-154,	35105,	74,	-7,	-359,	
2,	9,	693360,	1.65255e+015,	-1,	-1,	-3,	-5,	0,	-1,	-1,	-2,	1.65255e+009,	-0.570388,	-0.220528,	-0.262493,	-0.0855008,	-0.723122,	-0.174158,	-0.0199009,	0.11249,	-0.783769,	-0.274422,	-0.0225534,	-0.0151561,	-0.716623,	-0.329096,	-0.021289,	-0.0816886,	-0.605268,	-0.376062,	-0.0186753,	-0.362012,	-0.4914,	0.56095,	-0.05488,	35145,	-234,	-10,	-523,	35125,	141,	-19,	-155,	35115,	73,	-7,	-359,	
2,	9,	693422,	1.65255e+015,	-7,	-7,	-6,	-3,	-2,	-1,	-3,	-10,	1.65255e+009,	-0.570388,	-0.220528,	-0.262493,	-0.0855008,	-0.643042,	-0.0977728,	-0.0135623,	0.10415,	-0.783769,	-0.274422,	-0.0225534,	-0.0124058,	-0.716623,	-0.329096,	-0.021289,	-0.0789383,	-0.605268,	-0.376062,	-0.0186753,	-0.359262,	-0.4914,	0.56095,	-0.05488,	35155,	-235,	-9,	-522,	35135,	141,	-20,	-155,	35125,	73,	-6,	-359,	
2,	9,	693500,	1.65255e+015,	-11,	-4,	-4,	0,	0,	1,	0,	0,	1.65255e+009,	-0.570388,	-0.220528,	-0.262493,	-0.0855008,	-0.546946,	-0.0366648,	-0.00580284,	0.0958104,	-0.783769,	-0.274422,	-0.0225534,	-0.00965548,	-0.716623,	-0.329096,	-0.021289,	-0.076188,	-0.605268,	-0.376062,	-0.0186753,	-0.356512,	-0.4914,	0.56095,	-0.05488,	35165,	-236,	-10,	-521,	35145,	142,	-18,	-155,	35135,	73,	-6,	-359,	
2,	9,	693563,	1.65255e+015,	8,	-4,	-1,	0,	0,	-1,	-6,	5,	1.65255e+009,	-0.570388,	-0.220528,	-0.262493,	-0.0855008,	-0.37077,	-0.0366648,	-0.00580284,	0.0757952,	-0.783769,	-0.274422,	-0.0225534,	-0.00305472,	-0.716623,	-0.329096,	-0.021289,	-0.0695872,	-0.605268,	-0.376062,	-0.0186753,	-0.349911,	-0.5278,	0.56095,	-0.05488,	35175,	-236,	-11,	-521,	35155,	141,	-18,	-155,	35145,	73,	-7,	-359,	
2,	9,	693625,	1.65255e+015,	-3,	-3,	-3,	-2,	-1,	-1,	-2,	-8,	1.65255e+009,	-0.570388,	-0.220528,	-0.262493,	-0.0855008,	-0.29069,	-0.0366648,	-0.00580284,	0.0691234,	-0.783769,	-0.174633,	-0.0199286,	-0.000854461,	-0.716623,	-0.329096,	-0.021289,	-0.067387,	-0.605268,	-0.376062,	-0.0186753,	-0.347711,	-0.5278,	0.56095,	-0.05488,	35185,	-237,	-12,	-521,	35165,	141,	-17,	-155,	35155,	73,	-6,	-359,	
2,	9,	693704,	1.65255e+015,	-3,	-3,	-3,	1,	-1,	0,	9,	-7,	1.65255e+009,	-0.570388,	-0.220528,	-0.262493,	-0.0855008,	-0.29069,	-0.0366648,	-0.00580284,	0.0691234,	-0.783769,	-0.174633,	-0.0199286,	-0.000854461,	-0.716623,	-0.329096,	-0.021289,	-0.067387,	-0.605268,	-0.376062,	-0.0186753,	-0.347711,	-0.5278,	0.56095,	-0.05488,	35195,	-236,	-13,	-521,	35175,	141,	-17,	-155,	35165,	72,	-7,	-359,	
2,	9,	693766,	1.65255e+015,	0,	0,	1,	0,	0,	-2,	-3,	6,	1.65255e+009,	-0.570388,	-0.220528,	-0.262493,	-0.0855008,	-0.226626,	0.0244432,	0.00434653,	0.0607838,	-0.783769,	-0.174633,	-0.0199286,	0.00189586,	-0.716623,	-0.329096,	-0.021289,	-0.0646366,	-0.605268,	-0.376062,	-0.0186753,	-0.34496,	-0.5642,	0.56095,	-0.05488,	35205,	-236,	-12,	-521,	35185,	140,	-18,	-154,	35175,	73,	-7,	-359,	
2,	9,	693829,	1.65255e+015,	8,	-3,	-3,	0,	-1,	-2,	-1,	5,	1.65255e+009,	-0.570388,	-0.220528,	-0.262493,	-0.0855008,	-0.226626,	0.0244432,	0.00434653,	0.0607838,	-0.783769,	-0.174633,	-0.0199286,	0.00189586,	-0.716623,	-0.329096,	-0.021289,	-0.0646366,	-0.605268,	-0.376062,	-0.0186753,	-0.34496,	-0.5642,	0.56095,	-0.05488,	35215,	-237,	-12,	-522,	35195,	140,	-17,	-154,	35185,	72,	-7,	-359,	
2,	9,	693891,	1.65255e+015,	1,	0,	-5,	-2,	-1,	0,	7,	-3,	1.65255e+009,	-0.495239,	-0.220528,	-0.262493,	-0.0855008,	-0.162562,	0.0244432,	0.00434653,	0.0607838,	-0.783769,	-0.174633,	-0.0199286,	0.00189586,	-0.716623,	-0.329096,	-0.021289,	-0.0646366,	-0.605268,	-0.376062,	-0.0186753,	-0.34496,	-0.5642,	0.56095,	-0.05488,	35225,	-237,	-11,	-522,	35205,	140,	-17,	-154,	35195,	74,	-6,	-358,	
2,	9,	693969,	1.65255e+015,	2,	-1,	2,	5,	0,	-3,	0,	-2,	1.65255e+009,	-0.495239,	-0.220528,	-0.262493,	-0.0855008,	-0.162562,	0.0244432,	0.00434653,	0.0607838,	-0.704919,	-0.174633,	-0.0199286,	0.00189586,	-0.716623,	-0.329096,	-0.021289,	-0.0646366,	-0.605268,	-0.376062,	-0.0186753,	-0.34496,	-0.5642,	0.56095,	-0.05488,	35235,	-236,	-11,	-522,	35215,	139,	-16,	-154,	35205,	73,	-7,	-358,	
2,	9,	694047,	1.65255e+015,	2,	-5,	-4,	-2,	1,	-2,	-4,	4,	1.65255e+009,	-0.495239,	-0.220528,	-0.262493,	-0.0855008,	-0.162562,	0.0244432,	0.00434653,	0.0607838,	-0.704919,	-0.174633,	-0.0199286,	0.00189586,	-0.716623,	-0.329096,	-0.021289,	-0.0646366,	-0.605268,	-0.376062,	-0.0186753,	-0.34496,	-0.5642,	0.56095,	-0.05488,	35245,	-235,	-11,	-522,	35225,	140,	-18,	-154,	35215,	73,	-6,	-359,	
2,	9,	694110,	1.65255e+015,	-3,	-7,	-4,	-3,	1,	2,	-4,	7,	1.65255e+009,	-0.495239,	-0.220528,	-0.262493,	-0.0855008,	-0.162562,	0.0244432,	0.00434653,	0.054112,	-0.704919,	-0.174633,	-0.0199286,	0.00409612,	-0.716623,	-0.329096,	-0.021289,	-0.0624364,	-0.605268,	-0.376062,	-0.0186753,	-0.34276,	-0.5642,	0.56095,	-0.05488,	35255,	-235,	-11,	-523,	35235,	140,	-17,	-154,	35225,	73,	-6,	-358,	
2,	9,	694172,	1.65255e+015,	-4,	-3,	-1,	-4,	-1,	-3,	-14,	5,	1.65255e+009,	-0.495239,	-0.220528,	-0.262493,	-0.0855008,	-0.162562,	0.0244432,	0.00434653,	0.054112,	-0.704919,	-0.174633,	-0.0199286,	0.00409612,	-0.716623,	-0.329096,	-0.021289,	-0.0624364,	-0.605268,	-0.376062,	-0.0186753,	-0.34276,	-0.5642,	0.56095,	-0.05488,	35265,	-237,	-11,	-522,	35245,	141,	-18,	-154,	35235,	73,	-7,	-358,	
2,	9,	694235,	1.65255e+015,	-1,	-7,	-3,	1,	1,	0,	1,	-7,	1.65255e+009,	-0.495239,	-0.220528,	-0.262493,	-0.0855008,	-0.162562,	0.0244432,	0.00434653,	0.054112,	-0.704919,	-0.174633,	-0.0199286,	0.00409612,	-0.716623,	-0.329096,	-0.021289,	-0.0624364,	-0.605268,	-0.376062,	-0.0186753,	-0.34276,	-0.5642,	0.56095,	-0.05488,	35275,	-236,	-11,	-522,	35255,	141,	-17,	-154,	35245,	73,	-6,	-358,	
2,	9,	694313,	1.65255e+015,	-2,	-11,	-3,	-8,	-3,	-3,	-6,	-7,	1.65255e+009,	-0.495239,	-0.220528,	-0.262493,	-0.0855008,	-0.162562,	0.0244432,	0.00434653,	0.054112,	-0.704919,	-0.174633,	-0.0199286,	0.00409612,	-0.716623,	-0.329096,	-0.021289,	-0.0624364,	-0.605268,	-0.376062,	-0.0186753,	-0.34276,	-0.5642,	0.56095,	-0.05488,	35285,	-236,	-11,	-522,	35265,	141,	-17,	-154,	35255,	73,	-6,	-358,	
2,	9,	694391,	1.65255e+015,	-3,	-11,	-5,	-7,	0,	2,	-2,	0,	1.65255e+009,	-0.495239,	-0.220528,	-0.262493,	-0.0855008,	-0.162562,	0.0244432,	0.00434653,	0.054112,	-0.704919,	-0.174633,	-0.0199286,	0.00409612,	-0.716623,	-0.329096,	-0.021289,	-0.0624364,	-0.605268,	-0.376062,	-0.0186753,	-0.34276,	-0.5642,	0.56095,	-0.05488,	35295,	-235,	-10,	-521,	35275,	140,	-17,	-154,	35265,	73,	-5,	-358,	
2,	9,	694454,	1.65255e+015,	1,	5,	-1,	8,	-1,	-1,	0,	0,	1.65255e+009,	-0.495239,	-0.220528,	-0.262493,	-0.0855008,	-0.162562,	0.0244432,	0.00434653,	0.054112,	-0.704919,	-0.174633,	-0.0199286,	0.00409612,	-0.716623,	-0.329096,	-0.021289,	-0.0624364,	-0.605268,	-0.376062,	-0.0186753,	-0.34276,	-0.5642,	0.56095,	-0.05488,	35305,	-236,	-10,	-522,	35285,	140,	-16,	-154,	35275,	72,	-7,	-358,	
2,	9,	694516,	1.65255e+015,	-10,	-7,	-44,	-23,	-7,	-1,	0,	-5,	1.65255e+009,	-0.495239,	-0.220528,	-0.262493,	-0.0855008,	-0.162562,	0.0244432,	0.00434653,	0.0657876,	-0.704919,	-0.174633,	-0.0199286,	0.000245667,	-0.716623,	-0.329096,	-0.021289,	-0.0662868,	-0.605268,	-0.376062,	-0.0186753,	-0.34661,	-0.5642,	0.56095,	-0.05488,	35315,	-235,	-10,	-521,	35295,	140,	-17,	-154,	35285,	73,	-6,	-358,	
2,	9,	694594,	1.65255e+015,	4,	0,	20,	14,	3,	0,	-1,	0,	1.65255e+009,	-0.555359,	-0.220528,	-0.262493,	-0.0855008,	-0.466866,	-0.0519418,	-0.00796677,	0.0874707,	-0.704919,	-0.174633,	-0.0199286,	-0.00690517,	-0.716623,	-0.329096,	-0.021289,	-0.0734377,	-0.605268,	-0.427314,	-0.0142123,	-0.353761,	-0.5005,	0.56095,	-0.05488,	35325,	-236,	-11,	-522,	35305,	140,	-16,	-154,	35295,	71,	-6,	-359,	
2,	9,	694672,	1.65255e+015,	-5,	-6,	-25,	-8,	-7,	-6,	-2,	-3,	1.65255e+009,	-0.630509,	-0.220528,	-0.262493,	-0.0855008,	-0.77117,	-0.26582,	-0.0225781,	0.105818,	-0.767999,	-0.274422,	-0.0225534,	-0.0129559,	-0.716623,	-0.329096,	-0.021289,	-0.0794884,	-0.605268,	-0.427314,	-0.0142123,	-0.359812,	-0.455,	0.56095,	-0.05488,	35335,	-236,	-10,	-522,	35315,	140,	-16,	-154,	35305,	71,	-6,	-358,	
2,	9,	694750,	1.65255e+015,	-2,	-6,	1,	-2,	0,	0,	-1,	0,	1.65255e+009,	-0.705658,	-0.220528,	-0.262493,	-0.0657888,	-0.915314,	-0.342205,	-0.0207015,	0.105818,	-0.831079,	-0.274422,	-0.0225534,	-0.0129559,	-0.716623,	-0.329096,	-0.021289,	-0.0794884,	-0.605268,	-0.427314,	-0.0142123,	-0.359812,	-0.4186,	0.56095,	-0.05488,	35345,	-236,	-11,	-522,	35325,	140,	-16,	-154,	35315,	73,	-7,	-358,	
2,	9,	694829,	1.65255e+015,	-5,	0,	-3,	-7,	-1,	-2,	-4,	-4,	1.65255e+009,	-0.780809,	-0.220528,	-0.262493,	-0.0657888,	-0.963362,	-0.342205,	-0.0207015,	0.105818,	-0.894159,	-0.274422,	-0.0225534,	-0.0129559,	-0.716623,	-0.329096,	-0.021289,	-0.0794884,	-0.605268,	-0.427314,	-0.0142123,	-0.359812,	-0.4186,	0.59547,	-0.05488,	35355,	-237,	-11,	-521,	35335,	140,	-16,	-154,	35325,	73,	-6,	-358,	
2,	9,	694891,	1.65255e+015,	-3,	-3,	-10,	-6,	-3,	-2,	-2,	-1,	1.65255e+009,	-0.780809,	-0.220528,	-0.262493,	-0.0657888,	-0.963362,	-0.342205,	-0.0207015,	0.105818,	-0.894159,	-0.274422,	-0.0225534,	-0.0129559,	-0.716623,	-0.329096,	-0.021289,	-0.0794884,	-0.605268,	-0.427314,	-0.0142123,	-0.359812,	-0.4186,	0.59547,	-0.05488,	35365,	-236,	-10,	-521,	35345,	140,	-17,	-154,	35335,	72,	-8,	-358,	
2,	9,	694969,	1.65255e+015,	0,	4,	12,	-1,	0,	-1,	-1,	0,	1.65255e+009,	-0.780809,	-0.220528,	-0.262493,	-0.0460768,	-0.963362,	-0.342205,	-0.0207015,	0.105818,	-0.894159,	-0.274422,	-0.0225534,	-0.0129559,	-0.825038,	-0.329096,	-0.021289,	-0.0794884,	-0.605268,	-0.427314,	-0.0142123,	-0.359812,	-0.4186,	0.59547,	-0.05488,	35375,	-236,	-9,	-521,	35355,	140,	-16,	-154,	35345,	72,	-7,	-358,	
2,	9,	695032,	1.65255e+015,	-8,	-17,	3,	-8,	-3,	-2,	-1,	-4,	1.65255e+009,	-0.780809,	-0.220528,	-0.262493,	-0.0460768,	-0.963362,	-0.342205,	-0.0207015,	0.105818,	-0.894159,	-0.274422,	-0.0225534,	-0.0129559,	-0.825038,	-0.329096,	-0.021289,	-0.0794884,	-0.605268,	-0.427314,	-0.0142123,	-0.359812,	-0.4186,	0.59547,	-0.05488,	35385,	-235,	-9,	-520,	35365,	140,	-17,	-154,	35355,	72,	-8,	-359,	
2,	9,	695094,	1.65255e+015,	0,	3,	-1,	8,	2,	-1,	1,	1,	1.65255e+009,	-0.840928,	-0.220528,	-0.262493,	-0.0460768,	-1.02743,	-0.342205,	-0.0207015,	0.105818,	-0.894159,	-0.274422,	-0.0225534,	-0.0129559,	-0.825038,	-0.329096,	-0.021289,	-0.0794884,	-0.605268,	-0.427314,	-0.0142123,	-0.359812,	-0.4186,	0.59547,	-0.05488,	35395,	-236,	-10,	-520,	35375,	141,	-17,	-154,	35365,	73,	-7,	-359,	
2,	9,	695172,	1.65255e+015,	0,	-4,	-1,	-16,	-2,	0,	0,	0,	1.65255e+009,	-0.840928,	-0.220528,	-0.262493,	-0.0460768,	-1.02743,	-0.342205,	-0.0207015,	0.105818,	-0.894159,	-0.274422,	-0.0225534,	-0.0129559,	-0.825038,	-0.329096,	-0.021289,	-0.0794884,	-0.605268,	-0.427314,	-0.0142123,	-0.359812,	-0.4186,	0.59547,	-0.05488,	35405,	-237,	-11,	-521,	35385,	141,	-17,	-154,	35375,	72,	-8,	-359,	
2,	9,	695235,	1.65255e+015,	2,	8,	10,	4,	2,	1,	0,	0,	1.65255e+009,	-0.840928,	-0.220528,	-0.262493,	-0.0460768,	-1.02743,	-0.342205,	-0.0207015,	0.105818,	-0.894159,	-0.274422,	-0.0225534,	-0.0129559,	-0.825038,	-0.329096,	-0.021289,	-0.0794884,	-0.605268,	-0.427314,	-0.0142123,	-0.359812,	-0.4186,	0.59547,	-0.05488,	35415,	-236,	-11,	-521,	35395,	142,	-17,	-154,	35385,	72,	-7,	-359,	
2,	9,	695313,	1.65255e+015,	0,	-11,	-4,	4,	-2,	-4,	-2,	0,	1.65255e+009,	-0.840928,	-0.220528,	-0.262493,	-0.0460768,	-1.02743,	-0.342205,	-0.0207015,	0.105818,	-0.894159,	-0.274422,	-0.0225534,	-0.0129559,	-0.825038,	-0.329096,	-0.021289,	-0.0794884,	-0.605268,	-0.427314,	-0.0142123,	-0.359812,	-0.4186,	0.59547,	-0.05488,	35425,	-237,	-12,	-520,	35405,	140,	-16,	-154,	35395,	72,	-8,	-358,	
2,	9,	695391,	1.65255e+015,	1,	3,	4,	1,	0,	0,	-1,	0,	1.65255e+009,	-0.840928,	-0.220528,	-0.262493,	-0.0460768,	-1.02743,	-0.342205,	-0.0207015,	0.105818,	-0.894159,	-0.274422,	-0.0225534,	-0.0129559,	-0.825038,	-0.329096,	-0.021289,	-0.0794884,	-0.605268,	-0.427314,	-0.0142123,	-0.359812,	-0.4186,	0.59547,	-0.05488,	35435,	-237,	-12,	-518,	35415,	140,	-18,	-154,	35405,	72,	-8,	-358,	
2,	9,	695454,	1.65255e+015,	1,	2,	4,	1,	-1,	0,	0,	2,	1.65255e+009,	-0.840928,	-0.220528,	-0.262493,	-0.0460768,	-1.02743,	-0.342205,	-0.0207015,	0.105818,	-0.894159,	-0.274422,	-0.0225534,	-0.0129559,	-0.825038,	-0.329096,	-0.021289,	-0.0794884,	-0.605268,	-0.427314,	-0.0142123,	-0.359812,	-0.4186,	0.59547,	-0.05488,	35445,	-239,	-11,	-518,	35425,	140,	-17,	-154,	35415,	71,	-7,	-358,	
2,	9,	695516,	1.65255e+015,	-6,	-17,	-6,	-15,	-7,	-2,	-3,	-3,	1.65255e+009,	-0.840928,	-0.220528,	-0.262493,	-0.0460768,	-1.02743,	-0.342205,	-0.0207015,	0.105818,	-0.894159,	-0.274422,	-0.0225534,	-0.0129559,	-0.825038,	-0.329096,	-0.021289,	-0.0794884,	-0.605268,	-0.427314,	-0.0142123,	-0.359812,	-0.4186,	0.59547,	-0.05488,	35455,	-240,	-11,	-518,	35435,	140,	-16,	-154,	35425,	72,	-8,	-358,	
2,	9,	695594,	1.65255e+015,	-2,	0,	10,	0,	0,	0,	-3,	-1,	1.65255e+009,	-0.840928,	-0.220528,	-0.262493,	-0.0460768,	-1.02743,	-0.342205,	-0.0207015,	0.105818,	-0.894159,	-0.274422,	-0.0225534,	-0.0129559,	-0.825038,	-0.329096,	-0.021289,	-0.0794884,	-0.605268,	-0.427314,	-0.0142123,	-0.359812,	-0.4186,	0.59547,	-0.05488,	35465,	-239,	-11,	-518,	35445,	141,	-16,	-154,	35435,	73,	-7,	-358,	
2,	9,	695657,	1.65255e+015,	0,	2,	2,	3,	-1,	-2,	-1,	0,	1.65255e+009,	-0.840928,	-0.220528,	-0.262493,	-0.0460768,	-1.02743,	-0.342205,	-0.0207015,	0.105818,	-0.894159,	-0.274422,	-0.0225534,	-0.0129559,	-0.825038,	-0.329096,	-0.021289,	-0.0794884,	-0.605268,	-0.427314,	-0.0142123,	-0.359812,	-0.4186,	0.59547,	-0.05488,	35475,	-237,	-11,	-518,	35455,	139,	-17,	-153,	35445,	71,	-8,	-358,	
2,	9,	695735,	1.65255e+015,	0,	-2,	4,	5,	0,	0,	0,	-1,	1.65255e+009,	-0.840928,	-0.220528,	-0.262493,	-0.0460768,	-1.02743,	-0.342205,	-0.0207015,	0.105818,	-0.894159,	-0.274422,	-0.0225534,	-0.0129559,	-0.825038,	-0.329096,	-0.021289,	-0.0794884,	-0.605268,	-0.427314,	-0.0142123,	-0.359812,	-0.4186,	0.59547,	-0.05488,	35485,	-238,	-11,	-519,	35465,	140,	-17,	-153,	35455,	72,	-8,	-358,	
2,	9,	695813,	1.65255e+015,	-2,	-1,	1,	-3,	-3,	2,	-1,	-1,	1.65255e+009,	-0.840928,	-0.220528,	-0.262493,	-0.0460768,	-1.02743,	-0.342205,	-0.0207015,	0.105818,	-0.894159,	-0.274422,	-0.0225534,	-0.0129559,	-0.825038,	-0.329096,	-0.021289,	-0.0794884,	-0.605268,	-0.427314,	-0.0142123,	-0.359812,	-0.4186,	0.59547,	-0.05488,	35495,	-238,	-12,	-519,	35475,	140,	-16,	-153,	35465,	72,	-7,	-357,	
2,	9,	695875,	1.65255e+015,	-3,	-3,	-4,	3,	0,	-2,	-1,	-2,	1.65255e+009,	-0.840928,	-0.220528,	-0.262493,	-0.0460768,	-1.02743,	-0.342205,	-0.0207015,	0.105818,	-0.894159,	-0.274422,	-0.0225534,	-0.0129559,	-0.825038,	-0.329096,	-0.021289,	-0.0794884,	-0.605268,	-0.427314,	-0.0142123,	-0.359812,	-0.4186,	0.59547,	-0.05488,	35505,	-238,	-13,	-519,	35485,	140,	-16,	-153,	35475,	73,	-8,	-357,	
2,	9,	695954,	1.65255e+015,	1,	1,	3,	-6,	0,	1,	0,	0,	1.65255e+009,	-0.840928,	-0.220528,	-0.262493,	-0.0460768,	-1.02743,	-0.342205,	-0.0207015,	0.105818,	-0.894159,	-0.274422,	-0.0225534,	-0.0129559,	-0.825038,	-0.329096,	-0.021289,	-0.0794884,	-0.605268,	-0.427314,	-0.0142123,	-0.359812,	-0.4186,	0.59547,	-0.05488,	35515,	-238,	-12,	-520,	35495,	140,	-16,	-153,	35485,	72,	-8,	-357,	
2,	9,	696016,	1.65255e+015,	0,	-1,	-4,	-3,	-1,	0,	-1,	-2,	1.65255e+009,	-0.840928,	-0.220528,	-0.262493,	-0.0460768,	-1.02743,	-0.342205,	-0.0207015,	0.105818,	-0.894159,	-0.274422,	-0.0225534,	-0.0129559,	-0.825038,	-0.329096,	-0.021289,	-0.0794884,	-0.605268,	-0.427314,	-0.0142123,	-0.359812,	-0.4186,	0.59547,	-0.05488,	35525,	-238,	-12,	-519,	35505,	140,	-16,	-153,	35495,	72,	-8,	-357,	
2,	9,	696094,	1.65255e+015,	-1,	5,	1,	-4,	-2,	1,	1,	1,	1.65255e+009,	-0.840928,	-0.220528,	-0.262493,	-0.0460768,	-1.02743,	-0.342205,	-0.0207015,	0.105818,	-0.894159,	-0.274422,	-0.0225534,	-0.0129559,	-0.825038,	-0.329096,	-0.021289,	-0.0794884,	-0.605268,	-0.427314,	-0.0142123,	-0.359812,	-0.4186,	0.59547,	-0.05488,	35535,	-239,	-12,	-520,	35515,	139,	-16,	-153,	35505,	72,	-8,	-357,	
2,	9,	696172,	1.65255e+015,	1,	6,	6,	-2,	-3,	-1,	-1,	-1,	1.65255e+009,	-0.840928,	-0.220528,	-0.262493,	-0.0460768,	-1.02743,	-0.342205,	-0.0207015,	0.105818,	-0.894159,	-0.274422,	-0.0225534,	-0.0129559,	-0.825038,	-0.329096,	-0.021289,	-0.0794884,	-0.605268,	-0.427314,	-0.0142123,	-0.359812,	-0.4186,	0.59547,	-0.05488,	35545,	-239,	-12,	-520,	35525,	139,	-16,	-153,	35515,	71,	-8,	-357,	
2,	9,	696250,	1.65255e+015,	-4,	-8,	-8,	-11,	-4,	-4,	-1,	0,	1.65255e+009,	-0.840928,	-0.220528,	-0.262493,	-0.0460768,	-1.02743,	-0.342205,	-0.0207015,	0.105818,	-0.894159,	-0.274422,	-0.0225534,	-0.0129559,	-0.825038,	-0.329096,	-0.021289,	-0.0794884,	-0.605268,	-0.427314,	-0.0142123,	-0.359812,	-0.4186,	0.59547,	-0.05488,	35555,	-238,	-11,	-520,	35535,	139,	-16,	-153,	35525,	73,	-7,	-357,	
2,	9,	696313,	1.65255e+015,	-1,	3,	8,	8,	0,	-3,	-1,	0,	1.65255e+009,	-0.840928,	-0.220528,	-0.262493,	-0.0460768,	-1.02743,	-0.342205,	-0.0207015,	0.105818,	-0.894159,	-0.274422,	-0.0225534,	-0.0129559,	-0.825038,	-0.329096,	-0.021289,	-0.0794884,	-0.605268,	-0.427314,	-0.0142123,	-0.359812,	-0.4186,	0.59547,	-0.05488,	35565,	-238,	-11,	-520,	35545,	140,	-17,	-153,	35535,	72,	-7,	-357,	
2,	9,	696391,	1.65255e+015,	-2,	-3,	-2,	1,	0,	0,	-1,	0,	1.65255e+009,	-0.840928,	-0.220528,	-0.262493,	-0.0460768,	-1.02743,	-0.342205,	-0.0207015,	0.105818,	-0.894159,	-0.274422,	-0.0225534,	-0.0129559,	-0.825038,	-0.329096,	-0.021289,	-0.0794884,	-0.605268,	-0.427314,	-0.0142123,	-0.359812,	-0.4186,	0.59547,	-0.05488,	35575,	-236,	-12,	-520,	35555,	138,	-16,	-153,	35545,	73,	-7,	-357,	
2,	9,	696469,	1.65255e+015,	-1,	-1,	-4,	-6,	-4,	0,	1,	0,	1.65255e+009,	-0.840928,	-0.220528,	-0.262493,	-0.0460768,	-1.02743,	-0.342205,	-0.0207015,	0.105818,	-0.894159,	-0.274422,	-0.0225534,	-0.0129559,	-0.825038,	-0.329096,	-0.021289,	-0.0794884,	-0.605268,	-0.427314,	-0.0142123,	-0.359812,	-0.4186,	0.59547,	-0.05488,	35585,	-236,	-12,	-520,	35565,	140,	-16,	-153,	35555,	73,	-6,	-357,	
2,	9,	696532,	1.65255e+015,	-1,	-4,	4,	-1,	0,	-1,	-2,	-1,	1.65255e+009,	-0.840928,	-0.220528,	-0.262493,	-0.0460768,	-1.02743,	-0.342205,	-0.0207015,	0.105818,	-0.894159,	-0.274422,	-0.0225534,	-0.0129559,	-0.825038,	-0.329096,	-0.021289,	-0.0794884,	-0.605268,	-0.427314,	-0.0142123,	-0.359812,	-0.4186,	0.59547,	-0.05488,	35595,	-236,	-12,	-520,	35575,	140,	-17,	-153,	35565,	71,	-7,	-358,	
2,	9,	696610,	1.65255e+015,	0,	0,	5,	1,	0,	2,	0,	1,	1.65255e+009,	-0.840928,	-0.220528,	-0.262493,	-0.0460768,	-1.02743,	-0.342205,	-0.0207015,	0.105818,	-0.894159,	-0.274422,	-0.0225534,	-0.0129559,	-0.825038,	-0.329096,	-0.021289,	-0.0794884,	-0.605268,	-0.427314,	-0.0142123,	-0.359812,	-0.4186,	0.59547,	-0.05488,	35605,	-236,	-12,	-520,	35585,	140,	-17,	-153,	35575,	72,	-7,	-357,	
2,	9,	696688,	1.65255e+015,	-2,	-1,	0,	-2,	2,	2,	-1,	-1,	1.65255e+009,	-0.840928,	-0.220528,	-0.262493,	-0.0460768,	-1.02743,	-0.342205,	-0.0207015,	0.105818,	-0.894159,	-0.274422,	-0.0225534,	-0.0129559,	-0.825038,	-0.329096,	-0.021289,	-0.0794884,	-0.605268,	-0.427314,	-0.0142123,	-0.359812,	-0.4186,	0.59547,	-0.05488,	35615,	-237,	-11,	-520,	35595,	139,	-17,	-153,	35585,	72,	-6,	-358,	
2,	9,	696750,	1.65255e+015,	1,	1,	-10,	-6,	0,	0,	0,	0,	1.65255e+009,	-0.840928,	-0.220528,	-0.262493,	-0.0460768,	-1.02743,	-0.342205,	-0.0207015,	0.105818,	-0.894159,	-0.274422,	-0.0225534,	-0.0129559,	-0.825038,	-0.329096,	-0.021289,	-0.0794884,	-0.605268,	-0.427314,	-0.0142123,	-0.359812,	-0.4186,	0.59547,	-0.05488,	35625,	-235,	-11,	-520,	35605,	139,	-17,	-153,	35595,	73,	-7,	-358,	
2,	9,	696813,	1.65255e+015,	-3,	-5,	-5,	-2,	-4,	-2,	-2,	-2,	1.65255e+009,	-0.840928,	-0.220528,	-0.262493,	-0.0460768,	-1.02743,	-0.342205,	-0.0207015,	0.105818,	-0.894159,	-0.274422,	-0.0225534,	-0.0129559,	-0.825038,	-0.329096,	-0.021289,	-0.0794884,	-0.605268,	-0.427314,	-0.0142123,	-0.359812,	-0.4186,	0.59547,	-0.05488,	35635,	-235,	-11,	-520,	35615,	139,	-18,	-153,	35605,	72,	-7,	-358,	
2,	9,	696875,	1.65255e+015,	-1,	-6,	-11,	-3,	-4,	-2,	0,	-1,	1.65255e+009,	-0.840928,	-0.220528,	-0.262493,	-0.0460768,	-1.02743,	-0.342205,	-0.0207015,	0.105818,	-0.894159,	-0.274422,	-0.0225534,	-0.0129559,	-0.825038,	-0.329096,	-0.021289,	-0.0794884,	-0.605268,	-0.427314,	-0.0142123,	-0.359812,	-0.4186,	0.59547,	-0.05488,	35645,	-236,	-12,	-520,	35625,	138,	-18,	-154,	35615,	72,	-7,	-358,	
2,	9,	696938,	1.65255e+015,	-1,	-3,	-4,	-3,	2,	3,	1,	0,	1.65255e+009,	-0.840928,	-0.220528,	-0.262493,	-0.0460768,	-1.02743,	-0.342205,	-0.0207015,	0.105818,	-0.894159,	-0.274422,	-0.0225534,	-0.0129559,	-0.825038,	-0.329096,	-0.021289,	-0.0794884,	-0.605268,	-0.427314,	-0.0142123,	-0.359812,	-0.4186,	0.59547,	-0.05488,	35655,	-237,	-12,	-520,	35635,	139,	-18,	-153,	35625,	72,	-7,	-358,	
2,	9,	697016,	1.65255e+015,	1,	-1,	5,	-1,	3,	0,	0,	-1,	1.65255e+009,	-0.840928,	-0.220528,	-0.262493,	-0.0460768,	-1.02743,	-0.342205,	-0.0207015,	0.105818,	-0.894159,	-0.274422,	-0.0225534,	-0.0129559,	-0.825038,	-0.329096,	-0.021289,	-0.0794884,	-0.605268,	-0.427314,	-0.0142123,	-0.359812,	-0.4186,	0.59547,	-0.05488,	35665,	-237,	-11,	-520,	35645,	139,	-17,	-154,	35635,	73,	-8,	-358,	
2,	9,	697079,	1.65255e+015,	-2,	-3,	-3,	-5,	0,	1,	-2,	0,	1.65255e+009,	-0.840928,	-0.220528,	-0.262493,	-0.0460768,	-1.02743,	-0.342205,	-0.0207015,	0.105818,	-0.894159,	-0.274422,	-0.0225534,	-0.0129559,	-0.825038,	-0.329096,	-0.021289,	-0.0794884,	-0.605268,	-0.427314,	-0.0142123,	-0.359812,	-0.4186,	0.59547,	-0.05488,	35675,	-235,	-11,	-520,	35655,	140,	-17,	-154,	35645,	72,	-6,	-358,	
2,	9,	697157,	1.65255e+015,	0,	1,	2,	3,	-1,	-1,	0,	0,	1.65255e+009,	-0.840928,	-0.220528,	-0.262493,	-0.0460768,	-1.02743,	-0.342205,	-0.0207015,	0.105818,	-0.894159,	-0.274422,	-0.0225534,	-0.0129559,	-0.825038,	-0.329096,	-0.021289,	-0.0794884,	-0.605268,	-0.427314,	-0.0142123,	-0.359812,	-0.4186,	0.59547,	-0.05488,	35685,	-236,	-12,	-520,	35665,	140,	-17,	-154,	35655,	73,	-6,	-358,	
2,	9,	697235,	1.65255e+015,	0,	-4,	-9,	-4,	-2,	-1,	-4,	-1,	1.65255e+009,	-0.840928,	-0.220528,	-0.262493,	-0.0460768,	-1.02743,	-0.342205,	-0.0207015,	0.105818,	-0.894159,	-0.274422,	-0.0225534,	-0.0129559,	-0.825038,	-0.329096,	-0.021289,	-0.0794884,	-0.605268,	-0.427314,	-0.0142123,	-0.359812,	-0.4186,	0.59547,	-0.05488,	35695,	-236,	-13,	-520,	35675,	140,	-17,	-154,	35665,	73,	-6,	-358,	
2,	9,	697297,	1.65255e+015,	0,	5,	-5,	-13,	-1,	0,	-1,	-1,	1.65255e+009,	-0.840928,	-0.220528,	-0.262493,	-0.0460768,	-1.02743,	-0.342205,	-0.0207015,	0.105818,	-0.894159,	-0.274422,	-0.0225534,	-0.0129559,	-0.825038,	-0.329096,	-0.021289,	-0.0794884,	-0.605268,	-0.427314,	-0.0142123,	-0.359812,	-0.4186,	0.59547,	-0.05488,	35705,	-237,	-12,	-520,	35685,	141,	-16,	-155,	35675,	73,	-5,	-358,	
2,	9,	697360,	1.65255e+015,	-1,	-4,	0,	-2,	-5,	-2,	-2,	-1,	1.65255e+009,	-0.840928,	-0.220528,	-0.262493,	-0.0460768,	-1.02743,	-0.342205,	-0.0207015,	0.105818,	-0.894159,	-0.274422,	-0.0225534,	-0.0129559,	-0.825038,	-0.329096,	-0.021289,	-0.0794884,	-0.605268,	-0.427314,	-0.0142123,	-0.359812,	-0.4186,	0.59547,	-0.05488,	35715,	-237,	-11,	-520,	35695,	139,	-17,	-154,	35685,	73,	-6,	-358,	
2,	9,	697438,	1.65255e+015,	-1,	0,	0,	-3,	-2,	-2,	-1,	-2,	1.65255e+009,	-0.840928,	-0.220528,	-0.262493,	-0.0460768,	-1.02743,	-0.342205,	-0.0207015,	0.105818,	-0.894159,	-0.274422,	-0.0225534,	-0.0129559,	-0.825038,	-0.329096,	-0.021289,	-0.0794884,	-0.605268,	-0.427314,	-0.0142123,	-0.359812,	-0.4186,	0.59547,	-0.05488,	35725,	-236,	-11,	-521,	35705,	140,	-16,	-154,	35695,	72,	-5,	-358,	
2,	9,	697516,	1.65255e+015,	-1,	-1,	-1,	2,	2,	0,	0,	-2,	1.65255e+009,	-0.840928,	-0.220528,	-0.262493,	-0.0460768,	-1.02743,	-0.342205,	-0.0207015,	0.105818,	-0.894159,	-0.274422,	-0.0225534,	-0.0129559,	-0.825038,	-0.329096,	-0.021289,	-0.0794884,	-0.605268,	-0.427314,	-0.0142123,	-0.359812,	-0.4186,	0.59547,	-0.05488,	35735,	-236,	-13,	-521,	35715,	140,	-16,	-153,	35705,	71,	-6,	-358,	
2,	9,	697579,	1.65255e+015,	1,	1,	2,	-3,	-1,	-3,	-1,	-1,	1.65255e+009,	-0.840928,	-0.220528,	-0.262493,	-0.0460768,	-1.02743,	-0.342205,	-0.0207015,	0.105818,	-0.894159,	-0.274422,	-0.0225534,	-0.0129559,	-0.825038,	-0.329096,	-0.021289,	-0.0794884,	-0.605268,	-0.427314,	-0.0142123,	-0.359812,	-0.4186,	0.59547,	-0.05488,	35745,	-236,	-12,	-521,	35725,	139,	-17,	-154,	35715,	72,	-5,	-358,	
2,	9,	697641,	1.65255e+015,	1,	-1,	3,	2,	4,	1,	0,	-1,	1.65255e+009,	-0.840928,	-0.220528,	-0.262493,	-0.0460768,	-1.02743,	-0.342205,	-0.0207015,	0.105818,	-0.894159,	-0.274422,	-0.0225534,	-0.0129559,	-0.825038,	-0.329096,	-0.021289,	-0.0794884,	-0.605268,	-0.427314,	-0.0142123,	-0.359812,	-0.4186,	0.59547,	-0.05488,	35755,	-237,	-12,	-521,	35735,	140,	-16,	-154,	35725,	72,	-6,	-358,	
