1,	5,	790672,	1.65255e+015,	-4,	-9,	-4,	-1,	-1,	0,	-1,	0,	1.65255e+009,	-0.645539,	-0.639408,	-0.493619,	-0.0115808,	-0.93133,	-0.586637,	-0.0103974,	0.103949,	-1.03609,	-0.49396,	-0.00589425,	-0.0103891,	-0.933453,	-0.612952,	-0.0160253,	-0.0828356,	-0.802638,	-0.542631,	-0.00197613,	-0.345417,	-0.3822,	0.56095,	-0.07056,	59779,	-281,	-18,	-439,	59809,	124,	-7,	-145,	59799,	65,	-7,	-346,	
1,	5,	790750,	1.65255e+015,	-1,	-1,	1,	2,	3,	0,	-3,	-2,	1.65255e+009,	-0.645539,	-0.639408,	-0.493619,	-0.0115808,	-0.93133,	-0.586637,	-0.0103974,	0.103949,	-1.03609,	-0.49396,	-0.00589425,	-0.0103891,	-0.933453,	-0.612952,	-0.0160253,	-0.0828356,	-0.802638,	-0.542631,	-0.00197613,	-0.345417,	-0.3822,	0.56095,	-0.07056,	59789,	-281,	-18,	-439,	59819,	124,	-7,	-145,	59809,	64,	-6,	-346,	
1,	5,	790813,	1.65255e+015,	-2,	-3,	1,	0,	-2,	0,	-1,	0,	1.65255e+009,	-0.645539,	-0.639408,	-0.493619,	-0.0115808,	-0.93133,	-0.586637,	-0.0103974,	0.103949,	-1.03609,	-0.49396,	-0.00589425,	-0.0103891,	-0.933453,	-0.612952,	-0.0160253,	-0.0828356,	-0.802638,	-0.542631,	-0.00197613,	-0.345417,	-0.3822,	0.56095,	-0.07056,	59799,	-281,	-18,	-439,	59829,	124,	-7,	-146,	59819,	64,	-6,	-347,	
1,	5,	790875,	1.65255e+015,	-2,	-11,	-2,	-8,	-3,	-2,	-2,	-3,	1.65255e+009,	-0.645539,	-0.639408,	-0.493619,	-0.0115808,	-0.93133,	-0.586637,	-0.0103974,	0.103949,	-1.03609,	-0.49396,	-0.00589425,	-0.0103891,	-0.933453,	-0.612952,	-0.0160253,	-0.0828356,	-0.802638,	-0.542631,	-0.00197613,	-0.345417,	-0.3822,	0.56095,	-0.07056,	59809,	-280,	-18,	-440,	59839,	125,	-8,	-146,	59829,	65,	-6,	-346,	
1,	5,	790938,	1.65255e+015,	0,	6,	-3,	-3,	0,	3,	0,	0,	1.65255e+009,	-0.645539,	-0.639408,	-0.493619,	-0.0115808,	-0.93133,	-0.586637,	-0.0103974,	0.103949,	-1.03609,	-0.49396,	-0.00589425,	-0.0103891,	-0.933453,	-0.612952,	-0.0160253,	-0.0828356,	-0.802638,	-0.542631,	-0.00197613,	-0.345417,	-0.3822,	0.56095,	-0.07056,	59819,	-281,	-18,	-439,	59849,	124,	-6,	-146,	59839,	65,	-7,	-346,	
1,	5,	791000,	1.65255e+015,	-2,	-12,	-2,	8,	0,	-2,	-1,	-1,	1.65255e+009,	-0.645539,	-0.639408,	-0.493619,	-0.0115808,	-0.93133,	-0.586637,	-0.0103974,	0.103949,	-1.03609,	-0.49396,	-0.00589425,	-0.0103891,	-0.933453,	-0.612952,	-0.0160253,	-0.0828356,	-0.802638,	-0.542631,	-0.00197613,	-0.345417,	-0.3822,	0.56095,	-0.07056,	59829,	-281,	-18,	-439,	59859,	124,	-7,	-146,	59849,	66,	-7,	-346,	
1,	5,	791063,	1.65255e+015,	0,	2,	-5,	-16,	-1,	1,	0,	0,	1.65255e+009,	-0.645539,	-0.639408,	-0.493619,	-0.0115808,	-0.93133,	-0.586637,	-0.0103974,	0.103949,	-1.03609,	-0.49396,	-0.00589425,	-0.0103891,	-0.933453,	-0.612952,	-0.0160253,	-0.0828356,	-0.802638,	-0.542631,	-0.00197613,	-0.345417,	-0.3822,	0.56095,	-0.07056,	59839,	-282,	-18,	-439,	59869,	124,	-6,	-146,	59859,	64,	-7,	-346,	
1,	5,	791125,	1.65255e+015,	-6,	-20,	-10,	-18,	-3,	-1,	-2,	-3,	1.65255e+009,	-0.645539,	-0.639408,	-0.493619,	-0.0115808,	-0.93133,	-0.586637,	-0.0103974,	0.103949,	-1.03609,	-0.49396,	-0.00589425,	-0.0103891,	-0.933453,	-0.612952,	-0.0160253,	-0.0828356,	-0.802638,	-0.542631,	-0.00197613,	-0.345417,	-0.3822,	0.56095,	-0.07056,	59849,	-281,	-18,	-439,	59879,	124,	-6,	-145,	59869,	65,	-6,	-346,	
1,	5,	791204,	1.65255e+015,	-2,	1,	1,	8,	0,	-1,	-2,	-2,	1.65255e+009,	-0.645539,	-0.639408,	-0.493619,	-0.0115808,	-0.93133,	-0.586637,	-0.0103974,	0.103949,	-1.03609,	-0.49396,	-0.00589425,	-0.0103891,	-0.933453,	-0.612952,	-0.0160253,	-0.0828356,	-0.802638,	-0.542631,	-0.00197613,	-0.345417,	-0.3822,	0.56095,	-0.07056,	59859,	-281,	-19,	-439,	59889,	125,	-7,	-146,	59879,	64,	-7,	-346,	
1,	5,	791282,	1.65255e+015,	2,	-1,	7,	18,	3,	-3,	-1,	0,	1.65255e+009,	-0.645539,	-0.639408,	-0.493619,	-0.0115808,	-0.93133,	-0.586637,	-0.0103974,	0.103949,	-1.03609,	-0.49396,	-0.00589425,	-0.0103891,	-0.933453,	-0.612952,	-0.0160253,	-0.0828356,	-0.802638,	-0.542631,	-0.00197613,	-0.345417,	-0.3822,	0.56095,	-0.07056,	59869,	-280,	-19,	-439,	59899,	124,	-6,	-146,	59889,	65,	-7,	-346,	
1,	5,	791360,	1.65255e+015,	2,	7,	4,	1,	1,	2,	2,	2,	1.65255e+009,	-0.645539,	-0.639408,	-0.493619,	-0.0115808,	-0.93133,	-0.586637,	-0.0103974,	0.103949,	-1.03609,	-0.49396,	-0.00589425,	-0.0103891,	-0.933453,	-0.612952,	-0.0160253,	-0.0828356,	-0.802638,	-0.542631,	-0.00197613,	-0.345417,	-0.3822,	0.56095,	-0.07056,	59879,	-279,	-19,	-439,	59909,	124,	-5,	-146,	59899,	65,	-7,	-346,	
1,	5,	791438,	1.65255e+015,	1,	-2,	0,	-4,	-1,	-2,	-3,	-1,	1.65255e+009,	-0.645539,	-0.639408,	-0.493619,	-0.0115808,	-0.93133,	-0.586637,	-0.0103974,	0.103949,	-1.03609,	-0.49396,	-0.00589425,	-0.0103891,	-0.933453,	-0.612952,	-0.0160253,	-0.0828356,	-0.802638,	-0.542631,	-0.00197613,	-0.345417,	-0.3822,	0.56095,	-0.07056,	59889,	-280,	-19,	-439,	59919,	124,	-6,	-146,	59909,	66,	-7,	-346,	
1,	5,	791516,	1.65255e+015,	-1,	0,	2,	5,	2,	-1,	-1,	1,	1.65255e+009,	-0.645539,	-0.639408,	-0.493619,	-0.0115808,	-0.93133,	-0.586637,	-0.0103974,	0.103949,	-1.03609,	-0.49396,	-0.00589425,	-0.0103891,	-0.933453,	-0.612952,	-0.0160253,	-0.0828356,	-0.802638,	-0.542631,	-0.00197613,	-0.345417,	-0.3822,	0.56095,	-0.07056,	59899,	-280,	-18,	-439,	59929,	125,	-6,	-146,	59919,	65,	-6,	-347,	
1,	5,	791594,	1.65255e+015,	-3,	-6,	-7,	-9,	-7,	-4,	-2,	-1,	1.65255e+009,	-0.645539,	-0.639408,	-0.493619,	-0.0115808,	-0.93133,	-0.586637,	-0.0103974,	0.103949,	-1.03609,	-0.49396,	-0.00589425,	-0.0103891,	-0.933453,	-0.612952,	-0.0160253,	-0.0828356,	-0.802638,	-0.542631,	-0.00197613,	-0.345417,	-0.3822,	0.56095,	-0.07056,	59909,	-281,	-17,	-439,	59939,	125,	-5,	-146,	59929,	64,	-6,	-346,	
1,	5,	791672,	1.65255e+015,	-2,	-1,	3,	-4,	-2,	-2,	-1,	-1,	1.65255e+009,	-0.645539,	-0.639408,	-0.493619,	-0.0115808,	-0.93133,	-0.586637,	-0.0103974,	0.103949,	-1.03609,	-0.49396,	-0.00589425,	-0.0103891,	-0.933453,	-0.612952,	-0.0160253,	-0.0828356,	-0.802638,	-0.542631,	-0.00197613,	-0.345417,	-0.3822,	0.56095,	-0.07056,	59919,	-282,	-17,	-438,	59949,	124,	-6,	-146,	59939,	65,	-6,	-347,	
1,	5,	791750,	1.65255e+015,	-1,	4,	6,	-1,	-3,	-3,	-1,	-1,	1.65255e+009,	-0.645539,	-0.639408,	-0.493619,	-0.0115808,	-0.93133,	-0.586637,	-0.0103974,	0.103949,	-1.03609,	-0.49396,	-0.00589425,	-0.0103891,	-0.933453,	-0.612952,	-0.0160253,	-0.0828356,	-0.802638,	-0.542631,	-0.00197613,	-0.345417,	-0.3822,	0.56095,	-0.07056,	59929,	-281,	-18,	-438,	59959,	125,	-5,	-146,	59949,	65,	-6,	-347,	
1,	5,	791829,	1.65255e+015,	0,	-2,	-2,	-1,	1,	1,	-1,	-2,	1.65255e+009,	-0.645539,	-0.639408,	-0.493619,	-0.0115808,	-0.93133,	-0.586637,	-0.0103974,	0.103949,	-1.03609,	-0.49396,	-0.00589425,	-0.0103891,	-0.933453,	-0.612952,	-0.0160253,	-0.0828356,	-0.802638,	-0.542631,	-0.00197613,	-0.345417,	-0.3822,	0.56095,	-0.07056,	59939,	-282,	-18,	-439,	59969,	124,	-5,	-146,	59959,	66,	-6,	-347,	
1,	5,	791907,	1.65255e+015,	-1,	1,	0,	-1,	-3,	-1,	0,	-1,	1.65255e+009,	-0.645539,	-0.639408,	-0.493619,	-0.0115808,	-0.93133,	-0.586637,	-0.0103974,	0.103949,	-1.03609,	-0.49396,	-0.00589425,	-0.0103891,	-0.933453,	-0.612952,	-0.0160253,	-0.0828356,	-0.802638,	-0.542631,	-0.00197613,	-0.345417,	-0.3822,	0.56095,	-0.07056,	59949,	-282,	-18,	-438,	59979,	124,	-5,	-146,	59969,	65,	-6,	-347,	
1,	5,	791985,	1.65255e+015,	-1,	-10,	-3,	2,	-4,	-1,	0,	-1,	1.65255e+009,	-0.645539,	-0.639408,	-0.493619,	-0.0115808,	-0.93133,	-0.586637,	-0.0103974,	0.103949,	-1.03609,	-0.49396,	-0.00589425,	-0.0103891,	-0.933453,	-0.612952,	-0.0160253,	-0.0828356,	-0.802638,	-0.542631,	-0.00197613,	-0.345417,	-0.3822,	0.56095,	-0.07056,	59959,	-281,	-18,	-439,	59989,	124,	-6,	-146,	59979,	65,	-7,	-347,	
1,	5,	792063,	1.65255e+015,	0,	2,	-2,	5,	2,	1,	-1,	-1,	1.65255e+009,	-0.645539,	-0.639408,	-0.493619,	-0.0115808,	-0.93133,	-0.586637,	-0.0103974,	0.103949,	-1.03609,	-0.49396,	-0.00589425,	-0.0103891,	-0.933453,	-0.612952,	-0.0160253,	-0.0828356,	-0.802638,	-0.542631,	-0.00197613,	-0.345417,	-0.3822,	0.56095,	-0.07056,	59969,	-281,	-17,	-439,	59999,	123,	-7,	-146,	59989,	66,	-6,	-347,	
1,	5,	792125,	1.65255e+015,	-2,	0,	-1,	2,	0,	-1,	-2,	-1,	1.65255e+009,	-0.645539,	-0.639408,	-0.493619,	-0.0115808,	-0.93133,	-0.586637,	-0.0103974,	0.103949,	-1.03609,	-0.49396,	-0.00589425,	-0.0103891,	-0.933453,	-0.612952,	-0.0160253,	-0.0828356,	-0.802638,	-0.542631,	-0.00197613,	-0.345417,	-0.3822,	0.56095,	-0.07056,	59979,	-282,	-18,	-439,	60009,	124,	-6,	-146,	59999,	65,	-7,	-347,	
1,	5,	792204,	1.65255e+015,	-1,	3,	1,	28,	1,	-1,	1,	-1,	1.65255e+009,	-0.645539,	-0.639408,	-0.493619,	-0.0115808,	-0.93133,	-0.586637,	-0.0103974,	0.103949,	-1.03609,	-0.49396,	-0.00589425,	-0.0103891,	-0.933453,	-0.612952,	-0.0160253,	-0.0828356,	-0.802638,	-0.542631,	-0.00197613,	-0.345417,	-0.3822,	0.56095,	-0.07056,	59989,	-281,	-18,	-439,	60019,	124,	-6,	-146,	60009,	65,	-6,	-346,	
1,	5,	792282,	1.65255e+015,	-1,	-2,	3,	5,	0,	0,	-1,	-2,	1.65255e+009,	-0.645539,	-0.639408,	-0.493619,	-0.0115808,	-0.93133,	-0.586637,	-0.0103974,	0.103949,	-1.03609,	-0.49396,	-0.00589425,	-0.0103891,	-0.933453,	-0.612952,	-0.0160253,	-0.0828356,	-0.802638,	-0.542631,	-0.00197613,	-0.345417,	-0.3822,	0.56095,	-0.07056,	59999,	-281,	-18,	-439,	60029,	124,	-6,	-146,	60019,	64,	-6,	-347,	
1,	5,	792344,	1.65255e+015,	1,	4,	3,	-2,	1,	1,	0,	0,	1.65255e+009,	-0.645539,	-0.639408,	-0.493619,	-0.0115808,	-0.93133,	-0.586637,	-0.0103974,	0.103949,	-1.03609,	-0.49396,	-0.00589425,	-0.0103891,	-0.933453,	-0.612952,	-0.0160253,	-0.0828356,	-0.802638,	-0.542631,	-0.00197613,	-0.345417,	-0.3822,	0.56095,	-0.07056,	60009,	-281,	-18,	-439,	60039,	122,	-7,	-146,	60029,	65,	-6,	-347,	
1,	5,	792422,	1.65255e+015,	-1,	5,	2,	-5,	-4,	1,	-1,	-1,	1.65255e+009,	-0.645539,	-0.639408,	-0.493619,	-0.0115808,	-0.93133,	-0.586637,	-0.0103974,	0.103949,	-1.03609,	-0.49396,	-0.00589425,	-0.0103891,	-0.933453,	-0.612952,	-0.0160253,	-0.0828356,	-0.802638,	-0.542631,	-0.00197613,	-0.345417,	-0.3822,	0.56095,	-0.07056,	60019,	-281,	-18,	-440,	60049,	123,	-7,	-146,	60039,	66,	-5,	-347,	
1,	5,	792485,	1.65255e+015,	1,	12,	7,	9,	0,	-1,	0,	1,	1.65255e+009,	-0.645539,	-0.639408,	-0.493619,	-0.0115808,	-0.93133,	-0.586637,	-0.0103974,	0.103949,	-1.03609,	-0.49396,	-0.00589425,	-0.0103891,	-0.933453,	-0.612952,	-0.0160253,	-0.0828356,	-0.802638,	-0.542631,	-0.00197613,	-0.345417,	-0.3822,	0.56095,	-0.07056,	60029,	-280,	-17,	-439,	60059,	124,	-6,	-146,	60049,	65,	-6,	-348,	
1,	5,	792563,	1.65255e+015,	-1,	-2,	-1,	2,	-2,	-1,	-1,	0,	1.65255e+009,	-0.645539,	-0.639408,	-0.493619,	-0.0115808,	-0.93133,	-0.586637,	-0.0103974,	0.103949,	-1.03609,	-0.49396,	-0.00589425,	-0.0103891,	-0.933453,	-0.612952,	-0.0160253,	-0.0828356,	-0.802638,	-0.542631,	-0.00197613,	-0.345417,	-0.3822,	0.56095,	-0.07056,	60039,	-279,	-18,	-439,	60069,	124,	-6,	-146,	60059,	65,	-6,	-348,	
1,	5,	792641,	1.65255e+015,	-1,	-1,	1,	9,	2,	1,	0,	0,	1.65255e+009,	-0.645539,	-0.639408,	-0.493619,	-0.0115808,	-0.93133,	-0.586637,	-0.0103974,	0.103949,	-1.03609,	-0.49396,	-0.00589425,	-0.0103891,	-0.933453,	-0.612952,	-0.0160253,	-0.0828356,	-0.802638,	-0.542631,	-0.00197613,	-0.345417,	-0.3822,	0.56095,	-0.07056,	60049,	-282,	-18,	-440,	60079,	124,	-6,	-147,	60069,	65,	-5,	-348,	
1,	5,	792704,	1.65255e+015,	-2,	-5,	-6,	-3,	-2,	-3,	0,	-1,	1.65255e+009,	-0.645539,	-0.639408,	-0.493619,	-0.0115808,	-0.93133,	-0.586637,	-0.0103974,	0.103949,	-1.03609,	-0.49396,	-0.00589425,	-0.0103891,	-0.933453,	-0.612952,	-0.0160253,	-0.0828356,	-0.802638,	-0.542631,	-0.00197613,	-0.345417,	-0.3822,	0.56095,	-0.07056,	60059,	-282,	-18,	-439,	60089,	124,	-7,	-147,	60079,	66,	-5,	-348,	
1,	5,	792782,	1.65255e+015,	-1,	0,	1,	2,	0,	-1,	-1,	-1,	1.65255e+009,	-0.645539,	-0.639408,	-0.493619,	-0.0115808,	-0.93133,	-0.586637,	-0.0103974,	0.103949,	-1.03609,	-0.49396,	-0.00589425,	-0.0103891,	-0.933453,	-0.612952,	-0.0160253,	-0.0828356,	-0.802638,	-0.542631,	-0.00197613,	-0.345417,	-0.3822,	0.56095,	-0.07056,	60069,	-281,	-18,	-439,	60099,	124,	-6,	-147,	60089,	65,	-5,	-347,	
1,	5,	792844,	1.65255e+015,	-1,	-6,	1,	3,	-3,	-1,	-2,	-1,	1.65255e+009,	-0.645539,	-0.639408,	-0.493619,	-0.0115808,	-0.93133,	-0.586637,	-0.0103974,	0.103949,	-1.03609,	-0.49396,	-0.00589425,	-0.0103891,	-0.933453,	-0.612952,	-0.0160253,	-0.0828356,	-0.802638,	-0.542631,	-0.00197613,	-0.345417,	-0.3822,	0.56095,	-0.07056,	60079,	-281,	-18,	-440,	60109,	124,	-7,	-146,	60099,	65,	-5,	-347,	
1,	5,	792938,	1.65255e+015,	-2,	-3,	-2,	-3,	1,	-1,	-2,	-2,	1.65255e+009,	-0.645539,	-0.639408,	-0.493619,	-0.0115808,	-0.93133,	-0.586637,	-0.0103974,	0.103949,	-1.03609,	-0.49396,	-0.00589425,	-0.0103891,	-0.933453,	-0.612952,	-0.0160253,	-0.0828356,	-0.802638,	-0.542631,	-0.00197613,	-0.345417,	-0.3822,	0.56095,	-0.07056,	60089,	-280,	-17,	-440,	60119,	124,	-7,	-146,	60109,	65,	-5,	-347,	
1,	5,	793016,	1.65255e+015,	-1,	3,	-3,	3,	1,	0,	0,	0,	1.65255e+009,	-0.645539,	-0.639408,	-0.493619,	-0.0115808,	-0.93133,	-0.586637,	-0.0103974,	0.103949,	-1.03609,	-0.49396,	-0.00589425,	-0.0103891,	-0.933453,	-0.612952,	-0.0160253,	-0.0828356,	-0.802638,	-0.542631,	-0.00197613,	-0.345417,	-0.3822,	0.56095,	-0.07056,	60099,	-280,	-17,	-440,	60129,	124,	-6,	-147,	60119,	64,	-7,	-348,	
1,	5,	793079,	1.65255e+015,	-1,	-2,	-2,	-1,	0,	0,	-1,	0,	1.65255e+009,	-0.645539,	-0.639408,	-0.493619,	-0.0115808,	-0.93133,	-0.586637,	-0.0103974,	0.103949,	-1.03609,	-0.49396,	-0.00589425,	-0.0103891,	-0.933453,	-0.612952,	-0.0160253,	-0.0828356,	-0.802638,	-0.542631,	-0.00197613,	-0.345417,	-0.3822,	0.56095,	-0.07056,	60109,	-280,	-16,	-441,	60139,	123,	-7,	-147,	60129,	65,	-6,	-347,	
1,	5,	793157,	1.65255e+015,	-1,	0,	1,	4,	-2,	-1,	-1,	0,	1.65255e+009,	-0.645539,	-0.639408,	-0.493619,	-0.0115808,	-0.93133,	-0.586637,	-0.0103974,	0.103949,	-1.03609,	-0.49396,	-0.00589425,	-0.0103891,	-0.933453,	-0.612952,	-0.0160253,	-0.0828356,	-0.802638,	-0.542631,	-0.00197613,	-0.345417,	-0.3822,	0.56095,	-0.07056,	60119,	-281,	-17,	-440,	60149,	123,	-7,	-147,	60139,	64,	-6,	-347,	
1,	5,	793235,	1.65255e+015,	-1,	4,	5,	13,	4,	1,	1,	0,	1.65255e+009,	-0.645539,	-0.639408,	-0.493619,	-0.0115808,	-0.93133,	-0.586637,	-0.0103974,	0.103949,	-1.03609,	-0.49396,	-0.00589425,	-0.0103891,	-0.933453,	-0.612952,	-0.0160253,	-0.0828356,	-0.802638,	-0.542631,	-0.00197613,	-0.345417,	-0.3822,	0.56095,	-0.07056,	60129,	-281,	-17,	-440,	60159,	123,	-7,	-147,	60149,	65,	-5,	-348,	
1,	5,	793313,	1.65255e+015,	2,	5,	4,	-1,	2,	-2,	-2,	0,	1.65255e+009,	-0.645539,	-0.639408,	-0.493619,	-0.0115808,	-0.93133,	-0.586637,	-0.0103974,	0.103949,	-1.03609,	-0.49396,	-0.00589425,	-0.0103891,	-0.933453,	-0.612952,	-0.0160253,	-0.0828356,	-0.802638,	-0.542631,	-0.00197613,	-0.345417,	-0.3822,	0.56095,	-0.07056,	60139,	-279,	-17,	-440,	60169,	123,	-7,	-147,	60159,	64,	-6,	-347,	
1,	5,	793391,	1.65255e+015,	-1,	-1,	-7,	-8,	-2,	0,	-2,	-1,	1.65255e+009,	-0.645539,	-0.639408,	-0.493619,	-0.0115808,	-0.93133,	-0.586637,	-0.0103974,	0.103949,	-1.03609,	-0.49396,	-0.00589425,	-0.0103891,	-0.933453,	-0.612952,	-0.0160253,	-0.0828356,	-0.802638,	-0.542631,	-0.00197613,	-0.345417,	-0.3822,	0.56095,	-0.07056,	60149,	-281,	-18,	-440,	60179,	123,	-7,	-147,	60169,	64,	-5,	-348,	
1,	5,	793469,	1.65255e+015,	-1,	-1,	3,	8,	0,	0,	-2,	0,	1.65255e+009,	-0.645539,	-0.639408,	-0.493619,	-0.0115808,	-0.93133,	-0.586637,	-0.0103974,	0.103949,	-1.03609,	-0.49396,	-0.00589425,	-0.0103891,	-0.933453,	-0.612952,	-0.0160253,	-0.0828356,	-0.802638,	-0.542631,	-0.00197613,	-0.345417,	-0.3822,	0.56095,	-0.07056,	60159,	-280,	-16,	-440,	60189,	123,	-7,	-147,	60179,	65,	-5,	-348,	
1,	5,	793547,	1.65255e+015,	0,	-3,	-1,	5,	1,	0,	0,	1,	1.65255e+009,	-0.645539,	-0.639408,	-0.493619,	-0.0115808,	-0.93133,	-0.586637,	-0.0103974,	0.103949,	-1.03609,	-0.49396,	-0.00589425,	-0.0103891,	-0.933453,	-0.612952,	-0.0160253,	-0.0828356,	-0.802638,	-0.542631,	-0.00197613,	-0.345417,	-0.3822,	0.56095,	-0.07056,	60169,	-281,	-17,	-440,	60199,	123,	-5,	-147,	60189,	65,	-6,	-348,	
2,	5,	793641,	1.65255e+015,	2,	5,	-1,	1,	5,	2,	0,	2,	1.65255e+009,	-0.645539,	-0.639408,	-0.493619,	-0.0115808,	-0.93133,	-0.586637,	-0.0103974,	0.103949,	-1.03609,	-0.49396,	-0.00589425,	-0.0103891,	-0.933453,	-0.612952,	-0.0160253,	-0.0828356,	-0.802638,	-0.542631,	-0.00197613,	-0.345417,	-0.3367,	0.56095,	-0.07056,	60179,	-281,	-17,	-440,	60209,	122,	-7,	-147,	60199,	64,	-6,	-348,	
2,	5,	793719,	1.65255e+015,	2,	2,	2,	1,	-2,	-1,	1,	-2,	1.65255e+009,	-0.645539,	-0.639408,	-0.493619,	-0.0115808,	-0.93133,	-0.586637,	-0.0103974,	0.103949,	-1.03609,	-0.49396,	-0.00589425,	-0.0103891,	-0.933453,	-0.612952,	-0.0160253,	-0.0828356,	-0.802638,	-0.542631,	-0.00197613,	-0.345417,	-0.3367,	0.56095,	-0.07056,	60189,	-281,	-17,	-439,	60219,	123,	-6,	-147,	60209,	64,	-6,	-347,	
2,	5,	793782,	1.65255e+015,	-1,	-7,	-5,	-4,	-2,	-1,	-1,	-2,	1.65255e+009,	-0.645539,	-0.639408,	-0.493619,	-0.0115808,	-0.93133,	-0.586637,	-0.0103974,	0.103949,	-1.03609,	-0.49396,	-0.00589425,	-0.0103891,	-0.933453,	-0.612952,	-0.0160253,	-0.0828356,	-0.802638,	-0.542631,	-0.00197613,	-0.345417,	-0.3367,	0.56095,	-0.07056,	60199,	-281,	-18,	-439,	60229,	123,	-8,	-147,	60219,	65,	-6,	-347,	
2,	5,	793860,	1.65255e+015,	-1,	5,	-1,	0,	-2,	-1,	1,	0,	1.65255e+009,	-0.645539,	-0.639408,	-0.493619,	-0.0115808,	-0.93133,	-0.586637,	-0.0103974,	0.103949,	-1.03609,	-0.49396,	-0.00589425,	-0.0103891,	-0.933453,	-0.612952,	-0.0160253,	-0.0828356,	-0.802638,	-0.542631,	-0.00197613,	-0.345417,	-0.3367,	0.56095,	-0.07056,	60209,	-282,	-18,	-439,	60239,	122,	-8,	-147,	60229,	65,	-6,	-347,	
2,	5,	793938,	1.65255e+015,	1,	0,	-1,	0,	-2,	-2,	0,	0,	1.65255e+009,	-0.645539,	-0.639408,	-0.493619,	-0.0115808,	-0.93133,	-0.586637,	-0.0103974,	0.103949,	-1.03609,	-0.49396,	-0.00589425,	-0.0103891,	-0.933453,	-0.612952,	-0.0160253,	-0.0828356,	-0.802638,	-0.542631,	-0.00197613,	-0.345417,	-0.3367,	0.56095,	-0.07056,	60219,	-283,	-18,	-439,	60249,	123,	-6,	-146,	60239,	65,	-7,	-347,	
2,	5,	794016,	1.65255e+015,	-1,	-2,	0,	7,	-3,	-1,	-1,	0,	1.65255e+009,	-0.645539,	-0.639408,	-0.493619,	-0.0115808,	-0.93133,	-0.586637,	-0.0103974,	0.103949,	-1.03609,	-0.49396,	-0.00589425,	-0.0103891,	-0.933453,	-0.612952,	-0.0160253,	-0.0828356,	-0.802638,	-0.542631,	-0.00197613,	-0.345417,	-0.3367,	0.56095,	-0.07056,	60229,	-282,	-18,	-438,	60259,	124,	-6,	-146,	60249,	65,	-7,	-347,	
2,	5,	794094,	1.65255e+015,	-1,	3,	0,	2,	0,	0,	-1,	-2,	1.65255e+009,	-0.645539,	-0.639408,	-0.493619,	-0.0115808,	-0.93133,	-0.586637,	-0.0103974,	0.103949,	-1.03609,	-0.49396,	-0.00589425,	-0.0103891,	-0.933453,	-0.612952,	-0.0160253,	-0.0828356,	-0.802638,	-0.542631,	-0.00197613,	-0.345417,	-0.3367,	0.56095,	-0.07056,	60239,	-282,	-18,	-438,	60269,	125,	-5,	-145,	60259,	64,	-6,	-347,	
2,	5,	794172,	1.65255e+015,	-1,	0,	-2,	-5,	0,	-2,	-2,	1,	1.65255e+009,	-0.645539,	-0.639408,	-0.493619,	-0.0115808,	-0.93133,	-0.586637,	-0.0103974,	0.103949,	-1.03609,	-0.49396,	-0.00589425,	-0.0103891,	-0.933453,	-0.612952,	-0.0160253,	-0.0828356,	-0.802638,	-0.542631,	-0.00197613,	-0.345417,	-0.3367,	0.56095,	-0.07056,	60249,	-281,	-17,	-439,	60279,	124,	-7,	-146,	60269,	66,	-6,	-347,	
2,	5,	794250,	1.65255e+015,	-1,	-6,	3,	2,	-2,	0,	-1,	-2,	1.65255e+009,	-0.645539,	-0.639408,	-0.493619,	-0.0115808,	-0.93133,	-0.586637,	-0.0103974,	0.103949,	-1.03609,	-0.49396,	-0.00589425,	-0.0103891,	-0.933453,	-0.612952,	-0.0160253,	-0.0828356,	-0.802638,	-0.542631,	-0.00197613,	-0.345417,	-0.3367,	0.56095,	-0.07056,	60259,	-282,	-17,	-438,	60289,	124,	-7,	-146,	60279,	66,	-5,	-346,	
2,	5,	794329,	1.65255e+015,	1,	3,	3,	5,	2,	0,	1,	0,	1.65255e+009,	-0.645539,	-0.639408,	-0.493619,	-0.0115808,	-0.93133,	-0.586637,	-0.0103974,	0.103949,	-1.03609,	-0.49396,	-0.00589425,	-0.0103891,	-0.933453,	-0.612952,	-0.0160253,	-0.0828356,	-0.802638,	-0.542631,	-0.00197613,	-0.345417,	-0.3367,	0.56095,	-0.07056,	60269,	-283,	-19,	-438,	60299,	124,	-7,	-146,	60289,	65,	-6,	-346,	
2,	5,	794407,	1.65255e+015,	-4,	-9,	-2,	-11,	0,	-1,	-4,	-2,	1.65255e+009,	-0.645539,	-0.639408,	-0.493619,	-0.0115808,	-0.93133,	-0.586637,	-0.0103974,	0.103949,	-1.03609,	-0.49396,	-0.00589425,	-0.0103891,	-0.933453,	-0.612952,	-0.0160253,	-0.0828356,	-0.802638,	-0.542631,	-0.00197613,	-0.345417,	-0.3367,	0.56095,	-0.07056,	60279,	-283,	-18,	-437,	60309,	124,	-6,	-146,	60299,	65,	-6,	-346,	
2,	5,	794485,	1.65255e+015,	-1,	-3,	-1,	6,	2,	-1,	-1,	-1,	1.65255e+009,	-0.645539,	-0.639408,	-0.493619,	-0.0115808,	-0.93133,	-0.586637,	-0.0103974,	0.103949,	-1.03609,	-0.49396,	-0.00589425,	-0.0103891,	-0.933453,	-0.612952,	-0.0160253,	-0.0828356,	-0.802638,	-0.542631,	-0.00197613,	-0.345417,	-0.3367,	0.56095,	-0.07056,	60289,	-284,	-19,	-437,	60319,	124,	-6,	-146,	60309,	66,	-7,	-346,	
2,	5,	794563,	1.65255e+015,	-1,	5,	4,	8,	-1,	-2,	-1,	-1,	1.65255e+009,	-0.645539,	-0.639408,	-0.493619,	-0.0115808,	-0.93133,	-0.586637,	-0.0103974,	0.103949,	-1.03609,	-0.49396,	-0.00589425,	-0.0103891,	-0.933453,	-0.612952,	-0.0160253,	-0.0828356,	-0.802638,	-0.542631,	-0.00197613,	-0.345417,	-0.3367,	0.56095,	-0.07056,	60299,	-285,	-18,	-437,	60329,	123,	-6,	-146,	60319,	65,	-6,	-346,	
2,	5,	794641,	1.65255e+015,	3,	6,	-1,	10,	5,	0,	0,	0,	1.65255e+009,	-0.645539,	-0.639408,	-0.493619,	-0.0115808,	-0.93133,	-0.586637,	-0.0103974,	0.103949,	-1.03609,	-0.49396,	-0.00589425,	-0.0103891,	-0.933453,	-0.612952,	-0.0160253,	-0.0828356,	-0.802638,	-0.542631,	-0.00197613,	-0.345417,	-0.3367,	0.56095,	-0.07056,	60309,	-284,	-18,	-437,	60339,	124,	-6,	-146,	60329,	65,	-6,	-346,	
2,	5,	794719,	1.65255e+015,	-1,	-4,	-1,	-3,	-4,	-3,	-2,	2,	1.65255e+009,	-0.645539,	-0.639408,	-0.493619,	-0.0115808,	-0.93133,	-0.586637,	-0.0103974,	0.103949,	-1.03609,	-0.49396,	-0.00589425,	-0.0103891,	-0.933453,	-0.612952,	-0.0160253,	-0.0828356,	-0.802638,	-0.542631,	-0.00197613,	-0.345417,	-0.3367,	0.56095,	-0.07056,	60319,	-284,	-17,	-437,	60349,	122,	-7,	-146,	60339,	66,	-5,	-346,	
2,	5,	794797,	1.65255e+015,	0,	-1,	-4,	-8,	-2,	-3,	0,	-1,	1.65255e+009,	-0.645539,	-0.639408,	-0.493619,	-0.0115808,	-0.93133,	-0.586637,	-0.0103974,	0.103949,	-1.03609,	-0.49396,	-0.00589425,	-0.0103891,	-0.933453,	-0.612952,	-0.0160253,	-0.0828356,	-0.802638,	-0.542631,	-0.00197613,	-0.345417,	-0.3367,	0.56095,	-0.07056,	60329,	-283,	-17,	-438,	60359,	124,	-5,	-146,	60349,	65,	-6,	-346,	
2,	5,	794875,	1.65255e+015,	-2,	-11,	-4,	-11,	-3,	0,	-2,	-2,	1.65255e+009,	-0.645539,	-0.639408,	-0.493619,	-0.0115808,	-0.93133,	-0.586637,	-0.0103974,	0.103949,	-1.03609,	-0.49396,	-0.00589425,	-0.0103891,	-0.933453,	-0.612952,	-0.0160253,	-0.0828356,	-0.802638,	-0.542631,	-0.00197613,	-0.345417,	-0.3367,	0.56095,	-0.07056,	60339,	-283,	-17,	-437,	60369,	124,	-4,	-146,	60359,	66,	-6,	-347,	
2,	5,	794954,	1.65255e+015,	1,	4,	5,	3,	0,	1,	1,	-1,	1.65255e+009,	-0.645539,	-0.639408,	-0.493619,	-0.0115808,	-0.93133,	-0.586637,	-0.0103974,	0.103949,	-1.03609,	-0.49396,	-0.00589425,	-0.0103891,	-0.933453,	-0.612952,	-0.0160253,	-0.0828356,	-0.802638,	-0.542631,	-0.00197613,	-0.345417,	-0.3367,	0.56095,	-0.07056,	60349,	-283,	-17,	-438,	60379,	124,	-4,	-145,	60369,	66,	-5,	-346,	
2,	5,	795032,	1.65255e+015,	-4,	-5,	-2,	-1,	-6,	-5,	-2,	-3,	1.65255e+009,	-0.645539,	-0.639408,	-0.493619,	-0.0115808,	-0.93133,	-0.586637,	-0.0103974,	0.103949,	-1.03609,	-0.49396,	-0.00589425,	-0.0103891,	-0.933453,	-0.612952,	-0.0160253,	-0.0828356,	-0.802638,	-0.542631,	-0.00197613,	-0.345417,	-0.3367,	0.56095,	-0.07056,	60359,	-283,	-18,	-437,	60389,	124,	-5,	-145,	60379,	65,	-6,	-346,	
2,	5,	795110,	1.65255e+015,	-2,	-3,	-4,	3,	3,	0,	-1,	-1,	1.65255e+009,	-0.645539,	-0.639408,	-0.493619,	-0.0115808,	-0.93133,	-0.586637,	-0.0103974,	0.103949,	-1.03609,	-0.49396,	-0.00589425,	-0.0103891,	-0.933453,	-0.612952,	-0.0160253,	-0.0828356,	-0.802638,	-0.542631,	-0.00197613,	-0.345417,	-0.3367,	0.56095,	-0.07056,	60369,	-282,	-18,	-437,	60399,	122,	-5,	-145,	60389,	65,	-6,	-346,	
2,	5,	795188,	1.65255e+015,	0,	-4,	0,	-3,	-5,	-1,	0,	0,	1.65255e+009,	-0.645539,	-0.639408,	-0.493619,	-0.0115808,	-0.93133,	-0.586637,	-0.0103974,	0.103949,	-1.03609,	-0.49396,	-0.00589425,	-0.0103891,	-0.933453,	-0.612952,	-0.0160253,	-0.0828356,	-0.802638,	-0.542631,	-0.00197613,	-0.345417,	-0.3367,	0.56095,	-0.07056,	60379,	-283,	-18,	-437,	60409,	124,	-5,	-146,	60399,	64,	-6,	-347,	
2,	5,	795266,	1.65255e+015,	-2,	-5,	-6,	-11,	-2,	-3,	-1,	-2,	1.65255e+009,	-0.645539,	-0.639408,	-0.493619,	-0.0115808,	-0.93133,	-0.586637,	-0.0103974,	0.103949,	-1.03609,	-0.49396,	-0.00589425,	-0.0103891,	-0.933453,	-0.612952,	-0.0160253,	-0.0828356,	-0.802638,	-0.542631,	-0.00197613,	-0.345417,	-0.3367,	0.56095,	-0.07056,	60389,	-284,	-19,	-437,	60419,	123,	-5,	-146,	60409,	64,	-6,	-347,	
2,	5,	795344,	1.65255e+015,	0,	1,	5,	-1,	-1,	-1,	-1,	1,	1.65255e+009,	-0.645539,	-0.639408,	-0.493619,	-0.0115808,	-0.93133,	-0.586637,	-0.0103974,	0.103949,	-1.03609,	-0.49396,	-0.00589425,	-0.0103891,	-0.933453,	-0.612952,	-0.0160253,	-0.0828356,	-0.802638,	-0.542631,	-0.00197613,	-0.345417,	-0.3367,	0.56095,	-0.07056,	60399,	-284,	-18,	-437,	60429,	123,	-6,	-146,	60419,	64,	-5,	-347,	
2,	5,	795422,	1.65255e+015,	1,	-1,	3,	6,	1,	0,	-1,	0,	1.65255e+009,	-0.645539,	-0.639408,	-0.493619,	-0.0115808,	-0.93133,	-0.586637,	-0.0103974,	0.103949,	-1.03609,	-0.49396,	-0.00589425,	-0.0103891,	-0.933453,	-0.612952,	-0.0160253,	-0.0828356,	-0.802638,	-0.542631,	-0.00197613,	-0.345417,	-0.3367,	0.56095,	-0.07056,	60409,	-284,	-19,	-437,	60439,	122,	-6,	-146,	60429,	64,	-5,	-347,	
2,	5,	795500,	1.65255e+015,	-1,	1,	6,	12,	2,	0,	0,	-2,	1.65255e+009,	-0.645539,	-0.639408,	-0.493619,	-0.0115808,	-0.93133,	-0.586637,	-0.0103974,	0.103949,	-1.03609,	-0.49396,	-0.00589425,	-0.0103891,	-0.933453,	-0.612952,	-0.0160253,	-0.0828356,	-0.802638,	-0.542631,	-0.00197613,	-0.345417,	-0.3367,	0.56095,	-0.07056,	60419,	-284,	-19,	-438,	60449,	122,	-7,	-146,	60439,	64,	-6,	-347,	
2,	5,	795579,	1.65255e+015,	1,	-4,	-6,	-19,	-4,	-1,	-2,	-1,	1.65255e+009,	-0.645539,	-0.639408,	-0.493619,	-0.0115808,	-0.93133,	-0.586637,	-0.0103974,	0.103949,	-1.03609,	-0.49396,	-0.00589425,	-0.0103891,	-0.933453,	-0.612952,	-0.0160253,	-0.0828356,	-0.802638,	-0.542631,	-0.00197613,	-0.345417,	-0.3367,	0.56095,	-0.07056,	60429,	-285,	-19,	-438,	60459,	121,	-7,	-146,	60449,	64,	-6,	-347,	
2,	5,	795657,	1.65255e+015,	0,	1,	-2,	-3,	0,	1,	1,	-1,	1.65255e+009,	-0.645539,	-0.639408,	-0.493619,	-0.0115808,	-0.93133,	-0.586637,	-0.0103974,	0.103949,	-1.03609,	-0.49396,	-0.00589425,	-0.0103891,	-0.933453,	-0.612952,	-0.0160253,	-0.0828356,	-0.802638,	-0.542631,	-0.00197613,	-0.345417,	-0.3367,	0.56095,	-0.07056,	60439,	-284,	-18,	-438,	60469,	121,	-7,	-146,	60459,	64,	-5,	-347,	
2,	5,	795735,	1.65255e+015,	-1,	-4,	1,	1,	1,	0,	-2,	-3,	1.65255e+009,	-0.645539,	-0.639408,	-0.493619,	-0.0115808,	-0.93133,	-0.586637,	-0.0103974,	0.103949,	-1.03609,	-0.49396,	-0.00589425,	-0.0103891,	-0.933453,	-0.612952,	-0.0160253,	-0.0828356,	-0.802638,	-0.542631,	-0.00197613,	-0.345417,	-0.3367,	0.56095,	-0.07056,	60449,	-284,	-18,	-437,	60479,	122,	-6,	-146,	60469,	65,	-6,	-346,	
2,	5,	795813,	1.65255e+015,	-3,	-2,	-5,	-5,	-3,	-1,	-2,	-1,	1.65255e+009,	-0.645539,	-0.639408,	-0.493619,	-0.0115808,	-0.93133,	-0.586637,	-0.0103974,	0.103949,	-1.03609,	-0.49396,	-0.00589425,	-0.0103891,	-0.933453,	-0.612952,	-0.0160253,	-0.0828356,	-0.802638,	-0.542631,	-0.00197613,	-0.345417,	-0.3367,	0.56095,	-0.07056,	60459,	-283,	-19,	-438,	60489,	123,	-6,	-145,	60479,	64,	-7,	-347,	
2,	5,	795891,	1.65255e+015,	0,	-4,	7,	9,	1,	0,	0,	0,	1.65255e+009,	-0.645539,	-0.639408,	-0.493619,	-0.0115808,	-0.93133,	-0.586637,	-0.0103974,	0.103949,	-1.03609,	-0.49396,	-0.00589425,	-0.0103891,	-0.933453,	-0.612952,	-0.0160253,	-0.0828356,	-0.802638,	-0.542631,	-0.00197613,	-0.345417,	-0.3367,	0.56095,	-0.07056,	60469,	-284,	-19,	-437,	60499,	123,	-6,	-146,	60489,	64,	-5,	-347,	
2,	5,	795969,	1.65255e+015,	0,	3,	4,	10,	2,	0,	-2,	0,	1.65255e+009,	-0.645539,	-0.639408,	-0.493619,	-0.0115808,	-0.93133,	-0.586637,	-0.0103974,	0.103949,	-1.03609,	-0.49396,	-0.00589425,	-0.0103891,	-0.933453,	-0.612952,	-0.0160253,	-0.0828356,	-0.802638,	-0.542631,	-0.00197613,	-0.345417,	-0.3367,	0.56095,	-0.07056,	60479,	-284,	-19,	-437,	60509,	121,	-6,	-146,	60499,	64,	-6,	-347,	
2,	5,	796047,	1.65255e+015,	-2,	-10,	-1,	-5,	-3,	-3,	-1,	0,	1.65255e+009,	-0.645539,	-0.639408,	-0.493619,	-0.0115808,	-0.93133,	-0.586637,	-0.0103974,	0.103949,	-1.03609,	-0.49396,	-0.00589425,	-0.0103891,	-0.933453,	-0.612952,	-0.0160253,	-0.0828356,	-0.802638,	-0.542631,	-0.00197613,	-0.345417,	-0.3367,	0.56095,	-0.07056,	60489,	-284,	-19,	-436,	60519,	122,	-5,	-146,	60509,	64,	-5,	-347,	
2,	5,	796125,	1.65255e+015,	-4,	-12,	-3,	-6,	-3,	0,	0,	-3,	1.65255e+009,	-0.645539,	-0.639408,	-0.493619,	-0.0115808,	-0.93133,	-0.586637,	-0.0103974,	0.103949,	-1.03609,	-0.49396,	-0.00589425,	-0.0103891,	-0.933453,	-0.612952,	-0.0160253,	-0.0828356,	-0.802638,	-0.542631,	-0.00197613,	-0.345417,	-0.3367,	0.56095,	-0.07056,	60499,	-285,	-19,	-436,	60529,	122,	-6,	-146,	60519,	64,	-6,	-347,	
2,	5,	796204,	1.65255e+015,	1,	6,	4,	3,	1,	-1,	1,	0,	1.65255e+009,	-0.645539,	-0.639408,	-0.493619,	-0.0115808,	-0.93133,	-0.586637,	-0.0103974,	0.103949,	-1.03609,	-0.49396,	-0.00589425,	-0.0103891,	-0.933453,	-0.612952,	-0.0160253,	-0.0828356,	-0.802638,	-0.542631,	-0.00197613,	-0.345417,	-0.3367,	0.56095,	-0.07056,	60509,	-285,	-18,	-436,	60539,	121,	-7,	-146,	60529,	65,	-5,	-347,	
2,	5,	796282,	1.65255e+015,	-3,	-7,	-11,	-1,	-3,	-1,	-1,	-2,	1.65255e+009,	-0.645539,	-0.639408,	-0.493619,	-0.0115808,	-0.93133,	-0.586637,	-0.0103974,	0.103949,	-1.03609,	-0.49396,	-0.00589425,	-0.0103891,	-0.933453,	-0.612952,	-0.0160253,	-0.0828356,	-0.802638,	-0.542631,	-0.00197613,	-0.345417,	-0.3367,	0.56095,	-0.07056,	60519,	-284,	-19,	-435,	60549,	123,	-8,	-146,	60539,	64,	-6,	-347,	
2,	5,	796360,	1.65255e+015,	2,	4,	-1,	3,	-3,	0,	-1,	0,	1.65255e+009,	-0.645539,	-0.639408,	-0.493619,	-0.0115808,	-0.93133,	-0.586637,	-0.0103974,	0.103949,	-1.03609,	-0.49396,	-0.00589425,	-0.0103891,	-0.933453,	-0.612952,	-0.0160253,	-0.0828356,	-0.802638,	-0.542631,	-0.00197613,	-0.345417,	-0.3367,	0.56095,	-0.07056,	60529,	-285,	-19,	-435,	60559,	122,	-8,	-146,	60549,	65,	-6,	-347,	
2,	5,	796438,	1.65255e+015,	-1,	-2,	0,	-8,	0,	0,	-1,	1,	1.65255e+009,	-0.645539,	-0.639408,	-0.493619,	-0.0115808,	-0.93133,	-0.586637,	-0.0103974,	0.103949,	-1.03609,	-0.49396,	-0.00589425,	-0.0103891,	-0.933453,	-0.612952,	-0.0160253,	-0.0828356,	-0.802638,	-0.542631,	-0.00197613,	-0.345417,	-0.3367,	0.56095,	-0.07056,	60539,	-285,	-19,	-435,	60569,	123,	-5,	-146,	60559,	65,	-6,	-347,	
2,	5,	796516,	1.65255e+015,	2,	9,	9,	2,	-1,	-2,	2,	-1,	1.65255e+009,	-0.645539,	-0.639408,	-0.493619,	-0.0362208,	-0.93133,	-0.586637,	-0.0103974,	0.103949,	-1.03609,	-0.49396,	-0.00589425,	-0.0103891,	-0.933453,	-0.612952,	-0.0160253,	-0.0828356,	-0.802638,	-0.542631,	-0.00197613,	-0.345417,	-0.3367,	0.56095,	-0.07056,	60549,	-286,	-19,	-434,	60579,	122,	-7,	-146,	60569,	65,	-7,	-347,	
2,	5,	796594,	1.65255e+015,	3,	7,	3,	11,	-1,	-2,	0,	1,	1.65255e+009,	-0.645539,	-0.639408,	-0.493619,	-0.0362208,	-0.93133,	-0.525529,	-0.000962125,	0.103949,	-1.03609,	-0.49396,	-0.00589425,	-0.0103891,	-0.933453,	-0.612952,	-0.0160253,	-0.0828356,	-0.802638,	-0.542631,	-0.00197613,	-0.345417,	-0.3367,	0.56095,	-0.07056,	60559,	-285,	-19,	-434,	60589,	121,	-7,	-146,	60579,	64,	-6,	-347,	
2,	5,	796672,	1.65255e+015,	-3,	-2,	-4,	-2,	1,	-1,	-1,	-1,	1.65255e+009,	-0.645539,	-0.639408,	-0.493619,	-0.0362208,	-0.93133,	-0.525529,	-0.000962125,	0.103949,	-1.03609,	-0.49396,	-0.00589425,	-0.0103891,	-0.933453,	-0.612952,	-0.0160253,	-0.0828356,	-0.802638,	-0.542631,	-0.00197613,	-0.345417,	-0.3003,	0.56095,	-0.07056,	60569,	-285,	-18,	-434,	60599,	122,	-7,	-146,	60589,	65,	-7,	-347,	
2,	5,	796750,	1.65255e+015,	-2,	2,	4,	3,	0,	0,	-3,	-3,	1.65255e+009,	-0.645539,	-0.639408,	-0.493619,	-0.0362208,	-0.93133,	-0.525529,	-0.000962125,	0.103949,	-1.03609,	-0.49396,	-0.00589425,	-0.0103891,	-0.933453,	-0.612952,	-0.0160253,	-0.0828356,	-0.802638,	-0.542631,	-0.00197613,	-0.345417,	-0.3003,	0.56095,	-0.07056,	60579,	-285,	-18,	-435,	60609,	121,	-8,	-146,	60599,	64,	-7,	-347,	
2,	5,	796829,	1.65255e+015,	-3,	-9,	-7,	-2,	-2,	-2,	-2,	-2,	1.65255e+009,	-0.645539,	-0.639408,	-0.493619,	-0.0362208,	-0.93133,	-0.525529,	-0.000962125,	0.103949,	-1.03609,	-0.49396,	-0.00589425,	-0.0103891,	-0.933453,	-0.612952,	-0.0160253,	-0.0828356,	-0.802638,	-0.542631,	-0.00197613,	-0.345417,	-0.3003,	0.56095,	-0.07056,	60589,	-284,	-18,	-435,	60619,	122,	-6,	-146,	60609,	64,	-6,	-347,	
2,	5,	796907,	1.65255e+015,	0,	10,	-4,	3,	1,	-1,	-2,	-3,	1.65255e+009,	-0.645539,	-0.639408,	-0.493619,	-0.0362208,	-0.93133,	-0.525529,	-0.000962125,	0.103949,	-1.03609,	-0.49396,	-0.00589425,	-0.0103891,	-0.933453,	-0.612952,	-0.0160253,	-0.0828356,	-0.802638,	-0.542631,	-0.00197613,	-0.345417,	-0.3003,	0.56095,	-0.07056,	60599,	-284,	-17,	-436,	60629,	121,	-6,	-145,	60619,	64,	-6,	-347,	
2,	5,	796985,	1.65255e+015,	6,	13,	26,	15,	1,	-3,	-2,	-1,	1.65255e+009,	-0.645539,	-0.639408,	-0.493619,	-0.0362208,	-0.93133,	-0.525529,	-0.000962125,	0.103949,	-1.03609,	-0.49396,	-0.00589425,	-0.0103891,	-0.933453,	-0.612952,	-0.0160253,	-0.0828356,	-0.802638,	-0.542631,	-0.00197613,	-0.345417,	-0.3003,	0.56095,	-0.07056,	60609,	-283,	-18,	-436,	60639,	122,	-6,	-146,	60629,	64,	-5,	-347,	
2,	5,	797063,	1.65255e+015,	-22,	-8,	-28,	-9,	-3,	-1,	1,	-3,	1.65255e+009,	-0.645539,	-0.639408,	-0.493619,	-0.0362208,	-0.93133,	-0.525529,	-0.000962125,	0.0956092,	-1.03609,	-0.49396,	-0.00589425,	-0.00763875,	-0.933453,	-0.612952,	-0.0160253,	-0.0800852,	-0.802638,	-0.542631,	-0.00197613,	-0.342667,	-0.3003,	0.56095,	-0.07056,	60619,	-285,	-19,	-435,	60649,	122,	-6,	-146,	60639,	64,	-6,	-347,	
2,	5,	797141,	1.65255e+015,	9,	12,	19,	36,	5,	0,	-1,	4,	1.65255e+009,	-0.720689,	-0.639408,	-0.493619,	-0.0362208,	-0.93133,	-0.678299,	-0.0319178,	0.0799361,	-0.925699,	-0.49396,	-0.00589425,	-0.0122218,	-0.825038,	-0.612952,	-0.0160253,	-0.0550983,	-0.714918,	-0.542631,	-0.00197613,	-0.31768,	-0.3003,	0.56095,	-0.07056,	60629,	-285,	-20,	-434,	60659,	122,	-8,	-146,	60649,	65,	-5,	-347,	
2,	5,	797219,	1.65255e+015,	-7,	6,	16,	5,	2,	2,	1,	0,	1.65255e+009,	-0.720689,	-0.639408,	-0.493619,	-0.0362208,	-0.93133,	-0.983839,	-0.142488,	0.0799361,	-0.862619,	-0.49396,	-0.00589425,	-0.0122218,	-0.825038,	-0.524247,	-0.00117488,	-0.0550983,	-0.714918,	-0.542631,	-0.00197613,	-0.31768,	-0.3003,	0.56095,	-0.07056,	60639,	-286,	-19,	-433,	60669,	122,	-6,	-145,	60659,	64,	-5,	-347,	
2,	5,	797297,	1.65255e+015,	16,	16,	-9,	14,	-1,	0,	24,	69,	1.65255e+009,	-0.795839,	-0.639408,	-0.493619,	-0.0362208,	-0.963362,	-1.21299,	-0.264624,	0.0899437,	-0.862619,	-0.414129,	-0.0155211,	-0.0155222,	-0.825038,	-0.524247,	-0.00117488,	-0.0583987,	-0.714918,	-0.542631,	-0.00197613,	-0.32098,	-0.2639,	0.56095,	-0.07056,	60649,	-285,	-19,	-434,	60679,	122,	-6,	-145,	60669,	64,	-5,	-347,	
2,	5,	797375,	1.65255e+015,	6,	6,	-35,	9,	6,	6,	0,	-7,	1.65255e+009,	-0.855959,	-0.639408,	-0.493619,	-0.0362208,	-1.05946,	-1.33521,	-0.343506,	0.119967,	-0.783769,	-0.414129,	-0.0155211,	-0.0254233,	-0.825038,	-0.488765,	-0.00664491,	-0.0682998,	-0.714918,	-0.542631,	-0.00197613,	-0.330881,	-0.1547,	0.56095,	-0.05488,	60659,	-285,	-18,	-434,	60689,	122,	-7,	-145,	60679,	64,	-6,	-347,	
2,	5,	797454,	1.65255e+015,	38,	4,	-21,	-21,	-2,	1,	3,	-3,	1.65255e+009,	-0.931109,	-0.639408,	-0.493619,	-0.0362208,	-1.12352,	-1.42687,	-0.40894,	0.129974,	-0.783769,	-0.414129,	-0.0155211,	-0.0287237,	-0.825038,	-0.488765,	-0.00664491,	-0.0716002,	-0.714918,	-0.542631,	-0.00197613,	-0.334182,	-0.1092,	0.56095,	-0.05488,	60669,	-285,	-19,	-434,	60699,	121,	-6,	-146,	60689,	64,	-6,	-347,	
2,	5,	797532,	1.65255e+015,	1,	-5,	-54,	-7,	0,	2,	1,	13,	1.65255e+009,	-0.931109,	-0.639408,	-0.493619,	-0.0362208,	-1.12352,	-1.50326,	-0.467576,	0.136646,	-0.783769,	-0.414129,	-0.0155211,	-0.030924,	-0.825038,	-0.488765,	-0.00664491,	-0.0738005,	-0.714918,	-0.542631,	-0.00197613,	-0.336382,	-0.1092,	0.56095,	-0.05488,	60679,	-285,	-19,	-434,	60709,	123,	-5,	-145,	60699,	64,	-5,	-347,	
2,	5,	797610,	1.65255e+015,	1,	-7,	11,	5,	-3,	-2,	0,	-12,	1.65255e+009,	-0.931109,	-0.639408,	-0.493619,	-0.0362208,	-1.18759,	-1.50326,	-0.467576,	0.144986,	-0.783769,	-0.414129,	-0.0155211,	-0.0336743,	-0.825038,	-0.488765,	-0.00664491,	-0.0765508,	-0.714918,	-0.542631,	-0.00197613,	-0.339132,	-0.0728,	0.56095,	-0.05488,	60689,	-285,	-19,	-434,	60719,	122,	-6,	-145,	60709,	63,	-6,	-347,	
2,	5,	797688,	1.65255e+015,	-10,	-3,	-10,	-1,	-1,	-3,	-7,	-6,	1.65255e+009,	-0.931109,	-0.639408,	-0.493619,	-0.0362208,	-1.18759,	-1.50326,	-0.467576,	0.144986,	-0.783769,	-0.414129,	-0.0155211,	-0.0336743,	-0.825038,	-0.488765,	-0.00664491,	-0.0765508,	-0.714918,	-0.542631,	-0.00197613,	-0.339132,	-0.0728,	0.56095,	-0.05488,	60699,	-285,	-18,	-434,	60729,	123,	-6,	-145,	60719,	64,	-5,	-347,	
2,	5,	797766,	1.65255e+015,	-6,	-6,	-7,	10,	-3,	-4,	-1,	0,	1.65255e+009,	-0.931109,	-0.639408,	-0.493619,	-0.0362208,	-1.18759,	-1.50326,	-0.467576,	0.144986,	-0.783769,	-0.414129,	-0.0155211,	-0.0336743,	-0.825038,	-0.488765,	-0.00664491,	-0.0765508,	-0.714918,	-0.542631,	-0.00197613,	-0.339132,	-0.0728,	0.56095,	-0.05488,	60709,	-286,	-17,	-434,	60739,	122,	-6,	-146,	60729,	64,	-6,	-348,	
2,	5,	797844,	1.65255e+015,	-2,	-11,	-3,	-10,	-4,	-2,	-1,	-2,	1.65255e+009,	-0.931109,	-0.639408,	-0.493619,	-0.0362208,	-1.18759,	-1.50326,	-0.467576,	0.144986,	-0.783769,	-0.414129,	-0.0155211,	-0.0336743,	-0.825038,	-0.488765,	-0.00664491,	-0.0765508,	-0.714918,	-0.542631,	-0.00197613,	-0.339132,	-0.0728,	0.56095,	-0.05488,	60719,	-285,	-18,	-434,	60749,	121,	-7,	-146,	60739,	64,	-5,	-347,	
2,	5,	797922,	1.65255e+015,	1,	-1,	8,	-3,	-1,	0,	0,	0,	1.65255e+009,	-0.870988,	-0.639408,	-0.493619,	-0.0362208,	-1.18759,	-1.42687,	-0.40894,	0.134978,	-0.783769,	-0.414129,	-0.0155211,	-0.0303739,	-0.825038,	-0.488765,	-0.00664491,	-0.0732504,	-0.714918,	-0.542631,	-0.00197613,	-0.335832,	-0.1183,	0.56095,	-0.05488,	60729,	-285,	-17,	-434,	60759,	122,	-6,	-146,	60749,	63,	-6,	-347,	
2,	5,	798000,	1.65255e+015,	-1,	0,	-1,	2,	0,	-1,	-1,	1,	1.65255e+009,	-0.780809,	-0.639408,	-0.493619,	-0.0362208,	-1.04344,	-0.953285,	-0.128742,	0.116631,	-0.783769,	-0.414129,	-0.0155211,	-0.0243232,	-0.825038,	-0.488765,	-0.00664491,	-0.0671997,	-0.714918,	-0.542631,	-0.00197613,	-0.329781,	-0.2184,	0.56095,	-0.05488,	60739,	-286,	-18,	-434,	60769,	121,	-7,	-146,	60759,	64,	-6,	-348,	
2,	5,	798079,	1.65255e+015,	0,	1,	0,	1,	-1,	-2,	-1,	-2,	1.65255e+009,	-0.780809,	-0.639408,	-0.493619,	-0.0362208,	-0.915314,	-0.586637,	-0.0103974,	0.101619,	-0.783769,	-0.414129,	-0.0155211,	-0.0193726,	-0.825038,	-0.488765,	-0.00664491,	-0.0622491,	-0.714918,	-0.542631,	-0.00197613,	-0.324831,	-0.2639,	0.56095,	-0.05488,	60749,	-285,	-17,	-433,	60779,	121,	-7,	-146,	60769,	64,	-7,	-348,	
2,	5,	798157,	1.65255e+015,	-1,	-1,	-1,	-3,	-3,	-1,	0,	-1,	1.65255e+009,	-0.705658,	-0.639408,	-0.493619,	-0.0362208,	-0.835234,	-0.41859,	-0.0150907,	0.101619,	-0.783769,	-0.334296,	-0.0210691,	-0.0193726,	-0.825038,	-0.488765,	-0.00664491,	-0.0622491,	-0.714918,	-0.542631,	-0.00197613,	-0.324831,	-0.2639,	0.56095,	-0.05488,	60759,	-285,	-17,	-433,	60789,	121,	-6,	-146,	60779,	64,	-7,	-348,	
2,	5,	798235,	1.65255e+015,	1,	-2,	-4,	-2,	-2,	-1,	-1,	0,	1.65255e+009,	-0.705658,	-0.639408,	-0.493619,	-0.0362208,	-0.77117,	-0.41859,	-0.0150907,	0.101619,	-0.783769,	-0.334296,	-0.0210691,	-0.0193726,	-0.825038,	-0.488765,	-0.00664491,	-0.0622491,	-0.714918,	-0.542631,	-0.00197613,	-0.324831,	-0.3094,	0.56095,	-0.05488,	60769,	-284,	-18,	-433,	60799,	121,	-7,	-146,	60789,	64,	-5,	-347,	
2,	5,	798313,	1.65255e+015,	0,	-1,	-5,	-1,	-1,	-4,	-1,	-1,	1.65255e+009,	-0.645539,	-0.639408,	-0.493619,	-0.0362208,	-0.77117,	-0.41859,	-0.0150907,	0.101619,	-0.783769,	-0.334296,	-0.0210691,	-0.0193726,	-0.825038,	-0.488765,	-0.00664491,	-0.0622491,	-0.714918,	-0.542631,	-0.00197613,	-0.324831,	-0.3094,	0.56095,	-0.05488,	60779,	-284,	-19,	-433,	60809,	122,	-6,	-146,	60799,	64,	-6,	-347,	
2,	5,	798391,	1.65255e+015,	2,	0,	-3,	0,	0,	0,	0,	0,	1.65255e+009,	-0.645539,	-0.639408,	-0.493619,	-0.0362208,	-0.77117,	-0.41859,	-0.0150907,	0.101619,	-0.783769,	-0.334296,	-0.0210691,	-0.0193726,	-0.825038,	-0.488765,	-0.00664491,	-0.0622491,	-0.714918,	-0.542631,	-0.00197613,	-0.324831,	-0.3094,	0.56095,	-0.05488,	60789,	-285,	-19,	-433,	60819,	122,	-7,	-146,	60809,	64,	-6,	-348,	
2,	5,	798469,	1.65255e+015,	-1,	-4,	-7,	-7,	-1,	1,	2,	0,	1.65255e+009,	-0.645539,	-0.639408,	-0.427583,	-0.0362208,	-0.77117,	-0.41859,	-0.0150907,	0.101619,	-0.783769,	-0.334296,	-0.0210691,	-0.0193726,	-0.825038,	-0.488765,	-0.00664491,	-0.0622491,	-0.714918,	-0.542631,	-0.00197613,	-0.324831,	-0.3094,	0.56095,	-0.05488,	60799,	-284,	-18,	-433,	60829,	123,	-5,	-146,	60819,	64,	-6,	-348,	
2,	5,	798547,	1.65255e+015,	2,	4,	3,	0,	-1,	0,	0,	1,	1.65255e+009,	-0.645539,	-0.639408,	-0.427583,	-0.0362208,	-0.77117,	-0.41859,	-0.0150907,	0.101619,	-0.783769,	-0.334296,	-0.0210691,	-0.0193726,	-0.825038,	-0.488765,	-0.00664491,	-0.0622491,	-0.714918,	-0.542631,	-0.00197613,	-0.324831,	-0.3094,	0.56095,	-0.05488,	60809,	-286,	-18,	-433,	60839,	122,	-6,	-146,	60829,	63,	-6,	-347,	
2,	5,	798625,	1.65255e+015,	2,	3,	4,	5,	1,	0,	-2,	0,	1.65255e+009,	-0.645539,	-0.639408,	-0.427583,	-0.0362208,	-0.77117,	-0.41859,	-0.0150907,	0.101619,	-0.783769,	-0.334296,	-0.0210691,	-0.0193726,	-0.825038,	-0.488765,	-0.00664491,	-0.0622491,	-0.714918,	-0.542631,	-0.00197613,	-0.324831,	-0.3094,	0.56095,	-0.05488,	60819,	-286,	-18,	-433,	60849,	122,	-7,	-146,	60839,	64,	-6,	-347,	
2,	5,	798704,	1.65255e+015,	-1,	-4,	-10,	-36,	-1,	0,	1,	0,	1.65255e+009,	-0.645539,	-0.639408,	-0.427583,	-0.0362208,	-0.77117,	-0.41859,	-0.0150907,	0.101619,	-0.783769,	-0.334296,	-0.0210691,	-0.0193726,	-0.825038,	-0.488765,	-0.00664491,	-0.0622491,	-0.714918,	-0.542631,	-0.00197613,	-0.324831,	-0.3094,	0.56095,	-0.05488,	60829,	-286,	-18,	-434,	60859,	122,	-6,	-146,	60849,	64,	-6,	-347,	
2,	5,	798782,	1.65255e+015,	-1,	1,	4,	-2,	0,	-1,	-1,	-1,	1.65255e+009,	-0.645539,	-0.639408,	-0.427583,	-0.0362208,	-0.77117,	-0.41859,	-0.0150907,	0.101619,	-0.862619,	-0.334296,	-0.0210691,	-0.0193726,	-0.825038,	-0.488765,	-0.00664491,	-0.0622491,	-0.714918,	-0.542631,	-0.00197613,	-0.324831,	-0.3094,	0.56095,	-0.05488,	60839,	-286,	-18,	-433,	60869,	121,	-7,	-146,	60859,	64,	-7,	-347,	
2,	5,	798860,	1.65255e+015,	3,	6,	1,	-1,	-1,	0,	-1,	-2,	1.65255e+009,	-0.645539,	-0.639408,	-0.427583,	-0.0362208,	-0.77117,	-0.41859,	-0.0150907,	0.101619,	-0.862619,	-0.334296,	-0.0210691,	-0.0193726,	-0.825038,	-0.488765,	-0.00664491,	-0.0622491,	-0.714918,	-0.542631,	-0.00197613,	-0.324831,	-0.3094,	0.56095,	-0.05488,	60849,	-285,	-17,	-433,	60879,	122,	-7,	-146,	60869,	63,	-6,	-347,	
2,	5,	798938,	1.65255e+015,	1,	-1,	0,	-10,	-3,	0,	0,	-2,	1.65255e+009,	-0.645539,	-0.639408,	-0.427583,	-0.0362208,	-0.77117,	-0.41859,	-0.0150907,	0.101619,	-0.862619,	-0.334296,	-0.0210691,	-0.0193726,	-0.825038,	-0.488765,	-0.00664491,	-0.0622491,	-0.714918,	-0.542631,	-0.00197613,	-0.324831,	-0.3094,	0.56095,	-0.05488,	60859,	-286,	-18,	-433,	60889,	122,	-6,	-146,	60879,	65,	-7,	-347,	
2,	5,	799016,	1.65255e+015,	2,	1,	-1,	11,	2,	-1,	-1,	-1,	1.65255e+009,	-0.645539,	-0.639408,	-0.427583,	-0.0362208,	-0.77117,	-0.41859,	-0.0150907,	0.101619,	-0.862619,	-0.334296,	-0.0210691,	-0.0193726,	-0.825038,	-0.488765,	-0.00664491,	-0.0622491,	-0.714918,	-0.542631,	-0.00197613,	-0.324831,	-0.3094,	0.56095,	-0.05488,	60869,	-287,	-19,	-432,	60899,	123,	-7,	-146,	60889,	64,	-5,	-347,	
