1,	12,	79860,	1.65255e+015,	-2,	8,	-17,	-19,	1,	-2,	-2,	-1,	1.65255e+009,	-0.660569,	-0.343728,	-0.345038,	-0.0214368,	-0.85125,	-0.204712,	-0.0213908,	0.117091,	-0.957239,	-0.0149685,	-0.00247295,	-0.0127728,	-0.955136,	-0.204909,	-0.0213985,	-0.0911333,	-0.780708,	-0.376062,	-0.0186753,	-0.401027,	-0.5005,	0.70766,	-0.04704,	4329,	-235,	-3,	-461,	4359,	156,	-58,	-140,	4339,	71,	-31,	-336,	
1,	12,	79938,	1.65255e+015,	-1,	-15,	-15,	23,	-4,	-1,	-2,	1,	1.65255e+009,	-0.660569,	-0.343728,	-0.345038,	-0.0214368,	-0.85125,	-0.204712,	-0.0213908,	0.117091,	-0.957239,	-0.0149685,	-0.00247295,	-0.0127728,	-0.955136,	-0.204909,	-0.0213985,	-0.0911333,	-0.780708,	-0.376062,	-0.0186753,	-0.401027,	-0.5005,	0.70766,	-0.04704,	4339,	-233,	-3,	-463,	4369,	157,	-60,	-141,	4349,	72,	-31,	-337,	
1,	12,	80016,	1.65255e+015,	1,	16,	-8,	2,	-2,	-1,	-1,	-1,	1.65255e+009,	-0.660569,	-0.343728,	-0.345038,	-0.0214368,	-0.85125,	-0.204712,	-0.0213908,	0.117091,	-0.957239,	-0.0149685,	-0.00247295,	-0.0127728,	-0.955136,	-0.204909,	-0.0213985,	-0.0911333,	-0.780708,	-0.376062,	-0.0186753,	-0.401027,	-0.5005,	0.70766,	-0.04704,	4349,	-233,	-2,	-463,	4379,	156,	-60,	-141,	4359,	71,	-31,	-338,	
1,	12,	80079,	1.65255e+015,	-1,	2,	-3,	7,	2,	0,	-1,	-1,	1.65255e+009,	-0.660569,	-0.343728,	-0.345038,	-0.0214368,	-0.85125,	-0.204712,	-0.0213908,	0.117091,	-0.957239,	-0.0149685,	-0.00247295,	-0.0127728,	-0.955136,	-0.204909,	-0.0213985,	-0.0911333,	-0.780708,	-0.376062,	-0.0186753,	-0.401027,	-0.5005,	0.70766,	-0.04704,	4359,	-234,	-1,	-465,	4389,	157,	-59,	-141,	4369,	72,	-31,	-338,	
1,	12,	80157,	1.65255e+015,	-4,	1,	3,	-9,	-3,	-3,	-3,	-4,	1.65255e+009,	-0.660569,	-0.343728,	-0.345038,	-0.0214368,	-0.85125,	-0.204712,	-0.0213908,	0.117091,	-0.957239,	-0.0149685,	-0.00247295,	-0.0127728,	-0.955136,	-0.204909,	-0.0213985,	-0.0911333,	-0.780708,	-0.376062,	-0.0186753,	-0.401027,	-0.5005,	0.70766,	-0.04704,	4369,	-234,	-3,	-465,	4399,	156,	-59,	-141,	4379,	72,	-31,	-338,	
1,	12,	80235,	1.65255e+015,	1,	-7,	-7,	-2,	-1,	-2,	0,	0,	1.65255e+009,	-0.660569,	-0.343728,	-0.345038,	-0.0214368,	-0.85125,	-0.204712,	-0.0213908,	0.117091,	-0.957239,	-0.0149685,	-0.00247295,	-0.0127728,	-0.955136,	-0.204909,	-0.0213985,	-0.0911333,	-0.780708,	-0.376062,	-0.0186753,	-0.401027,	-0.5005,	0.70766,	-0.04704,	4379,	-235,	-3,	-465,	4409,	156,	-60,	-141,	4389,	71,	-31,	-338,	
1,	12,	80297,	1.65255e+015,	3,	6,	17,	15,	-1,	-2,	0,	-3,	1.65255e+009,	-0.660569,	-0.343728,	-0.345038,	-0.0214368,	-0.85125,	-0.204712,	-0.0213908,	0.117091,	-0.957239,	-0.0149685,	-0.00247295,	-0.0127728,	-0.955136,	-0.204909,	-0.0213985,	-0.0911333,	-0.780708,	-0.376062,	-0.0186753,	-0.401027,	-0.5005,	0.70766,	-0.04704,	4389,	-234,	-2,	-464,	4419,	156,	-60,	-140,	4399,	72,	-31,	-337,	
1,	12,	80375,	1.65255e+015,	0,	0,	10,	9,	1,	1,	1,	3,	1.65255e+009,	-0.660569,	-0.343728,	-0.345038,	-0.0214368,	-0.85125,	-0.204712,	-0.0213908,	0.117091,	-0.957239,	-0.0149685,	-0.00247295,	-0.0127728,	-0.955136,	-0.204909,	-0.0213985,	-0.0911333,	-0.780708,	-0.376062,	-0.0186753,	-0.401027,	-0.5005,	0.70766,	-0.04704,	4399,	-235,	-2,	-464,	4429,	156,	-60,	-140,	4409,	71,	-31,	-337,	
1,	12,	80438,	1.65255e+015,	1,	-3,	2,	-10,	-4,	-3,	-1,	3,	1.65255e+009,	-0.660569,	-0.343728,	-0.345038,	-0.0214368,	-0.85125,	-0.204712,	-0.0213908,	0.117091,	-0.957239,	-0.0149685,	-0.00247295,	-0.0127728,	-0.955136,	-0.204909,	-0.0213985,	-0.0911333,	-0.780708,	-0.376062,	-0.0186753,	-0.401027,	-0.5005,	0.70766,	-0.04704,	4409,	-235,	-2,	-463,	4439,	156,	-59,	-140,	4419,	71,	-32,	-337,	
1,	12,	80516,	1.65255e+015,	-1,	-6,	23,	9,	-3,	-3,	0,	0,	1.65255e+009,	-0.660569,	-0.343728,	-0.345038,	-0.0214368,	-0.85125,	-0.204712,	-0.0213908,	0.117091,	-0.957239,	-0.0149685,	-0.00247295,	-0.0127728,	-0.955136,	-0.204909,	-0.0213985,	-0.0911333,	-0.780708,	-0.376062,	-0.0186753,	-0.401027,	-0.5005,	0.70766,	-0.04704,	4419,	-236,	-2,	-463,	4449,	156,	-60,	-140,	4429,	71,	-31,	-336,	
1,	12,	80579,	1.65255e+015,	-1,	5,	-19,	4,	-4,	-3,	-1,	-2,	1.65255e+009,	-0.660569,	-0.343728,	-0.345038,	-0.0214368,	-0.85125,	-0.204712,	-0.0213908,	0.117091,	-0.957239,	-0.0149685,	-0.00247295,	-0.0127728,	-0.955136,	-0.204909,	-0.0213985,	-0.0911333,	-0.780708,	-0.376062,	-0.0186753,	-0.401027,	-0.4641,	0.70766,	-0.04704,	4429,	-236,	-2,	-463,	4459,	156,	-59,	-139,	4439,	72,	-31,	-336,	
1,	12,	80657,	1.65255e+015,	-3,	-6,	15,	-4,	9,	0,	-1,	-1,	1.65255e+009,	-0.660569,	-0.343728,	-0.345038,	-0.0214368,	-0.85125,	-0.204712,	-0.0213908,	0.117091,	-0.957239,	-0.0149685,	-0.00247295,	-0.0127728,	-0.955136,	-0.204909,	-0.0213985,	-0.0911333,	-0.780708,	-0.376062,	-0.0186753,	-0.401027,	-0.4641,	0.70766,	-0.04704,	4439,	-236,	-2,	-464,	4469,	156,	-59,	-140,	4449,	72,	-31,	-337,	
1,	12,	80735,	1.65255e+015,	2,	-10,	-27,	7,	-5,	-1,	-1,	-2,	1.65255e+009,	-0.660569,	-0.343728,	-0.345038,	-0.0214368,	-0.85125,	-0.204712,	-0.0213908,	0.114158,	-0.957239,	-0.0149685,	-0.00247295,	-0.0157062,	-0.955136,	-0.204909,	-0.0213985,	-0.0822387,	-0.780708,	-0.376062,	-0.0186753,	-0.392132,	-0.4641,	0.70766,	-0.04704,	4449,	-236,	-2,	-464,	4479,	155,	-59,	-140,	4459,	72,	-32,	-337,	
1,	12,	80797,	1.65255e+015,	1,	3,	-5,	18,	1,	0,	-1,	1,	1.65255e+009,	-0.660569,	-0.343728,	-0.345038,	-0.0214368,	-0.85125,	-0.204712,	-0.0213908,	0.114158,	-0.957239,	-0.0149685,	-0.00247295,	-0.0157062,	-0.955136,	-0.204909,	-0.0213985,	-0.0822387,	-0.780708,	-0.376062,	-0.0186753,	-0.392132,	-0.4641,	0.70766,	-0.04704,	4459,	-235,	-1,	-465,	4489,	155,	-59,	-140,	4469,	72,	-31,	-337,	
1,	12,	80875,	1.65255e+015,	2,	3,	44,	12,	2,	1,	0,	0,	1.65255e+009,	-0.660569,	-0.343728,	-0.345038,	-0.0214368,	-0.85125,	-0.204712,	-0.0213908,	0.114158,	-0.957239,	-0.0149685,	-0.00247295,	-0.0157062,	-0.955136,	-0.204909,	-0.0213985,	-0.0822387,	-0.780708,	-0.376062,	-0.0186753,	-0.392132,	-0.4641,	0.70766,	-0.04704,	4469,	-234,	-1,	-465,	4499,	156,	-60,	-141,	4479,	71,	-31,	-337,	
1,	12,	80938,	1.65255e+015,	-2,	1,	34,	13,	-1,	-3,	0,	-1,	1.65255e+009,	-0.660569,	-0.343728,	-0.345038,	-0.0214368,	-0.85125,	-0.204712,	-0.0213908,	0.114158,	-0.957239,	-0.0149685,	-0.00247295,	-0.0157062,	-0.955136,	-0.204909,	-0.0213985,	-0.0822387,	-0.780708,	-0.376062,	-0.0186753,	-0.392132,	-0.4641,	0.70766,	-0.04704,	4479,	-234,	-2,	-466,	4509,	156,	-59,	-141,	4489,	72,	-31,	-337,	
1,	12,	81016,	1.65255e+015,	-1,	3,	3,	7,	2,	3,	0,	-1,	1.65255e+009,	-0.660569,	-0.343728,	-0.345038,	-0.0214368,	-0.85125,	-0.204712,	-0.0213908,	0.114158,	-0.957239,	-0.0149685,	-0.00247295,	-0.0157062,	-0.955136,	-0.204909,	-0.0213985,	-0.0822387,	-0.780708,	-0.376062,	-0.0186753,	-0.392132,	-0.4641,	0.70766,	-0.04704,	4489,	-235,	-2,	-465,	4519,	154,	-58,	-140,	4499,	72,	-31,	-337,	
1,	12,	81094,	1.65255e+015,	0,	-2,	5,	-4,	0,	-1,	-2,	-2,	1.65255e+009,	-0.660569,	-0.343728,	-0.345038,	-0.0214368,	-0.85125,	-0.204712,	-0.0213908,	0.114158,	-0.957239,	-0.0149685,	-0.00247295,	-0.0157062,	-0.955136,	-0.204909,	-0.0213985,	-0.0822387,	-0.780708,	-0.376062,	-0.0186753,	-0.392132,	-0.4641,	0.70766,	-0.04704,	4499,	-236,	-2,	-463,	4529,	155,	-59,	-140,	4509,	72,	-31,	-337,	
1,	12,	81172,	1.65255e+015,	3,	-2,	2,	0,	2,	0,	-1,	2,	1.65255e+009,	-0.660569,	-0.343728,	-0.345038,	-0.0214368,	-0.85125,	-0.204712,	-0.0213908,	0.114158,	-0.957239,	-0.0149685,	-0.00247295,	-0.0157062,	-0.955136,	-0.204909,	-0.0213985,	-0.0822387,	-0.780708,	-0.376062,	-0.0186753,	-0.392132,	-0.4641,	0.70766,	-0.04704,	4509,	-235,	-2,	-462,	4539,	154,	-59,	-139,	4519,	72,	-32,	-337,	
1,	12,	81250,	1.65255e+015,	-1,	-5,	-23,	-1,	-2,	0,	-1,	0,	1.65255e+009,	-0.660569,	-0.343728,	-0.345038,	-0.0214368,	-0.85125,	-0.204712,	-0.0213908,	0.114158,	-0.957239,	-0.0149685,	-0.00247295,	-0.0157062,	-0.955136,	-0.204909,	-0.0213985,	-0.0822387,	-0.780708,	-0.376062,	-0.0186753,	-0.392132,	-0.4641,	0.70766,	-0.04704,	4519,	-237,	-1,	-461,	4549,	155,	-59,	-139,	4529,	72,	-31,	-336,	
1,	12,	81313,	1.65255e+015,	1,	-7,	14,	-9,	-2,	0,	-1,	1,	1.65255e+009,	-0.660569,	-0.343728,	-0.345038,	-0.0214368,	-0.85125,	-0.204712,	-0.0213908,	0.114158,	-0.957239,	-0.0149685,	-0.00247295,	-0.0157062,	-0.955136,	-0.204909,	-0.0213985,	-0.0822387,	-0.780708,	-0.376062,	-0.0186753,	-0.392132,	-0.4641,	0.70766,	-0.04704,	4529,	-237,	-1,	-461,	4559,	155,	-59,	-140,	4539,	71,	-31,	-337,	
1,	12,	81407,	1.65255e+015,	0,	3,	6,	2,	-1,	0,	1,	-1,	1.65255e+009,	-0.660569,	-0.343728,	-0.345038,	-0.0214368,	-0.85125,	-0.204712,	-0.0213908,	0.114158,	-0.957239,	-0.0149685,	-0.00247295,	-0.0157062,	-0.955136,	-0.204909,	-0.0213985,	-0.0822387,	-0.780708,	-0.376062,	-0.0186753,	-0.392132,	-0.4641,	0.70766,	-0.04704,	4539,	-237,	-1,	-462,	4569,	155,	-58,	-140,	4549,	71,	-30,	-337,	
1,	12,	81469,	1.65255e+015,	-2,	-11,	-2,	1,	-2,	-2,	-1,	0,	1.65255e+009,	-0.660569,	-0.343728,	-0.345038,	-0.0214368,	-0.85125,	-0.204712,	-0.0213908,	0.114158,	-0.957239,	-0.0149685,	-0.00247295,	-0.0157062,	-0.955136,	-0.204909,	-0.0213985,	-0.0822387,	-0.780708,	-0.376062,	-0.0186753,	-0.392132,	-0.4641,	0.70766,	-0.04704,	4549,	-236,	-2,	-461,	4579,	155,	-60,	-140,	4559,	71,	-32,	-337,	
1,	12,	81547,	1.65255e+015,	-3,	-13,	-27,	-9,	-2,	-2,	-3,	-1,	1.65255e+009,	-0.660569,	-0.343728,	-0.345038,	-0.0214368,	-0.85125,	-0.204712,	-0.0213908,	0.114158,	-0.957239,	-0.0149685,	-0.00247295,	-0.0157062,	-0.955136,	-0.204909,	-0.0213985,	-0.0822387,	-0.780708,	-0.376062,	-0.0186753,	-0.392132,	-0.4641,	0.70766,	-0.04704,	4559,	-236,	-1,	-461,	4589,	155,	-59,	-140,	4569,	71,	-31,	-337,	
1,	12,	81625,	1.65255e+015,	3,	1,	20,	-3,	-1,	1,	1,	1,	1.65255e+009,	-0.660569,	-0.343728,	-0.345038,	-0.0214368,	-0.85125,	-0.204712,	-0.0213908,	0.114158,	-0.957239,	-0.0149685,	-0.00247295,	-0.0157062,	-0.955136,	-0.204909,	-0.0213985,	-0.0822387,	-0.780708,	-0.376062,	-0.0186753,	-0.392132,	-0.4641,	0.70766,	-0.04704,	4569,	-236,	-2,	-461,	4599,	156,	-60,	-140,	4579,	71,	-32,	-338,	
1,	12,	81704,	1.65255e+015,	-1,	-1,	-30,	2,	-2,	-1,	-1,	-1,	1.65255e+009,	-0.660569,	-0.343728,	-0.345038,	-0.0214368,	-0.85125,	-0.204712,	-0.0213908,	0.114158,	-0.957239,	-0.0149685,	-0.00247295,	-0.0157062,	-0.955136,	-0.204909,	-0.0213985,	-0.0822387,	-0.780708,	-0.376062,	-0.0186753,	-0.392132,	-0.4641,	0.70766,	-0.04704,	4579,	-235,	-2,	-460,	4609,	156,	-58,	-140,	4589,	72,	-31,	-337,	
1,	12,	81782,	1.65255e+015,	-2,	-8,	17,	5,	-1,	-1,	-1,	-1,	1.65255e+009,	-0.660569,	-0.343728,	-0.345038,	-0.0214368,	-0.85125,	-0.204712,	-0.0213908,	0.114158,	-0.957239,	-0.0149685,	-0.00247295,	-0.0157062,	-0.955136,	-0.204909,	-0.0213985,	-0.0822387,	-0.780708,	-0.376062,	-0.0186753,	-0.392132,	-0.4641,	0.70766,	-0.04704,	4589,	-237,	-2,	-460,	4619,	155,	-60,	-140,	4599,	70,	-31,	-337,	
1,	12,	81860,	1.65255e+015,	1,	20,	2,	3,	4,	-1,	0,	1,	1.65255e+009,	-0.660569,	-0.343728,	-0.345038,	-0.0214368,	-0.85125,	-0.204712,	-0.0213908,	0.114158,	-0.957239,	-0.0149685,	-0.00247295,	-0.0157062,	-0.955136,	-0.204909,	-0.0213985,	-0.0822387,	-0.780708,	-0.376062,	-0.0186753,	-0.392132,	-0.4641,	0.70766,	-0.04704,	4599,	-236,	-2,	-461,	4629,	156,	-60,	-140,	4609,	72,	-31,	-337,	
1,	12,	81938,	1.65255e+015,	-2,	-9,	7,	0,	0,	0,	-1,	0,	1.65255e+009,	-0.660569,	-0.343728,	-0.345038,	-0.0214368,	-0.85125,	-0.204712,	-0.0213908,	0.114158,	-0.957239,	-0.0149685,	-0.00247295,	-0.0157062,	-0.955136,	-0.204909,	-0.0213985,	-0.0822387,	-0.780708,	-0.376062,	-0.0186753,	-0.392132,	-0.4641,	0.70766,	-0.04704,	4609,	-235,	-2,	-462,	4639,	155,	-59,	-140,	4619,	71,	-30,	-337,	
1,	12,	82016,	1.65255e+015,	1,	3,	-17,	4,	-4,	-2,	-2,	-2,	1.65255e+009,	-0.660569,	-0.343728,	-0.345038,	-0.0214368,	-0.85125,	-0.204712,	-0.0213908,	0.114158,	-0.957239,	-0.0149685,	-0.00247295,	-0.0157062,	-0.955136,	-0.204909,	-0.0213985,	-0.0822387,	-0.780708,	-0.376062,	-0.0186753,	-0.392132,	-0.4641,	0.70766,	-0.04704,	4619,	-236,	-3,	-463,	4649,	155,	-60,	-141,	4629,	72,	-30,	-338,	
1,	12,	82094,	1.65255e+015,	-1,	2,	-9,	7,	-3,	-3,	-3,	-1,	1.65255e+009,	-0.660569,	-0.343728,	-0.345038,	-0.0214368,	-0.85125,	-0.204712,	-0.0213908,	0.114158,	-0.957239,	-0.0149685,	-0.00247295,	-0.0157062,	-0.955136,	-0.204909,	-0.0213985,	-0.0822387,	-0.780708,	-0.376062,	-0.0186753,	-0.392132,	-0.4641,	0.70766,	-0.04704,	4629,	-235,	-2,	-463,	4659,	156,	-58,	-141,	4639,	72,	-30,	-338,	
1,	12,	82172,	1.65255e+015,	0,	5,	29,	16,	-4,	-2,	1,	0,	1.65255e+009,	-0.660569,	-0.343728,	-0.345038,	-0.0214368,	-0.85125,	-0.204712,	-0.0213908,	0.114158,	-0.957239,	-0.0149685,	-0.00247295,	-0.0157062,	-0.955136,	-0.204909,	-0.0213985,	-0.0822387,	-0.780708,	-0.376062,	-0.0186753,	-0.392132,	-0.4641,	0.70766,	-0.04704,	4639,	-236,	-2,	-464,	4669,	155,	-58,	-141,	4649,	72,	-30,	-338,	
1,	12,	82266,	1.65255e+015,	0,	-6,	-26,	10,	0,	-3,	-1,	-1,	1.65255e+009,	-0.660569,	-0.343728,	-0.345038,	-0.0214368,	-0.85125,	-0.204712,	-0.0213908,	0.114158,	-0.957239,	-0.0149685,	-0.00247295,	-0.0157062,	-0.955136,	-0.204909,	-0.0213985,	-0.0822387,	-0.780708,	-0.376062,	-0.0186753,	-0.392132,	-0.4641,	0.70766,	-0.04704,	4649,	-236,	-2,	-464,	4679,	155,	-58,	-140,	4659,	72,	-30,	-338,	
1,	12,	82344,	1.65255e+015,	-3,	11,	19,	4,	-1,	-2,	-2,	-1,	1.65255e+009,	-0.660569,	-0.343728,	-0.345038,	-0.0214368,	-0.85125,	-0.204712,	-0.0213908,	0.114158,	-0.957239,	-0.0149685,	-0.00247295,	-0.0157062,	-0.955136,	-0.204909,	-0.0213985,	-0.0822387,	-0.780708,	-0.376062,	-0.0186753,	-0.392132,	-0.4641,	0.70766,	-0.04704,	4659,	-237,	-2,	-462,	4689,	154,	-59,	-141,	4669,	71,	-30,	-338,	
1,	12,	82422,	1.65255e+015,	-2,	-8,	9,	2,	-1,	-1,	0,	-3,	1.65255e+009,	-0.660569,	-0.343728,	-0.345038,	-0.0214368,	-0.85125,	-0.204712,	-0.0213908,	0.114158,	-0.957239,	-0.0149685,	-0.00247295,	-0.0157062,	-0.955136,	-0.204909,	-0.0213985,	-0.0822387,	-0.780708,	-0.376062,	-0.0186753,	-0.392132,	-0.4641,	0.70766,	-0.04704,	4669,	-236,	-2,	-461,	4699,	155,	-59,	-140,	4679,	71,	-31,	-338,	
1,	12,	82500,	1.65255e+015,	-2,	-1,	-7,	-10,	-3,	-1,	-1,	1,	1.65255e+009,	-0.660569,	-0.343728,	-0.345038,	-0.0214368,	-0.85125,	-0.204712,	-0.0213908,	0.114158,	-0.957239,	-0.0149685,	-0.00247295,	-0.0157062,	-0.955136,	-0.204909,	-0.0213985,	-0.0822387,	-0.780708,	-0.376062,	-0.0186753,	-0.392132,	-0.4641,	0.70766,	-0.04704,	4679,	-237,	-2,	-460,	4709,	155,	-59,	-140,	4689,	71,	-30,	-337,	
1,	12,	82579,	1.65255e+015,	-3,	-3,	-12,	-4,	-8,	-5,	-3,	0,	1.65255e+009,	-0.660569,	-0.343728,	-0.345038,	-0.0214368,	-0.85125,	-0.204712,	-0.0213908,	0.114158,	-0.957239,	-0.0149685,	-0.00247295,	-0.0157062,	-0.955136,	-0.204909,	-0.0213985,	-0.0822387,	-0.780708,	-0.376062,	-0.0186753,	-0.392132,	-0.4641,	0.70766,	-0.04704,	4689,	-237,	-2,	-459,	4719,	155,	-60,	-140,	4699,	71,	-32,	-337,	
1,	12,	82657,	1.65255e+015,	4,	2,	-24,	3,	2,	0,	0,	3,	1.65255e+009,	-0.660569,	-0.343728,	-0.345038,	-0.0214368,	-0.85125,	-0.204712,	-0.0213908,	0.114158,	-0.957239,	-0.0149685,	-0.00247295,	-0.0157062,	-0.955136,	-0.204909,	-0.0213985,	-0.0822387,	-0.780708,	-0.376062,	-0.0186753,	-0.392132,	-0.4641,	0.70766,	-0.04704,	4699,	-237,	-1,	-458,	4729,	154,	-59,	-140,	4709,	71,	-31,	-336,	
1,	12,	82719,	1.65255e+015,	0,	16,	16,	-2,	-7,	-5,	-1,	-2,	1.65255e+009,	-0.660569,	-0.343728,	-0.345038,	-0.0214368,	-0.85125,	-0.204712,	-0.0213908,	0.114158,	-0.957239,	-0.0149685,	-0.00247295,	-0.0157062,	-0.955136,	-0.204909,	-0.0213985,	-0.0822387,	-0.780708,	-0.376062,	-0.0186753,	-0.392132,	-0.4641,	0.70766,	-0.04704,	4709,	-238,	-3,	-458,	4739,	155,	-59,	-139,	4719,	71,	-32,	-337,	
1,	12,	82782,	1.65255e+015,	-2,	-10,	-32,	-19,	-1,	-1,	-2,	-2,	1.65255e+009,	-0.660569,	-0.343728,	-0.345038,	-0.0214368,	-0.85125,	-0.204712,	-0.0213908,	0.114158,	-0.957239,	-0.0149685,	-0.00247295,	-0.0157062,	-0.955136,	-0.204909,	-0.0213985,	-0.0822387,	-0.780708,	-0.376062,	-0.0186753,	-0.392132,	-0.4641,	0.70766,	-0.04704,	4719,	-238,	-2,	-458,	4749,	155,	-59,	-140,	4729,	71,	-31,	-336,	
2,	12,	82875,	1.65255e+015,	-1,	-6,	14,	-6,	-2,	0,	-2,	1,	1.65255e+009,	-0.660569,	-0.343728,	-0.345038,	-0.0214368,	-0.85125,	-0.204712,	-0.0213908,	0.114158,	-0.957239,	-0.0149685,	-0.00247295,	-0.0157062,	-0.955136,	-0.204909,	-0.0213985,	-0.0822387,	-0.780708,	-0.376062,	-0.0186753,	-0.392132,	-0.4641,	0.70766,	-0.04704,	4729,	-238,	-2,	-459,	4759,	155,	-58,	-140,	4739,	71,	-31,	-337,	
2,	12,	82938,	1.65255e+015,	-3,	-2,	8,	-5,	-3,	0,	1,	-1,	1.65255e+009,	-0.660569,	-0.343728,	-0.345038,	-0.0214368,	-0.85125,	-0.204712,	-0.0213908,	0.114158,	-0.957239,	-0.0149685,	-0.00247295,	-0.0157062,	-0.955136,	-0.204909,	-0.0213985,	-0.0822387,	-0.780708,	-0.376062,	-0.0186753,	-0.392132,	-0.4641,	0.70766,	-0.04704,	4739,	-236,	-2,	-460,	4769,	155,	-59,	-141,	4749,	71,	-31,	-337,	
2,	12,	83000,	1.65255e+015,	0,	8,	16,	8,	8,	8,	2,	1,	1.65255e+009,	-0.660569,	-0.343728,	-0.345038,	-0.0214368,	-0.85125,	-0.204712,	-0.0213908,	0.114158,	-0.957239,	-0.0149685,	-0.00247295,	-0.0157062,	-0.955136,	-0.204909,	-0.0213985,	-0.0822387,	-0.780708,	-0.376062,	-0.0186753,	-0.392132,	-0.4641,	0.70766,	-0.04704,	4749,	-235,	-2,	-461,	4779,	155,	-58,	-141,	4759,	71,	-31,	-337,	
2,	12,	83063,	1.65255e+015,	0,	2,	20,	1,	-1,	-3,	-1,	1,	1.65255e+009,	-0.660569,	-0.343728,	-0.345038,	-0.0214368,	-0.85125,	-0.204712,	-0.0213908,	0.114158,	-0.957239,	-0.0149685,	-0.00247295,	-0.0157062,	-0.955136,	-0.204909,	-0.0213985,	-0.0822387,	-0.780708,	-0.376062,	-0.0186753,	-0.392132,	-0.4641,	0.70766,	-0.04704,	4759,	-235,	-2,	-461,	4789,	155,	-58,	-140,	4769,	70,	-31,	-337,	
2,	12,	83141,	1.65255e+015,	-1,	-3,	9,	-5,	1,	0,	0,	1,	1.65255e+009,	-0.660569,	-0.343728,	-0.345038,	-0.0214368,	-0.85125,	-0.204712,	-0.0213908,	0.114158,	-0.957239,	-0.0149685,	-0.00247295,	-0.0157062,	-0.955136,	-0.204909,	-0.0213985,	-0.0822387,	-0.780708,	-0.376062,	-0.0186753,	-0.392132,	-0.4641,	0.70766,	-0.04704,	4769,	-234,	-1,	-459,	4799,	155,	-58,	-140,	4779,	71,	-30,	-336,	
2,	12,	83204,	1.65255e+015,	1,	-10,	-3,	2,	9,	6,	2,	1,	1.65255e+009,	-0.660569,	-0.343728,	-0.345038,	-0.0214368,	-0.85125,	-0.204712,	-0.0213908,	0.114158,	-0.957239,	-0.0149685,	-0.00247295,	-0.0157062,	-0.955136,	-0.204909,	-0.0213985,	-0.0822387,	-0.780708,	-0.376062,	-0.0186753,	-0.392132,	-0.4641,	0.70766,	-0.04704,	4779,	-235,	-3,	-458,	4809,	155,	-58,	-139,	4789,	70,	-31,	-336,	
2,	12,	83282,	1.65255e+015,	-1,	2,	3,	-5,	-2,	-4,	0,	-1,	1.65255e+009,	-0.660569,	-0.343728,	-0.345038,	-0.0214368,	-0.85125,	-0.204712,	-0.0213908,	0.114158,	-0.957239,	-0.0149685,	-0.00247295,	-0.0157062,	-0.955136,	-0.204909,	-0.0213985,	-0.0822387,	-0.780708,	-0.376062,	-0.0186753,	-0.392132,	-0.4641,	0.70766,	-0.04704,	4789,	-236,	-4,	-457,	4819,	155,	-59,	-139,	4799,	71,	-31,	-336,	
2,	12,	83344,	1.65255e+015,	1,	-3,	5,	2,	-3,	0,	1,	-2,	1.65255e+009,	-0.660569,	-0.343728,	-0.345038,	-0.0214368,	-0.85125,	-0.204712,	-0.0213908,	0.114158,	-0.957239,	-0.0149685,	-0.00247295,	-0.0157062,	-0.955136,	-0.204909,	-0.0213985,	-0.0822387,	-0.780708,	-0.376062,	-0.0186753,	-0.392132,	-0.4641,	0.70766,	-0.04704,	4799,	-237,	-4,	-455,	4829,	156,	-58,	-138,	4809,	70,	-31,	-336,	
2,	12,	83422,	1.65255e+015,	0,	11,	12,	6,	4,	2,	-1,	0,	1.65255e+009,	-0.660569,	-0.343728,	-0.345038,	-0.0214368,	-0.85125,	-0.204712,	-0.0213908,	0.114158,	-0.957239,	-0.0149685,	-0.00247295,	-0.0157062,	-0.955136,	-0.204909,	-0.0213985,	-0.0822387,	-0.780708,	-0.376062,	-0.0186753,	-0.392132,	-0.4641,	0.70766,	-0.04704,	4809,	-237,	-4,	-454,	4839,	155,	-59,	-138,	4819,	69,	-31,	-336,	
2,	12,	83500,	1.65255e+015,	-2,	-9,	-14,	-2,	-4,	-4,	-2,	-1,	1.65255e+009,	-0.660569,	-0.343728,	-0.345038,	-0.0214368,	-0.85125,	-0.204712,	-0.0213908,	0.114158,	-0.957239,	-0.0149685,	-0.00247295,	-0.0157062,	-0.955136,	-0.204909,	-0.0213985,	-0.0822387,	-0.780708,	-0.376062,	-0.0186753,	-0.392132,	-0.4641,	0.70766,	-0.04704,	4819,	-238,	-3,	-455,	4849,	156,	-57,	-138,	4829,	71,	-31,	-336,	
2,	12,	83579,	1.65255e+015,	2,	11,	38,	10,	0,	-1,	2,	0,	1.65255e+009,	-0.660569,	-0.343728,	-0.345038,	-0.0214368,	-0.85125,	-0.204712,	-0.0213908,	0.114158,	-0.957239,	-0.0149685,	-0.00247295,	-0.0157062,	-0.955136,	-0.204909,	-0.0213985,	-0.0822387,	-0.780708,	-0.376062,	-0.0186753,	-0.392132,	-0.4641,	0.70766,	-0.04704,	4829,	-238,	-3,	-456,	4859,	155,	-58,	-139,	4839,	70,	-32,	-336,	
2,	12,	83657,	1.65255e+015,	-2,	-1,	24,	5,	-5,	-4,	-1,	-2,	1.65255e+009,	-0.660569,	-0.343728,	-0.345038,	-0.0214368,	-0.85125,	-0.204712,	-0.0213908,	0.114158,	-0.957239,	-0.0149685,	-0.00247295,	-0.0157062,	-0.955136,	-0.204909,	-0.0213985,	-0.0822387,	-0.780708,	-0.376062,	-0.0186753,	-0.392132,	-0.4641,	0.70766,	-0.04704,	4839,	-237,	-3,	-457,	4869,	156,	-58,	-139,	4849,	71,	-31,	-336,	
2,	12,	83719,	1.65255e+015,	2,	-1,	31,	3,	2,	4,	2,	-1,	1.65255e+009,	-0.660569,	-0.343728,	-0.345038,	-0.0214368,	-0.85125,	-0.204712,	-0.0213908,	0.114158,	-0.957239,	-0.0149685,	-0.00247295,	-0.0157062,	-0.955136,	-0.204909,	-0.0213985,	-0.0822387,	-0.780708,	-0.376062,	-0.0186753,	-0.392132,	-0.4641,	0.70766,	-0.04704,	4849,	-237,	-3,	-457,	4879,	154,	-58,	-140,	4859,	70,	-31,	-337,	
2,	12,	83797,	1.65255e+015,	-6,	-21,	-5,	-1,	-4,	-1,	1,	-2,	1.65255e+009,	-0.660569,	-0.343728,	-0.295511,	-0.0411488,	-0.85125,	-0.204712,	-0.0213908,	0.114158,	-0.957239,	-0.0149685,	-0.00247295,	-0.0157062,	-0.955136,	-0.204909,	-0.0213985,	-0.0822387,	-0.780708,	-0.376062,	-0.0186753,	-0.392132,	-0.4641,	0.70766,	-0.04704,	4859,	-238,	-3,	-457,	4889,	154,	-60,	-140,	4869,	70,	-31,	-336,	
2,	12,	83875,	1.65255e+015,	-17,	-11,	2,	-3,	1,	6,	5,	5,	1.65255e+009,	-0.450149,	-0.0973279,	-0.229475,	-0.100285,	-0.85125,	-0.204712,	-0.0213908,	0.114158,	-0.957239,	-0.0149685,	-0.00247295,	-0.0157062,	-0.955136,	-0.204909,	-0.0213985,	-0.0822387,	-0.780708,	-0.376062,	-0.0186753,	-0.392132,	-0.3367,	0.70766,	-0.04704,	4869,	-238,	-3,	-455,	4899,	155,	-60,	-139,	4879,	69,	-30,	-336,	
2,	12,	83954,	1.65255e+015,	-3,	3,	10,	10,	-1,	0,	0,	-8,	1.65255e+009,	-0.254759,	0.198352,	-0.14693,	-0.154493,	-0.787186,	-0.204712,	-0.0213908,	0.114158,	-0.957239,	-0.0149685,	-0.00247295,	-0.0157062,	-0.955136,	-0.204909,	-0.0213985,	-0.0822387,	-0.780708,	-0.376062,	-0.0186753,	-0.368476,	-0.2912,	0.70766,	-0.04704,	4879,	-239,	-5,	-453,	4909,	155,	-59,	-138,	4889,	69,	-32,	-335,	
2,	12,	84032,	1.65255e+015,	4,	-8,	-8,	-2,	15,	10,	3,	-4,	1.65255e+009,	-0.164579,	0.198352,	-0.14693,	-0.184061,	-0.787186,	-0.204712,	-0.0213908,	0.114158,	-0.957239,	-0.0149685,	-0.00247295,	-0.0157062,	-0.955136,	-0.204909,	-0.0213985,	-0.0822387,	-0.780708,	-0.376062,	-0.0186753,	-0.368476,	-0.2912,	0.70766,	-0.04704,	4889,	-239,	-4,	-452,	4919,	156,	-58,	-138,	4899,	70,	-31,	-335,	
2,	12,	84110,	1.65255e+015,	-2,	-7,	18,	15,	5,	2,	0,	-4,	1.65255e+009,	0.0157815,	0.296912,	-0.14693,	-0.243197,	-0.787186,	-0.204712,	-0.0213908,	0.114158,	-0.878389,	-0.0149685,	-0.00247295,	-0.0157062,	-0.955136,	-0.204909,	-0.0213985,	-0.0822387,	-0.780708,	-0.376062,	-0.0186753,	-0.368476,	-0.2912,	0.67314,	-0.04704,	4899,	-240,	-4,	-452,	4929,	156,	-58,	-138,	4909,	70,	-32,	-335,	
2,	12,	84188,	1.65255e+015,	-13,	5,	11,	11,	4,	2,	0,	-8,	1.65255e+009,	0.0759015,	0.296912,	-0.0808941,	-0.267837,	-0.787186,	-0.204712,	-0.0213908,	0.114158,	-0.878389,	-0.0149685,	-0.00247295,	-0.0157062,	-0.955136,	-0.204909,	-0.0213985,	-0.0822387,	-0.780708,	-0.376062,	-0.0186753,	-0.368476,	-0.2912,	0.67314,	-0.04704,	4909,	-238,	-4,	-452,	4939,	156,	-58,	-138,	4919,	70,	-31,	-335,	
2,	12,	84266,	1.65255e+015,	-4,	-27,	11,	1,	-3,	-2,	-4,	-2,	1.65255e+009,	0.136021,	0.296912,	-0.0808941,	-0.267837,	-0.787186,	-0.204712,	-0.0213908,	0.114158,	-0.878389,	-0.0149685,	-0.00247295,	-0.0157062,	-0.955136,	-0.204909,	-0.0213985,	-0.0822387,	-0.780708,	-0.376062,	-0.0186753,	-0.368476,	-0.2912,	0.67314,	-0.04704,	4919,	-239,	-4,	-453,	4949,	156,	-59,	-138,	4929,	70,	-32,	-335,	
2,	12,	84344,	1.65255e+015,	-8,	-2,	36,	37,	4,	1,	0,	5,	1.65255e+009,	0.136021,	0.296912,	-0.0808941,	-0.287549,	-0.787186,	-0.204712,	-0.0213908,	0.114158,	-0.878389,	-0.0149685,	-0.00247295,	-0.0157062,	-0.955136,	-0.204909,	-0.0213985,	-0.0822387,	-0.780708,	-0.376062,	-0.0186753,	-0.368476,	-0.2912,	0.67314,	-0.04704,	4929,	-238,	-4,	-454,	4959,	155,	-60,	-138,	4939,	70,	-32,	-335,	
2,	12,	84422,	1.65255e+015,	-4,	9,	6,	5,	5,	-1,	-1,	-11,	1.65255e+009,	0.136021,	0.296912,	-0.0808941,	-0.287549,	-0.787186,	-0.204712,	-0.0213908,	0.114158,	-0.878389,	-0.0149685,	-0.00247295,	-0.0157062,	-0.955136,	-0.204909,	-0.0213985,	-0.0822387,	-0.780708,	-0.376062,	-0.0186753,	-0.368476,	-0.2912,	0.67314,	-0.04704,	4939,	-237,	-4,	-454,	4969,	155,	-59,	-138,	4949,	70,	-31,	-335,	
2,	12,	84500,	1.65255e+015,	-1,	-15,	-10,	15,	2,	0,	-2,	-1,	1.65255e+009,	0.136021,	0.296912,	-0.0808941,	-0.287549,	-0.787186,	-0.204712,	-0.0213908,	0.114158,	-0.878389,	-0.0149685,	-0.00247295,	-0.0157062,	-0.955136,	-0.204909,	-0.0213985,	-0.0822387,	-0.780708,	-0.376062,	-0.0186753,	-0.368476,	-0.3367,	0.67314,	-0.04704,	4949,	-238,	-4,	-455,	4979,	157,	-58,	-138,	4959,	69,	-32,	-335,	
2,	12,	84579,	1.65255e+015,	14,	11,	-37,	0,	-8,	-8,	-2,	-2,	1.65255e+009,	0.136021,	0.296912,	-0.0808941,	-0.287549,	-0.787186,	-0.204712,	-0.0213908,	0.114158,	-0.878389,	-0.0149685,	-0.00247295,	-0.0157062,	-0.955136,	-0.204909,	-0.0213985,	-0.0822387,	-0.780708,	-0.376062,	-0.0186753,	-0.368476,	-0.3367,	0.67314,	-0.04704,	4959,	-238,	-3,	-455,	4989,	157,	-58,	-138,	4969,	71,	-31,	-335,	
2,	12,	84657,	1.65255e+015,	12,	9,	-3,	-4,	-3,	-1,	1,	-1,	1.65255e+009,	0.136021,	0.296912,	-0.0808941,	-0.287549,	-0.787186,	-0.204712,	-0.0213908,	0.114158,	-0.878389,	-0.0149685,	-0.00247295,	-0.0157062,	-0.955136,	-0.204909,	-0.0213985,	-0.0822387,	-0.780708,	-0.376062,	-0.0186753,	-0.368476,	-0.3367,	0.67314,	-0.04704,	4969,	-238,	-3,	-456,	4999,	157,	-57,	-138,	4979,	70,	-31,	-336,	
2,	12,	84735,	1.65255e+015,	-15,	20,	-4,	3,	1,	3,	0,	0,	1.65255e+009,	0.136021,	0.296912,	-0.0808941,	-0.287549,	-0.787186,	-0.204712,	-0.0213908,	0.114158,	-0.878389,	-0.0149685,	-0.00247295,	-0.0157062,	-0.955136,	-0.204909,	-0.0213985,	-0.0822387,	-0.780708,	-0.376062,	-0.0186753,	-0.368476,	-0.3367,	0.67314,	-0.04704,	4979,	-237,	-3,	-455,	5009,	156,	-57,	-138,	4989,	70,	-31,	-335,	
2,	12,	84813,	1.65255e+015,	3,	4,	6,	4,	1,	0,	-2,	-2,	1.65255e+009,	0.136021,	0.296912,	-0.0808941,	-0.287549,	-0.787186,	-0.204712,	-0.0213908,	0.114158,	-0.878389,	-0.0149685,	-0.00247295,	-0.0157062,	-0.955136,	-0.204909,	-0.0213985,	-0.0822387,	-0.780708,	-0.376062,	-0.0186753,	-0.368476,	-0.3367,	0.67314,	-0.04704,	4989,	-237,	-3,	-455,	5019,	156,	-58,	-138,	4999,	70,	-31,	-335,	
2,	12,	84891,	1.65255e+015,	-4,	4,	0,	-21,	-2,	-1,	1,	2,	1.65255e+009,	0.136021,	0.296912,	-0.0808941,	-0.287549,	-0.787186,	-0.204712,	-0.0213908,	0.114158,	-0.878389,	-0.0149685,	-0.00247295,	-0.0157062,	-0.955136,	-0.204909,	-0.0213985,	-0.0822387,	-0.780708,	-0.376062,	-0.0186753,	-0.368476,	-0.3731,	0.67314,	-0.04704,	4999,	-238,	-4,	-455,	5029,	155,	-58,	-138,	5009,	70,	-32,	-335,	
2,	12,	84969,	1.65255e+015,	-2,	-20,	3,	-3,	-5,	-3,	0,	0,	1.65255e+009,	0.136021,	0.296912,	-0.0808941,	-0.287549,	-0.787186,	-0.204712,	-0.0213908,	0.114158,	-0.878389,	-0.0149685,	-0.00247295,	-0.0157062,	-0.955136,	-0.204909,	-0.0213985,	-0.0822387,	-0.780708,	-0.376062,	-0.0186753,	-0.368476,	-0.3731,	0.67314,	-0.04704,	5009,	-238,	-4,	-454,	5039,	155,	-57,	-138,	5019,	70,	-31,	-335,	
2,	12,	85047,	1.65255e+015,	2,	3,	15,	4,	2,	0,	-2,	1,	1.65255e+009,	0.0608715,	0.296912,	-0.0808941,	-0.257981,	-0.787186,	-0.204712,	-0.0213908,	0.114158,	-0.878389,	-0.0149685,	-0.00247295,	-0.0157062,	-0.955136,	-0.204909,	-0.0213985,	-0.0822387,	-0.780708,	-0.376062,	-0.0186753,	-0.368476,	-0.3731,	0.67314,	-0.04704,	5019,	-237,	-5,	-455,	5049,	155,	-59,	-138,	5029,	70,	-32,	-335,	
2,	12,	85125,	1.65255e+015,	-3,	-2,	-11,	-4,	-2,	-1,	0,	-2,	1.65255e+009,	-0.390029,	-0.0726879,	-0.179948,	-0.0805728,	-0.787186,	-0.204712,	-0.0213908,	0.117091,	-0.878389,	-0.0149685,	-0.00247295,	-0.0127728,	-0.955136,	-0.204909,	-0.0213985,	-0.0911333,	-0.780708,	-0.376062,	-0.0186753,	-0.377371,	-0.3731,	0.67314,	-0.04704,	5029,	-237,	-4,	-455,	5059,	156,	-58,	-138,	5039,	70,	-31,	-335,	
2,	12,	85204,	1.65255e+015,	-2,	-6,	-15,	-2,	2,	0,	-2,	0,	1.65255e+009,	-0.540329,	-0.294448,	-0.328529,	-0.0608608,	-0.787186,	-0.204712,	-0.0213908,	0.117091,	-0.941469,	-0.0948005,	-0.0132402,	-0.0127728,	-0.955136,	-0.204909,	-0.0213985,	-0.0911333,	-0.780708,	-0.376062,	-0.0186753,	-0.377371,	-0.3731,	0.67314,	-0.04704,	5039,	-237,	-5,	-456,	5069,	155,	-58,	-138,	5049,	70,	-31,	-335,	
2,	12,	85282,	1.65255e+015,	-1,	1,	5,	3,	-5,	-3,	-2,	-2,	1.65255e+009,	-0.600448,	-0.294448,	-0.361547,	-0.0312928,	-0.787186,	-0.204712,	-0.0213908,	0.117091,	-0.941469,	-0.0948005,	-0.0132402,	-0.0127728,	-0.955136,	-0.204909,	-0.0213985,	-0.0911333,	-0.780708,	-0.376062,	-0.0186753,	-0.377371,	-0.3731,	0.67314,	-0.04704,	5049,	-237,	-4,	-456,	5079,	156,	-59,	-138,	5059,	70,	-31,	-335,	
2,	12,	85360,	1.65255e+015,	1,	-5,	-9,	12,	1,	-1,	-2,	0,	1.65255e+009,	-0.600448,	-0.294448,	-0.361547,	-0.0312928,	-0.787186,	-0.204712,	-0.0213908,	0.117091,	-0.941469,	-0.0948005,	-0.0132402,	-0.0127728,	-0.955136,	-0.204909,	-0.0213985,	-0.0911333,	-0.780708,	-0.376062,	-0.0186753,	-0.377371,	-0.3731,	0.67314,	-0.04704,	5059,	-238,	-5,	-456,	5089,	157,	-59,	-138,	5069,	69,	-31,	-335,	
2,	12,	85438,	1.65255e+015,	-1,	-3,	0,	51,	-2,	-1,	-2,	-2,	1.65255e+009,	-0.600448,	-0.294448,	-0.361547,	-0.0312928,	-0.787186,	-0.204712,	-0.0213908,	0.117091,	-0.941469,	-0.0948005,	-0.0132402,	-0.0127728,	-0.955136,	-0.204909,	-0.0213985,	-0.0911333,	-0.780708,	-0.376062,	-0.0186753,	-0.377371,	-0.3731,	0.67314,	-0.04704,	5069,	-238,	-5,	-456,	5099,	155,	-59,	-138,	5079,	70,	-32,	-335,	
2,	12,	85516,	1.65255e+015,	0,	-6,	1,	8,	2,	1,	0,	0,	1.65255e+009,	-0.600448,	-0.294448,	-0.361547,	-0.0312928,	-0.787186,	-0.204712,	-0.0213908,	0.117091,	-0.941469,	-0.0948005,	-0.0132402,	-0.0127728,	-0.955136,	-0.204909,	-0.0213985,	-0.0911333,	-0.780708,	-0.376062,	-0.0186753,	-0.377371,	-0.3731,	0.67314,	-0.04704,	5079,	-239,	-4,	-456,	5109,	155,	-58,	-138,	5089,	70,	-32,	-335,	
2,	12,	85594,	1.65255e+015,	-2,	-2,	-7,	-5,	-3,	-3,	-1,	-1,	1.65255e+009,	-0.600448,	-0.294448,	-0.361547,	-0.0312928,	-0.787186,	-0.204712,	-0.0213908,	0.117091,	-0.941469,	-0.0948005,	-0.0132402,	-0.0127728,	-0.955136,	-0.204909,	-0.0213985,	-0.0911333,	-0.780708,	-0.376062,	-0.0186753,	-0.377371,	-0.3731,	0.67314,	-0.04704,	5089,	-238,	-5,	-457,	5119,	155,	-58,	-138,	5099,	70,	-32,	-335,	
2,	12,	85672,	1.65255e+015,	-3,	-7,	-27,	20,	0,	1,	0,	0,	1.65255e+009,	-0.600448,	-0.294448,	-0.361547,	-0.0312928,	-0.787186,	-0.204712,	-0.0213908,	0.117091,	-0.941469,	-0.0948005,	-0.0132402,	-0.0127728,	-0.955136,	-0.204909,	-0.0213985,	-0.0911333,	-0.780708,	-0.376062,	-0.0186753,	-0.377371,	-0.3731,	0.67314,	-0.04704,	5099,	-237,	-4,	-457,	5129,	155,	-57,	-138,	5109,	70,	-32,	-335,	
2,	12,	85750,	1.65255e+015,	-1,	0,	22,	4,	-2,	-1,	1,	-1,	1.65255e+009,	-0.600448,	-0.294448,	-0.361547,	-0.0312928,	-0.787186,	-0.204712,	-0.0213908,	0.117091,	-0.941469,	-0.0948005,	-0.0132402,	-0.0127728,	-0.955136,	-0.204909,	-0.0213985,	-0.0911333,	-0.780708,	-0.376062,	-0.0186753,	-0.377371,	-0.4186,	0.67314,	-0.04704,	5109,	-238,	-4,	-457,	5139,	155,	-58,	-138,	5119,	70,	-30,	-335,	
2,	12,	85829,	1.65255e+015,	-1,	5,	-10,	24,	4,	0,	0,	-2,	1.65255e+009,	-0.600448,	-0.294448,	-0.361547,	-0.0312928,	-0.787186,	-0.204712,	-0.0213908,	0.117091,	-0.941469,	-0.0948005,	-0.0132402,	-0.0127728,	-0.955136,	-0.204909,	-0.0213985,	-0.0911333,	-0.780708,	-0.376062,	-0.0186753,	-0.377371,	-0.4186,	0.67314,	-0.04704,	5119,	-238,	-5,	-458,	5149,	155,	-59,	-138,	5129,	70,	-31,	-335,	
2,	12,	85907,	1.65255e+015,	0,	-3,	-1,	3,	-1,	0,	0,	-1,	1.65255e+009,	-0.600448,	-0.294448,	-0.361547,	-0.0312928,	-0.787186,	-0.204712,	-0.0213908,	0.117091,	-0.941469,	-0.0948005,	-0.0132402,	-0.0127728,	-0.955136,	-0.204909,	-0.0213985,	-0.0911333,	-0.780708,	-0.376062,	-0.0186753,	-0.377371,	-0.4186,	0.67314,	-0.04704,	5129,	-239,	-5,	-458,	5159,	154,	-59,	-138,	5139,	71,	-30,	-335,	
2,	12,	85985,	1.65255e+015,	-3,	0,	10,	-3,	-1,	-1,	-1,	0,	1.65255e+009,	-0.600448,	-0.294448,	-0.361547,	-0.0312928,	-0.787186,	-0.204712,	-0.0213908,	0.117091,	-0.941469,	-0.0948005,	-0.0132402,	-0.0127728,	-0.955136,	-0.204909,	-0.0213985,	-0.0911333,	-0.780708,	-0.376062,	-0.0186753,	-0.377371,	-0.4186,	0.67314,	-0.04704,	5139,	-238,	-5,	-459,	5169,	154,	-58,	-138,	5149,	70,	-31,	-335,	
2,	12,	86063,	1.65255e+015,	-1,	-1,	-10,	-5,	-1,	1,	-1,	-2,	1.65255e+009,	-0.600448,	-0.294448,	-0.361547,	-0.0312928,	-0.787186,	-0.204712,	-0.0213908,	0.117091,	-0.941469,	-0.0948005,	-0.0132402,	-0.0127728,	-0.955136,	-0.204909,	-0.0213985,	-0.0911333,	-0.780708,	-0.376062,	-0.0186753,	-0.377371,	-0.4186,	0.67314,	-0.04704,	5149,	-238,	-4,	-459,	5179,	155,	-58,	-138,	5159,	70,	-30,	-335,	
2,	12,	86141,	1.65255e+015,	0,	-2,	2,	2,	0,	-1,	-1,	1,	1.65255e+009,	-0.600448,	-0.294448,	-0.361547,	-0.0312928,	-0.787186,	-0.204712,	-0.0213908,	0.117091,	-0.941469,	-0.0948005,	-0.0132402,	-0.0127728,	-0.955136,	-0.204909,	-0.0213985,	-0.0911333,	-0.780708,	-0.376062,	-0.0186753,	-0.377371,	-0.4186,	0.67314,	-0.04704,	5159,	-239,	-5,	-458,	5189,	156,	-58,	-138,	5169,	71,	-32,	-335,	
2,	12,	86219,	1.65255e+015,	3,	3,	30,	23,	-3,	-3,	0,	-1,	1.65255e+009,	-0.600448,	-0.294448,	-0.361547,	-0.0312928,	-0.787186,	-0.204712,	-0.0213908,	0.117091,	-0.941469,	-0.0948005,	-0.0132402,	-0.0127728,	-0.955136,	-0.204909,	-0.0213985,	-0.0911333,	-0.780708,	-0.376062,	-0.0186753,	-0.377371,	-0.4186,	0.67314,	-0.04704,	5169,	-238,	-5,	-458,	5199,	156,	-59,	-138,	5179,	71,	-31,	-335,	
2,	12,	86297,	1.65255e+015,	1,	-1,	9,	1,	9,	4,	-1,	1,	1.65255e+009,	-0.600448,	-0.294448,	-0.361547,	-0.0312928,	-0.787186,	-0.204712,	-0.0213908,	0.117091,	-0.941469,	-0.0948005,	-0.0132402,	-0.0127728,	-0.955136,	-0.204909,	-0.0213985,	-0.0911333,	-0.780708,	-0.376062,	-0.0186753,	-0.377371,	-0.4186,	0.67314,	-0.04704,	5179,	-238,	-4,	-458,	5209,	156,	-58,	-138,	5189,	70,	-32,	-335,	
2,	12,	86375,	1.65255e+015,	-2,	6,	23,	8,	1,	-1,	-1,	0,	1.65255e+009,	-0.600448,	-0.294448,	-0.361547,	-0.0312928,	-0.787186,	-0.204712,	-0.0213908,	0.117091,	-0.941469,	-0.0948005,	-0.0132402,	-0.0127728,	-0.955136,	-0.204909,	-0.0213985,	-0.0911333,	-0.780708,	-0.376062,	-0.0186753,	-0.377371,	-0.4186,	0.67314,	-0.04704,	5189,	-238,	-6,	-457,	5219,	156,	-59,	-138,	5199,	70,	-31,	-335,	
2,	12,	86454,	1.65255e+015,	-2,	-4,	8,	-13,	0,	1,	-1,	0,	1.65255e+009,	-0.600448,	-0.294448,	-0.361547,	-0.0312928,	-0.787186,	-0.204712,	-0.0213908,	0.117091,	-0.941469,	-0.0948005,	-0.0132402,	-0.0127728,	-0.955136,	-0.204909,	-0.0213985,	-0.0911333,	-0.780708,	-0.376062,	-0.0186753,	-0.377371,	-0.4186,	0.67314,	-0.04704,	5199,	-238,	-4,	-457,	5229,	156,	-58,	-137,	5209,	70,	-32,	-334,	
2,	12,	86532,	1.65255e+015,	1,	2,	6,	3,	-1,	0,	1,	0,	1.65255e+009,	-0.600448,	-0.294448,	-0.361547,	-0.0312928,	-0.787186,	-0.204712,	-0.0213908,	0.117091,	-0.941469,	-0.0948005,	-0.0132402,	-0.0127728,	-0.955136,	-0.204909,	-0.0213985,	-0.0911333,	-0.780708,	-0.376062,	-0.0186753,	-0.377371,	-0.4186,	0.67314,	-0.04704,	5209,	-238,	-5,	-457,	5239,	156,	-58,	-137,	5219,	70,	-31,	-334,	
2,	12,	86610,	1.65255e+015,	1,	7,	13,	-6,	0,	0,	1,	2,	1.65255e+009,	-0.600448,	-0.294448,	-0.361547,	-0.0312928,	-0.787186,	-0.204712,	-0.0213908,	0.117091,	-0.941469,	-0.0948005,	-0.0132402,	-0.0127728,	-0.955136,	-0.204909,	-0.0213985,	-0.0911333,	-0.780708,	-0.376062,	-0.0186753,	-0.377371,	-0.4186,	0.67314,	-0.04704,	5219,	-237,	-4,	-457,	5249,	156,	-58,	-138,	5229,	71,	-31,	-335,	
2,	12,	86688,	1.65255e+015,	-3,	-6,	16,	4,	-1,	1,	0,	-1,	1.65255e+009,	-0.600448,	-0.294448,	-0.361547,	-0.0312928,	-0.787186,	-0.204712,	-0.0213908,	0.117091,	-0.941469,	-0.0948005,	-0.0132402,	-0.0127728,	-0.955136,	-0.204909,	-0.0213985,	-0.0911333,	-0.780708,	-0.376062,	-0.0186753,	-0.377371,	-0.4186,	0.67314,	-0.04704,	5229,	-238,	-5,	-458,	5259,	155,	-57,	-137,	5239,	70,	-32,	-335,	
2,	12,	86766,	1.65255e+015,	2,	0,	-27,	-1,	0,	-2,	-1,	0,	1.65255e+009,	-0.600448,	-0.294448,	-0.361547,	-0.0312928,	-0.787186,	-0.204712,	-0.0213908,	0.117091,	-0.941469,	-0.0948005,	-0.0132402,	-0.0127728,	-0.955136,	-0.204909,	-0.0213985,	-0.0911333,	-0.780708,	-0.376062,	-0.0186753,	-0.377371,	-0.4186,	0.67314,	-0.04704,	5239,	-237,	-4,	-458,	5269,	156,	-58,	-137,	5249,	71,	-32,	-335,	
2,	12,	86860,	1.65255e+015,	0,	1,	-10,	-1,	-7,	-2,	0,	0,	1.65255e+009,	-0.600448,	-0.294448,	-0.361547,	-0.0312928,	-0.787186,	-0.204712,	-0.0213908,	0.117091,	-0.941469,	-0.0948005,	-0.0132402,	-0.0127728,	-0.955136,	-0.204909,	-0.0213985,	-0.0911333,	-0.780708,	-0.376062,	-0.0186753,	-0.377371,	-0.4186,	0.67314,	-0.04704,	5249,	-237,	-3,	-458,	5279,	155,	-59,	-138,	5259,	71,	-32,	-335,	
2,	12,	86938,	1.65255e+015,	-2,	-10,	-6,	-5,	-3,	-2,	-3,	-1,	1.65255e+009,	-0.600448,	-0.294448,	-0.361547,	-0.0312928,	-0.787186,	-0.204712,	-0.0213908,	0.117091,	-0.941469,	-0.0948005,	-0.0132402,	-0.0127728,	-0.955136,	-0.204909,	-0.0213985,	-0.0911333,	-0.780708,	-0.376062,	-0.0186753,	-0.377371,	-0.4186,	0.67314,	-0.04704,	5259,	-236,	-5,	-459,	5289,	156,	-59,	-138,	5269,	71,	-32,	-335,	
2,	12,	87016,	1.65255e+015,	0,	-4,	2,	5,	-3,	-2,	1,	0,	1.65255e+009,	-0.600448,	-0.294448,	-0.361547,	-0.0312928,	-0.787186,	-0.204712,	-0.0213908,	0.117091,	-0.941469,	-0.0948005,	-0.0132402,	-0.0127728,	-0.955136,	-0.204909,	-0.0213985,	-0.0911333,	-0.780708,	-0.376062,	-0.0186753,	-0.377371,	-0.4186,	0.67314,	-0.04704,	5269,	-235,	-4,	-459,	5299,	157,	-58,	-138,	5279,	70,	-32,	-335,	
2,	12,	87094,	1.65255e+015,	3,	10,	-9,	-3,	5,	1,	0,	2,	1.65255e+009,	-0.600448,	-0.294448,	-0.361547,	-0.0312928,	-0.787186,	-0.204712,	-0.0213908,	0.117091,	-0.941469,	-0.0948005,	-0.0132402,	-0.0127728,	-0.955136,	-0.204909,	-0.0213985,	-0.0911333,	-0.780708,	-0.376062,	-0.0186753,	-0.377371,	-0.4186,	0.67314,	-0.04704,	5279,	-235,	-3,	-459,	5309,	157,	-58,	-138,	5289,	71,	-32,	-335,	
2,	12,	87172,	1.65255e+015,	-1,	5,	24,	24,	-2,	-4,	-3,	-2,	1.65255e+009,	-0.600448,	-0.294448,	-0.361547,	-0.0312928,	-0.787186,	-0.204712,	-0.0213908,	0.117091,	-0.941469,	-0.0948005,	-0.0132402,	-0.0127728,	-0.955136,	-0.204909,	-0.0213985,	-0.0911333,	-0.780708,	-0.376062,	-0.0186753,	-0.377371,	-0.4186,	0.67314,	-0.04704,	5289,	-235,	-3,	-460,	5319,	156,	-58,	-139,	5299,	71,	-32,	-336,	
2,	12,	87250,	1.65255e+015,	-2,	1,	25,	-1,	-1,	1,	-1,	-2,	1.65255e+009,	-0.600448,	-0.294448,	-0.361547,	-0.0312928,	-0.787186,	-0.204712,	-0.0213908,	0.117091,	-0.941469,	-0.0948005,	-0.0132402,	-0.0127728,	-0.955136,	-0.204909,	-0.0213985,	-0.0911333,	-0.780708,	-0.376062,	-0.0186753,	-0.377371,	-0.4186,	0.67314,	-0.04704,	5299,	-234,	-4,	-460,	5329,	156,	-58,	-139,	5309,	71,	-31,	-336,	
2,	12,	87329,	1.65255e+015,	-2,	-1,	4,	-5,	-2,	0,	-1,	-2,	1.65255e+009,	-0.600448,	-0.294448,	-0.361547,	-0.0312928,	-0.787186,	-0.204712,	-0.0213908,	0.117091,	-0.941469,	-0.0948005,	-0.0132402,	-0.0127728,	-0.955136,	-0.204909,	-0.0213985,	-0.0911333,	-0.780708,	-0.376062,	-0.0186753,	-0.377371,	-0.4186,	0.67314,	-0.04704,	5309,	-235,	-3,	-461,	5339,	156,	-58,	-138,	5319,	71,	-31,	-336,	
2,	12,	87422,	1.65255e+015,	0,	1,	-26,	1,	2,	1,	-2,	-2,	1.65255e+009,	-0.600448,	-0.294448,	-0.361547,	-0.0312928,	-0.787186,	-0.204712,	-0.0213908,	0.117091,	-0.941469,	-0.0948005,	-0.0132402,	-0.0127728,	-0.955136,	-0.204909,	-0.0213985,	-0.0911333,	-0.780708,	-0.376062,	-0.0186753,	-0.377371,	-0.4186,	0.67314,	-0.04704,	5319,	-235,	-3,	-461,	5349,	155,	-58,	-138,	5329,	70,	-31,	-335,	
2,	12,	87485,	1.65255e+015,	1,	0,	-16,	-7,	-7,	-3,	-1,	-2,	1.65255e+009,	-0.600448,	-0.294448,	-0.361547,	-0.0312928,	-0.787186,	-0.204712,	-0.0213908,	0.117091,	-0.941469,	-0.0948005,	-0.0132402,	-0.0127728,	-0.955136,	-0.204909,	-0.0213985,	-0.0911333,	-0.780708,	-0.376062,	-0.0186753,	-0.377371,	-0.4186,	0.67314,	-0.04704,	5329,	-235,	-4,	-460,	5359,	156,	-59,	-138,	5339,	71,	-33,	-335,	
2,	12,	87547,	1.65255e+015,	2,	12,	21,	9,	4,	4,	1,	-1,	1.65255e+009,	-0.600448,	-0.294448,	-0.361547,	-0.0312928,	-0.787186,	-0.204712,	-0.0213908,	0.117091,	-0.941469,	-0.0948005,	-0.0132402,	-0.0127728,	-0.955136,	-0.204909,	-0.0213985,	-0.0911333,	-0.780708,	-0.376062,	-0.0186753,	-0.377371,	-0.4186,	0.67314,	-0.04704,	5339,	-236,	-3,	-459,	5369,	157,	-58,	-138,	5349,	71,	-32,	-335,	
2,	12,	87625,	1.65255e+015,	-2,	-5,	10,	6,	-3,	-3,	1,	-1,	1.65255e+009,	-0.600448,	-0.294448,	-0.361547,	-0.0312928,	-0.787186,	-0.204712,	-0.0213908,	0.117091,	-0.941469,	-0.0948005,	-0.0132402,	-0.0127728,	-0.955136,	-0.204909,	-0.0213985,	-0.0911333,	-0.780708,	-0.376062,	-0.0186753,	-0.377371,	-0.4186,	0.67314,	-0.04704,	5349,	-236,	-3,	-459,	5379,	157,	-58,	-137,	5359,	71,	-31,	-335,	
2,	12,	87688,	1.65255e+015,	0,	-4,	-2,	3,	-4,	-6,	-1,	1,	1.65255e+009,	-0.600448,	-0.294448,	-0.361547,	-0.0312928,	-0.787186,	-0.204712,	-0.0213908,	0.117091,	-0.941469,	-0.0948005,	-0.0132402,	-0.0127728,	-0.955136,	-0.204909,	-0.0213985,	-0.0911333,	-0.780708,	-0.376062,	-0.0186753,	-0.377371,	-0.4186,	0.67314,	-0.04704,	5359,	-235,	-2,	-460,	5389,	156,	-57,	-137,	5369,	72,	-30,	-335,	
2,	12,	87750,	1.65255e+015,	-1,	-3,	-8,	-11,	-6,	-3,	-3,	1,	1.65255e+009,	-0.600448,	-0.294448,	-0.361547,	-0.0312928,	-0.787186,	-0.204712,	-0.0213908,	0.117091,	-0.941469,	-0.0948005,	-0.0132402,	-0.0127728,	-0.955136,	-0.204909,	-0.0213985,	-0.0911333,	-0.780708,	-0.376062,	-0.0186753,	-0.377371,	-0.4186,	0.67314,	-0.04704,	5369,	-234,	-3,	-461,	5399,	157,	-56,	-138,	5379,	72,	-30,	-335,	
2,	12,	87813,	1.65255e+015,	1,	7,	-4,	-13,	-1,	-2,	-1,	0,	1.65255e+009,	-0.600448,	-0.294448,	-0.361547,	-0.0312928,	-0.787186,	-0.204712,	-0.0213908,	0.117091,	-0.941469,	-0.0948005,	-0.0132402,	-0.0127728,	-0.955136,	-0.204909,	-0.0213985,	-0.0911333,	-0.780708,	-0.376062,	-0.0186753,	-0.377371,	-0.4186,	0.67314,	-0.04704,	5379,	-234,	-2,	-462,	5409,	157,	-58,	-139,	5389,	71,	-32,	-335,	
2,	12,	87891,	1.65255e+015,	2,	2,	-9,	-5,	-6,	-1,	-1,	2,	1.65255e+009,	-0.600448,	-0.294448,	-0.361547,	-0.0312928,	-0.787186,	-0.204712,	-0.0213908,	0.117091,	-0.941469,	-0.0948005,	-0.0132402,	-0.0127728,	-0.955136,	-0.204909,	-0.0213985,	-0.0911333,	-0.780708,	-0.376062,	-0.0186753,	-0.377371,	-0.4186,	0.67314,	-0.04704,	5389,	-234,	-2,	-462,	5419,	157,	-57,	-139,	5399,	72,	-31,	-336,	
2,	12,	87954,	1.65255e+015,	-6,	-10,	-3,	-20,	-6,	-5,	-3,	-3,	1.65255e+009,	-0.600448,	-0.294448,	-0.361547,	-0.0312928,	-0.787186,	-0.204712,	-0.0213908,	0.117091,	-0.941469,	-0.0948005,	-0.0132402,	-0.0127728,	-0.955136,	-0.204909,	-0.0213985,	-0.0911333,	-0.780708,	-0.376062,	-0.0186753,	-0.377371,	-0.4186,	0.67314,	-0.04704,	5399,	-234,	-3,	-463,	5429,	156,	-58,	-139,	5409,	72,	-31,	-336,	
2,	12,	88016,	1.65255e+015,	-5,	-6,	-17,	-2,	-6,	-3,	-2,	0,	1.65255e+009,	-0.600448,	-0.294448,	-0.361547,	-0.0312928,	-0.787186,	-0.204712,	-0.0213908,	0.117091,	-0.941469,	-0.0948005,	-0.0132402,	-0.0127728,	-0.955136,	-0.204909,	-0.0213985,	-0.0911333,	-0.780708,	-0.376062,	-0.0186753,	-0.377371,	-0.4186,	0.67314,	-0.04704,	5409,	-234,	-2,	-463,	5439,	157,	-58,	-138,	5419,	72,	-31,	-336,	
2,	12,	88079,	1.65255e+015,	-2,	3,	0,	-15,	-1,	0,	-2,	0,	1.65255e+009,	-0.600448,	-0.294448,	-0.361547,	-0.0312928,	-0.787186,	-0.204712,	-0.0213908,	0.117091,	-0.941469,	-0.0948005,	-0.0132402,	-0.0127728,	-0.955136,	-0.204909,	-0.0213985,	-0.0911333,	-0.780708,	-0.376062,	-0.0186753,	-0.377371,	-0.4186,	0.67314,	-0.04704,	5419,	-233,	-2,	-463,	5449,	156,	-58,	-139,	5429,	71,	-32,	-336,	
