1,	9,	773969,	1.65255e+015,	-3,	-5,	-3,	-1,	1,	-1,	1,	0,	1.65255e+009,	-0.600448,	-0.516208,	-0.378056,	-0.0362208,	-0.803202,	-0.41859,	-0.0150907,	0.107486,	-0.862619,	-0.434087,	-0.0134968,	-0.0135059,	-0.803355,	-0.648434,	-0.0243155,	-0.0800384,	-0.714918,	-0.593883,	-0.0119028,	-0.348534,	-0.4277,	0.56095,	-0.05096,	38399,	-334,	-25,	-381,	38429,	118,	2,	-129,	38409,	64,	-23,	-301,	
1,	9,	774032,	1.65255e+015,	-2,	-2,	-4,	2,	0,	0,	0,	-2,	1.65255e+009,	-0.600448,	-0.516208,	-0.378056,	-0.0362208,	-0.803202,	-0.41859,	-0.0150907,	0.107486,	-0.862619,	-0.434087,	-0.0134968,	-0.0135059,	-0.803355,	-0.648434,	-0.0243155,	-0.0800384,	-0.714918,	-0.593883,	-0.0119028,	-0.348534,	-0.4277,	0.56095,	-0.05096,	38409,	-340,	-24,	-372,	38439,	118,	1,	-129,	38419,	65,	-25,	-301,	
1,	9,	774094,	1.65255e+015,	0,	5,	2,	2,	-1,	-2,	1,	-1,	1.65255e+009,	-0.600448,	-0.516208,	-0.378056,	-0.0362208,	-0.803202,	-0.41859,	-0.0150907,	0.107486,	-0.862619,	-0.434087,	-0.0134968,	-0.0135059,	-0.803355,	-0.648434,	-0.0243155,	-0.0800384,	-0.714918,	-0.593883,	-0.0119028,	-0.348534,	-0.4277,	0.56095,	-0.05096,	38419,	-345,	-25,	-361,	38449,	119,	0,	-127,	38429,	67,	-26,	-299,	
1,	9,	774157,	1.65255e+015,	-1,	-6,	-6,	-2,	-4,	0,	-1,	8,	1.65255e+009,	-0.600448,	-0.516208,	-0.378056,	-0.0362208,	-0.803202,	-0.41859,	-0.0150907,	0.107486,	-0.862619,	-0.434087,	-0.0134968,	-0.0135059,	-0.803355,	-0.648434,	-0.0243155,	-0.0800384,	-0.714918,	-0.593883,	-0.0119028,	-0.348534,	-0.4277,	0.56095,	-0.05096,	38429,	-348,	-22,	-350,	38459,	120,	-2,	-125,	38439,	67,	-28,	-296,	
1,	9,	774219,	1.65255e+015,	-1,	0,	-1,	0,	-1,	-3,	-3,	-4,	1.65255e+009,	-0.600448,	-0.516208,	-0.378056,	-0.0362208,	-0.803202,	-0.41859,	-0.0150907,	0.107486,	-0.862619,	-0.434087,	-0.0134968,	-0.0135059,	-0.803355,	-0.648434,	-0.0243155,	-0.0800384,	-0.714918,	-0.593883,	-0.0119028,	-0.348534,	-0.4277,	0.56095,	-0.05096,	38439,	-349,	-22,	-340,	38469,	121,	-4,	-123,	38449,	66,	-29,	-295,	
1,	9,	774282,	1.65255e+015,	0,	3,	11,	3,	-2,	-2,	-1,	1,	1.65255e+009,	-0.600448,	-0.516208,	-0.378056,	-0.0362208,	-0.803202,	-0.41859,	-0.0150907,	0.107486,	-0.862619,	-0.434087,	-0.0134968,	-0.0135059,	-0.803355,	-0.648434,	-0.0243155,	-0.0800384,	-0.714918,	-0.593883,	-0.0119028,	-0.348534,	-0.4277,	0.56095,	-0.05096,	38449,	-350,	-22,	-334,	38479,	120,	-7,	-122,	38459,	65,	-31,	-294,	
1,	9,	774360,	1.65255e+015,	-1,	-2,	-5,	-2,	-1,	-2,	0,	5,	1.65255e+009,	-0.600448,	-0.516208,	-0.378056,	-0.0362208,	-0.803202,	-0.41859,	-0.0150907,	0.107486,	-0.862619,	-0.434087,	-0.0134968,	-0.0135059,	-0.803355,	-0.648434,	-0.0243155,	-0.0800384,	-0.714918,	-0.593883,	-0.0119028,	-0.348534,	-0.4277,	0.56095,	-0.05096,	38459,	-351,	-26,	-329,	38489,	119,	-10,	-122,	38469,	63,	-30,	-294,	
1,	9,	774422,	1.65255e+015,	-4,	-7,	-5,	-2,	-1,	-2,	-2,	-1,	1.65255e+009,	-0.600448,	-0.516208,	-0.378056,	-0.0362208,	-0.803202,	-0.41859,	-0.0150907,	0.107486,	-0.862619,	-0.434087,	-0.0134968,	-0.0135059,	-0.803355,	-0.648434,	-0.0243155,	-0.0800384,	-0.714918,	-0.593883,	-0.0119028,	-0.348534,	-0.4277,	0.56095,	-0.05096,	38469,	-352,	-31,	-325,	38499,	117,	-12,	-121,	38479,	61,	-29,	-292,	
1,	9,	774500,	1.65255e+015,	3,	9,	7,	2,	-1,	-1,	-1,	1,	1.65255e+009,	-0.600448,	-0.516208,	-0.378056,	-0.0362208,	-0.803202,	-0.41859,	-0.0150907,	0.107486,	-0.862619,	-0.434087,	-0.0134968,	-0.0135059,	-0.803355,	-0.648434,	-0.0243155,	-0.0800384,	-0.714918,	-0.593883,	-0.0119028,	-0.348534,	-0.4277,	0.56095,	-0.05096,	38479,	-355,	-35,	-321,	38509,	114,	-13,	-120,	38489,	59,	-29,	-290,	
1,	9,	774563,	1.65255e+015,	0,	-1,	-7,	-5,	-2,	0,	0,	-2,	1.65255e+009,	-0.600448,	-0.516208,	-0.378056,	-0.0362208,	-0.803202,	-0.41859,	-0.0150907,	0.107486,	-0.862619,	-0.434087,	-0.0134968,	-0.0135059,	-0.803355,	-0.648434,	-0.0243155,	-0.0800384,	-0.714918,	-0.593883,	-0.0119028,	-0.348534,	-0.4277,	0.56095,	-0.05096,	38489,	-362,	-37,	-311,	38519,	111,	-14,	-120,	38499,	59,	-30,	-287,	
1,	9,	774625,	1.65255e+015,	-1,	-8,	-4,	-4,	0,	0,	1,	-1,	1.65255e+009,	-0.600448,	-0.516208,	-0.378056,	-0.0362208,	-0.803202,	-0.41859,	-0.0150907,	0.107486,	-0.862619,	-0.434087,	-0.0134968,	-0.0135059,	-0.803355,	-0.648434,	-0.0243155,	-0.0800384,	-0.714918,	-0.593883,	-0.0119028,	-0.348534,	-0.4277,	0.56095,	-0.05096,	38499,	-372,	-38,	-293,	38529,	110,	-12,	-116,	38509,	59,	-31,	-284,	
1,	9,	774704,	1.65255e+015,	2,	11,	5,	1,	0,	0,	-1,	-10,	1.65255e+009,	-0.600448,	-0.516208,	-0.378056,	-0.0362208,	-0.803202,	-0.41859,	-0.0150907,	0.107486,	-0.862619,	-0.434087,	-0.0134968,	-0.0135059,	-0.803355,	-0.648434,	-0.0243155,	-0.0800384,	-0.714918,	-0.593883,	-0.0119028,	-0.348534,	-0.4277,	0.56095,	-0.05096,	38509,	-381,	-37,	-276,	38539,	109,	-12,	-112,	38519,	61,	-32,	-279,	
1,	9,	774782,	1.65255e+015,	-5,	-6,	-3,	-4,	-2,	-1,	-2,	-2,	1.65255e+009,	-0.600448,	-0.516208,	-0.378056,	-0.0362208,	-0.803202,	-0.41859,	-0.0150907,	0.107486,	-0.862619,	-0.434087,	-0.0134968,	-0.0135059,	-0.803355,	-0.648434,	-0.0243155,	-0.0800384,	-0.714918,	-0.593883,	-0.0119028,	-0.348534,	-0.4277,	0.56095,	-0.05096,	38519,	-385,	-36,	-261,	38549,	107,	-13,	-109,	38529,	60,	-31,	-274,	
1,	9,	774860,	1.65255e+015,	-1,	-5,	-1,	-3,	-1,	-1,	-2,	3,	1.65255e+009,	-0.600448,	-0.516208,	-0.378056,	-0.0362208,	-0.803202,	-0.41859,	-0.0150907,	0.107486,	-0.862619,	-0.434087,	-0.0134968,	-0.0135059,	-0.803355,	-0.648434,	-0.0243155,	-0.0800384,	-0.714918,	-0.593883,	-0.0119028,	-0.348534,	-0.4277,	0.56095,	-0.05096,	38529,	-391,	-37,	-249,	38559,	105,	-12,	-106,	38539,	56,	-31,	-271,	
1,	9,	774938,	1.65255e+015,	-1,	5,	4,	-5,	-4,	-3,	-2,	1,	1.65255e+009,	-0.600448,	-0.516208,	-0.378056,	-0.0362208,	-0.803202,	-0.41859,	-0.0150907,	0.107486,	-0.862619,	-0.434087,	-0.0134968,	-0.0135059,	-0.803355,	-0.648434,	-0.0243155,	-0.0800384,	-0.714918,	-0.593883,	-0.0119028,	-0.348534,	-0.4277,	0.56095,	-0.05096,	38539,	-395,	-37,	-237,	38569,	101,	-11,	-103,	38549,	54,	-30,	-269,	
1,	9,	775016,	1.65255e+015,	1,	2,	-3,	2,	1,	1,	0,	4,	1.65255e+009,	-0.600448,	-0.516208,	-0.378056,	-0.0362208,	-0.803202,	-0.41859,	-0.0150907,	0.107486,	-0.862619,	-0.434087,	-0.0134968,	-0.0135059,	-0.803355,	-0.648434,	-0.0243155,	-0.0800384,	-0.714918,	-0.593883,	-0.0119028,	-0.348534,	-0.4277,	0.56095,	-0.05096,	38549,	-401,	-37,	-227,	38579,	98,	-11,	-101,	38559,	51,	-29,	-268,	
1,	9,	775094,	1.65255e+015,	0,	9,	-1,	-3,	-2,	-3,	-1,	-1,	1.65255e+009,	-0.600448,	-0.516208,	-0.378056,	-0.0362208,	-0.803202,	-0.41859,	-0.0150907,	0.107486,	-0.862619,	-0.434087,	-0.0134968,	-0.0135059,	-0.803355,	-0.57747,	-0.00854093,	-0.0800384,	-0.714918,	-0.542631,	-0.00197613,	-0.348534,	-0.4277,	0.56095,	-0.05096,	38559,	-404,	-38,	-219,	38589,	96,	-8,	-98,	38569,	50,	-27,	-266,	
1,	9,	775188,	1.65255e+015,	-1,	-2,	-2,	0,	-2,	-2,	0,	-1,	1.65255e+009,	-0.600448,	-0.516208,	-0.378056,	-0.0559328,	-0.803202,	-0.41859,	-0.0150907,	0.107486,	-0.862619,	-0.434087,	-0.0134968,	-0.0135059,	-0.803355,	-0.57747,	-0.00854093,	-0.0800384,	-0.714918,	-0.542631,	-0.00197613,	-0.348534,	-0.4277,	0.56095,	-0.05096,	38569,	-407,	-36,	-213,	38599,	92,	-7,	-96,	38579,	47,	-24,	-266,	
1,	9,	775266,	1.65255e+015,	0,	1,	1,	1,	1,	-1,	-1,	1,	1.65255e+009,	-0.600448,	-0.516208,	-0.378056,	-0.0559328,	-0.803202,	-0.41859,	-0.0150907,	0.107486,	-0.862619,	-0.434087,	-0.0134968,	-0.0135059,	-0.803355,	-0.57747,	-0.00854093,	-0.0800384,	-0.714918,	-0.542631,	-0.00197613,	-0.348534,	-0.4277,	0.56095,	-0.05096,	38579,	-413,	-38,	-209,	38609,	89,	-5,	-92,	38589,	43,	-21,	-266,	
1,	9,	775344,	1.65255e+015,	0,	2,	-3,	6,	5,	-1,	-1,	-1,	1.65255e+009,	-0.600448,	-0.516208,	-0.378056,	-0.0559328,	-0.803202,	-0.41859,	-0.0150907,	0.107486,	-0.862619,	-0.434087,	-0.0134968,	-0.0135059,	-0.803355,	-0.57747,	-0.00854093,	-0.0800384,	-0.714918,	-0.542631,	-0.00197613,	-0.348534,	-0.4277,	0.56095,	-0.05096,	38589,	-415,	-39,	-206,	38619,	87,	-4,	-90,	38599,	42,	-18,	-263,	
1,	9,	775422,	1.65255e+015,	-4,	-3,	-5,	-6,	-4,	0,	-1,	-1,	1.65255e+009,	-0.600448,	-0.516208,	-0.378056,	-0.0559328,	-0.803202,	-0.41859,	-0.0150907,	0.107486,	-0.862619,	-0.434087,	-0.0134968,	-0.0135059,	-0.803355,	-0.57747,	-0.00854093,	-0.0800384,	-0.714918,	-0.542631,	-0.00197613,	-0.348534,	-0.4277,	0.56095,	-0.05096,	38599,	-419,	-40,	-204,	38629,	86,	-1,	-88,	38609,	40,	-19,	-262,	
1,	9,	775500,	1.65255e+015,	-2,	-13,	-9,	-1,	1,	-1,	-2,	0,	1.65255e+009,	-0.600448,	-0.516208,	-0.378056,	-0.0559328,	-0.803202,	-0.41859,	-0.0150907,	0.107486,	-0.862619,	-0.434087,	-0.0134968,	-0.0135059,	-0.803355,	-0.57747,	-0.00854093,	-0.0800384,	-0.714918,	-0.542631,	-0.00197613,	-0.348534,	-0.4277,	0.56095,	-0.05096,	38609,	-421,	-40,	-203,	38639,	86,	0,	-87,	38619,	41,	-18,	-261,	
1,	9,	775579,	1.65255e+015,	0,	2,	4,	-1,	0,	-1,	-2,	-2,	1.65255e+009,	-0.600448,	-0.516208,	-0.378056,	-0.0559328,	-0.803202,	-0.41859,	-0.0150907,	0.107486,	-0.862619,	-0.434087,	-0.0134968,	-0.0135059,	-0.803355,	-0.57747,	-0.00854093,	-0.0800384,	-0.714918,	-0.542631,	-0.00197613,	-0.348534,	-0.4277,	0.56095,	-0.05096,	38619,	-420,	-39,	-203,	38649,	86,	-1,	-88,	38629,	42,	-19,	-262,	
1,	9,	775657,	1.65255e+015,	0,	-3,	-7,	-7,	-1,	1,	0,	-1,	1.65255e+009,	-0.600448,	-0.516208,	-0.378056,	-0.0559328,	-0.803202,	-0.41859,	-0.0150907,	0.107486,	-0.862619,	-0.434087,	-0.0134968,	-0.0135059,	-0.803355,	-0.57747,	-0.00854093,	-0.0800384,	-0.714918,	-0.542631,	-0.00197613,	-0.348534,	-0.4277,	0.56095,	-0.05096,	38629,	-419,	-41,	-205,	38659,	90,	-3,	-89,	38639,	45,	-20,	-263,	
1,	9,	775750,	1.65255e+015,	-1,	-4,	-1,	-2,	-1,	1,	-1,	0,	1.65255e+009,	-0.600448,	-0.516208,	-0.378056,	-0.0559328,	-0.803202,	-0.41859,	-0.0150907,	0.107486,	-0.862619,	-0.434087,	-0.0134968,	-0.0135059,	-0.803355,	-0.57747,	-0.00854093,	-0.0800384,	-0.714918,	-0.542631,	-0.00197613,	-0.348534,	-0.4277,	0.56095,	-0.05096,	38639,	-415,	-41,	-211,	38669,	91,	-4,	-89,	38649,	47,	-22,	-262,	
1,	9,	775813,	1.65255e+015,	-1,	2,	0,	2,	-1,	1,	0,	0,	1.65255e+009,	-0.600448,	-0.516208,	-0.378056,	-0.0559328,	-0.803202,	-0.41859,	-0.0150907,	0.107486,	-0.862619,	-0.434087,	-0.0134968,	-0.0135059,	-0.803355,	-0.57747,	-0.00854093,	-0.0800384,	-0.714918,	-0.542631,	-0.00197613,	-0.348534,	-0.4277,	0.56095,	-0.05096,	38649,	-414,	-42,	-218,	38679,	95,	-7,	-90,	38659,	51,	-23,	-261,	
1,	9,	775891,	1.65255e+015,	-3,	-3,	10,	-1,	-2,	-3,	0,	-1,	1.65255e+009,	-0.600448,	-0.516208,	-0.378056,	-0.0559328,	-0.803202,	-0.41859,	-0.0150907,	0.107486,	-0.862619,	-0.434087,	-0.0134968,	-0.0135059,	-0.803355,	-0.57747,	-0.00854093,	-0.0800384,	-0.714918,	-0.542631,	-0.00197613,	-0.348534,	-0.4277,	0.56095,	-0.05096,	38659,	-409,	-43,	-225,	38689,	95,	-9,	-92,	38669,	52,	-24,	-261,	
1,	9,	775969,	1.65255e+015,	-2,	4,	-2,	-3,	-3,	1,	0,	-1,	1.65255e+009,	-0.600448,	-0.516208,	-0.378056,	-0.0559328,	-0.803202,	-0.41859,	-0.0150907,	0.107486,	-0.862619,	-0.434087,	-0.0134968,	-0.0135059,	-0.803355,	-0.57747,	-0.00854093,	-0.0800384,	-0.714918,	-0.542631,	-0.00197613,	-0.348534,	-0.4277,	0.56095,	-0.05096,	38669,	-405,	-42,	-232,	38699,	94,	-10,	-94,	38679,	52,	-26,	-263,	
1,	9,	776032,	1.65255e+015,	-1,	1,	1,	-4,	-1,	-1,	0,	0,	1.65255e+009,	-0.600448,	-0.516208,	-0.378056,	-0.0559328,	-0.803202,	-0.41859,	-0.0150907,	0.107486,	-0.862619,	-0.434087,	-0.0134968,	-0.0135059,	-0.803355,	-0.57747,	-0.00854093,	-0.0800384,	-0.714918,	-0.542631,	-0.00197613,	-0.348534,	-0.4277,	0.56095,	-0.05096,	38679,	-401,	-43,	-240,	38709,	95,	-10,	-96,	38689,	51,	-25,	-265,	
1,	9,	776094,	1.65255e+015,	2,	4,	2,	4,	-1,	-1,	-2,	-1,	1.65255e+009,	-0.600448,	-0.516208,	-0.378056,	-0.0559328,	-0.803202,	-0.41859,	-0.0150907,	0.107486,	-0.862619,	-0.434087,	-0.0134968,	-0.0135059,	-0.803355,	-0.57747,	-0.00854093,	-0.0800384,	-0.714918,	-0.542631,	-0.00197613,	-0.348534,	-0.4277,	0.56095,	-0.05096,	38689,	-396,	-42,	-248,	38719,	97,	-10,	-99,	38699,	54,	-24,	-267,	
1,	9,	776172,	1.65255e+015,	-3,	-11,	-6,	-5,	-2,	-2,	-3,	-3,	1.65255e+009,	-0.600448,	-0.516208,	-0.378056,	-0.0559328,	-0.803202,	-0.41859,	-0.0150907,	0.107486,	-0.862619,	-0.434087,	-0.0134968,	-0.0135059,	-0.803355,	-0.57747,	-0.00854093,	-0.0800384,	-0.714918,	-0.542631,	-0.00197613,	-0.348534,	-0.4277,	0.56095,	-0.05096,	38699,	-393,	-42,	-255,	38729,	99,	-11,	-101,	38709,	55,	-25,	-270,	
1,	9,	776235,	1.65255e+015,	-1,	0,	-5,	-3,	-3,	-2,	-3,	-3,	1.65255e+009,	-0.600448,	-0.516208,	-0.378056,	-0.0559328,	-0.803202,	-0.41859,	-0.0150907,	0.107486,	-0.862619,	-0.434087,	-0.0134968,	-0.0135059,	-0.803355,	-0.57747,	-0.00854093,	-0.0800384,	-0.714918,	-0.542631,	-0.00197613,	-0.348534,	-0.4277,	0.56095,	-0.05096,	38709,	-391,	-41,	-258,	38739,	101,	-12,	-103,	38719,	56,	-23,	-272,	
1,	9,	776313,	1.65255e+015,	0,	2,	1,	-3,	0,	0,	0,	1,	1.65255e+009,	-0.600448,	-0.516208,	-0.378056,	-0.0559328,	-0.803202,	-0.41859,	-0.0150907,	0.107486,	-0.862619,	-0.434087,	-0.0134968,	-0.0135059,	-0.803355,	-0.57747,	-0.00854093,	-0.0800384,	-0.714918,	-0.542631,	-0.00197613,	-0.348534,	-0.4277,	0.56095,	-0.05096,	38719,	-389,	-41,	-261,	38749,	101,	-12,	-104,	38729,	56,	-25,	-274,	
1,	9,	776375,	1.65255e+015,	-2,	-2,	-1,	-4,	-2,	-1,	-1,	-1,	1.65255e+009,	-0.600448,	-0.516208,	-0.378056,	-0.0559328,	-0.803202,	-0.41859,	-0.0150907,	0.107486,	-0.862619,	-0.434087,	-0.0134968,	-0.0135059,	-0.803355,	-0.57747,	-0.00854093,	-0.0800384,	-0.714918,	-0.542631,	-0.00197613,	-0.348534,	-0.4277,	0.56095,	-0.05096,	38729,	-384,	-41,	-265,	38759,	100,	-13,	-105,	38739,	55,	-23,	-275,	
1,	9,	776469,	1.65255e+015,	0,	0,	5,	3,	-2,	-2,	-1,	0,	1.65255e+009,	-0.600448,	-0.516208,	-0.378056,	-0.0559328,	-0.803202,	-0.41859,	-0.0150907,	0.107486,	-0.862619,	-0.434087,	-0.0134968,	-0.0135059,	-0.803355,	-0.57747,	-0.00854093,	-0.0800384,	-0.714918,	-0.542631,	-0.00197613,	-0.348534,	-0.4277,	0.56095,	-0.05096,	38739,	-383,	-41,	-269,	38769,	101,	-12,	-106,	38749,	54,	-21,	-277,	
1,	9,	776532,	1.65255e+015,	-1,	-3,	2,	-3,	-3,	-1,	0,	0,	1.65255e+009,	-0.600448,	-0.516208,	-0.378056,	-0.0559328,	-0.803202,	-0.41859,	-0.0150907,	0.107486,	-0.862619,	-0.434087,	-0.0134968,	-0.0135059,	-0.803355,	-0.57747,	-0.00854093,	-0.0800384,	-0.714918,	-0.542631,	-0.00197613,	-0.348534,	-0.4277,	0.56095,	-0.05096,	38749,	-381,	-41,	-274,	38779,	101,	-9,	-107,	38759,	55,	-21,	-279,	
1,	9,	776625,	1.65255e+015,	-1,	-2,	-3,	2,	-2,	-3,	-1,	-2,	1.65255e+009,	-0.600448,	-0.516208,	-0.378056,	-0.0559328,	-0.803202,	-0.41859,	-0.0150907,	0.107486,	-0.862619,	-0.434087,	-0.0134968,	-0.0135059,	-0.803355,	-0.57747,	-0.00854093,	-0.0800384,	-0.714918,	-0.542631,	-0.00197613,	-0.348534,	-0.4277,	0.56095,	-0.05096,	38759,	-380,	-41,	-275,	38789,	104,	-7,	-108,	38769,	57,	-21,	-280,	
1,	9,	776704,	1.65255e+015,	1,	1,	3,	1,	1,	0,	0,	2,	1.65255e+009,	-0.600448,	-0.516208,	-0.378056,	-0.0559328,	-0.803202,	-0.41859,	-0.0150907,	0.107486,	-0.862619,	-0.434087,	-0.0134968,	-0.0135059,	-0.803355,	-0.57747,	-0.00854093,	-0.0800384,	-0.714918,	-0.542631,	-0.00197613,	-0.348534,	-0.4277,	0.56095,	-0.05096,	38769,	-379,	-40,	-276,	38799,	105,	-4,	-108,	38779,	60,	-21,	-280,	
1,	9,	776782,	1.65255e+015,	0,	3,	-1,	0,	-1,	-1,	-1,	-1,	1.65255e+009,	-0.600448,	-0.516208,	-0.378056,	-0.0559328,	-0.803202,	-0.41859,	-0.0150907,	0.107486,	-0.862619,	-0.434087,	-0.0134968,	-0.0135059,	-0.803355,	-0.57747,	-0.00854093,	-0.0800384,	-0.714918,	-0.542631,	-0.00197613,	-0.348534,	-0.4277,	0.56095,	-0.05096,	38779,	-378,	-38,	-276,	38809,	106,	-4,	-108,	38789,	61,	-20,	-279,	
1,	9,	776860,	1.65255e+015,	2,	10,	2,	1,	1,	0,	1,	-2,	1.65255e+009,	-0.600448,	-0.516208,	-0.378056,	-0.0559328,	-0.803202,	-0.41859,	-0.0150907,	0.107486,	-0.862619,	-0.434087,	-0.0134968,	-0.0135059,	-0.803355,	-0.57747,	-0.00854093,	-0.0800384,	-0.714918,	-0.542631,	-0.00197613,	-0.348534,	-0.4277,	0.56095,	-0.05096,	38789,	-379,	-37,	-276,	38819,	106,	-6,	-108,	38799,	61,	-20,	-278,	
2,	9,	776969,	1.65255e+015,	-3,	-6,	-1,	1,	-2,	0,	1,	-2,	1.65255e+009,	-0.600448,	-0.516208,	-0.378056,	-0.0559328,	-0.803202,	-0.41859,	-0.0150907,	0.107486,	-0.862619,	-0.434087,	-0.0134968,	-0.0135059,	-0.803355,	-0.57747,	-0.00854093,	-0.0800384,	-0.714918,	-0.542631,	-0.00197613,	-0.348534,	-0.4277,	0.56095,	-0.05096,	38799,	-380,	-38,	-277,	38829,	106,	-7,	-107,	38809,	61,	-21,	-277,	
2,	9,	777047,	1.65255e+015,	-1,	-2,	-3,	-4,	-3,	-1,	-1,	0,	1.65255e+009,	-0.600448,	-0.516208,	-0.378056,	-0.0559328,	-0.739138,	-0.41859,	-0.0150907,	0.107486,	-0.862619,	-0.434087,	-0.0134968,	-0.0135059,	-0.803355,	-0.57747,	-0.00854093,	-0.0800384,	-0.714918,	-0.542631,	-0.00197613,	-0.348534,	-0.4277,	0.56095,	-0.05096,	38809,	-378,	-38,	-278,	38839,	107,	-8,	-107,	38819,	60,	-22,	-277,	
2,	9,	777125,	1.65255e+015,	0,	-1,	-3,	-7,	-1,	0,	-2,	-1,	1.65255e+009,	-0.600448,	-0.516208,	-0.378056,	-0.0559328,	-0.739138,	-0.41859,	-0.0150907,	0.107486,	-0.862619,	-0.434087,	-0.0134968,	-0.0135059,	-0.803355,	-0.57747,	-0.00854093,	-0.0800384,	-0.714918,	-0.542631,	-0.00197613,	-0.348534,	-0.4277,	0.56095,	-0.05096,	38819,	-375,	-39,	-281,	38849,	106,	-9,	-106,	38829,	60,	-21,	-277,	
2,	9,	777204,	1.65255e+015,	-3,	-6,	-5,	-4,	-2,	-2,	-1,	-2,	1.65255e+009,	-0.600448,	-0.516208,	-0.378056,	-0.0559328,	-0.739138,	-0.41859,	-0.0150907,	0.107486,	-0.862619,	-0.434087,	-0.0134968,	-0.0135059,	-0.803355,	-0.57747,	-0.00854093,	-0.0800384,	-0.714918,	-0.542631,	-0.00197613,	-0.348534,	-0.4277,	0.56095,	-0.05096,	38829,	-372,	-39,	-284,	38859,	108,	-10,	-107,	38839,	58,	-22,	-278,	
2,	9,	777282,	1.65255e+015,	0,	7,	1,	-1,	2,	1,	0,	2,	1.65255e+009,	-0.600448,	-0.516208,	-0.378056,	-0.0559328,	-0.739138,	-0.41859,	-0.0150907,	0.107486,	-0.862619,	-0.434087,	-0.0134968,	-0.0135059,	-0.803355,	-0.57747,	-0.00854093,	-0.0800384,	-0.714918,	-0.542631,	-0.00197613,	-0.348534,	-0.4277,	0.56095,	-0.05096,	38839,	-369,	-39,	-290,	38869,	107,	-9,	-108,	38849,	57,	-20,	-280,	
2,	9,	777360,	1.65255e+015,	-6,	-15,	-7,	-10,	-2,	-2,	1,	-1,	1.65255e+009,	-0.600448,	-0.516208,	-0.378056,	-0.0559328,	-0.739138,	-0.281097,	-0.0225015,	0.107486,	-0.862619,	-0.434087,	-0.0134968,	-0.0135059,	-0.803355,	-0.57747,	-0.00854093,	-0.0800384,	-0.714918,	-0.542631,	-0.00197613,	-0.348534,	-0.4277,	0.56095,	-0.05096,	38849,	-368,	-37,	-297,	38879,	106,	-9,	-110,	38859,	56,	-19,	-282,	
2,	9,	777438,	1.65255e+015,	0,	0,	-2,	1,	1,	1,	-5,	-8,	1.65255e+009,	-0.600448,	-0.516208,	-0.378056,	-0.0559328,	-0.498898,	-0.11305,	-0.0151288,	0.0908066,	-0.862619,	-0.354255,	-0.0200645,	-0.00800529,	-0.803355,	-0.57747,	-0.00854093,	-0.0745378,	-0.714918,	-0.542631,	-0.00197613,	-0.343033,	-0.4277,	0.56095,	-0.05096,	38859,	-365,	-37,	-306,	38889,	107,	-8,	-110,	38869,	56,	-20,	-285,	
2,	9,	777516,	1.65255e+015,	-11,	1,	-1,	0,	-2,	-1,	3,	-11,	1.65255e+009,	-0.600448,	-0.516208,	-0.378056,	-0.0559328,	-0.306706,	-0.0366648,	-0.00580284,	0.0741273,	-0.862619,	-0.274422,	-0.0225534,	-0.00250465,	-0.803355,	-0.57747,	-0.00854093,	-0.0690372,	-0.714918,	-0.542631,	-0.00197613,	-0.337533,	-0.4277,	0.52643,	-0.05096,	58049,	-279,	-18,	-444,	58079,	125,	-7,	-147,	58069,	65,	-4,	-348,	
2,	9,	777594,	1.65255e+015,	15,	0,	0,	-1,	3,	1,	3,	1,	1.65255e+009,	-0.600448,	-0.516208,	-0.378056,	-0.0559328,	-0.226626,	0.0244432,	0.00434653,	0.0607838,	-0.799539,	-0.274422,	-0.0225534,	0.00189586,	-0.803355,	-0.57747,	-0.00854093,	-0.0646366,	-0.714918,	-0.542631,	-0.00197613,	-0.333132,	-0.4732,	0.52643,	-0.05096,	58059,	-279,	-19,	-444,	58089,	124,	-8,	-148,	58079,	66,	-4,	-348,	
2,	9,	777672,	1.65255e+015,	-8,	-5,	-2,	-2,	-1,	-1,	1,	4,	1.65255e+009,	-0.600448,	-0.516208,	-0.378056,	-0.0559328,	-0.146546,	0.0244432,	0.00434653,	0.0524441,	-0.799539,	-0.274422,	-0.0225534,	0.00464618,	-0.803355,	-0.57747,	-0.00854093,	-0.0618863,	-0.714918,	-0.542631,	-0.00197613,	-0.330382,	-0.5187,	0.52643,	-0.05096,	58069,	-280,	-18,	-443,	58099,	123,	-7,	-147,	58089,	65,	-4,	-348,	
2,	9,	777750,	1.65255e+015,	2,	-4,	-5,	0,	-1,	0,	-4,	-4,	1.65255e+009,	-0.600448,	-0.516208,	-0.378056,	-0.0559328,	-0.0824823,	0.0244432,	0.00434653,	0.0524441,	-0.720689,	-0.274422,	-0.0225534,	0.00464618,	-0.803355,	-0.57747,	-0.00854093,	-0.0618863,	-0.714918,	-0.542631,	-0.00197613,	-0.330382,	-0.5187,	0.52643,	-0.05096,	58079,	-280,	-19,	-443,	58109,	124,	-7,	-147,	58099,	66,	-4,	-347,	
2,	9,	777829,	1.65255e+015,	-5,	-12,	-6,	-8,	-4,	-4,	-1,	-5,	1.65255e+009,	-0.540329,	-0.516208,	-0.378056,	-0.0559328,	-0.0824823,	0.0244432,	0.00434653,	0.0457723,	-0.720689,	-0.274422,	-0.0225534,	0.00684644,	-0.803355,	-0.488765,	-0.00664491,	-0.0596861,	-0.714918,	-0.491379,	-0.00626944,	-0.328182,	-0.5551,	0.52643,	-0.05096,	58089,	-281,	-19,	-442,	58119,	124,	-6,	-147,	58109,	65,	-4,	-348,	
2,	9,	777907,	1.65255e+015,	-17,	0,	-1,	1,	0,	1,	0,	-6,	1.65255e+009,	-0.540329,	-0.516208,	-0.378056,	-0.0559328,	-0.0184183,	0.0244432,	0.00434653,	0.0457723,	-0.720689,	-0.274422,	-0.0225534,	0.00684644,	-0.803355,	-0.488765,	-0.00664491,	-0.0596861,	-0.714918,	-0.491379,	-0.00626944,	-0.328182,	-0.5551,	0.52643,	-0.05096,	58099,	-282,	-18,	-441,	58129,	125,	-7,	-147,	58119,	65,	-4,	-347,	
2,	9,	777985,	1.65255e+015,	-6,	-8,	-4,	-4,	-2,	-3,	1,	1,	1.65255e+009,	-0.540329,	-0.516208,	-0.378056,	-0.0559328,	-0.0184183,	0.0244432,	0.00434653,	0.0457723,	-0.720689,	-0.274422,	-0.0225534,	0.00684644,	-0.803355,	-0.488765,	-0.00664491,	-0.0596861,	-0.714918,	-0.491379,	-0.00626944,	-0.328182,	-0.5551,	0.52643,	-0.05096,	58109,	-282,	-17,	-441,	58139,	125,	-7,	-147,	58129,	65,	-4,	-347,	
2,	9,	778063,	1.65255e+015,	5,	7,	6,	2,	0,	-4,	-2,	-8,	1.65255e+009,	-0.540329,	-0.516208,	-0.378056,	-0.0559328,	-0.0184183,	0.0244432,	0.00434653,	0.0457723,	-0.720689,	-0.274422,	-0.0225534,	0.00684644,	-0.803355,	-0.488765,	-0.00664491,	-0.0596861,	-0.714918,	-0.491379,	-0.00626944,	-0.328182,	-0.5551,	0.52643,	-0.05096,	58119,	-282,	-17,	-441,	58149,	124,	-6,	-146,	58139,	65,	-5,	-348,	
2,	9,	778141,	1.65255e+015,	-7,	5,	-2,	2,	-1,	-6,	-3,	6,	1.65255e+009,	-0.540329,	-0.516208,	-0.378056,	-0.0559328,	-0.0184183,	0.0244432,	0.00434653,	0.0457723,	-0.720689,	-0.274422,	-0.0225534,	0.00684644,	-0.803355,	-0.488765,	-0.00664491,	-0.0596861,	-0.714918,	-0.491379,	-0.00626944,	-0.328182,	-0.5551,	0.52643,	-0.05096,	58129,	-281,	-17,	-442,	58159,	124,	-6,	-146,	58149,	67,	-4,	-348,	
2,	9,	778219,	1.65255e+015,	-1,	-4,	-3,	-1,	-1,	0,	0,	0,	1.65255e+009,	-0.540329,	-0.516208,	-0.378056,	-0.0559328,	-0.0184183,	0.0244432,	0.00434653,	0.0457723,	-0.720689,	-0.274422,	-0.0225534,	0.00684644,	-0.803355,	-0.488765,	-0.00664491,	-0.0596861,	-0.714918,	-0.491379,	-0.00626944,	-0.328182,	-0.5551,	0.52643,	-0.05096,	58139,	-280,	-17,	-442,	58169,	123,	-5,	-147,	58159,	66,	-5,	-348,	
2,	9,	778297,	1.65255e+015,	3,	-2,	-6,	-2,	0,	-1,	-1,	0,	1.65255e+009,	-0.540329,	-0.516208,	-0.378056,	-0.0559328,	-0.0184183,	0.0244432,	0.00434653,	0.0457723,	-0.720689,	-0.274422,	-0.0225534,	0.00684644,	-0.803355,	-0.488765,	-0.00664491,	-0.0596861,	-0.714918,	-0.491379,	-0.00626944,	-0.328182,	-0.5551,	0.52643,	-0.05096,	58149,	-279,	-17,	-442,	58179,	123,	-6,	-147,	58169,	66,	-4,	-348,	
2,	9,	778375,	1.65255e+015,	5,	8,	30,	26,	5,	1,	-1,	0,	1.65255e+009,	-0.600448,	-0.516208,	-0.378056,	-0.0559328,	-0.354754,	0.0244432,	0.00434653,	0.0774631,	-0.657609,	-0.274422,	-0.0225534,	-0.00360478,	-0.716623,	-0.488765,	-0.00664491,	-0.0701373,	-0.714918,	-0.491379,	-0.00626944,	-0.338633,	-0.4914,	0.52643,	-0.05096,	58159,	-280,	-17,	-443,	58189,	124,	-6,	-147,	58179,	65,	-4,	-348,	
2,	9,	778454,	1.65255e+015,	-2,	-12,	-6,	-9,	-3,	-1,	0,	2,	1.65255e+009,	-0.600448,	-0.516208,	-0.378056,	-0.0559328,	-0.659058,	-0.158881,	-0.0189319,	0.0941425,	-0.657609,	-0.274422,	-0.0225534,	-0.00910542,	-0.716623,	-0.488765,	-0.00664491,	-0.0756379,	-0.605268,	-0.491379,	-0.00626944,	-0.344134,	-0.455,	0.52643,	-0.05096,	58169,	-279,	-18,	-443,	58199,	124,	-7,	-148,	58189,	66,	-4,	-348,	
2,	9,	778532,	1.65255e+015,	0,	-4,	6,	2,	1,	1,	-1,	0,	1.65255e+009,	-0.600448,	-0.516208,	-0.378056,	-0.0559328,	-0.883282,	-0.250543,	-0.0225053,	0.102482,	-0.736459,	-0.354255,	-0.0200645,	-0.0118557,	-0.716623,	-0.488765,	-0.00664491,	-0.0783882,	-0.605268,	-0.491379,	-0.00626944,	-0.346884,	-0.4095,	0.52643,	-0.05096,	58179,	-279,	-18,	-442,	58209,	124,	-6,	-148,	58199,	66,	-4,	-349,	
2,	9,	778610,	1.65255e+015,	0,	2,	1,	-5,	-1,	-1,	1,	0,	1.65255e+009,	-0.660569,	-0.516208,	-0.378056,	-0.0559328,	-0.963362,	-0.326928,	-0.0213756,	0.102482,	-0.815309,	-0.354255,	-0.0200645,	-0.0118557,	-0.716623,	-0.488765,	-0.00664491,	-0.0783882,	-0.605268,	-0.491379,	-0.00626944,	-0.346884,	-0.4095,	0.52643,	-0.05096,	58189,	-279,	-18,	-442,	58219,	124,	-6,	-148,	58209,	66,	-4,	-348,	
2,	9,	778688,	1.65255e+015,	-1,	-1,	2,	0,	-4,	-3,	-1,	-1,	1.65255e+009,	-0.660569,	-0.516208,	-0.378056,	-0.0559328,	-0.963362,	-0.326928,	-0.0213756,	0.109154,	-0.894159,	-0.354255,	-0.0200645,	-0.014056,	-0.716623,	-0.488765,	-0.00664491,	-0.0805885,	-0.605268,	-0.491379,	-0.00626944,	-0.349084,	-0.4095,	0.52643,	-0.05096,	58199,	-279,	-18,	-442,	58229,	124,	-7,	-147,	58219,	66,	-3,	-348,	
2,	9,	778766,	1.65255e+015,	-2,	1,	4,	0,	0,	-1,	1,	0,	1.65255e+009,	-0.660569,	-0.516208,	-0.378056,	-0.0559328,	-0.963362,	-0.326928,	-0.0213756,	0.109154,	-0.894159,	-0.354255,	-0.0200645,	-0.014056,	-0.716623,	-0.488765,	-0.00664491,	-0.0805885,	-0.605268,	-0.491379,	-0.00626944,	-0.349084,	-0.4095,	0.52643,	-0.05096,	58209,	-280,	-17,	-442,	58239,	124,	-6,	-147,	58229,	66,	-3,	-348,	
2,	9,	778844,	1.65255e+015,	2,	3,	1,	0,	-3,	-2,	-2,	-2,	1.65255e+009,	-0.660569,	-0.516208,	-0.378056,	-0.0559328,	-1.02743,	-0.326928,	-0.0213756,	0.109154,	-0.894159,	-0.354255,	-0.0200645,	-0.014056,	-0.716623,	-0.488765,	-0.00664491,	-0.0805885,	-0.605268,	-0.491379,	-0.00626944,	-0.349084,	-0.4095,	0.52643,	-0.05096,	58219,	-280,	-16,	-441,	58249,	123,	-6,	-147,	58239,	66,	-4,	-348,	
2,	9,	778922,	1.65255e+015,	1,	4,	0,	6,	1,	-1,	0,	-2,	1.65255e+009,	-0.660569,	-0.516208,	-0.378056,	-0.0559328,	-1.02743,	-0.326928,	-0.0213756,	0.109154,	-0.894159,	-0.354255,	-0.0200645,	-0.014056,	-0.716623,	-0.488765,	-0.00664491,	-0.0805885,	-0.605268,	-0.491379,	-0.00626944,	-0.349084,	-0.4095,	0.52643,	-0.05096,	58229,	-281,	-16,	-441,	58259,	124,	-6,	-147,	58249,	67,	-4,	-348,	
2,	9,	778985,	1.65255e+015,	3,	-1,	-1,	6,	0,	1,	0,	1,	1.65255e+009,	-0.660569,	-0.516208,	-0.378056,	-0.0559328,	-1.02743,	-0.326928,	-0.0213756,	0.109154,	-0.894159,	-0.354255,	-0.0200645,	-0.014056,	-0.716623,	-0.488765,	-0.00664491,	-0.0805885,	-0.605268,	-0.491379,	-0.00626944,	-0.349084,	-0.4095,	0.52643,	-0.05096,	58239,	-281,	-17,	-441,	58269,	124,	-6,	-147,	58259,	66,	-5,	-348,	
2,	9,	779063,	1.65255e+015,	-1,	-5,	-8,	-7,	-2,	-1,	0,	0,	1.65255e+009,	-0.660569,	-0.516208,	-0.378056,	-0.0559328,	-1.02743,	-0.326928,	-0.0213756,	0.109154,	-0.894159,	-0.354255,	-0.0200645,	-0.014056,	-0.716623,	-0.488765,	-0.00664491,	-0.0805885,	-0.605268,	-0.491379,	-0.00626944,	-0.349084,	-0.4095,	0.52643,	-0.05096,	58249,	-280,	-17,	-441,	58279,	124,	-6,	-147,	58269,	67,	-4,	-348,	
2,	9,	779141,	1.65255e+015,	0,	4,	3,	3,	-1,	1,	1,	-1,	1.65255e+009,	-0.660569,	-0.516208,	-0.378056,	-0.0559328,	-1.02743,	-0.326928,	-0.0213756,	0.109154,	-0.894159,	-0.354255,	-0.0200645,	-0.014056,	-0.716623,	-0.488765,	-0.00664491,	-0.0805885,	-0.605268,	-0.491379,	-0.00626944,	-0.349084,	-0.4095,	0.52643,	-0.05096,	58259,	-282,	-18,	-440,	58289,	124,	-6,	-147,	58279,	66,	-6,	-348,	
2,	9,	779219,	1.65255e+015,	0,	-3,	-2,	-3,	-2,	-1,	-1,	-1,	1.65255e+009,	-0.660569,	-0.516208,	-0.378056,	-0.0559328,	-1.02743,	-0.326928,	-0.0213756,	0.109154,	-0.894159,	-0.354255,	-0.0200645,	-0.014056,	-0.716623,	-0.488765,	-0.00664491,	-0.0805885,	-0.605268,	-0.491379,	-0.00626944,	-0.349084,	-0.4095,	0.52643,	-0.05096,	58269,	-282,	-19,	-440,	58299,	124,	-7,	-146,	58289,	67,	-4,	-347,	
2,	9,	779297,	1.65255e+015,	-2,	-3,	-1,	-6,	-4,	-2,	-2,	-1,	1.65255e+009,	-0.660569,	-0.516208,	-0.378056,	-0.0559328,	-1.02743,	-0.326928,	-0.0213756,	0.109154,	-0.894159,	-0.354255,	-0.0200645,	-0.014056,	-0.716623,	-0.488765,	-0.00664491,	-0.0805885,	-0.605268,	-0.491379,	-0.00626944,	-0.349084,	-0.4095,	0.52643,	-0.05096,	58279,	-282,	-19,	-439,	58309,	124,	-7,	-146,	58299,	66,	-5,	-347,	
2,	9,	779375,	1.65255e+015,	-2,	-2,	1,	-1,	0,	-1,	-1,	-1,	1.65255e+009,	-0.660569,	-0.516208,	-0.378056,	-0.0559328,	-1.02743,	-0.326928,	-0.0213756,	0.109154,	-0.894159,	-0.354255,	-0.0200645,	-0.014056,	-0.716623,	-0.488765,	-0.00664491,	-0.0805885,	-0.605268,	-0.491379,	-0.00626944,	-0.349084,	-0.4095,	0.52643,	-0.05096,	58289,	-281,	-17,	-439,	58319,	124,	-6,	-146,	58309,	67,	-4,	-347,	
2,	9,	779454,	1.65255e+015,	-2,	-4,	-7,	-3,	-2,	-4,	-3,	0,	1.65255e+009,	-0.660569,	-0.516208,	-0.378056,	-0.0559328,	-1.02743,	-0.326928,	-0.0213756,	0.109154,	-0.894159,	-0.354255,	-0.0200645,	-0.014056,	-0.716623,	-0.488765,	-0.00664491,	-0.0805885,	-0.605268,	-0.491379,	-0.00626944,	-0.349084,	-0.4095,	0.52643,	-0.05096,	58299,	-282,	-17,	-439,	58329,	123,	-6,	-146,	58319,	66,	-4,	-348,	
2,	9,	779532,	1.65255e+015,	3,	4,	2,	1,	1,	0,	-1,	-2,	1.65255e+009,	-0.660569,	-0.516208,	-0.378056,	-0.0559328,	-1.02743,	-0.326928,	-0.0213756,	0.109154,	-0.894159,	-0.354255,	-0.0200645,	-0.014056,	-0.716623,	-0.488765,	-0.00664491,	-0.0805885,	-0.605268,	-0.491379,	-0.00626944,	-0.349084,	-0.4095,	0.52643,	-0.05096,	58309,	-281,	-17,	-440,	58339,	123,	-6,	-146,	58329,	67,	-5,	-347,	
2,	9,	779610,	1.65255e+015,	-3,	-3,	-3,	-2,	1,	-1,	-1,	-2,	1.65255e+009,	-0.660569,	-0.516208,	-0.378056,	-0.0559328,	-0.963362,	-0.326928,	-0.0213756,	0.109154,	-0.894159,	-0.354255,	-0.0200645,	-0.014056,	-0.716623,	-0.488765,	-0.00664491,	-0.0805885,	-0.605268,	-0.491379,	-0.00626944,	-0.349084,	-0.4095,	0.52643,	-0.05096,	58319,	-281,	-16,	-440,	58349,	124,	-7,	-146,	58339,	67,	-4,	-347,	
2,	9,	779719,	1.65255e+015,	0,	3,	-1,	-6,	-2,	-1,	0,	0,	1.65255e+009,	-0.660569,	-0.516208,	-0.378056,	-0.0559328,	-0.963362,	-0.326928,	-0.0213756,	0.109154,	-0.894159,	-0.354255,	-0.0200645,	-0.014056,	-0.716623,	-0.488765,	-0.00664491,	-0.0805885,	-0.605268,	-0.491379,	-0.00626944,	-0.349084,	-0.4095,	0.52643,	-0.05096,	58329,	-280,	-18,	-440,	58359,	124,	-6,	-146,	58349,	66,	-5,	-347,	
2,	9,	779797,	1.65255e+015,	-2,	-1,	-9,	-9,	-1,	0,	-1,	-1,	1.65255e+009,	-0.660569,	-0.516208,	-0.378056,	-0.0559328,	-0.93133,	-0.326928,	-0.0213756,	0.109154,	-0.894159,	-0.354255,	-0.0200645,	-0.014056,	-0.716623,	-0.488765,	-0.00664491,	-0.0805885,	-0.605268,	-0.491379,	-0.00626944,	-0.349084,	-0.4095,	0.52643,	-0.05096,	58339,	-280,	-18,	-440,	58369,	124,	-6,	-146,	58359,	66,	-4,	-347,	
2,	9,	779875,	1.65255e+015,	2,	0,	0,	0,	-3,	1,	1,	-1,	1.65255e+009,	-0.660569,	-0.516208,	-0.378056,	-0.0559328,	-0.93133,	-0.326928,	-0.0213756,	0.109154,	-0.894159,	-0.354255,	-0.0200645,	-0.014056,	-0.716623,	-0.488765,	-0.00664491,	-0.0805885,	-0.605268,	-0.491379,	-0.00626944,	-0.349084,	-0.4095,	0.52643,	-0.05096,	58349,	-281,	-19,	-439,	58379,	124,	-5,	-146,	58369,	65,	-4,	-347,	
2,	9,	779954,	1.65255e+015,	-1,	-4,	-1,	-3,	-1,	-1,	0,	-1,	1.65255e+009,	-0.660569,	-0.516208,	-0.378056,	-0.0559328,	-0.93133,	-0.326928,	-0.0213756,	0.109154,	-0.894159,	-0.354255,	-0.0200645,	-0.014056,	-0.716623,	-0.488765,	-0.00664491,	-0.0805885,	-0.605268,	-0.491379,	-0.00626944,	-0.349084,	-0.4095,	0.52643,	-0.05096,	58359,	-281,	-19,	-439,	58389,	124,	-6,	-146,	58379,	66,	-4,	-347,	
2,	9,	780016,	1.65255e+015,	-2,	-5,	-2,	-1,	0,	0,	-2,	-2,	1.65255e+009,	-0.660569,	-0.516208,	-0.378056,	-0.0559328,	-0.93133,	-0.326928,	-0.0213756,	0.109154,	-0.894159,	-0.354255,	-0.0200645,	-0.014056,	-0.716623,	-0.488765,	-0.00664491,	-0.0805885,	-0.605268,	-0.491379,	-0.00626944,	-0.349084,	-0.4095,	0.52643,	-0.05096,	58369,	-281,	-18,	-439,	58399,	124,	-6,	-146,	58389,	66,	-4,	-347,	
2,	9,	780079,	1.65255e+015,	-2,	-4,	-5,	-6,	-3,	1,	0,	1,	1.65255e+009,	-0.660569,	-0.516208,	-0.378056,	-0.0559328,	-0.93133,	-0.326928,	-0.0213756,	0.102482,	-0.894159,	-0.354255,	-0.0200645,	-0.0118557,	-0.716623,	-0.488765,	-0.00664491,	-0.0783882,	-0.605268,	-0.491379,	-0.00626944,	-0.346884,	-0.4095,	0.52643,	-0.05096,	58379,	-281,	-18,	-439,	58409,	124,	-6,	-146,	58399,	66,	-4,	-347,	
2,	9,	780157,	1.65255e+015,	-1,	-4,	-10,	-3,	-1,	-1,	-2,	-2,	1.65255e+009,	-0.660569,	-0.516208,	-0.378056,	-0.0559328,	-0.93133,	-0.326928,	-0.0213756,	0.102482,	-0.894159,	-0.354255,	-0.0200645,	-0.0118557,	-0.716623,	-0.488765,	-0.00664491,	-0.0783882,	-0.605268,	-0.491379,	-0.00626944,	-0.346884,	-0.4095,	0.52643,	-0.05096,	58389,	-281,	-17,	-438,	58419,	123,	-7,	-146,	58409,	65,	-4,	-347,	
2,	9,	780235,	1.65255e+015,	-2,	-3,	-1,	0,	-1,	-1,	-2,	-1,	1.65255e+009,	-0.660569,	-0.516208,	-0.378056,	-0.0559328,	-0.93133,	-0.326928,	-0.0213756,	0.102482,	-0.894159,	-0.354255,	-0.0200645,	-0.0118557,	-0.716623,	-0.488765,	-0.00664491,	-0.0783882,	-0.605268,	-0.491379,	-0.00626944,	-0.346884,	-0.4095,	0.52643,	-0.05096,	58399,	-282,	-17,	-439,	58429,	124,	-6,	-146,	58419,	65,	-4,	-347,	
2,	9,	780313,	1.65255e+015,	2,	10,	2,	4,	0,	-2,	1,	-1,	1.65255e+009,	-0.660569,	-0.516208,	-0.378056,	-0.0559328,	-0.93133,	-0.326928,	-0.0213756,	0.102482,	-0.894159,	-0.354255,	-0.0200645,	-0.0118557,	-0.716623,	-0.488765,	-0.00664491,	-0.0783882,	-0.605268,	-0.491379,	-0.00626944,	-0.346884,	-0.4095,	0.52643,	-0.05096,	58409,	-281,	-17,	-438,	58439,	124,	-6,	-146,	58429,	65,	-5,	-347,	
2,	9,	780391,	1.65255e+015,	-1,	-6,	-10,	-7,	-5,	-2,	-2,	-2,	1.65255e+009,	-0.660569,	-0.516208,	-0.378056,	-0.0559328,	-0.93133,	-0.326928,	-0.0213756,	0.102482,	-0.894159,	-0.354255,	-0.0200645,	-0.0118557,	-0.716623,	-0.488765,	-0.00664491,	-0.0783882,	-0.605268,	-0.491379,	-0.00626944,	-0.346884,	-0.4095,	0.52643,	-0.05096,	58419,	-281,	-17,	-439,	58449,	124,	-6,	-146,	58439,	65,	-4,	-346,	
2,	9,	780485,	1.65255e+015,	-3,	-11,	-4,	-5,	-1,	0,	-3,	0,	1.65255e+009,	-0.660569,	-0.516208,	-0.378056,	-0.0559328,	-0.93133,	-0.326928,	-0.0213756,	0.102482,	-0.894159,	-0.354255,	-0.0200645,	-0.0118557,	-0.716623,	-0.488765,	-0.00664491,	-0.0783882,	-0.605268,	-0.491379,	-0.00626944,	-0.346884,	-0.4095,	0.52643,	-0.05096,	58429,	-281,	-18,	-439,	58459,	124,	-6,	-146,	58449,	65,	-5,	-346,	
2,	9,	780579,	1.65255e+015,	0,	-1,	1,	0,	4,	2,	0,	-1,	1.65255e+009,	-0.660569,	-0.516208,	-0.378056,	-0.0559328,	-0.93133,	-0.326928,	-0.0213756,	0.102482,	-0.894159,	-0.354255,	-0.0200645,	-0.0118557,	-0.716623,	-0.488765,	-0.00664491,	-0.0783882,	-0.605268,	-0.491379,	-0.00626944,	-0.346884,	-0.4095,	0.52643,	-0.05096,	58439,	-281,	-17,	-438,	58469,	123,	-7,	-146,	58459,	66,	-5,	-347,	
2,	9,	780657,	1.65255e+015,	0,	-3,	2,	5,	0,	-1,	-1,	0,	1.65255e+009,	-0.660569,	-0.516208,	-0.378056,	-0.0559328,	-0.93133,	-0.326928,	-0.0213756,	0.102482,	-0.894159,	-0.354255,	-0.0200645,	-0.0118557,	-0.716623,	-0.488765,	-0.00664491,	-0.0783882,	-0.605268,	-0.491379,	-0.00626944,	-0.346884,	-0.4095,	0.52643,	-0.05096,	58449,	-283,	-17,	-438,	58479,	123,	-5,	-145,	58469,	66,	-6,	-347,	
2,	9,	780735,	1.65255e+015,	-4,	-9,	2,	-1,	-3,	-2,	-1,	-2,	1.65255e+009,	-0.660569,	-0.516208,	-0.378056,	-0.0559328,	-0.93133,	-0.326928,	-0.0213756,	0.102482,	-0.894159,	-0.354255,	-0.0200645,	-0.0118557,	-0.716623,	-0.488765,	-0.00664491,	-0.0783882,	-0.605268,	-0.491379,	-0.00626944,	-0.346884,	-0.4095,	0.52643,	-0.05096,	58459,	-281,	-17,	-438,	58489,	123,	-6,	-145,	58479,	66,	-5,	-347,	
2,	9,	780829,	1.65255e+015,	-1,	-4,	-4,	-1,	1,	1,	-1,	0,	1.65255e+009,	-0.660569,	-0.516208,	-0.378056,	-0.0559328,	-0.93133,	-0.326928,	-0.0213756,	0.102482,	-0.894159,	-0.354255,	-0.0200645,	-0.0118557,	-0.716623,	-0.488765,	-0.00664491,	-0.0783882,	-0.605268,	-0.491379,	-0.00626944,	-0.346884,	-0.4095,	0.52643,	-0.05096,	58469,	-281,	-17,	-439,	58499,	124,	-7,	-145,	58489,	66,	-5,	-347,	
2,	9,	780907,	1.65255e+015,	-4,	-7,	-7,	-10,	-6,	-3,	-3,	-3,	1.65255e+009,	-0.660569,	-0.516208,	-0.378056,	-0.0559328,	-0.93133,	-0.326928,	-0.0213756,	0.102482,	-0.894159,	-0.354255,	-0.0200645,	-0.0118557,	-0.716623,	-0.488765,	-0.00664491,	-0.0783882,	-0.605268,	-0.491379,	-0.00626944,	-0.346884,	-0.4095,	0.52643,	-0.05096,	58479,	-280,	-17,	-439,	58509,	124,	-6,	-146,	58499,	66,	-5,	-347,	
2,	9,	781000,	1.65255e+015,	-3,	-13,	-7,	-13,	-2,	1,	-2,	-1,	1.65255e+009,	-0.660569,	-0.516208,	-0.378056,	-0.0559328,	-0.93133,	-0.326928,	-0.0213756,	0.102482,	-0.894159,	-0.354255,	-0.0200645,	-0.0118557,	-0.716623,	-0.488765,	-0.00664491,	-0.0783882,	-0.605268,	-0.491379,	-0.00626944,	-0.346884,	-0.4095,	0.52643,	-0.05096,	58489,	-281,	-17,	-439,	58519,	124,	-6,	-146,	58509,	65,	-5,	-347,	
2,	9,	781079,	1.65255e+015,	-1,	1,	-1,	1,	-1,	-1,	-1,	1,	1.65255e+009,	-0.660569,	-0.516208,	-0.378056,	-0.0559328,	-0.93133,	-0.326928,	-0.0213756,	0.102482,	-0.894159,	-0.354255,	-0.0200645,	-0.0118557,	-0.716623,	-0.488765,	-0.00664491,	-0.0783882,	-0.605268,	-0.491379,	-0.00626944,	-0.346884,	-0.4095,	0.52643,	-0.05096,	58499,	-283,	-18,	-439,	58529,	123,	-6,	-146,	58519,	66,	-5,	-347,	
2,	9,	781141,	1.65255e+015,	-3,	-9,	-4,	-5,	-2,	0,	-2,	-4,	1.65255e+009,	-0.660569,	-0.516208,	-0.378056,	-0.0559328,	-0.93133,	-0.326928,	-0.0213756,	0.102482,	-0.894159,	-0.354255,	-0.0200645,	-0.0118557,	-0.716623,	-0.488765,	-0.00664491,	-0.0783882,	-0.605268,	-0.491379,	-0.00626944,	-0.346884,	-0.4095,	0.52643,	-0.05096,	58509,	-283,	-17,	-439,	58539,	122,	-7,	-146,	58529,	66,	-5,	-347,	
2,	9,	781219,	1.65255e+015,	2,	4,	3,	-1,	-1,	-1,	0,	0,	1.65255e+009,	-0.660569,	-0.516208,	-0.378056,	-0.0559328,	-0.93133,	-0.326928,	-0.0213756,	0.102482,	-0.894159,	-0.354255,	-0.0200645,	-0.0118557,	-0.716623,	-0.488765,	-0.00664491,	-0.0783882,	-0.605268,	-0.491379,	-0.00626944,	-0.346884,	-0.4095,	0.52643,	-0.05096,	58519,	-282,	-17,	-439,	58549,	123,	-7,	-146,	58539,	66,	-6,	-347,	
2,	9,	781297,	1.65255e+015,	-2,	-7,	-1,	-3,	-1,	-2,	-2,	0,	1.65255e+009,	-0.660569,	-0.516208,	-0.378056,	-0.0559328,	-0.93133,	-0.326928,	-0.0213756,	0.102482,	-0.894159,	-0.354255,	-0.0200645,	-0.0118557,	-0.716623,	-0.488765,	-0.00664491,	-0.0783882,	-0.605268,	-0.491379,	-0.00626944,	-0.346884,	-0.4095,	0.52643,	-0.05096,	58529,	-281,	-17,	-439,	58559,	124,	-7,	-146,	58549,	66,	-5,	-346,	
2,	9,	781375,	1.65255e+015,	1,	2,	4,	2,	1,	-1,	-1,	-1,	1.65255e+009,	-0.660569,	-0.516208,	-0.378056,	-0.0559328,	-0.93133,	-0.326928,	-0.0213756,	0.102482,	-0.894159,	-0.354255,	-0.0200645,	-0.0118557,	-0.716623,	-0.488765,	-0.00664491,	-0.0783882,	-0.605268,	-0.491379,	-0.00626944,	-0.346884,	-0.4095,	0.52643,	-0.05096,	58539,	-280,	-17,	-439,	58569,	124,	-7,	-146,	58559,	65,	-6,	-347,	
2,	9,	781454,	1.65255e+015,	-1,	-3,	-3,	-2,	0,	0,	-1,	0,	1.65255e+009,	-0.660569,	-0.516208,	-0.378056,	-0.0559328,	-0.93133,	-0.326928,	-0.0213756,	0.102482,	-0.894159,	-0.354255,	-0.0200645,	-0.0118557,	-0.716623,	-0.488765,	-0.00664491,	-0.0783882,	-0.605268,	-0.491379,	-0.00626944,	-0.346884,	-0.4095,	0.52643,	-0.05096,	58549,	-281,	-18,	-439,	58579,	124,	-7,	-146,	58569,	66,	-5,	-347,	
2,	9,	781532,	1.65255e+015,	0,	1,	0,	4,	0,	0,	-1,	-1,	1.65255e+009,	-0.660569,	-0.516208,	-0.378056,	-0.0559328,	-0.93133,	-0.326928,	-0.0213756,	0.102482,	-0.894159,	-0.354255,	-0.0200645,	-0.0118557,	-0.716623,	-0.488765,	-0.00664491,	-0.0783882,	-0.605268,	-0.491379,	-0.00626944,	-0.346884,	-0.4095,	0.52643,	-0.05096,	58559,	-281,	-17,	-439,	58589,	123,	-6,	-146,	58579,	65,	-5,	-347,	
2,	9,	781610,	1.65255e+015,	-1,	-10,	-6,	-10,	0,	1,	-1,	-2,	1.65255e+009,	-0.660569,	-0.516208,	-0.378056,	-0.0559328,	-0.93133,	-0.326928,	-0.0213756,	0.102482,	-0.894159,	-0.354255,	-0.0200645,	-0.0118557,	-0.716623,	-0.488765,	-0.00664491,	-0.0783882,	-0.605268,	-0.491379,	-0.00626944,	-0.346884,	-0.4095,	0.52643,	-0.05096,	58569,	-281,	-18,	-439,	58599,	123,	-7,	-146,	58589,	66,	-5,	-347,	
2,	9,	781704,	1.65255e+015,	-2,	1,	0,	-2,	-1,	-1,	1,	-1,	1.65255e+009,	-0.660569,	-0.516208,	-0.378056,	-0.0559328,	-0.93133,	-0.326928,	-0.0213756,	0.102482,	-0.894159,	-0.354255,	-0.0200645,	-0.0118557,	-0.716623,	-0.488765,	-0.00664491,	-0.0783882,	-0.605268,	-0.491379,	-0.00626944,	-0.346884,	-0.4095,	0.52643,	-0.05096,	58579,	-281,	-18,	-439,	58609,	123,	-7,	-146,	58599,	65,	-5,	-347,	
2,	9,	781782,	1.65255e+015,	-2,	-6,	-5,	-7,	-3,	-2,	-3,	-2,	1.65255e+009,	-0.660569,	-0.516208,	-0.378056,	-0.0559328,	-0.93133,	-0.326928,	-0.0213756,	0.102482,	-0.894159,	-0.354255,	-0.0200645,	-0.0118557,	-0.716623,	-0.488765,	-0.00664491,	-0.0783882,	-0.605268,	-0.491379,	-0.00626944,	-0.346884,	-0.4095,	0.52643,	-0.05096,	58589,	-282,	-17,	-439,	58619,	124,	-6,	-146,	58609,	65,	-5,	-346,	
2,	9,	781844,	1.65255e+015,	2,	-2,	-1,	1,	1,	1,	-2,	0,	1.65255e+009,	-0.660569,	-0.516208,	-0.378056,	-0.0559328,	-0.93133,	-0.326928,	-0.0213756,	0.102482,	-0.894159,	-0.354255,	-0.0200645,	-0.0118557,	-0.716623,	-0.488765,	-0.00664491,	-0.0783882,	-0.605268,	-0.491379,	-0.00626944,	-0.346884,	-0.4095,	0.52643,	-0.05096,	58599,	-281,	-16,	-438,	58629,	123,	-6,	-145,	58619,	65,	-4,	-346,	
2,	9,	781922,	1.65255e+015,	0,	2,	1,	1,	-2,	-3,	0,	0,	1.65255e+009,	-0.660569,	-0.516208,	-0.378056,	-0.0559328,	-0.93133,	-0.326928,	-0.0213756,	0.102482,	-0.894159,	-0.354255,	-0.0200645,	-0.0118557,	-0.716623,	-0.488765,	-0.00664491,	-0.0783882,	-0.605268,	-0.491379,	-0.00626944,	-0.346884,	-0.4095,	0.52643,	-0.05096,	58609,	-282,	-17,	-438,	58639,	124,	-7,	-146,	58629,	65,	-4,	-346,	
2,	9,	782000,	1.65255e+015,	-3,	4,	5,	1,	0,	1,	1,	0,	1.65255e+009,	-0.660569,	-0.516208,	-0.378056,	-0.0559328,	-0.93133,	-0.326928,	-0.0213756,	0.102482,	-0.894159,	-0.354255,	-0.0200645,	-0.0118557,	-0.716623,	-0.488765,	-0.00664491,	-0.0783882,	-0.605268,	-0.491379,	-0.00626944,	-0.346884,	-0.4095,	0.52643,	-0.05096,	58619,	-281,	-17,	-438,	58649,	124,	-6,	-146,	58639,	65,	-5,	-346,	
2,	9,	782079,	1.65255e+015,	0,	-1,	0,	7,	4,	0,	0,	-1,	1.65255e+009,	-0.660569,	-0.516208,	-0.378056,	-0.0559328,	-0.93133,	-0.326928,	-0.0213756,	0.102482,	-0.894159,	-0.354255,	-0.0200645,	-0.0118557,	-0.716623,	-0.488765,	-0.00664491,	-0.0783882,	-0.605268,	-0.491379,	-0.00626944,	-0.346884,	-0.4095,	0.52643,	-0.05096,	58629,	-281,	-16,	-438,	58659,	125,	-7,	-146,	58649,	66,	-5,	-346,	
2,	9,	782157,	1.65255e+015,	0,	5,	2,	2,	0,	1,	1,	0,	1.65255e+009,	-0.660569,	-0.516208,	-0.378056,	-0.0559328,	-0.93133,	-0.326928,	-0.0213756,	0.102482,	-0.894159,	-0.354255,	-0.0200645,	-0.0118557,	-0.716623,	-0.488765,	-0.00664491,	-0.0783882,	-0.605268,	-0.491379,	-0.00626944,	-0.346884,	-0.4095,	0.52643,	-0.05096,	58639,	-281,	-17,	-438,	58669,	124,	-7,	-146,	58659,	66,	-5,	-347,	
2,	9,	782219,	1.65255e+015,	-1,	-1,	-1,	0,	0,	-1,	-2,	0,	1.65255e+009,	-0.660569,	-0.516208,	-0.378056,	-0.0559328,	-0.93133,	-0.326928,	-0.0213756,	0.102482,	-0.894159,	-0.354255,	-0.0200645,	-0.0118557,	-0.716623,	-0.488765,	-0.00664491,	-0.0783882,	-0.605268,	-0.491379,	-0.00626944,	-0.346884,	-0.4095,	0.52643,	-0.05096,	58649,	-280,	-16,	-439,	58679,	124,	-8,	-146,	58669,	66,	-5,	-346,	
2,	9,	782297,	1.65255e+015,	-4,	3,	0,	-2,	-2,	-2,	-5,	-8,	1.65255e+009,	-0.660569,	-0.516208,	-0.378056,	-0.0559328,	-0.93133,	-0.26582,	-0.0225781,	0.102482,	-0.894159,	-0.354255,	-0.0200645,	-0.0118557,	-0.716623,	-0.488765,	-0.00664491,	-0.0783882,	-0.605268,	-0.491379,	-0.00626944,	-0.346884,	-0.4095,	0.52643,	-0.05096,	58659,	-280,	-16,	-439,	58689,	124,	-7,	-146,	58679,	65,	-5,	-346,	
2,	9,	782360,	1.65255e+015,	0,	-9,	-7,	-5,	-1,	-1,	-4,	0,	1.65255e+009,	-0.660569,	-0.516208,	-0.378056,	-0.0559328,	-0.739138,	-0.174158,	-0.0199009,	0.0941425,	-0.894159,	-0.354255,	-0.0200645,	-0.00910542,	-0.716623,	-0.488765,	-0.00664491,	-0.0756379,	-0.605268,	-0.491379,	-0.00626944,	-0.344134,	-0.4095,	0.52643,	-0.05096,	58669,	-280,	-17,	-439,	58699,	124,	-7,	-146,	58689,	66,	-5,	-346,	
