1,	8,	799125,	1.65255e+015,	1,	-1,	1,	2,	1,	1,	0,	2,	1.65255e+009,	-0.645539,	-0.639408,	-0.427583,	-0.0362208,	-0.77117,	-0.41859,	-0.0150907,	0.101619,	-0.862619,	-0.334296,	-0.0210691,	-0.0193726,	-0.825038,	-0.488765,	-0.00664491,	-0.0622491,	-0.714918,	-0.542631,	-0.00197613,	-0.324831,	-0.3094,	0.56095,	-0.05488,	60879,	-287,	-19,	-432,	60909,	122,	-6,	-145,	60899,	64,	-6,	-346,	
1,	8,	799204,	1.65255e+015,	4,	12,	12,	19,	5,	-1,	-1,	-1,	1.65255e+009,	-0.645539,	-0.639408,	-0.427583,	-0.0362208,	-0.77117,	-0.41859,	-0.0150907,	0.101619,	-0.862619,	-0.334296,	-0.0210691,	-0.0193726,	-0.825038,	-0.488765,	-0.00664491,	-0.0622491,	-0.714918,	-0.542631,	-0.00197613,	-0.324831,	-0.3094,	0.56095,	-0.05488,	60889,	-288,	-18,	-431,	60919,	122,	-7,	-146,	60909,	64,	-6,	-346,	
1,	8,	799266,	1.65255e+015,	1,	2,	1,	1,	-2,	0,	0,	0,	1.65255e+009,	-0.645539,	-0.639408,	-0.427583,	-0.0362208,	-0.77117,	-0.41859,	-0.0150907,	0.101619,	-0.862619,	-0.334296,	-0.0210691,	-0.0193726,	-0.825038,	-0.488765,	-0.00664491,	-0.0622491,	-0.714918,	-0.542631,	-0.00197613,	-0.324831,	-0.3094,	0.56095,	-0.05488,	60899,	-287,	-18,	-431,	60929,	121,	-6,	-145,	60919,	63,	-7,	-346,	
1,	8,	799344,	1.65255e+015,	2,	11,	14,	1,	-3,	1,	0,	0,	1.65255e+009,	-0.645539,	-0.639408,	-0.427583,	-0.0362208,	-0.77117,	-0.41859,	-0.0150907,	0.101619,	-0.862619,	-0.334296,	-0.0210691,	-0.0193726,	-0.825038,	-0.488765,	-0.00664491,	-0.0622491,	-0.714918,	-0.542631,	-0.00197613,	-0.324831,	-0.3094,	0.56095,	-0.05488,	60909,	-286,	-19,	-430,	60939,	121,	-6,	-145,	60929,	65,	-7,	-346,	
1,	8,	799422,	1.65255e+015,	-2,	-8,	-6,	4,	1,	0,	0,	-3,	1.65255e+009,	-0.645539,	-0.639408,	-0.427583,	-0.0362208,	-0.77117,	-0.41859,	-0.0150907,	0.101619,	-0.862619,	-0.334296,	-0.0210691,	-0.0193726,	-0.825038,	-0.488765,	-0.00664491,	-0.0622491,	-0.714918,	-0.542631,	-0.00197613,	-0.324831,	-0.3094,	0.56095,	-0.05488,	60919,	-286,	-18,	-430,	60949,	123,	-5,	-145,	60939,	64,	-7,	-346,	
1,	8,	799500,	1.65255e+015,	-2,	-9,	-7,	-5,	-3,	0,	-1,	-1,	1.65255e+009,	-0.645539,	-0.639408,	-0.427583,	-0.0362208,	-0.77117,	-0.41859,	-0.0150907,	0.101619,	-0.862619,	-0.334296,	-0.0210691,	-0.0193726,	-0.825038,	-0.488765,	-0.00664491,	-0.0622491,	-0.714918,	-0.542631,	-0.00197613,	-0.324831,	-0.3094,	0.56095,	-0.05488,	60929,	-287,	-18,	-430,	60959,	122,	-6,	-145,	60949,	65,	-7,	-346,	
1,	8,	799579,	1.65255e+015,	-5,	-8,	-2,	4,	-1,	-3,	-3,	-2,	1.65255e+009,	-0.645539,	-0.639408,	-0.427583,	-0.0362208,	-0.77117,	-0.41859,	-0.0150907,	0.101619,	-0.862619,	-0.334296,	-0.0210691,	-0.0193726,	-0.825038,	-0.488765,	-0.00664491,	-0.0622491,	-0.714918,	-0.542631,	-0.00197613,	-0.324831,	-0.3094,	0.56095,	-0.05488,	60939,	-286,	-18,	-430,	60969,	122,	-7,	-145,	60959,	64,	-7,	-346,	
1,	8,	799641,	1.65255e+015,	1,	4,	-5,	7,	3,	0,	-1,	0,	1.65255e+009,	-0.645539,	-0.639408,	-0.427583,	-0.0362208,	-0.77117,	-0.41859,	-0.0150907,	0.101619,	-0.862619,	-0.334296,	-0.0210691,	-0.0193726,	-0.825038,	-0.488765,	-0.00664491,	-0.0622491,	-0.714918,	-0.542631,	-0.00197613,	-0.324831,	-0.3094,	0.56095,	-0.05488,	60949,	-287,	-17,	-430,	60979,	121,	-8,	-146,	60969,	64,	-8,	-346,	
1,	8,	799704,	1.65255e+015,	-2,	-5,	-1,	-11,	-2,	-1,	-1,	-3,	1.65255e+009,	-0.645539,	-0.639408,	-0.427583,	-0.0362208,	-0.77117,	-0.41859,	-0.0150907,	0.101619,	-0.862619,	-0.334296,	-0.0210691,	-0.0193726,	-0.825038,	-0.488765,	-0.00664491,	-0.0622491,	-0.714918,	-0.542631,	-0.00197613,	-0.324831,	-0.3094,	0.56095,	-0.05488,	60959,	-287,	-18,	-431,	60989,	122,	-8,	-146,	60979,	64,	-7,	-346,	
1,	8,	799782,	1.65255e+015,	2,	7,	5,	1,	-1,	-2,	-1,	-1,	1.65255e+009,	-0.645539,	-0.639408,	-0.427583,	-0.0362208,	-0.77117,	-0.41859,	-0.0150907,	0.101619,	-0.862619,	-0.334296,	-0.0210691,	-0.0193726,	-0.825038,	-0.488765,	-0.00664491,	-0.0622491,	-0.714918,	-0.542631,	-0.00197613,	-0.324831,	-0.3094,	0.56095,	-0.05488,	60969,	-287,	-18,	-430,	60999,	122,	-6,	-145,	60989,	64,	-7,	-347,	
1,	8,	799844,	1.65255e+015,	0,	-4,	1,	-4,	-1,	-1,	-1,	-2,	1.65255e+009,	-0.645539,	-0.639408,	-0.427583,	-0.0362208,	-0.77117,	-0.41859,	-0.0150907,	0.101619,	-0.862619,	-0.334296,	-0.0210691,	-0.0193726,	-0.825038,	-0.488765,	-0.00664491,	-0.0622491,	-0.714918,	-0.542631,	-0.00197613,	-0.324831,	-0.3094,	0.56095,	-0.05488,	60979,	-287,	-18,	-430,	61009,	122,	-7,	-145,	60999,	63,	-8,	-346,	
1,	8,	799907,	1.65255e+015,	-2,	0,	-3,	5,	-1,	-2,	-1,	0,	1.65255e+009,	-0.645539,	-0.639408,	-0.427583,	-0.0362208,	-0.77117,	-0.41859,	-0.0150907,	0.101619,	-0.862619,	-0.334296,	-0.0210691,	-0.0193726,	-0.825038,	-0.488765,	-0.00664491,	-0.0622491,	-0.714918,	-0.542631,	-0.00197613,	-0.324831,	-0.3094,	0.56095,	-0.05488,	60989,	-287,	-17,	-430,	61019,	122,	-6,	-145,	61009,	64,	-7,	-346,	
1,	8,	799985,	1.65255e+015,	1,	-1,	3,	-7,	-1,	-2,	-1,	-3,	1.65255e+009,	-0.645539,	-0.639408,	-0.427583,	-0.0362208,	-0.77117,	-0.41859,	-0.0150907,	0.101619,	-0.862619,	-0.334296,	-0.0210691,	-0.0193726,	-0.825038,	-0.488765,	-0.00664491,	-0.0622491,	-0.714918,	-0.542631,	-0.00197613,	-0.324831,	-0.3094,	0.56095,	-0.05488,	60999,	-288,	-18,	-429,	61029,	122,	-6,	-145,	61019,	64,	-8,	-346,	
1,	8,	800047,	1.65255e+015,	1,	5,	5,	-2,	-2,	1,	0,	1,	1.65255e+009,	-0.645539,	-0.639408,	-0.427583,	-0.0362208,	-0.77117,	-0.41859,	-0.0150907,	0.101619,	-0.862619,	-0.334296,	-0.0210691,	-0.0193726,	-0.825038,	-0.488765,	-0.00664491,	-0.0622491,	-0.714918,	-0.542631,	-0.00197613,	-0.324831,	-0.3094,	0.56095,	-0.05488,	61009,	-287,	-19,	-429,	14913,	135,	-12,	-153,	61029,	64,	-8,	-346,	
1,	8,	800110,	1.65255e+015,	1,	6,	-1,	5,	-1,	-2,	0,	0,	1.65255e+009,	-0.645539,	-0.639408,	-0.427583,	-0.0362208,	-0.77117,	-0.41859,	-0.0150907,	0.101619,	-0.862619,	-0.334296,	-0.0210691,	-0.0193726,	-0.825038,	-0.488765,	-0.00664491,	-0.0622491,	-0.714918,	-0.542631,	-0.00197613,	-0.324831,	-0.3094,	0.56095,	-0.05488,	14953,	-246,	-1,	-519,	14923,	136,	-12,	-153,	14973,	71,	-5,	-358,	
1,	8,	800188,	1.65255e+015,	1,	1,	-2,	3,	-2,	-3,	-3,	-2,	1.65255e+009,	-0.645539,	-0.639408,	-0.427583,	-0.0362208,	-0.77117,	-0.41859,	-0.0150907,	0.101619,	-0.862619,	-0.334296,	-0.0210691,	-0.0193726,	-0.825038,	-0.488765,	-0.00664491,	-0.0622491,	-0.714918,	-0.542631,	-0.00197613,	-0.324831,	-0.3094,	0.56095,	-0.05488,	14963,	-246,	-2,	-519,	14933,	136,	-11,	-153,	14983,	71,	-5,	-358,	
1,	8,	800250,	1.65255e+015,	-2,	-5,	0,	7,	4,	2,	-1,	-1,	1.65255e+009,	-0.645539,	-0.639408,	-0.427583,	-0.0362208,	-0.77117,	-0.41859,	-0.0150907,	0.101619,	-0.862619,	-0.334296,	-0.0210691,	-0.0193726,	-0.825038,	-0.488765,	-0.00664491,	-0.0622491,	-0.714918,	-0.542631,	-0.00197613,	-0.324831,	-0.3094,	0.56095,	-0.05488,	14973,	-245,	-1,	-519,	14943,	135,	-11,	-153,	14993,	71,	-5,	-358,	
1,	8,	800329,	1.65255e+015,	-1,	-5,	-3,	-5,	-3,	-1,	1,	-1,	1.65255e+009,	-0.645539,	-0.639408,	-0.427583,	-0.0362208,	-0.77117,	-0.41859,	-0.0150907,	0.101619,	-0.862619,	-0.334296,	-0.0210691,	-0.0193726,	-0.825038,	-0.488765,	-0.00664491,	-0.0622491,	-0.714918,	-0.542631,	-0.00197613,	-0.324831,	-0.3094,	0.56095,	-0.05488,	14983,	-246,	-1,	-519,	14953,	135,	-12,	-153,	15003,	71,	-6,	-358,	
1,	8,	800407,	1.65255e+015,	0,	5,	-1,	1,	-1,	-2,	-1,	0,	1.65255e+009,	-0.645539,	-0.639408,	-0.427583,	-0.0362208,	-0.77117,	-0.41859,	-0.0150907,	0.101619,	-0.862619,	-0.334296,	-0.0210691,	-0.0193726,	-0.825038,	-0.488765,	-0.00664491,	-0.0622491,	-0.714918,	-0.542631,	-0.00197613,	-0.324831,	-0.3094,	0.56095,	-0.05488,	14993,	-246,	0,	-519,	14963,	136,	-12,	-153,	15013,	71,	-4,	-358,	
1,	8,	800485,	1.65255e+015,	3,	8,	5,	5,	0,	-1,	0,	1,	1.65255e+009,	-0.645539,	-0.639408,	-0.427583,	-0.0362208,	-0.77117,	-0.41859,	-0.0150907,	0.101619,	-0.862619,	-0.334296,	-0.0210691,	-0.0193726,	-0.825038,	-0.488765,	-0.00664491,	-0.0622491,	-0.714918,	-0.542631,	-0.00197613,	-0.324831,	-0.3094,	0.56095,	-0.05488,	15003,	-245,	0,	-519,	14973,	135,	-12,	-153,	15023,	70,	-5,	-358,	
1,	8,	800547,	1.65255e+015,	2,	8,	0,	-2,	-2,	0,	0,	-1,	1.65255e+009,	-0.645539,	-0.639408,	-0.427583,	-0.0362208,	-0.77117,	-0.41859,	-0.0150907,	0.101619,	-0.862619,	-0.334296,	-0.0210691,	-0.0193726,	-0.825038,	-0.488765,	-0.00664491,	-0.0622491,	-0.714918,	-0.542631,	-0.00197613,	-0.324831,	-0.3094,	0.56095,	-0.05488,	15013,	-245,	-1,	-520,	14983,	136,	-11,	-153,	15033,	71,	-5,	-358,	
1,	8,	800610,	1.65255e+015,	-1,	-1,	3,	1,	0,	-1,	1,	-1,	1.65255e+009,	-0.645539,	-0.639408,	-0.427583,	-0.0362208,	-0.77117,	-0.41859,	-0.0150907,	0.101619,	-0.862619,	-0.334296,	-0.0210691,	-0.0193726,	-0.825038,	-0.488765,	-0.00664491,	-0.0622491,	-0.714918,	-0.542631,	-0.00197613,	-0.324831,	-0.3094,	0.56095,	-0.05488,	15023,	-245,	0,	-520,	14993,	136,	-12,	-153,	15043,	71,	-5,	-358,	
1,	8,	800688,	1.65255e+015,	0,	1,	0,	0,	-1,	-3,	-3,	0,	1.65255e+009,	-0.645539,	-0.639408,	-0.427583,	-0.0362208,	-0.77117,	-0.41859,	-0.0150907,	0.101619,	-0.862619,	-0.334296,	-0.0210691,	-0.0193726,	-0.825038,	-0.488765,	-0.00664491,	-0.0622491,	-0.714918,	-0.542631,	-0.00197613,	-0.324831,	-0.3094,	0.56095,	-0.05488,	15033,	-246,	-1,	-520,	15003,	136,	-11,	-153,	15053,	71,	-5,	-358,	
1,	8,	800766,	1.65255e+015,	0,	-1,	-10,	-1,	-1,	-2,	-1,	-1,	1.65255e+009,	-0.645539,	-0.639408,	-0.427583,	-0.0362208,	-0.77117,	-0.41859,	-0.0150907,	0.101619,	-0.862619,	-0.334296,	-0.0210691,	-0.0193726,	-0.825038,	-0.488765,	-0.00664491,	-0.0622491,	-0.714918,	-0.542631,	-0.00197613,	-0.324831,	-0.3094,	0.56095,	-0.05488,	15043,	-244,	0,	-520,	15013,	136,	-12,	-154,	15063,	71,	-5,	-358,	
1,	8,	800829,	1.65255e+015,	2,	7,	-10,	5,	1,	0,	-2,	0,	1.65255e+009,	-0.645539,	-0.639408,	-0.427583,	-0.0362208,	-0.77117,	-0.41859,	-0.0150907,	0.101619,	-0.862619,	-0.334296,	-0.0210691,	-0.0193726,	-0.825038,	-0.488765,	-0.00664491,	-0.0622491,	-0.714918,	-0.542631,	-0.00197613,	-0.324831,	-0.3094,	0.56095,	-0.05488,	15053,	-245,	-1,	-520,	15023,	136,	-12,	-154,	15073,	71,	-6,	-358,	
1,	8,	800907,	1.65255e+015,	-4,	-10,	-3,	-6,	-4,	-3,	-5,	-4,	1.65255e+009,	-0.645539,	-0.639408,	-0.427583,	-0.0362208,	-0.77117,	-0.41859,	-0.0150907,	0.101619,	-0.862619,	-0.334296,	-0.0210691,	-0.0193726,	-0.825038,	-0.488765,	-0.00664491,	-0.0622491,	-0.714918,	-0.542631,	-0.00197613,	-0.324831,	-0.3094,	0.56095,	-0.05488,	15063,	-245,	-2,	-520,	15033,	136,	-11,	-153,	15083,	71,	-5,	-358,	
1,	8,	800969,	1.65255e+015,	0,	3,	-4,	5,	-1,	-2,	-2,	-3,	1.65255e+009,	-0.645539,	-0.639408,	-0.427583,	-0.0362208,	-0.77117,	-0.41859,	-0.0150907,	0.101619,	-0.862619,	-0.334296,	-0.0210691,	-0.0193726,	-0.825038,	-0.488765,	-0.00664491,	-0.0622491,	-0.714918,	-0.542631,	-0.00197613,	-0.324831,	-0.3094,	0.56095,	-0.05488,	15073,	-247,	-1,	-521,	15043,	136,	-12,	-153,	15093,	70,	-6,	-358,	
1,	8,	801047,	1.65255e+015,	2,	7,	4,	9,	2,	-2,	0,	-9,	1.65255e+009,	-0.645539,	-0.639408,	-0.427583,	-0.0362208,	-0.77117,	-0.41859,	-0.0150907,	0.101619,	-0.862619,	-0.334296,	-0.0210691,	-0.0193726,	-0.825038,	-0.488765,	-0.00664491,	-0.0622491,	-0.714918,	-0.542631,	-0.00197613,	-0.324831,	-0.3094,	0.56095,	-0.05488,	15083,	-246,	-1,	-520,	15053,	137,	-12,	-153,	15103,	71,	-5,	-358,	
1,	8,	801125,	1.65255e+015,	2,	4,	-6,	1,	1,	2,	2,	7,	1.65255e+009,	-0.645539,	-0.639408,	-0.427583,	-0.0362208,	-0.77117,	-0.41859,	-0.0150907,	0.101619,	-0.862619,	-0.334296,	-0.0210691,	-0.0193726,	-0.825038,	-0.488765,	-0.00664491,	-0.0622491,	-0.714918,	-0.542631,	-0.00197613,	-0.324831,	-0.3094,	0.56095,	-0.05488,	15093,	-245,	-1,	-520,	15063,	136,	-12,	-153,	15113,	69,	-5,	-358,	
1,	8,	801188,	1.65255e+015,	2,	8,	12,	5,	-1,	-3,	0,	2,	1.65255e+009,	-0.645539,	-0.639408,	-0.427583,	-0.0362208,	-0.77117,	-0.41859,	-0.0150907,	0.101619,	-0.862619,	-0.334296,	-0.0210691,	-0.0193726,	-0.825038,	-0.488765,	-0.00664491,	-0.0622491,	-0.714918,	-0.542631,	-0.00197613,	-0.324831,	-0.3094,	0.56095,	-0.05488,	15103,	-245,	-2,	-520,	15073,	136,	-12,	-153,	15123,	71,	-5,	-358,	
1,	8,	801266,	1.65255e+015,	-2,	-2,	5,	-10,	-4,	-3,	0,	-2,	1.65255e+009,	-0.645539,	-0.639408,	-0.427583,	-0.0362208,	-0.77117,	-0.41859,	-0.0150907,	0.101619,	-0.862619,	-0.334296,	-0.0210691,	-0.0193726,	-0.825038,	-0.488765,	-0.00664491,	-0.0622491,	-0.714918,	-0.542631,	-0.00197613,	-0.324831,	-0.3094,	0.56095,	-0.05488,	15113,	-245,	-1,	-520,	15083,	136,	-11,	-153,	15133,	71,	-4,	-358,	
1,	8,	801329,	1.65255e+015,	0,	1,	-2,	0,	0,	-1,	0,	-1,	1.65255e+009,	-0.645539,	-0.639408,	-0.427583,	-0.0362208,	-0.77117,	-0.41859,	-0.0150907,	0.101619,	-0.862619,	-0.334296,	-0.0210691,	-0.0193726,	-0.825038,	-0.488765,	-0.00664491,	-0.0622491,	-0.714918,	-0.542631,	-0.00197613,	-0.324831,	-0.3094,	0.56095,	-0.05488,	15123,	-246,	0,	-521,	15093,	136,	-11,	-153,	15143,	72,	-5,	-358,	
1,	8,	801407,	1.65255e+015,	-4,	-5,	-2,	1,	1,	0,	-3,	-1,	1.65255e+009,	-0.645539,	-0.639408,	-0.427583,	-0.0559328,	-0.77117,	-0.41859,	-0.0150907,	0.101619,	-0.862619,	-0.334296,	-0.0210691,	-0.0193726,	-0.825038,	-0.488765,	-0.00664491,	-0.0622491,	-0.714918,	-0.542631,	-0.00197613,	-0.324831,	-0.3094,	0.56095,	-0.05488,	15133,	-245,	0,	-521,	15103,	136,	-11,	-153,	15153,	72,	-5,	-358,	
1,	8,	801485,	1.65255e+015,	0,	-2,	0,	-2,	1,	0,	-1,	0,	1.65255e+009,	-0.645539,	-0.639408,	-0.427583,	-0.0559328,	-0.77117,	-0.41859,	-0.0150907,	0.101619,	-0.862619,	-0.334296,	-0.0210691,	-0.0193726,	-0.825038,	-0.488765,	-0.00664491,	-0.0622491,	-0.714918,	-0.542631,	-0.00197613,	-0.324831,	-0.3094,	0.56095,	-0.05488,	15143,	-244,	0,	-521,	15113,	136,	-11,	-153,	15163,	71,	-6,	-359,	
1,	8,	801563,	1.65255e+015,	-1,	-5,	-7,	1,	-1,	-1,	0,	6,	1.65255e+009,	-0.645539,	-0.639408,	-0.427583,	-0.0559328,	-0.77117,	-0.41859,	-0.0150907,	0.101619,	-0.862619,	-0.334296,	-0.0210691,	-0.0193726,	-0.825038,	-0.488765,	-0.00664491,	-0.0622491,	-0.714918,	-0.542631,	-0.00197613,	-0.324831,	-0.3094,	0.56095,	-0.05488,	15153,	-244,	-1,	-522,	15123,	136,	-12,	-153,	15173,	71,	-4,	-359,	
1,	8,	801641,	1.65255e+015,	-1,	-3,	-8,	0,	0,	-1,	-1,	1,	1.65255e+009,	-0.645539,	-0.639408,	-0.427583,	-0.0559328,	-0.77117,	-0.41859,	-0.0150907,	0.101619,	-0.862619,	-0.334296,	-0.0210691,	-0.0193726,	-0.825038,	-0.488765,	-0.00664491,	-0.0622491,	-0.714918,	-0.542631,	-0.00197613,	-0.324831,	-0.3094,	0.56095,	-0.05488,	15163,	-243,	-1,	-521,	15133,	136,	-12,	-154,	15183,	70,	-4,	-359,	
1,	8,	801719,	1.65255e+015,	3,	6,	5,	9,	0,	-3,	-2,	1,	1.65255e+009,	-0.645539,	-0.639408,	-0.427583,	-0.0559328,	-0.77117,	-0.41859,	-0.0150907,	0.101619,	-0.862619,	-0.334296,	-0.0210691,	-0.0193726,	-0.825038,	-0.488765,	-0.00664491,	-0.0622491,	-0.714918,	-0.542631,	-0.00197613,	-0.324831,	-0.3094,	0.56095,	-0.05488,	15173,	-244,	-1,	-521,	15143,	137,	-12,	-153,	15193,	71,	-5,	-359,	
1,	8,	801797,	1.65255e+015,	0,	0,	-2,	-6,	0,	1,	-2,	-2,	1.65255e+009,	-0.645539,	-0.639408,	-0.427583,	-0.0559328,	-0.77117,	-0.41859,	-0.0150907,	0.101619,	-0.862619,	-0.334296,	-0.0210691,	-0.0193726,	-0.825038,	-0.488765,	-0.00664491,	-0.0622491,	-0.714918,	-0.542631,	-0.00197613,	-0.324831,	-0.3094,	0.56095,	-0.05488,	15183,	-244,	-1,	-521,	15153,	136,	-13,	-153,	15203,	72,	-4,	-359,	
1,	8,	801860,	1.65255e+015,	1,	7,	7,	-1,	-4,	-2,	-1,	-11,	1.65255e+009,	-0.645539,	-0.639408,	-0.427583,	-0.0559328,	-0.77117,	-0.41859,	-0.0150907,	0.101619,	-0.862619,	-0.334296,	-0.0210691,	-0.0193726,	-0.825038,	-0.524247,	-0.00117488,	-0.0622491,	-0.714918,	-0.542631,	-0.00197613,	-0.324831,	-0.3094,	0.56095,	-0.05488,	15193,	-245,	0,	-521,	15163,	136,	-14,	-154,	15213,	71,	-5,	-359,	
1,	8,	801938,	1.65255e+015,	-2,	-4,	-10,	-8,	-2,	0,	-1,	-2,	1.65255e+009,	-0.645539,	-0.639408,	-0.427583,	-0.0559328,	-0.77117,	-0.41859,	-0.0150907,	0.101619,	-0.862619,	-0.334296,	-0.0210691,	-0.0193726,	-0.825038,	-0.524247,	-0.00117488,	-0.0622491,	-0.714918,	-0.542631,	-0.00197613,	-0.324831,	-0.3094,	0.56095,	-0.05488,	15203,	-245,	0,	-521,	15173,	135,	-12,	-153,	15223,	72,	-4,	-359,	
2,	8,	802047,	1.65255e+015,	1,	7,	2,	6,	0,	0,	-2,	-11,	1.65255e+009,	-0.645539,	-0.639408,	-0.427583,	-0.0559328,	-0.77117,	-0.41859,	-0.0150907,	0.101619,	-0.862619,	-0.334296,	-0.0210691,	-0.0193726,	-0.825038,	-0.524247,	-0.00117488,	-0.0622491,	-0.714918,	-0.542631,	-0.00197613,	-0.324831,	-0.3094,	0.56095,	-0.05488,	15213,	-244,	0,	-521,	15183,	134,	-12,	-154,	15233,	70,	-4,	-359,	
2,	8,	802125,	1.65255e+015,	1,	4,	-1,	4,	-3,	-2,	0,	-1,	1.65255e+009,	-0.645539,	-0.639408,	-0.427583,	-0.0559328,	-0.77117,	-0.41859,	-0.0150907,	0.101619,	-0.862619,	-0.334296,	-0.0210691,	-0.0193726,	-0.825038,	-0.524247,	-0.00117488,	-0.0622491,	-0.714918,	-0.542631,	-0.00197613,	-0.324831,	-0.3094,	0.56095,	-0.05488,	15223,	-245,	-2,	-522,	15193,	136,	-12,	-154,	15243,	71,	-5,	-359,	
2,	8,	802204,	1.65255e+015,	-1,	-1,	-3,	-3,	-1,	0,	0,	1,	1.65255e+009,	-0.645539,	-0.639408,	-0.427583,	-0.0559328,	-0.77117,	-0.41859,	-0.0150907,	0.101619,	-0.862619,	-0.334296,	-0.0210691,	-0.0193726,	-0.825038,	-0.524247,	-0.00117488,	-0.0622491,	-0.714918,	-0.542631,	-0.00197613,	-0.324831,	-0.3094,	0.56095,	-0.05488,	15233,	-244,	-1,	-522,	15203,	136,	-12,	-154,	15253,	71,	-5,	-359,	
2,	8,	802282,	1.65255e+015,	1,	4,	1,	7,	-1,	-4,	-1,	-1,	1.65255e+009,	-0.645539,	-0.639408,	-0.427583,	-0.0559328,	-0.77117,	-0.41859,	-0.0150907,	0.101619,	-0.862619,	-0.334296,	-0.0210691,	-0.0193726,	-0.825038,	-0.524247,	-0.00117488,	-0.0622491,	-0.714918,	-0.542631,	-0.00197613,	-0.324831,	-0.3094,	0.56095,	-0.05488,	15243,	-244,	-2,	-521,	15213,	137,	-12,	-154,	15263,	71,	-6,	-359,	
2,	8,	802360,	1.65255e+015,	4,	4,	9,	2,	1,	1,	1,	3,	1.65255e+009,	-0.645539,	-0.639408,	-0.427583,	-0.0559328,	-0.77117,	-0.41859,	-0.0150907,	0.101619,	-0.862619,	-0.334296,	-0.0210691,	-0.0193726,	-0.825038,	-0.524247,	-0.00117488,	-0.0622491,	-0.714918,	-0.542631,	-0.00197613,	-0.324831,	-0.3094,	0.56095,	-0.05488,	15253,	-245,	-1,	-521,	15223,	136,	-12,	-154,	15273,	71,	-5,	-359,	
2,	8,	802438,	1.65255e+015,	1,	-2,	-3,	1,	-2,	-1,	-1,	1,	1.65255e+009,	-0.645539,	-0.639408,	-0.427583,	-0.0559328,	-0.77117,	-0.41859,	-0.0150907,	0.101619,	-0.862619,	-0.334296,	-0.0210691,	-0.0193726,	-0.825038,	-0.524247,	-0.00117488,	-0.0622491,	-0.714918,	-0.542631,	-0.00197613,	-0.324831,	-0.3094,	0.56095,	-0.05488,	15263,	-246,	0,	-521,	15233,	136,	-13,	-154,	15283,	70,	-5,	-359,	
2,	8,	802516,	1.65255e+015,	-2,	-7,	7,	-2,	-1,	-3,	-2,	-1,	1.65255e+009,	-0.645539,	-0.639408,	-0.427583,	-0.0559328,	-0.77117,	-0.41859,	-0.0150907,	0.101619,	-0.862619,	-0.334296,	-0.0210691,	-0.0193726,	-0.825038,	-0.524247,	-0.00117488,	-0.0622491,	-0.714918,	-0.542631,	-0.00197613,	-0.324831,	-0.3094,	0.56095,	-0.05488,	15273,	-245,	-1,	-521,	15243,	136,	-13,	-154,	15293,	71,	-5,	-359,	
2,	8,	802594,	1.65255e+015,	1,	3,	1,	2,	0,	0,	0,	-1,	1.65255e+009,	-0.645539,	-0.639408,	-0.427583,	-0.0559328,	-0.77117,	-0.41859,	-0.0150907,	0.101619,	-0.862619,	-0.334296,	-0.0210691,	-0.0193726,	-0.825038,	-0.524247,	-0.00117488,	-0.0622491,	-0.714918,	-0.542631,	-0.00197613,	-0.324831,	-0.3094,	0.56095,	-0.05488,	15283,	-245,	0,	-521,	15253,	135,	-13,	-154,	15303,	71,	-6,	-358,	
2,	8,	802672,	1.65255e+015,	-4,	-7,	15,	-11,	-3,	2,	1,	1,	1.65255e+009,	-0.645539,	-0.639408,	-0.427583,	-0.0559328,	-0.77117,	-0.41859,	-0.0150907,	0.101619,	-0.862619,	-0.334296,	-0.0210691,	-0.0193726,	-0.825038,	-0.524247,	-0.00117488,	-0.0622491,	-0.714918,	-0.542631,	-0.00197613,	-0.324831,	-0.3094,	0.56095,	-0.05488,	15293,	-245,	-1,	-521,	15263,	136,	-12,	-154,	15313,	72,	-6,	-358,	
2,	8,	802750,	1.65255e+015,	-3,	-5,	-75,	1,	-1,	-3,	-1,	-4,	1.65255e+009,	-0.645539,	-0.639408,	-0.427583,	-0.0559328,	-0.77117,	-0.41859,	-0.0150907,	0.101619,	-0.862619,	-0.334296,	-0.0210691,	-0.0193726,	-0.825038,	-0.524247,	-0.00117488,	-0.0622491,	-0.714918,	-0.542631,	-0.00197613,	-0.324831,	-0.3094,	0.56095,	-0.05488,	15303,	-244,	-1,	-521,	15273,	136,	-12,	-154,	15323,	71,	-4,	-358,	
2,	8,	802829,	1.65255e+015,	1,	3,	10,	-3,	-1,	2,	1,	2,	1.65255e+009,	-0.645539,	-0.639408,	-0.427583,	-0.0559328,	-0.77117,	-0.41859,	-0.0150907,	0.101619,	-0.862619,	-0.334296,	-0.0210691,	-0.0193726,	-0.825038,	-0.524247,	-0.00117488,	-0.0622491,	-0.714918,	-0.696387,	-0.0367996,	-0.324831,	-0.2639,	0.56095,	-0.05488,	15313,	-244,	-2,	-520,	15283,	136,	-12,	-154,	15333,	71,	-6,	-358,	
2,	8,	802907,	1.65255e+015,	0,	0,	-5,	-3,	-3,	-2,	8,	31,	1.65255e+009,	-0.645539,	-0.639408,	-0.427583,	-0.0559328,	-0.77117,	-0.41859,	-0.0150907,	0.101619,	-0.862619,	-0.334296,	-0.0210691,	-0.0193726,	-0.825038,	-0.524247,	-0.00117488,	-0.0622491,	-0.802638,	-0.96546,	-0.134148,	-0.324831,	-0.2639,	0.56095,	-0.05488,	15323,	-244,	-2,	-520,	15293,	135,	-11,	-154,	15343,	70,	-5,	-358,	
2,	8,	802985,	1.65255e+015,	2,	3,	-38,	-4,	0,	0,	-2,	-2,	1.65255e+009,	-0.645539,	-0.639408,	-0.427583,	-0.0559328,	-0.77117,	-0.41859,	-0.0150907,	0.101619,	-0.862619,	-0.334296,	-0.0210691,	-0.0193726,	-0.738306,	-0.524247,	-0.00117488,	-0.0622491,	-0.802638,	-1.18328,	-0.246891,	-0.324831,	-0.2184,	0.56095,	-0.05488,	15333,	-245,	-1,	-519,	15303,	136,	-11,	-154,	15353,	70,	-6,	-357,	
2,	8,	803063,	1.65255e+015,	-1,	-1,	-15,	3,	-1,	0,	1,	-2,	1.65255e+009,	-0.645539,	-0.639408,	-0.427583,	-0.0559328,	-0.77117,	-0.41859,	-0.0150907,	0.101619,	-0.862619,	-0.334296,	-0.0210691,	-0.0193726,	-0.738306,	-0.488765,	-0.00664491,	-0.0622491,	-0.890358,	-1.32422,	-0.336024,	-0.324831,	-0.182,	0.56095,	-0.05488,	15343,	-246,	-1,	-518,	15313,	136,	-11,	-154,	15363,	70,	-6,	-357,	
2,	8,	803141,	1.65255e+015,	-3,	3,	4,	7,	0,	-1,	0,	-1,	1.65255e+009,	-0.645539,	-0.639408,	-0.427583,	-0.0559328,	-0.77117,	-0.41859,	-0.0150907,	0.101619,	-0.862619,	-0.334296,	-0.0210691,	-0.0193726,	-0.738306,	-0.488765,	-0.00664491,	-0.0622491,	-1.10966,	-1.4011,	-0.39,	-0.324831,	-0.182,	0.56095,	-0.05488,	15353,	-247,	-1,	-516,	15323,	136,	-12,	-154,	15373,	70,	-6,	-357,	
2,	8,	803219,	1.65255e+015,	-2,	-8,	20,	-11,	-3,	-2,	-1,	4,	1.65255e+009,	-0.645539,	-0.639408,	-0.427583,	-0.0559328,	-0.77117,	-0.41859,	-0.0150907,	0.101619,	-0.862619,	-0.334296,	-0.0210691,	-0.0193726,	-0.738306,	-0.488765,	-0.00664491,	-0.0622491,	-1.10966,	-1.4011,	-0.39,	-0.301175,	-0.182,	0.56095,	-0.05488,	15363,	-248,	-1,	-515,	15333,	135,	-12,	-154,	15383,	69,	-7,	-357,	
2,	8,	803297,	1.65255e+015,	-1,	4,	-2,	5,	2,	2,	0,	-3,	1.65255e+009,	-0.585419,	-0.639408,	-0.427583,	-0.0559328,	-0.77117,	-0.41859,	-0.0150907,	0.101619,	-0.783769,	-0.334296,	-0.0210691,	-0.0193726,	-0.738306,	-0.417801,	-0.0151678,	-0.0622491,	-1.19738,	-1.4011,	-0.39,	-0.301175,	-0.182,	0.56095,	-0.05488,	15373,	-249,	-1,	-512,	15343,	136,	-12,	-154,	15393,	69,	-6,	-356,	
2,	8,	803375,	1.65255e+015,	4,	2,	18,	9,	5,	4,	1,	4,	1.65255e+009,	-0.585419,	-0.639408,	-0.427583,	-0.0559328,	-0.77117,	-0.41859,	-0.0150907,	0.101619,	-0.783769,	-0.334296,	-0.0210691,	-0.0193726,	-0.738306,	-0.417801,	-0.0151678,	-0.0622491,	-1.26317,	-1.4011,	-0.39,	-0.301175,	-0.182,	0.56095,	-0.05488,	15383,	-253,	-1,	-507,	15353,	136,	-12,	-153,	15403,	68,	-8,	-354,	
2,	8,	803454,	1.65255e+015,	-1,	-2,	-28,	1,	0,	0,	-5,	-8,	1.65255e+009,	-0.585419,	-0.639408,	-0.427583,	-0.0559328,	-0.77117,	-0.41859,	-0.0150907,	0.101619,	-0.783769,	-0.334296,	-0.0210691,	-0.0193726,	-0.738306,	-0.417801,	-0.0151678,	-0.0622491,	-1.26317,	-1.4011,	-0.39,	-0.301175,	-0.182,	0.56095,	-0.05488,	15393,	-255,	0,	-502,	15363,	136,	-11,	-153,	15413,	66,	-8,	-352,	
2,	8,	803532,	1.65255e+015,	0,	1,	6,	-1,	0,	0,	-1,	-2,	1.65255e+009,	-0.585419,	-0.639408,	-0.427583,	-0.0559328,	-0.77117,	-0.41859,	-0.0150907,	0.101619,	-0.783769,	-0.334296,	-0.0210691,	-0.0193726,	-0.738306,	-0.417801,	-0.0151678,	-0.0622491,	-1.26317,	-1.4011,	-0.39,	-0.301175,	-0.182,	0.56095,	-0.05488,	15403,	-258,	0,	-497,	15373,	135,	-12,	-153,	15423,	65,	-8,	-350,	
2,	8,	803610,	1.65255e+015,	0,	-1,	-16,	6,	-1,	-1,	-2,	-1,	1.65255e+009,	-0.585419,	-0.639408,	-0.427583,	-0.0559328,	-0.77117,	-0.41859,	-0.0150907,	0.101619,	-0.783769,	-0.334296,	-0.0210691,	-0.0193726,	-0.738306,	-0.417801,	-0.0151678,	-0.0622491,	-1.26317,	-1.4011,	-0.39,	-0.301175,	-0.182,	0.56095,	-0.05488,	15413,	-260,	-2,	-494,	15383,	135,	-9,	-153,	15433,	65,	-6,	-348,	
2,	8,	803688,	1.65255e+015,	1,	7,	14,	9,	1,	0,	0,	-3,	1.65255e+009,	-0.585419,	-0.639408,	-0.427583,	-0.0559328,	-0.77117,	-0.41859,	-0.0150907,	0.101619,	-0.783769,	-0.334296,	-0.0210691,	-0.0193726,	-0.738306,	-0.417801,	-0.0151678,	-0.0622491,	-1.26317,	-1.4011,	-0.39,	-0.301175,	-0.182,	0.56095,	-0.05488,	15423,	-264,	-3,	-489,	15393,	134,	-9,	-152,	15443,	65,	-6,	-346,	
2,	8,	803766,	1.65255e+015,	3,	7,	38,	-2,	2,	-1,	1,	5,	1.65255e+009,	-0.585419,	-0.639408,	-0.427583,	-0.0559328,	-0.77117,	-0.41859,	-0.0150907,	0.101619,	-0.783769,	-0.334296,	-0.0210691,	-0.0193726,	-0.738306,	-0.417801,	-0.0151678,	-0.0622491,	-1.26317,	-1.4011,	-0.39,	-0.301175,	-0.182,	0.56095,	-0.05488,	15433,	-267,	-3,	-483,	15403,	133,	-9,	-152,	15453,	63,	-6,	-345,	
2,	8,	803844,	1.65255e+015,	2,	1,	2,	-2,	-2,	-1,	0,	4,	1.65255e+009,	-0.585419,	-0.639408,	-0.427583,	-0.0559328,	-0.77117,	-0.41859,	-0.0150907,	0.101619,	-0.783769,	-0.334296,	-0.0210691,	-0.0193726,	-0.738306,	-0.417801,	-0.0151678,	-0.0622491,	-1.26317,	-1.4011,	-0.39,	-0.301175,	-0.182,	0.56095,	-0.05488,	15443,	-271,	-2,	-475,	15413,	133,	-7,	-150,	15463,	62,	-8,	-343,	
2,	8,	803922,	1.65255e+015,	0,	6,	18,	13,	2,	0,	-1,	9,	1.65255e+009,	-0.585419,	-0.639408,	-0.427583,	-0.0559328,	-0.77117,	-0.41859,	-0.0150907,	0.101619,	-0.783769,	-0.334296,	-0.0210691,	-0.0193726,	-0.738306,	-0.417801,	-0.0151678,	-0.0622491,	-1.26317,	-1.4011,	-0.39,	-0.301175,	-0.182,	0.56095,	-0.05488,	15453,	-275,	-2,	-467,	15423,	132,	-6,	-148,	15473,	59,	-12,	-339,	
2,	8,	804000,	1.65255e+015,	1,	-3,	-29,	-6,	1,	-1,	-1,	-1,	1.65255e+009,	-0.585419,	-0.639408,	-0.427583,	-0.0559328,	-0.77117,	-0.41859,	-0.0150907,	0.101619,	-0.783769,	-0.334296,	-0.0210691,	-0.0193726,	-0.738306,	-0.417801,	-0.0151678,	-0.0622491,	-1.26317,	-1.4011,	-0.39,	-0.301175,	-0.182,	0.56095,	-0.05488,	15463,	-280,	-2,	-460,	15433,	131,	-4,	-146,	15483,	55,	-17,	-334,	
2,	8,	804079,	1.65255e+015,	-1,	-6,	-3,	-4,	0,	2,	0,	-2,	1.65255e+009,	-0.585419,	-0.639408,	-0.427583,	-0.0559328,	-0.77117,	-0.41859,	-0.0150907,	0.101619,	-0.783769,	-0.334296,	-0.0210691,	-0.0193726,	-0.738306,	-0.417801,	-0.0151678,	-0.0622491,	-1.26317,	-1.4011,	-0.39,	-0.301175,	-0.182,	0.56095,	-0.05488,	15473,	-289,	-3,	-447,	15443,	128,	-3,	-144,	15493,	49,	-25,	-325,	
2,	8,	804157,	1.65255e+015,	0,	-3,	21,	0,	0,	-1,	0,	4,	1.65255e+009,	-0.585419,	-0.639408,	-0.427583,	-0.0559328,	-0.77117,	-0.41859,	-0.0150907,	0.101619,	-0.783769,	-0.334296,	-0.0210691,	-0.0193726,	-0.738306,	-0.417801,	-0.0151678,	-0.0622491,	-1.26317,	-1.4011,	-0.39,	-0.301175,	-0.182,	0.56095,	-0.05488,	15483,	-303,	-8,	-429,	15453,	126,	-2,	-142,	15503,	44,	-32,	-312,	
2,	8,	804235,	1.65255e+015,	-2,	4,	-12,	4,	0,	-1,	-3,	-5,	1.65255e+009,	-0.585419,	-0.639408,	-0.427583,	-0.0559328,	-0.77117,	-0.41859,	-0.0150907,	0.101619,	-0.783769,	-0.334296,	-0.0210691,	-0.0193726,	-0.738306,	-0.417801,	-0.0151678,	-0.0622491,	-1.26317,	-1.4011,	-0.39,	-0.301175,	-0.182,	0.56095,	-0.05488,	15493,	-318,	-11,	-407,	15463,	125,	-1,	-140,	15513,	40,	-39,	-297,	
2,	8,	804313,	1.65255e+015,	-2,	-3,	13,	-4,	-3,	-3,	-2,	-8,	1.65255e+009,	-0.585419,	-0.639408,	-0.427583,	-0.0559328,	-0.77117,	-0.41859,	-0.0150907,	0.101619,	-0.783769,	-0.334296,	-0.0210691,	-0.0193726,	-0.738306,	-0.417801,	-0.0151678,	-0.0622491,	-1.26317,	-1.4011,	-0.39,	-0.301175,	-0.182,	0.56095,	-0.05488,	15503,	-332,	-16,	-385,	15473,	124,	-1,	-138,	15523,	37,	-47,	-283,	
2,	8,	804391,	1.65255e+015,	0,	1,	-16,	7,	-1,	1,	1,	5,	1.65255e+009,	-0.585419,	-0.639408,	-0.427583,	-0.0559328,	-0.77117,	-0.41859,	-0.0150907,	0.101619,	-0.783769,	-0.334296,	-0.0210691,	-0.0193726,	-0.738306,	-0.417801,	-0.0151678,	-0.0622491,	-1.26317,	-1.4011,	-0.39,	-0.301175,	-0.182,	0.56095,	-0.05488,	15513,	-341,	-19,	-362,	15483,	123,	-2,	-134,	15533,	32,	-54,	-268,	
2,	8,	804469,	1.65255e+015,	0,	0,	0,	3,	2,	1,	-1,	1,	1.65255e+009,	-0.585419,	-0.639408,	-0.427583,	-0.0559328,	-0.77117,	-0.41859,	-0.0150907,	0.101619,	-0.783769,	-0.334296,	-0.0210691,	-0.0193726,	-0.738306,	-0.417801,	-0.0151678,	-0.0622491,	-1.26317,	-1.34985,	-0.353596,	-0.301175,	-0.182,	0.56095,	-0.05488,	15523,	-354,	-22,	-341,	15493,	123,	-8,	-130,	15543,	28,	-61,	-254,	
2,	8,	804563,	1.65255e+015,	0,	2,	9,	0,	-1,	1,	0,	0,	1.65255e+009,	-0.585419,	-0.639408,	-0.427583,	-0.0559328,	-0.77117,	-0.41859,	-0.0150907,	0.101619,	-0.783769,	-0.334296,	-0.0210691,	-0.0193726,	-0.738306,	-0.417801,	-0.0151678,	-0.0622491,	-1.0658,	-1.04234,	-0.170472,	-0.301175,	-0.182,	0.56095,	-0.05488,	15533,	-364,	-26,	-320,	15503,	122,	-13,	-125,	15553,	22,	-67,	-237,	
2,	8,	804641,	1.65255e+015,	1,	1,	-1,	6,	-1,	-1,	1,	0,	1.65255e+009,	-0.585419,	-0.639408,	-0.427583,	-0.0559328,	-0.77117,	-0.41859,	-0.0150907,	0.101619,	-0.783769,	-0.334296,	-0.0210691,	-0.0193726,	-0.738306,	-0.417801,	-0.0151678,	-0.0622491,	-0.956148,	-0.657948,	-0.0266753,	-0.301175,	-0.273,	0.56095,	-0.05488,	15543,	-376,	-30,	-298,	15513,	123,	-17,	-118,	15563,	16,	-72,	-218,	
2,	8,	804704,	1.65255e+015,	-1,	-7,	0,	0,	-3,	-2,	-1,	-1,	1.65255e+009,	-0.585419,	-0.639408,	-0.427583,	-0.0559328,	-0.77117,	-0.41859,	-0.0150907,	0.101619,	-0.783769,	-0.334296,	-0.0210691,	-0.0193726,	-0.738306,	-0.417801,	-0.0151678,	-0.0622491,	-0.846498,	-0.58107,	-0.00926355,	-0.330745,	-0.3185,	0.56095,	-0.05488,	15553,	-390,	-34,	-275,	15523,	122,	-19,	-108,	15573,	11,	-75,	-198,	
2,	8,	804766,	1.65255e+015,	0,	-4,	-12,	-2,	1,	2,	0,	0,	1.65255e+009,	-0.585419,	-0.639408,	-0.427583,	-0.0559328,	-0.77117,	-0.41859,	-0.0150907,	0.101619,	-0.783769,	-0.334296,	-0.0210691,	-0.0193726,	-0.738306,	-0.417801,	-0.0151678,	-0.0622491,	-0.846498,	-0.58107,	-0.00926355,	-0.330745,	-0.3185,	0.56095,	-0.05488,	15563,	-407,	-38,	-248,	15533,	123,	-19,	-95,	15583,	7,	-79,	-178,	
2,	8,	804829,	1.65255e+015,	-4,	-11,	2,	-4,	0,	4,	-1,	1,	1.65255e+009,	-0.585419,	-0.639408,	-0.427583,	-0.0559328,	-0.77117,	-0.41859,	-0.0150907,	0.101619,	-0.783769,	-0.334296,	-0.0210691,	-0.0193726,	-0.738306,	-0.417801,	-0.0151678,	-0.0622491,	-0.846498,	-0.58107,	-0.00926355,	-0.330745,	-0.3185,	0.56095,	-0.05488,	15573,	-424,	-43,	-219,	15543,	126,	-19,	-86,	15593,	1,	-82,	-156,	
2,	8,	804891,	1.65255e+015,	-2,	-5,	1,	-1,	-1,	-1,	-3,	-1,	1.65255e+009,	-0.585419,	-0.639408,	-0.427583,	-0.0559328,	-0.77117,	-0.41859,	-0.0150907,	0.101619,	-0.783769,	-0.334296,	-0.0210691,	-0.0193726,	-0.738306,	-0.417801,	-0.0151678,	-0.0622491,	-0.846498,	-0.529818,	-0.000242864,	-0.330745,	-0.3185,	0.56095,	-0.05488,	15583,	-442,	-45,	-191,	15553,	126,	-18,	-80,	15603,	-3,	-84,	-135,	
2,	8,	804954,	1.65255e+015,	0,	-3,	4,	8,	3,	-2,	-1,	-1,	1.65255e+009,	-0.585419,	-0.639408,	-0.427583,	-0.0559328,	-0.77117,	-0.41859,	-0.0150907,	0.101619,	-0.783769,	-0.334296,	-0.0210691,	-0.0193726,	-0.738306,	-0.417801,	-0.0151678,	-0.0622491,	-0.846498,	-0.529818,	-0.000242864,	-0.330745,	-0.3185,	0.56095,	-0.05488,	15593,	-456,	-49,	-167,	15563,	126,	-20,	-74,	15613,	-10,	-85,	-114,	
2,	8,	805032,	1.65255e+015,	-4,	-6,	-5,	-4,	0,	1,	0,	-1,	1.65255e+009,	-0.585419,	-0.639408,	-0.427583,	-0.0559328,	-0.77117,	-0.41859,	-0.0150907,	0.101619,	-0.783769,	-0.334296,	-0.0210691,	-0.0193726,	-0.738306,	-0.417801,	-0.0151678,	-0.0622491,	-0.846498,	-0.529818,	-0.000242864,	-0.330745,	-0.3185,	0.56095,	-0.05488,	15603,	-473,	-55,	-144,	15573,	127,	-21,	-69,	15623,	-15,	-86,	-93,	
2,	8,	805094,	1.65255e+015,	-1,	-1,	-3,	-2,	-3,	-2,	-1,	-2,	1.65255e+009,	-0.585419,	-0.639408,	-0.427583,	-0.0559328,	-0.77117,	-0.41859,	-0.0150907,	0.101619,	-0.783769,	-0.334296,	-0.0210691,	-0.0193726,	-0.738306,	-0.417801,	-0.0151678,	-0.0622491,	-0.846498,	-0.529818,	-0.000242864,	-0.330745,	-0.3185,	0.56095,	-0.05488,	15613,	-488,	-58,	-123,	15583,	125,	-21,	-65,	15633,	-21,	-88,	-71,	
2,	8,	805172,	1.65255e+015,	2,	2,	-1,	3,	6,	0,	-2,	0,	1.65255e+009,	-0.585419,	-0.639408,	-0.427583,	-0.0559328,	-0.77117,	-0.41859,	-0.0150907,	0.101619,	-0.783769,	-0.334296,	-0.0210691,	-0.0193726,	-0.738306,	-0.417801,	-0.0151678,	-0.0622491,	-0.846498,	-0.529818,	-0.000242864,	-0.330745,	-0.3185,	0.56095,	-0.05488,	15623,	-505,	-62,	-101,	15593,	126,	-22,	-60,	15643,	-29,	-91,	-48,	
2,	8,	805235,	1.65255e+015,	-1,	-2,	-9,	-1,	0,	-2,	-2,	0,	1.65255e+009,	-0.585419,	-0.639408,	-0.427583,	-0.0559328,	-0.77117,	-0.41859,	-0.0150907,	0.101619,	-0.783769,	-0.334296,	-0.0210691,	-0.0193726,	-0.738306,	-0.417801,	-0.0151678,	-0.0622491,	-0.846498,	-0.529818,	-0.000242864,	-0.330745,	-0.3185,	0.56095,	-0.05488,	15633,	-520,	-63,	-76,	15603,	124,	-22,	-52,	15653,	-35,	-94,	-24,	
2,	8,	805297,	1.65255e+015,	-2,	0,	0,	-1,	-2,	-3,	-1,	-2,	1.65255e+009,	-0.585419,	-0.639408,	-0.427583,	-0.0559328,	-0.77117,	-0.41859,	-0.0150907,	0.101619,	-0.783769,	-0.334296,	-0.0210691,	-0.0193726,	-0.738306,	-0.417801,	-0.0151678,	-0.0622491,	-0.846498,	-0.529818,	-0.000242864,	-0.330745,	-0.3185,	0.56095,	-0.05488,	15643,	-541,	-65,	-47,	15613,	123,	-22,	-43,	15663,	-41,	-97,	0,	
2,	8,	805360,	1.65255e+015,	0,	0,	4,	4,	0,	-1,	-2,	-1,	1.65255e+009,	-0.585419,	-0.639408,	-0.427583,	-0.0559328,	-0.77117,	-0.41859,	-0.0150907,	0.101619,	-0.783769,	-0.334296,	-0.0210691,	-0.0193726,	-0.738306,	-0.417801,	-0.0151678,	-0.0622491,	-0.846498,	-0.529818,	-0.000242864,	-0.330745,	-0.3185,	0.56095,	-0.05488,	15653,	-558,	-68,	-19,	15623,	122,	-21,	-35,	15673,	-46,	-98,	23,	
2,	8,	805422,	1.65255e+015,	1,	0,	6,	-2,	-2,	-3,	0,	-1,	1.65255e+009,	-0.585419,	-0.639408,	-0.427583,	-0.0559328,	-0.77117,	-0.41859,	-0.0150907,	0.101619,	-0.783769,	-0.334296,	-0.0210691,	-0.0193726,	-0.738306,	-0.417801,	-0.0151678,	-0.0622491,	-0.846498,	-0.529818,	-0.000242864,	-0.330745,	-0.3185,	0.56095,	-0.05488,	15663,	-572,	-72,	7,	15633,	122,	-23,	-30,	15683,	-53,	-100,	45,	
2,	8,	805485,	1.65255e+015,	-3,	-2,	-7,	-6,	-4,	-3,	-2,	-1,	1.65255e+009,	-0.585419,	-0.639408,	-0.427583,	-0.0559328,	-0.77117,	-0.41859,	-0.0150907,	0.101619,	-0.783769,	-0.334296,	-0.0210691,	-0.0193726,	-0.738306,	-0.417801,	-0.0151678,	-0.0622491,	-0.846498,	-0.529818,	-0.000242864,	-0.330745,	-0.3185,	0.56095,	-0.05488,	15673,	-584,	-76,	33,	15643,	122,	-24,	-27,	15693,	-59,	-101,	66,	
2,	8,	805563,	1.65255e+015,	-1,	6,	4,	-2,	0,	1,	0,	0,	1.65255e+009,	-0.585419,	-0.639408,	-0.427583,	-0.0559328,	-0.77117,	-0.41859,	-0.0150907,	0.101619,	-0.783769,	-0.334296,	-0.0210691,	-0.0193726,	-0.738306,	-0.417801,	-0.0151678,	-0.0622491,	-0.846498,	-0.529818,	-0.000242864,	-0.330745,	-0.3185,	0.56095,	-0.05488,	15683,	-597,	-79,	59,	15653,	119,	-25,	-25,	15703,	-66,	-101,	89,	
2,	8,	805641,	1.65255e+015,	0,	-2,	3,	-8,	-1,	-2,	0,	-1,	1.65255e+009,	-0.585419,	-0.639408,	-0.427583,	-0.0559328,	-0.77117,	-0.41859,	-0.0150907,	0.101619,	-0.783769,	-0.334296,	-0.0210691,	-0.0193726,	-0.738306,	-0.417801,	-0.0151678,	-0.0622491,	-0.846498,	-0.529818,	-0.000242864,	-0.330745,	-0.3185,	0.56095,	-0.05488,	15693,	-613,	-82,	85,	15663,	117,	-27,	-23,	15713,	-73,	-104,	116,	
2,	8,	805704,	1.65255e+015,	-1,	-6,	-7,	-10,	-3,	0,	-1,	0,	1.65255e+009,	-0.585419,	-0.639408,	-0.427583,	-0.0559328,	-0.77117,	-0.41859,	-0.0150907,	0.101619,	-0.783769,	-0.334296,	-0.0210691,	-0.0193726,	-0.738306,	-0.417801,	-0.0151678,	-0.0622491,	-0.846498,	-0.529818,	-0.000242864,	-0.330745,	-0.3185,	0.56095,	-0.05488,	15703,	-629,	-85,	111,	15673,	115,	-28,	-19,	15723,	-78,	-105,	141,	
2,	8,	805766,	1.65255e+015,	-1,	-6,	-8,	4,	1,	0,	-2,	-1,	1.65255e+009,	-0.585419,	-0.639408,	-0.427583,	-0.0559328,	-0.77117,	-0.41859,	-0.0150907,	0.101619,	-0.783769,	-0.334296,	-0.0210691,	-0.0193726,	-0.738306,	-0.417801,	-0.0151678,	-0.0622491,	-0.846498,	-0.529818,	-0.000242864,	-0.330745,	-0.3185,	0.56095,	-0.05488,	15713,	-646,	-87,	138,	15683,	114,	-29,	-13,	15733,	-85,	-108,	167,	
2,	8,	805844,	1.65255e+015,	1,	4,	1,	3,	2,	-2,	0,	0,	1.65255e+009,	-0.585419,	-0.639408,	-0.427583,	-0.0559328,	-0.77117,	-0.41859,	-0.0150907,	0.101619,	-0.783769,	-0.334296,	-0.0210691,	-0.0193726,	-0.738306,	-0.417801,	-0.0151678,	-0.0622491,	-0.846498,	-0.529818,	-0.000242864,	-0.330745,	-0.3185,	0.56095,	-0.05488,	15723,	-661,	-90,	165,	15693,	114,	-29,	-8,	15743,	-91,	-109,	192,	
2,	8,	805907,	1.65255e+015,	-3,	-4,	-9,	5,	-1,	-3,	-2,	-1,	1.65255e+009,	-0.585419,	-0.639408,	-0.427583,	-0.0559328,	-0.77117,	-0.41859,	-0.0150907,	0.101619,	-0.783769,	-0.334296,	-0.0210691,	-0.0193726,	-0.738306,	-0.417801,	-0.0151678,	-0.0622491,	-0.846498,	-0.529818,	-0.000242864,	-0.330745,	-0.3185,	0.56095,	-0.05488,	15733,	-674,	-92,	189,	15703,	113,	-30,	-3,	15753,	-95,	-113,	216,	
2,	8,	805985,	1.65255e+015,	-1,	4,	5,	-1,	0,	3,	1,	1,	1.65255e+009,	-0.585419,	-0.639408,	-0.427583,	-0.0559328,	-0.77117,	-0.41859,	-0.0150907,	0.101619,	-0.783769,	-0.334296,	-0.0210691,	-0.0193726,	-0.738306,	-0.417801,	-0.0151678,	-0.0622491,	-0.846498,	-0.529818,	-0.000242864,	-0.330745,	-0.3185,	0.56095,	-0.05488,	15743,	-689,	-96,	214,	15713,	112,	-31,	0,	15763,	-99,	-116,	237,	
2,	8,	806063,	1.65255e+015,	-1,	0,	-4,	4,	-3,	-4,	-1,	-1,	1.65255e+009,	-0.585419,	-0.639408,	-0.427583,	-0.0559328,	-0.77117,	-0.41859,	-0.0150907,	0.101619,	-0.783769,	-0.334296,	-0.0210691,	-0.0193726,	-0.738306,	-0.417801,	-0.0151678,	-0.0622491,	-0.846498,	-0.529818,	-0.000242864,	-0.330745,	-0.3185,	0.56095,	-0.05488,	15753,	-702,	-96,	238,	15723,	110,	-30,	6,	15773,	-102,	-118,	255,	
2,	8,	806125,	1.65255e+015,	-1,	2,	10,	6,	1,	1,	0,	-1,	1.65255e+009,	-0.585419,	-0.639408,	-0.427583,	-0.0559328,	-0.77117,	-0.41859,	-0.0150907,	0.101619,	-0.783769,	-0.334296,	-0.0210691,	-0.0193726,	-0.738306,	-0.417801,	-0.0151678,	-0.0622491,	-0.846498,	-0.529818,	-0.000242864,	-0.330745,	-0.3185,	0.56095,	-0.05488,	15763,	-715,	-96,	259,	15733,	109,	-30,	12,	15783,	-105,	-121,	272,	
2,	8,	806204,	1.65255e+015,	0,	2,	3,	1,	1,	1,	0,	1,	1.65255e+009,	-0.585419,	-0.639408,	-0.427583,	-0.0559328,	-0.77117,	-0.41859,	-0.0150907,	0.101619,	-0.783769,	-0.334296,	-0.0210691,	-0.0193726,	-0.738306,	-0.417801,	-0.0151678,	-0.0622491,	-0.846498,	-0.529818,	-0.000242864,	-0.330745,	-0.3185,	0.56095,	-0.05488,	15773,	-726,	-97,	277,	15743,	108,	-28,	20,	15793,	-108,	-121,	287,	
2,	8,	806266,	1.65255e+015,	3,	8,	10,	9,	2,	2,	1,	0,	1.65255e+009,	-0.585419,	-0.639408,	-0.427583,	-0.0559328,	-0.77117,	-0.41859,	-0.0150907,	0.101619,	-0.783769,	-0.334296,	-0.0210691,	-0.0193726,	-0.738306,	-0.417801,	-0.0151678,	-0.0622491,	-0.846498,	-0.529818,	-0.000242864,	-0.330745,	-0.3185,	0.56095,	-0.05488,	15783,	-736,	-100,	292,	15753,	105,	-28,	24,	15803,	-111,	-122,	302,	
2,	8,	806344,	1.65255e+015,	-2,	5,	0,	-2,	-2,	-2,	-1,	-1,	1.65255e+009,	-0.585419,	-0.639408,	-0.427583,	-0.0559328,	-0.77117,	-0.41859,	-0.0150907,	0.101619,	-0.783769,	-0.334296,	-0.0210691,	-0.0193726,	-0.738306,	-0.417801,	-0.0151678,	-0.0622491,	-0.846498,	-0.529818,	-0.000242864,	-0.330745,	-0.3185,	0.56095,	-0.05488,	15793,	-745,	-101,	306,	15763,	104,	-28,	27,	15813,	-112,	-123,	316,	
2,	8,	806422,	1.65255e+015,	-1,	-5,	-1,	-10,	-1,	0,	-2,	0,	1.65255e+009,	-0.585419,	-0.639408,	-0.427583,	-0.0559328,	-0.77117,	-0.41859,	-0.0150907,	0.101619,	-0.783769,	-0.334296,	-0.0210691,	-0.0193726,	-0.738306,	-0.417801,	-0.0151678,	-0.0622491,	-0.846498,	-0.529818,	-0.000242864,	-0.330745,	-0.3185,	0.56095,	-0.05488,	15803,	-755,	-102,	317,	15773,	103,	-27,	31,	15823,	-116,	-124,	328,	
2,	8,	806500,	1.65255e+015,	-1,	-5,	4,	-3,	0,	0,	0,	0,	1.65255e+009,	-0.585419,	-0.639408,	-0.427583,	-0.0559328,	-0.77117,	-0.41859,	-0.0150907,	0.101619,	-0.783769,	-0.334296,	-0.0210691,	-0.0193726,	-0.738306,	-0.417801,	-0.0151678,	-0.0622491,	-0.846498,	-0.529818,	-0.000242864,	-0.330745,	-0.3185,	0.56095,	-0.05488,	15813,	-760,	-103,	325,	15783,	103,	-28,	36,	15833,	-117,	-125,	336,	
2,	8,	806563,	1.65255e+015,	-2,	1,	2,	-9,	-3,	0,	0,	0,	1.65255e+009,	-0.585419,	-0.639408,	-0.427583,	-0.0559328,	-0.77117,	-0.41859,	-0.0150907,	0.101619,	-0.783769,	-0.334296,	-0.0210691,	-0.0193726,	-0.738306,	-0.417801,	-0.0151678,	-0.0622491,	-0.846498,	-0.529818,	-0.000242864,	-0.330745,	-0.3185,	0.56095,	-0.05488,	15823,	-763,	-104,	330,	15793,	104,	-26,	41,	15843,	-119,	-126,	341,	
2,	8,	806625,	1.65255e+015,	-2,	-3,	-5,	-3,	-3,	0,	0,	0,	1.65255e+009,	-0.585419,	-0.639408,	-0.427583,	-0.0559328,	-0.77117,	-0.41859,	-0.0150907,	0.101619,	-0.783769,	-0.334296,	-0.0210691,	-0.0193726,	-0.738306,	-0.417801,	-0.0151678,	-0.0622491,	-0.846498,	-0.529818,	-0.000242864,	-0.330745,	-0.3185,	0.56095,	-0.05488,	15833,	-765,	-105,	332,	15803,	101,	-27,	43,	15853,	-118,	-128,	345,	
2,	8,	806704,	1.65255e+015,	0,	-2,	-5,	1,	0,	0,	0,	0,	1.65255e+009,	-0.585419,	-0.639408,	-0.427583,	-0.0559328,	-0.77117,	-0.41859,	-0.0150907,	0.101619,	-0.783769,	-0.334296,	-0.0210691,	-0.0193726,	-0.738306,	-0.417801,	-0.0151678,	-0.0622491,	-0.846498,	-0.529818,	-0.000242864,	-0.330745,	-0.3185,	0.56095,	-0.05488,	15843,	-764,	-103,	331,	15813,	99,	-26,	46,	15863,	-115,	-129,	344,	
2,	8,	806766,	1.65255e+015,	3,	4,	4,	3,	2,	0,	0,	1,	1.65255e+009,	-0.585419,	-0.639408,	-0.427583,	-0.0559328,	-0.77117,	-0.41859,	-0.0150907,	0.101619,	-0.783769,	-0.334296,	-0.0210691,	-0.0193726,	-0.738306,	-0.417801,	-0.0151678,	-0.0622491,	-0.846498,	-0.529818,	-0.000242864,	-0.330745,	-0.3185,	0.56095,	-0.05488,	15853,	-761,	-102,	327,	15823,	97,	-27,	48,	15873,	-113,	-130,	341,	
2,	8,	806844,	1.65255e+015,	0,	5,	0,	3,	1,	-2,	0,	-1,	1.65255e+009,	-0.585419,	-0.639408,	-0.427583,	-0.0559328,	-0.77117,	-0.41859,	-0.0150907,	0.101619,	-0.783769,	-0.334296,	-0.0210691,	-0.0193726,	-0.738306,	-0.417801,	-0.0151678,	-0.0622491,	-0.846498,	-0.529818,	-0.000242864,	-0.330745,	-0.3185,	0.56095,	-0.05488,	15863,	-755,	-102,	323,	15833,	97,	-26,	50,	15883,	-112,	-131,	336,	
2,	8,	806922,	1.65255e+015,	-1,	1,	7,	-5,	-2,	0,	-1,	-1,	1.65255e+009,	-0.585419,	-0.639408,	-0.427583,	-0.0559328,	-0.77117,	-0.41859,	-0.0150907,	0.101619,	-0.783769,	-0.334296,	-0.0210691,	-0.0193726,	-0.738306,	-0.417801,	-0.0151678,	-0.0622491,	-0.846498,	-0.529818,	-0.000242864,	-0.330745,	-0.3185,	0.56095,	-0.05488,	15873,	-749,	-98,	321,	15843,	94,	-27,	51,	15893,	-110,	-132,	330,	
2,	8,	806985,	1.65255e+015,	1,	-6,	-9,	-10,	-2,	-3,	-1,	-1,	1.65255e+009,	-0.585419,	-0.639408,	-0.427583,	-0.0559328,	-0.77117,	-0.41859,	-0.0150907,	0.101619,	-0.783769,	-0.334296,	-0.0210691,	-0.0193726,	-0.738306,	-0.417801,	-0.0151678,	-0.0622491,	-0.846498,	-0.529818,	-0.000242864,	-0.330745,	-0.3185,	0.56095,	-0.05488,	15883,	-746,	-97,	321,	15853,	93,	-28,	50,	15903,	-108,	-133,	327,	
2,	8,	807063,	1.65255e+015,	0,	-3,	7,	7,	0,	1,	0,	-1,	1.65255e+009,	-0.585419,	-0.639408,	-0.427583,	-0.0559328,	-0.77117,	-0.41859,	-0.0150907,	0.101619,	-0.783769,	-0.334296,	-0.0210691,	-0.0193726,	-0.738306,	-0.417801,	-0.0151678,	-0.0622491,	-0.846498,	-0.529818,	-0.000242864,	-0.330745,	-0.3185,	0.56095,	-0.05488,	15893,	-744,	-96,	323,	15863,	93,	-31,	47,	15913,	-109,	-133,	329,	
2,	8,	807141,	1.65255e+015,	-1,	6,	2,	5,	1,	-1,	0,	0,	1.65255e+009,	-0.585419,	-0.639408,	-0.427583,	-0.0559328,	-0.77117,	-0.41859,	-0.0150907,	0.101619,	-0.783769,	-0.334296,	-0.0210691,	-0.0193726,	-0.738306,	-0.417801,	-0.0151678,	-0.0622491,	-0.846498,	-0.529818,	-0.000242864,	-0.330745,	-0.3185,	0.56095,	-0.05488,	15903,	-746,	-97,	326,	15873,	91,	-32,	44,	15923,	-108,	-133,	332,	
