1,	6,	765704,	1.65255e+015,	0,	4,	2,	-1,	-2,	-1,	1,	0,	1.65255e+009,	-0.720689,	-0.516208,	-0.378056,	-0.0362208,	-0.803202,	-0.41859,	-0.0150907,	0.100814,	-0.862619,	-0.434087,	-0.0134968,	-0.0113057,	-0.803355,	-0.648434,	-0.0243155,	-0.0778382,	-0.714918,	-0.593883,	-0.0119028,	-0.346334,	-0.4277,	0.56095,	-0.05096,	37299,	-259,	-22,	-493,	37329,	131,	-22,	-179,	37309,	62,	-12,	-368,	
1,	6,	765782,	1.65255e+015,	-5,	-7,	0,	2,	0,	-1,	-1,	0,	1.65255e+009,	-0.720689,	-0.516208,	-0.378056,	-0.0362208,	-0.803202,	-0.41859,	-0.0150907,	0.100814,	-0.862619,	-0.434087,	-0.0134968,	-0.0113057,	-0.803355,	-0.648434,	-0.0243155,	-0.0778382,	-0.714918,	-0.593883,	-0.0119028,	-0.346334,	-0.4277,	0.56095,	-0.05096,	37309,	-259,	-27,	-493,	37339,	128,	-24,	-178,	37319,	61,	-9,	-368,	
1,	6,	765844,	1.65255e+015,	-2,	-10,	-5,	-1,	2,	-1,	0,	0,	1.65255e+009,	-0.720689,	-0.516208,	-0.378056,	-0.0362208,	-0.803202,	-0.41859,	-0.0150907,	0.100814,	-0.862619,	-0.434087,	-0.0134968,	-0.0113057,	-0.803355,	-0.648434,	-0.0243155,	-0.0778382,	-0.714918,	-0.593883,	-0.0119028,	-0.346334,	-0.4277,	0.56095,	-0.05096,	37319,	-264,	-28,	-489,	37349,	126,	-26,	-177,	37329,	58,	-9,	-367,	
1,	6,	765907,	1.65255e+015,	0,	-5,	0,	3,	0,	1,	0,	-2,	1.65255e+009,	-0.720689,	-0.516208,	-0.378056,	-0.0362208,	-0.803202,	-0.41859,	-0.0150907,	0.100814,	-0.862619,	-0.434087,	-0.0134968,	-0.0113057,	-0.803355,	-0.648434,	-0.0243155,	-0.0778382,	-0.714918,	-0.593883,	-0.0119028,	-0.346334,	-0.4277,	0.56095,	-0.05096,	37329,	-271,	-29,	-481,	37359,	124,	-27,	-173,	37339,	55,	-10,	-364,	
1,	6,	765969,	1.65255e+015,	-1,	2,	1,	1,	-1,	1,	0,	-1,	1.65255e+009,	-0.720689,	-0.516208,	-0.378056,	-0.0362208,	-0.803202,	-0.41859,	-0.0150907,	0.100814,	-0.862619,	-0.434087,	-0.0134968,	-0.0113057,	-0.803355,	-0.648434,	-0.0243155,	-0.0778382,	-0.714918,	-0.593883,	-0.0119028,	-0.346334,	-0.4277,	0.56095,	-0.05096,	37339,	-277,	-30,	-470,	37369,	123,	-27,	-169,	37349,	54,	-11,	-361,	
1,	6,	766047,	1.65255e+015,	1,	2,	2,	6,	2,	1,	1,	1,	1.65255e+009,	-0.720689,	-0.516208,	-0.378056,	-0.0362208,	-0.803202,	-0.41859,	-0.0150907,	0.100814,	-0.862619,	-0.434087,	-0.0134968,	-0.0113057,	-0.803355,	-0.648434,	-0.0243155,	-0.0778382,	-0.714918,	-0.593883,	-0.0119028,	-0.346334,	-0.4277,	0.56095,	-0.05096,	37349,	-285,	-30,	-453,	37379,	122,	-25,	-163,	37359,	54,	-12,	-357,	
1,	6,	766110,	1.65255e+015,	-3,	-9,	-2,	0,	0,	1,	0,	-2,	1.65255e+009,	-0.720689,	-0.516208,	-0.378056,	-0.0362208,	-0.803202,	-0.41859,	-0.0150907,	0.100814,	-0.862619,	-0.434087,	-0.0134968,	-0.0113057,	-0.803355,	-0.648434,	-0.0243155,	-0.0778382,	-0.714918,	-0.593883,	-0.0119028,	-0.346334,	-0.4277,	0.56095,	-0.05096,	37359,	-294,	-30,	-433,	37389,	123,	-23,	-155,	37369,	55,	-14,	-352,	
1,	6,	766172,	1.65255e+015,	3,	8,	4,	4,	-1,	-2,	0,	-1,	1.65255e+009,	-0.720689,	-0.516208,	-0.378056,	-0.0362208,	-0.803202,	-0.41859,	-0.0150907,	0.100814,	-0.862619,	-0.434087,	-0.0134968,	-0.0113057,	-0.803355,	-0.648434,	-0.0243155,	-0.0778382,	-0.714918,	-0.593883,	-0.0119028,	-0.346334,	-0.4277,	0.56095,	-0.05096,	37369,	-303,	-30,	-411,	37399,	125,	-21,	-147,	37379,	54,	-19,	-346,	
1,	6,	766235,	1.65255e+015,	-4,	-6,	-6,	-6,	-3,	0,	-1,	-1,	1.65255e+009,	-0.720689,	-0.516208,	-0.378056,	-0.0362208,	-0.803202,	-0.41859,	-0.0150907,	0.100814,	-0.862619,	-0.434087,	-0.0134968,	-0.0113057,	-0.803355,	-0.648434,	-0.0243155,	-0.0778382,	-0.714918,	-0.593883,	-0.0119028,	-0.346334,	-0.4277,	0.56095,	-0.05096,	37379,	-311,	-32,	-389,	37409,	124,	-19,	-139,	37389,	53,	-22,	-339,	
1,	6,	766297,	1.65255e+015,	1,	1,	-1,	-1,	-2,	0,	2,	-1,	1.65255e+009,	-0.720689,	-0.516208,	-0.378056,	-0.0362208,	-0.803202,	-0.41859,	-0.0150907,	0.100814,	-0.862619,	-0.434087,	-0.0134968,	-0.0113057,	-0.803355,	-0.648434,	-0.0243155,	-0.0778382,	-0.714918,	-0.593883,	-0.0119028,	-0.346334,	-0.4277,	0.56095,	-0.05096,	37389,	-319,	-31,	-370,	37419,	121,	-18,	-132,	37399,	50,	-26,	-332,	
1,	6,	766360,	1.65255e+015,	-2,	-17,	2,	5,	0,	-4,	-2,	-1,	1.65255e+009,	-0.720689,	-0.516208,	-0.378056,	-0.0362208,	-0.803202,	-0.41859,	-0.0150907,	0.100814,	-0.862619,	-0.434087,	-0.0134968,	-0.0113057,	-0.803355,	-0.648434,	-0.0243155,	-0.0778382,	-0.714918,	-0.593883,	-0.0119028,	-0.346334,	-0.4277,	0.56095,	-0.05096,	37399,	-327,	-33,	-358,	37429,	118,	-18,	-128,	37409,	45,	-27,	-324,	
1,	6,	766438,	1.65255e+015,	1,	-4,	-2,	-2,	-1,	-2,	0,	-1,	1.65255e+009,	-0.720689,	-0.516208,	-0.378056,	-0.0362208,	-0.803202,	-0.41859,	-0.0150907,	0.100814,	-0.862619,	-0.434087,	-0.0134968,	-0.0113057,	-0.803355,	-0.648434,	-0.0243155,	-0.0778382,	-0.714918,	-0.593883,	-0.0119028,	-0.346334,	-0.4277,	0.56095,	-0.05096,	37409,	-332,	-33,	-349,	37439,	114,	-17,	-124,	37419,	43,	-27,	-318,	
1,	6,	766516,	1.65255e+015,	-2,	-3,	0,	-3,	1,	1,	0,	-1,	1.65255e+009,	-0.660569,	-0.516208,	-0.378056,	-0.0362208,	-0.803202,	-0.41859,	-0.0150907,	0.107486,	-0.862619,	-0.434087,	-0.0134968,	-0.0135059,	-0.803355,	-0.648434,	-0.0243155,	-0.0800384,	-0.714918,	-0.593883,	-0.0119028,	-0.348534,	-0.4277,	0.56095,	-0.05096,	37419,	-339,	-33,	-342,	37449,	111,	-15,	-120,	37429,	44,	-28,	-313,	
1,	6,	766594,	1.65255e+015,	0,	3,	-3,	-5,	-3,	0,	0,	0,	1.65255e+009,	-0.660569,	-0.516208,	-0.378056,	-0.0362208,	-0.803202,	-0.41859,	-0.0150907,	0.107486,	-0.862619,	-0.434087,	-0.0134968,	-0.0135059,	-0.803355,	-0.648434,	-0.0243155,	-0.0800384,	-0.714918,	-0.593883,	-0.0119028,	-0.348534,	-0.4277,	0.56095,	-0.05096,	37429,	-342,	-33,	-331,	37459,	107,	-14,	-118,	37439,	44,	-28,	-309,	
1,	6,	766672,	1.65255e+015,	-4,	-4,	-3,	-6,	-2,	-1,	-1,	-1,	1.65255e+009,	-0.660569,	-0.516208,	-0.378056,	-0.0362208,	-0.803202,	-0.41859,	-0.0150907,	0.107486,	-0.862619,	-0.434087,	-0.0134968,	-0.0135059,	-0.803355,	-0.648434,	-0.0243155,	-0.0800384,	-0.714918,	-0.593883,	-0.0119028,	-0.348534,	-0.4277,	0.56095,	-0.05096,	37439,	-346,	-31,	-321,	37469,	108,	-13,	-117,	37449,	44,	-27,	-307,	
1,	6,	766766,	1.65255e+015,	4,	39,	7,	3,	1,	1,	0,	1,	1.65255e+009,	-0.660569,	-0.516208,	-0.378056,	-0.0362208,	-0.803202,	-0.41859,	-0.0150907,	0.107486,	-0.862619,	-0.434087,	-0.0134968,	-0.0135059,	-0.803355,	-0.648434,	-0.0243155,	-0.0800384,	-0.714918,	-0.593883,	-0.0119028,	-0.348534,	-0.4277,	0.56095,	-0.05096,	37449,	-349,	-31,	-313,	37479,	105,	-14,	-116,	37459,	44,	-26,	-305,	
1,	6,	766844,	1.65255e+015,	2,	3,	2,	0,	-1,	-1,	1,	0,	1.65255e+009,	-0.660569,	-0.516208,	-0.378056,	-0.0362208,	-0.803202,	-0.41859,	-0.0150907,	0.107486,	-0.862619,	-0.434087,	-0.0134968,	-0.0135059,	-0.803355,	-0.648434,	-0.0243155,	-0.0800384,	-0.714918,	-0.593883,	-0.0119028,	-0.348534,	-0.4277,	0.56095,	-0.05096,	37459,	-349,	-32,	-306,	37489,	103,	-14,	-116,	37469,	41,	-25,	-304,	
1,	6,	766922,	1.65255e+015,	0,	-4,	0,	-2,	-2,	-1,	0,	-1,	1.65255e+009,	-0.660569,	-0.516208,	-0.378056,	-0.0362208,	-0.803202,	-0.41859,	-0.0150907,	0.107486,	-0.862619,	-0.434087,	-0.0134968,	-0.0135059,	-0.803355,	-0.648434,	-0.0243155,	-0.0800384,	-0.714918,	-0.593883,	-0.0119028,	-0.348534,	-0.4277,	0.56095,	-0.05096,	37469,	-351,	-33,	-295,	37499,	101,	-14,	-117,	37479,	42,	-25,	-303,	
1,	6,	767000,	1.65255e+015,	-5,	-16,	-5,	-4,	2,	0,	-1,	-3,	1.65255e+009,	-0.660569,	-0.516208,	-0.378056,	-0.0362208,	-0.803202,	-0.41859,	-0.0150907,	0.107486,	-0.862619,	-0.434087,	-0.0134968,	-0.0135059,	-0.803355,	-0.648434,	-0.0243155,	-0.0800384,	-0.714918,	-0.593883,	-0.0119028,	-0.348534,	-0.4277,	0.56095,	-0.05096,	37479,	-352,	-31,	-286,	37509,	100,	-15,	-116,	37489,	42,	-24,	-303,	
1,	6,	767079,	1.65255e+015,	-1,	-6,	-3,	-1,	-2,	1,	0,	0,	1.65255e+009,	-0.660569,	-0.516208,	-0.378056,	-0.0362208,	-0.803202,	-0.41859,	-0.0150907,	0.107486,	-0.862619,	-0.434087,	-0.0134968,	-0.0135059,	-0.803355,	-0.648434,	-0.0243155,	-0.0800384,	-0.714918,	-0.593883,	-0.0119028,	-0.348534,	-0.4277,	0.56095,	-0.05096,	37489,	-352,	-29,	-281,	37519,	99,	-17,	-116,	37499,	42,	-26,	-302,	
1,	6,	767157,	1.65255e+015,	0,	-5,	-3,	5,	-1,	-3,	-1,	-2,	1.65255e+009,	-0.660569,	-0.516208,	-0.378056,	-0.0362208,	-0.803202,	-0.41859,	-0.0150907,	0.107486,	-0.862619,	-0.434087,	-0.0134968,	-0.0135059,	-0.803355,	-0.648434,	-0.0243155,	-0.0800384,	-0.714918,	-0.593883,	-0.0119028,	-0.348534,	-0.4277,	0.56095,	-0.05096,	37499,	-350,	-29,	-282,	37529,	97,	-20,	-117,	37509,	41,	-26,	-302,	
1,	6,	767235,	1.65255e+015,	2,	2,	3,	2,	-1,	0,	1,	-2,	1.65255e+009,	-0.660569,	-0.516208,	-0.378056,	-0.0362208,	-0.803202,	-0.41859,	-0.0150907,	0.107486,	-0.862619,	-0.434087,	-0.0134968,	-0.0135059,	-0.803355,	-0.648434,	-0.0243155,	-0.0800384,	-0.714918,	-0.593883,	-0.0119028,	-0.348534,	-0.4277,	0.56095,	-0.05096,	37509,	-347,	-29,	-286,	37539,	96,	-23,	-118,	37519,	42,	-28,	-302,	
1,	6,	767313,	1.65255e+015,	0,	7,	4,	-1,	-2,	0,	0,	0,	1.65255e+009,	-0.660569,	-0.516208,	-0.378056,	-0.0362208,	-0.803202,	-0.41859,	-0.0150907,	0.107486,	-0.862619,	-0.434087,	-0.0134968,	-0.0135059,	-0.803355,	-0.648434,	-0.0243155,	-0.0800384,	-0.714918,	-0.593883,	-0.0119028,	-0.348534,	-0.4277,	0.56095,	-0.05096,	37519,	-342,	-28,	-294,	37549,	96,	-24,	-120,	37529,	42,	-27,	-304,	
1,	6,	767391,	1.65255e+015,	0,	-1,	-2,	-3,	-1,	-1,	0,	-1,	1.65255e+009,	-0.660569,	-0.516208,	-0.378056,	-0.0362208,	-0.803202,	-0.41859,	-0.0150907,	0.107486,	-0.862619,	-0.434087,	-0.0134968,	-0.0135059,	-0.803355,	-0.648434,	-0.0243155,	-0.0800384,	-0.714918,	-0.593883,	-0.0119028,	-0.348534,	-0.4277,	0.56095,	-0.05096,	37529,	-335,	-26,	-307,	37559,	98,	-28,	-122,	37539,	44,	-27,	-306,	
1,	6,	767469,	1.65255e+015,	0,	-2,	1,	1,	0,	-2,	-2,	-1,	1.65255e+009,	-0.660569,	-0.516208,	-0.378056,	-0.0362208,	-0.803202,	-0.41859,	-0.0150907,	0.107486,	-0.862619,	-0.434087,	-0.0134968,	-0.0135059,	-0.803355,	-0.648434,	-0.0243155,	-0.0800384,	-0.714918,	-0.593883,	-0.0119028,	-0.348534,	-0.4277,	0.56095,	-0.05096,	37539,	-329,	-24,	-322,	37569,	99,	-31,	-126,	37549,	45,	-27,	-309,	
1,	6,	767547,	1.65255e+015,	0,	4,	4,	2,	1,	0,	-2,	1,	1.65255e+009,	-0.660569,	-0.516208,	-0.378056,	-0.0362208,	-0.803202,	-0.41859,	-0.0150907,	0.107486,	-0.862619,	-0.434087,	-0.0134968,	-0.0135059,	-0.803355,	-0.648434,	-0.0243155,	-0.0800384,	-0.714918,	-0.593883,	-0.0119028,	-0.348534,	-0.4277,	0.56095,	-0.05096,	37549,	-320,	-22,	-337,	37579,	101,	-33,	-129,	37559,	47,	-24,	-312,	
1,	6,	767625,	1.65255e+015,	0,	-4,	-1,	-5,	1,	1,	-1,	0,	1.65255e+009,	-0.660569,	-0.516208,	-0.378056,	-0.0362208,	-0.803202,	-0.41859,	-0.0150907,	0.107486,	-0.862619,	-0.434087,	-0.0134968,	-0.0135059,	-0.803355,	-0.648434,	-0.0243155,	-0.0800384,	-0.714918,	-0.593883,	-0.0119028,	-0.348534,	-0.4277,	0.56095,	-0.05096,	37559,	-311,	-22,	-354,	37589,	106,	-34,	-132,	37569,	50,	-24,	-316,	
1,	6,	767704,	1.65255e+015,	-1,	-2,	2,	-5,	-3,	0,	-2,	-1,	1.65255e+009,	-0.660569,	-0.516208,	-0.378056,	-0.0362208,	-0.803202,	-0.41859,	-0.0150907,	0.107486,	-0.862619,	-0.434087,	-0.0134968,	-0.0135059,	-0.803355,	-0.648434,	-0.0243155,	-0.0800384,	-0.714918,	-0.593883,	-0.0119028,	-0.348534,	-0.4277,	0.56095,	-0.05096,	37569,	-302,	-22,	-370,	37599,	109,	-34,	-136,	37579,	53,	-21,	-320,	
1,	6,	767782,	1.65255e+015,	-1,	-3,	4,	-2,	0,	-1,	1,	-1,	1.65255e+009,	-0.660569,	-0.516208,	-0.378056,	-0.0362208,	-0.803202,	-0.41859,	-0.0150907,	0.107486,	-0.862619,	-0.434087,	-0.0134968,	-0.0135059,	-0.803355,	-0.648434,	-0.0243155,	-0.0800384,	-0.714918,	-0.593883,	-0.0119028,	-0.348534,	-0.4277,	0.56095,	-0.05096,	37579,	-294,	-21,	-386,	37609,	112,	-35,	-139,	37589,	55,	-18,	-324,	
1,	6,	767860,	1.65255e+015,	3,	16,	6,	5,	0,	-1,	-2,	1,	1.65255e+009,	-0.660569,	-0.516208,	-0.378056,	-0.0362208,	-0.803202,	-0.41859,	-0.0150907,	0.107486,	-0.862619,	-0.434087,	-0.0134968,	-0.0135059,	-0.803355,	-0.648434,	-0.0243155,	-0.0800384,	-0.714918,	-0.593883,	-0.0119028,	-0.348534,	-0.4277,	0.56095,	-0.05096,	37589,	-285,	-20,	-402,	37619,	114,	-38,	-143,	37599,	57,	-16,	-328,	
1,	6,	767938,	1.65255e+015,	1,	7,	-1,	-2,	1,	-3,	0,	-1,	1.65255e+009,	-0.660569,	-0.516208,	-0.378056,	-0.0362208,	-0.803202,	-0.41859,	-0.0150907,	0.107486,	-0.862619,	-0.434087,	-0.0134968,	-0.0135059,	-0.803355,	-0.648434,	-0.0243155,	-0.0800384,	-0.714918,	-0.593883,	-0.0119028,	-0.348534,	-0.4277,	0.56095,	-0.05096,	37599,	-274,	-19,	-419,	37629,	116,	-39,	-147,	37609,	58,	-14,	-332,	
1,	6,	768016,	1.65255e+015,	1,	1,	-3,	0,	-1,	-1,	-2,	0,	1.65255e+009,	-0.660569,	-0.516208,	-0.378056,	-0.0362208,	-0.803202,	-0.41859,	-0.0150907,	0.107486,	-0.862619,	-0.434087,	-0.0134968,	-0.0135059,	-0.803355,	-0.648434,	-0.0243155,	-0.0800384,	-0.714918,	-0.593883,	-0.0119028,	-0.348534,	-0.4277,	0.56095,	-0.05096,	37609,	-267,	-20,	-435,	37639,	119,	-39,	-150,	37619,	60,	-11,	-335,	
1,	6,	768094,	1.65255e+015,	0,	-1,	2,	1,	2,	0,	1,	-1,	1.65255e+009,	-0.660569,	-0.516208,	-0.378056,	-0.0362208,	-0.803202,	-0.41859,	-0.0150907,	0.107486,	-0.862619,	-0.434087,	-0.0134968,	-0.0135059,	-0.803355,	-0.648434,	-0.0243155,	-0.0800384,	-0.714918,	-0.593883,	-0.0119028,	-0.348534,	-0.4277,	0.56095,	-0.05096,	37619,	-261,	-21,	-450,	37649,	121,	-38,	-153,	37629,	61,	-9,	-338,	
1,	6,	768172,	1.65255e+015,	-2,	-4,	-5,	-2,	-3,	-2,	-1,	-2,	1.65255e+009,	-0.660569,	-0.516208,	-0.378056,	-0.0362208,	-0.803202,	-0.41859,	-0.0150907,	0.107486,	-0.862619,	-0.434087,	-0.0134968,	-0.0135059,	-0.803355,	-0.648434,	-0.0243155,	-0.0800384,	-0.714918,	-0.593883,	-0.0119028,	-0.348534,	-0.4277,	0.56095,	-0.05096,	37629,	-256,	-21,	-463,	37659,	121,	-36,	-156,	37639,	60,	-7,	-341,	
1,	6,	768266,	1.65255e+015,	1,	3,	0,	-1,	-2,	-1,	-1,	0,	1.65255e+009,	-0.660569,	-0.516208,	-0.378056,	-0.0362208,	-0.803202,	-0.41859,	-0.0150907,	0.107486,	-0.862619,	-0.434087,	-0.0134968,	-0.0135059,	-0.803355,	-0.648434,	-0.0243155,	-0.0800384,	-0.714918,	-0.593883,	-0.0119028,	-0.348534,	-0.4277,	0.56095,	-0.05096,	37639,	-253,	-19,	-473,	37669,	123,	-32,	-157,	37649,	61,	-4,	-343,	
1,	6,	768344,	1.65255e+015,	-2,	-5,	-2,	0,	-2,	-2,	-1,	-2,	1.65255e+009,	-0.660569,	-0.516208,	-0.378056,	-0.0362208,	-0.803202,	-0.41859,	-0.0150907,	0.107486,	-0.862619,	-0.434087,	-0.0134968,	-0.0135059,	-0.803355,	-0.648434,	-0.0243155,	-0.0800384,	-0.714918,	-0.593883,	-0.0119028,	-0.348534,	-0.4277,	0.56095,	-0.05096,	37649,	-251,	-18,	-481,	37679,	126,	-27,	-158,	37659,	62,	-2,	-346,	
1,	6,	768422,	1.65255e+015,	0,	4,	5,	-4,	-2,	-2,	0,	-1,	1.65255e+009,	-0.660569,	-0.516208,	-0.378056,	-0.0362208,	-0.803202,	-0.41859,	-0.0150907,	0.107486,	-0.862619,	-0.434087,	-0.0134968,	-0.0135059,	-0.803355,	-0.648434,	-0.0243155,	-0.0800384,	-0.714918,	-0.593883,	-0.0119028,	-0.348534,	-0.4277,	0.56095,	-0.05096,	37659,	-253,	-19,	-488,	37689,	128,	-21,	-158,	37669,	65,	0,	-349,	
1,	6,	768500,	1.65255e+015,	0,	-5,	-3,	-5,	-5,	-3,	-2,	-2,	1.65255e+009,	-0.660569,	-0.516208,	-0.378056,	-0.0362208,	-0.803202,	-0.41859,	-0.0150907,	0.107486,	-0.862619,	-0.434087,	-0.0134968,	-0.0135059,	-0.803355,	-0.648434,	-0.0243155,	-0.0800384,	-0.714918,	-0.593883,	-0.0119028,	-0.348534,	-0.4277,	0.56095,	-0.05096,	37669,	-254,	-19,	-491,	37699,	127,	-18,	-158,	37679,	66,	3,	-350,	
1,	6,	768579,	1.65255e+015,	0,	1,	0,	0,	1,	0,	0,	0,	1.65255e+009,	-0.660569,	-0.516208,	-0.378056,	-0.0362208,	-0.803202,	-0.41859,	-0.0150907,	0.107486,	-0.862619,	-0.434087,	-0.0134968,	-0.0135059,	-0.803355,	-0.648434,	-0.0243155,	-0.0800384,	-0.714918,	-0.593883,	-0.0119028,	-0.348534,	-0.4277,	0.56095,	-0.05096,	37679,	-256,	-18,	-490,	37709,	127,	-17,	-158,	37689,	68,	4,	-351,	
1,	6,	768657,	1.65255e+015,	-1,	-3,	-2,	-1,	-2,	-2,	-2,	-2,	1.65255e+009,	-0.660569,	-0.516208,	-0.378056,	-0.0362208,	-0.803202,	-0.41859,	-0.0150907,	0.107486,	-0.862619,	-0.434087,	-0.0134968,	-0.0135059,	-0.803355,	-0.648434,	-0.0243155,	-0.0800384,	-0.714918,	-0.593883,	-0.0119028,	-0.348534,	-0.4277,	0.56095,	-0.05096,	37689,	-255,	-17,	-488,	37719,	127,	-16,	-157,	37699,	68,	6,	-352,	
2,	6,	768766,	1.65255e+015,	0,	2,	0,	0,	-1,	-1,	1,	-2,	1.65255e+009,	-0.660569,	-0.516208,	-0.378056,	-0.0362208,	-0.803202,	-0.41859,	-0.0150907,	0.107486,	-0.862619,	-0.434087,	-0.0134968,	-0.0135059,	-0.803355,	-0.648434,	-0.0243155,	-0.0800384,	-0.714918,	-0.593883,	-0.0119028,	-0.348534,	-0.4277,	0.56095,	-0.05096,	37699,	-256,	-15,	-488,	37729,	128,	-15,	-157,	37709,	67,	5,	-353,	
2,	6,	768844,	1.65255e+015,	-1,	-1,	-2,	2,	5,	0,	-1,	-2,	1.65255e+009,	-0.660569,	-0.516208,	-0.378056,	-0.0362208,	-0.803202,	-0.41859,	-0.0150907,	0.107486,	-0.862619,	-0.434087,	-0.0134968,	-0.0135059,	-0.803355,	-0.648434,	-0.0243155,	-0.0800384,	-0.714918,	-0.593883,	-0.0119028,	-0.348534,	-0.4277,	0.56095,	-0.05096,	37709,	-255,	-17,	-488,	37739,	125,	-15,	-156,	37719,	65,	6,	-352,	
2,	6,	768922,	1.65255e+015,	-1,	2,	-1,	-4,	-4,	-2,	0,	1,	1.65255e+009,	-0.660569,	-0.516208,	-0.378056,	-0.0362208,	-0.803202,	-0.41859,	-0.0150907,	0.107486,	-0.862619,	-0.434087,	-0.0134968,	-0.0135059,	-0.803355,	-0.648434,	-0.0243155,	-0.0800384,	-0.714918,	-0.593883,	-0.0119028,	-0.348534,	-0.4277,	0.56095,	-0.05096,	37719,	-256,	-17,	-489,	37749,	123,	-15,	-156,	37729,	63,	6,	-350,	
2,	6,	769000,	1.65255e+015,	-1,	-4,	-1,	-1,	-1,	-4,	-2,	0,	1.65255e+009,	-0.660569,	-0.516208,	-0.378056,	-0.0362208,	-0.803202,	-0.41859,	-0.0150907,	0.107486,	-0.862619,	-0.434087,	-0.0134968,	-0.0135059,	-0.803355,	-0.648434,	-0.0243155,	-0.0800384,	-0.714918,	-0.593883,	-0.0119028,	-0.348534,	-0.4277,	0.56095,	-0.05096,	37729,	-257,	-17,	-489,	37759,	124,	-16,	-156,	37739,	63,	5,	-350,	
2,	6,	769079,	1.65255e+015,	-2,	-3,	-3,	-7,	-2,	-1,	-1,	-1,	1.65255e+009,	-0.660569,	-0.516208,	-0.378056,	-0.0362208,	-0.803202,	-0.41859,	-0.0150907,	0.107486,	-0.862619,	-0.434087,	-0.0134968,	-0.0135059,	-0.803355,	-0.648434,	-0.0243155,	-0.0800384,	-0.714918,	-0.593883,	-0.0119028,	-0.348534,	-0.4277,	0.56095,	-0.05096,	37739,	-258,	-15,	-487,	37769,	126,	-15,	-154,	37749,	64,	4,	-351,	
2,	6,	769172,	1.65255e+015,	1,	2,	-1,	1,	-1,	-1,	-1,	-1,	1.65255e+009,	-0.660569,	-0.516208,	-0.378056,	-0.0362208,	-0.803202,	-0.41859,	-0.0150907,	0.107486,	-0.862619,	-0.434087,	-0.0134968,	-0.0135059,	-0.803355,	-0.648434,	-0.0243155,	-0.0800384,	-0.714918,	-0.593883,	-0.0119028,	-0.348534,	-0.4277,	0.56095,	-0.05096,	37749,	-260,	-15,	-488,	37779,	126,	-12,	-153,	37759,	65,	0,	-351,	
2,	6,	769250,	1.65255e+015,	-3,	-7,	-4,	-10,	-5,	0,	1,	-1,	1.65255e+009,	-0.660569,	-0.516208,	-0.378056,	-0.0362208,	-0.803202,	-0.41859,	-0.0150907,	0.107486,	-0.862619,	-0.434087,	-0.0134968,	-0.0135059,	-0.803355,	-0.648434,	-0.0243155,	-0.0800384,	-0.714918,	-0.593883,	-0.0119028,	-0.348534,	-0.4277,	0.56095,	-0.05096,	37759,	-261,	-14,	-488,	37789,	126,	-11,	-152,	37769,	66,	-1,	-351,	
2,	6,	769329,	1.65255e+015,	0,	-2,	0,	-3,	-2,	0,	0,	0,	1.65255e+009,	-0.660569,	-0.516208,	-0.378056,	-0.0362208,	-0.803202,	-0.41859,	-0.0150907,	0.107486,	-0.862619,	-0.434087,	-0.0134968,	-0.0135059,	-0.803355,	-0.648434,	-0.0243155,	-0.0800384,	-0.714918,	-0.593883,	-0.0119028,	-0.348534,	-0.4277,	0.56095,	-0.05096,	37769,	-262,	-14,	-487,	37799,	127,	-9,	-151,	37779,	64,	-7,	-351,	
2,	6,	769391,	1.65255e+015,	-3,	-13,	-9,	-8,	0,	0,	0,	-1,	1.65255e+009,	-0.660569,	-0.516208,	-0.378056,	-0.0362208,	-0.803202,	-0.41859,	-0.0150907,	0.107486,	-0.862619,	-0.434087,	-0.0134968,	-0.0135059,	-0.803355,	-0.648434,	-0.0243155,	-0.0800384,	-0.714918,	-0.593883,	-0.0119028,	-0.348534,	-0.4277,	0.56095,	-0.05096,	37779,	-267,	-13,	-484,	37809,	126,	-6,	-150,	37789,	65,	-11,	-351,	
2,	6,	769469,	1.65255e+015,	0,	-1,	-6,	-3,	-2,	-1,	-1,	-1,	1.65255e+009,	-0.660569,	-0.516208,	-0.378056,	-0.0362208,	-0.803202,	-0.41859,	-0.0150907,	0.107486,	-0.862619,	-0.434087,	-0.0134968,	-0.0135059,	-0.803355,	-0.648434,	-0.0243155,	-0.0800384,	-0.714918,	-0.593883,	-0.0119028,	-0.348534,	-0.4277,	0.56095,	-0.05096,	37789,	-271,	-13,	-478,	37819,	127,	-7,	-147,	37799,	63,	-16,	-349,	
2,	6,	769547,	1.65255e+015,	-1,	0,	2,	2,	2,	2,	0,	1,	1.65255e+009,	-0.660569,	-0.516208,	-0.378056,	-0.0362208,	-0.803202,	-0.41859,	-0.0150907,	0.107486,	-0.862619,	-0.434087,	-0.0134968,	-0.0135059,	-0.803355,	-0.648434,	-0.0243155,	-0.0800384,	-0.714918,	-0.593883,	-0.0119028,	-0.348534,	-0.4277,	0.56095,	-0.05096,	37799,	-275,	-13,	-472,	37829,	129,	-11,	-146,	37809,	61,	-21,	-347,	
2,	6,	769625,	1.65255e+015,	-3,	-14,	-7,	-3,	1,	-1,	-2,	-2,	1.65255e+009,	-0.660569,	-0.516208,	-0.378056,	-0.0362208,	-0.803202,	-0.41859,	-0.0150907,	0.107486,	-0.862619,	-0.434087,	-0.0134968,	-0.0135059,	-0.803355,	-0.648434,	-0.0243155,	-0.0800384,	-0.714918,	-0.593883,	-0.0119028,	-0.348534,	-0.4277,	0.56095,	-0.05096,	37809,	-278,	-13,	-467,	37839,	129,	-13,	-145,	37819,	58,	-25,	-343,	
2,	6,	769704,	1.65255e+015,	-1,	-2,	-2,	0,	0,	0,	0,	-2,	1.65255e+009,	-0.660569,	-0.516208,	-0.378056,	-0.0362208,	-0.803202,	-0.41859,	-0.0150907,	0.107486,	-0.862619,	-0.434087,	-0.0134968,	-0.0135059,	-0.803355,	-0.648434,	-0.0243155,	-0.0800384,	-0.714918,	-0.593883,	-0.0119028,	-0.348534,	-0.4277,	0.56095,	-0.05096,	37819,	-283,	-12,	-461,	37849,	131,	-12,	-142,	37829,	59,	-28,	-340,	
2,	6,	769782,	1.65255e+015,	0,	-1,	3,	-3,	-2,	0,	-2,	-1,	1.65255e+009,	-0.660569,	-0.516208,	-0.378056,	-0.0362208,	-0.803202,	-0.41859,	-0.0150907,	0.107486,	-0.862619,	-0.434087,	-0.0134968,	-0.0135059,	-0.803355,	-0.648434,	-0.0243155,	-0.0800384,	-0.714918,	-0.593883,	-0.0119028,	-0.348534,	-0.4277,	0.56095,	-0.05096,	37829,	-286,	-11,	-457,	37859,	132,	-14,	-140,	37839,	61,	-31,	-337,	
2,	6,	769860,	1.65255e+015,	1,	-1,	1,	2,	2,	2,	-1,	1,	1.65255e+009,	-0.660569,	-0.516208,	-0.378056,	-0.0362208,	-0.803202,	-0.41859,	-0.0150907,	0.107486,	-0.862619,	-0.434087,	-0.0134968,	-0.0135059,	-0.803355,	-0.648434,	-0.0243155,	-0.0800384,	-0.714918,	-0.593883,	-0.0119028,	-0.348534,	-0.4277,	0.56095,	-0.05096,	37839,	-287,	-10,	-456,	37869,	133,	-14,	-139,	37849,	62,	-33,	-337,	
2,	6,	769922,	1.65255e+015,	2,	2,	3,	1,	1,	0,	-1,	-1,	1.65255e+009,	-0.660569,	-0.516208,	-0.378056,	-0.0362208,	-0.803202,	-0.41859,	-0.0150907,	0.107486,	-0.862619,	-0.434087,	-0.0134968,	-0.0135059,	-0.803355,	-0.648434,	-0.0243155,	-0.0800384,	-0.714918,	-0.593883,	-0.0119028,	-0.348534,	-0.4277,	0.56095,	-0.05096,	37849,	-288,	-11,	-458,	37879,	134,	-15,	-139,	37859,	63,	-32,	-336,	
2,	6,	769985,	1.65255e+015,	-2,	-6,	-1,	-5,	-2,	-4,	-2,	-3,	1.65255e+009,	-0.660569,	-0.516208,	-0.378056,	-0.0362208,	-0.803202,	-0.41859,	-0.0150907,	0.107486,	-0.862619,	-0.434087,	-0.0134968,	-0.0135059,	-0.803355,	-0.648434,	-0.0243155,	-0.0800384,	-0.714918,	-0.593883,	-0.0119028,	-0.348534,	-0.4277,	0.56095,	-0.05096,	37859,	-285,	-11,	-462,	37889,	134,	-17,	-141,	37869,	61,	-32,	-336,	
2,	6,	770063,	1.65255e+015,	1,	2,	-1,	-8,	-5,	-3,	-1,	-1,	1.65255e+009,	-0.660569,	-0.516208,	-0.378056,	-0.0362208,	-0.803202,	-0.41859,	-0.0150907,	0.107486,	-0.862619,	-0.434087,	-0.0134968,	-0.0135059,	-0.803355,	-0.648434,	-0.0243155,	-0.0800384,	-0.714918,	-0.593883,	-0.0119028,	-0.348534,	-0.4277,	0.56095,	-0.05096,	37869,	-283,	-10,	-468,	37899,	134,	-17,	-144,	37879,	61,	-32,	-336,	
2,	6,	770125,	1.65255e+015,	1,	1,	-1,	2,	0,	-1,	-1,	-2,	1.65255e+009,	-0.660569,	-0.516208,	-0.378056,	-0.0362208,	-0.803202,	-0.41859,	-0.0150907,	0.107486,	-0.862619,	-0.434087,	-0.0134968,	-0.0135059,	-0.803355,	-0.648434,	-0.0243155,	-0.0800384,	-0.714918,	-0.593883,	-0.0119028,	-0.348534,	-0.4277,	0.56095,	-0.05096,	37879,	-279,	-11,	-474,	37909,	134,	-19,	-147,	37889,	61,	-28,	-337,	
2,	6,	770204,	1.65255e+015,	0,	0,	0,	-1,	-2,	-1,	0,	0,	1.65255e+009,	-0.660569,	-0.516208,	-0.378056,	-0.0362208,	-0.803202,	-0.41859,	-0.0150907,	0.107486,	-0.862619,	-0.434087,	-0.0134968,	-0.0135059,	-0.803355,	-0.648434,	-0.0243155,	-0.0800384,	-0.714918,	-0.593883,	-0.0119028,	-0.348534,	-0.4277,	0.56095,	-0.05096,	37889,	-276,	-11,	-480,	37919,	134,	-19,	-149,	37899,	63,	-25,	-339,	
2,	6,	770266,	1.65255e+015,	3,	6,	4,	2,	1,	1,	0,	0,	1.65255e+009,	-0.660569,	-0.516208,	-0.378056,	-0.0362208,	-0.803202,	-0.41859,	-0.0150907,	0.107486,	-0.862619,	-0.434087,	-0.0134968,	-0.0135059,	-0.803355,	-0.648434,	-0.0243155,	-0.0800384,	-0.714918,	-0.593883,	-0.0119028,	-0.348534,	-0.4277,	0.56095,	-0.05096,	37899,	-271,	-15,	-486,	37929,	132,	-21,	-151,	37909,	64,	-21,	-340,	
2,	6,	770329,	1.65255e+015,	0,	2,	-1,	2,	1,	-1,	-1,	0,	1.65255e+009,	-0.660569,	-0.516208,	-0.378056,	-0.0362208,	-0.803202,	-0.41859,	-0.0150907,	0.107486,	-0.862619,	-0.434087,	-0.0134968,	-0.0135059,	-0.803355,	-0.648434,	-0.0243155,	-0.0800384,	-0.714918,	-0.593883,	-0.0119028,	-0.348534,	-0.4277,	0.56095,	-0.05096,	37909,	-267,	-17,	-491,	37939,	132,	-22,	-152,	37919,	64,	-18,	-341,	
2,	6,	770391,	1.65255e+015,	-1,	1,	-1,	-2,	0,	-2,	-2,	0,	1.65255e+009,	-0.660569,	-0.516208,	-0.378056,	-0.0362208,	-0.803202,	-0.41859,	-0.0150907,	0.107486,	-0.862619,	-0.434087,	-0.0134968,	-0.0135059,	-0.803355,	-0.648434,	-0.0243155,	-0.0800384,	-0.714918,	-0.593883,	-0.0119028,	-0.348534,	-0.4277,	0.56095,	-0.05096,	37919,	-265,	-16,	-494,	37949,	130,	-21,	-154,	37929,	64,	-14,	-341,	
2,	6,	770454,	1.65255e+015,	2,	5,	5,	6,	1,	2,	1,	1,	1.65255e+009,	-0.660569,	-0.516208,	-0.378056,	-0.0362208,	-0.803202,	-0.41859,	-0.0150907,	0.107486,	-0.862619,	-0.434087,	-0.0134968,	-0.0135059,	-0.803355,	-0.648434,	-0.0243155,	-0.0800384,	-0.714918,	-0.593883,	-0.0119028,	-0.348534,	-0.4277,	0.56095,	-0.05096,	37929,	-262,	-15,	-496,	37959,	130,	-20,	-154,	37939,	64,	-11,	-342,	
2,	6,	770532,	1.65255e+015,	-4,	-5,	-6,	-9,	-4,	-1,	1,	-2,	1.65255e+009,	-0.660569,	-0.516208,	-0.378056,	-0.0362208,	-0.803202,	-0.41859,	-0.0150907,	0.107486,	-0.862619,	-0.434087,	-0.0134968,	-0.0135059,	-0.803355,	-0.648434,	-0.0243155,	-0.0800384,	-0.714918,	-0.593883,	-0.0119028,	-0.348534,	-0.4277,	0.56095,	-0.05096,	37939,	-262,	-15,	-499,	37969,	131,	-17,	-154,	37949,	64,	-8,	-343,	
2,	6,	770594,	1.65255e+015,	-3,	-4,	-4,	-1,	-3,	-3,	0,	-1,	1.65255e+009,	-0.660569,	-0.516208,	-0.378056,	-0.0362208,	-0.803202,	-0.41859,	-0.0150907,	0.107486,	-0.862619,	-0.434087,	-0.0134968,	-0.0135059,	-0.803355,	-0.648434,	-0.0243155,	-0.0800384,	-0.714918,	-0.593883,	-0.0119028,	-0.348534,	-0.4277,	0.56095,	-0.05096,	37949,	-263,	-15,	-500,	37979,	130,	-14,	-154,	37959,	65,	-5,	-343,	
2,	6,	770657,	1.65255e+015,	-2,	0,	1,	1,	1,	-2,	-1,	-1,	1.65255e+009,	-0.660569,	-0.516208,	-0.378056,	-0.0362208,	-0.803202,	-0.41859,	-0.0150907,	0.107486,	-0.862619,	-0.434087,	-0.0134968,	-0.0135059,	-0.803355,	-0.648434,	-0.0243155,	-0.0800384,	-0.714918,	-0.593883,	-0.0119028,	-0.348534,	-0.4277,	0.56095,	-0.05096,	37959,	-264,	-16,	-496,	37989,	130,	-12,	-153,	37969,	65,	-4,	-344,	
2,	6,	770735,	1.65255e+015,	-2,	-4,	-2,	-7,	-2,	-3,	-2,	-1,	1.65255e+009,	-0.660569,	-0.516208,	-0.378056,	-0.0362208,	-0.803202,	-0.41859,	-0.0150907,	0.107486,	-0.862619,	-0.434087,	-0.0134968,	-0.0135059,	-0.803355,	-0.648434,	-0.0243155,	-0.0800384,	-0.714918,	-0.593883,	-0.0119028,	-0.348534,	-0.4277,	0.56095,	-0.05096,	37969,	-266,	-16,	-490,	37999,	129,	-10,	-153,	37979,	67,	-1,	-344,	
2,	6,	770813,	1.65255e+015,	2,	-10,	-5,	-1,	0,	-2,	-1,	-1,	1.65255e+009,	-0.660569,	-0.516208,	-0.378056,	-0.0362208,	-0.803202,	-0.41859,	-0.0150907,	0.107486,	-0.862619,	-0.434087,	-0.0134968,	-0.0135059,	-0.803355,	-0.648434,	-0.0243155,	-0.0800384,	-0.714918,	-0.593883,	-0.0119028,	-0.348534,	-0.4277,	0.56095,	-0.05096,	37979,	-268,	-16,	-486,	38009,	128,	-9,	-152,	37989,	67,	0,	-343,	
2,	6,	770891,	1.65255e+015,	-4,	-13,	-4,	-6,	-2,	-1,	0,	-3,	1.65255e+009,	-0.660569,	-0.516208,	-0.378056,	-0.0362208,	-0.803202,	-0.41859,	-0.0150907,	0.107486,	-0.862619,	-0.434087,	-0.0134968,	-0.0135059,	-0.803355,	-0.648434,	-0.0243155,	-0.0800384,	-0.714918,	-0.593883,	-0.0119028,	-0.348534,	-0.4277,	0.56095,	-0.05096,	37989,	-269,	-17,	-483,	38019,	127,	-8,	-151,	37999,	66,	2,	-342,	
2,	6,	770954,	1.65255e+015,	-2,	1,	-8,	-6,	-3,	-3,	-1,	-1,	1.65255e+009,	-0.660569,	-0.516208,	-0.378056,	-0.0362208,	-0.803202,	-0.41859,	-0.0150907,	0.107486,	-0.862619,	-0.434087,	-0.0134968,	-0.0135059,	-0.803355,	-0.648434,	-0.0243155,	-0.0800384,	-0.714918,	-0.593883,	-0.0119028,	-0.348534,	-0.4277,	0.56095,	-0.05096,	37999,	-267,	-17,	-480,	38029,	127,	-9,	-151,	38009,	64,	3,	-342,	
2,	6,	771032,	1.65255e+015,	1,	7,	3,	0,	0,	-2,	-1,	0,	1.65255e+009,	-0.660569,	-0.516208,	-0.378056,	-0.0362208,	-0.803202,	-0.41859,	-0.0150907,	0.107486,	-0.862619,	-0.434087,	-0.0134968,	-0.0135059,	-0.803355,	-0.648434,	-0.0243155,	-0.0800384,	-0.714918,	-0.593883,	-0.0119028,	-0.348534,	-0.4277,	0.56095,	-0.05096,	38009,	-267,	-17,	-479,	38039,	127,	-8,	-151,	38019,	65,	2,	-342,	
2,	6,	771110,	1.65255e+015,	1,	2,	2,	0,	0,	-2,	0,	0,	1.65255e+009,	-0.660569,	-0.516208,	-0.378056,	-0.0362208,	-0.803202,	-0.41859,	-0.0150907,	0.107486,	-0.862619,	-0.434087,	-0.0134968,	-0.0135059,	-0.803355,	-0.648434,	-0.0243155,	-0.0800384,	-0.714918,	-0.593883,	-0.0119028,	-0.348534,	-0.4277,	0.56095,	-0.05096,	38019,	-267,	-17,	-478,	38049,	127,	-7,	-151,	38029,	65,	3,	-343,	
2,	6,	771188,	1.65255e+015,	2,	7,	5,	2,	1,	0,	1,	1,	1.65255e+009,	-0.660569,	-0.516208,	-0.378056,	-0.0362208,	-0.803202,	-0.41859,	-0.0150907,	0.107486,	-0.862619,	-0.434087,	-0.0134968,	-0.0135059,	-0.803355,	-0.648434,	-0.0243155,	-0.0800384,	-0.714918,	-0.593883,	-0.0119028,	-0.348534,	-0.4277,	0.56095,	-0.05096,	38029,	-267,	-16,	-478,	38059,	128,	-8,	-152,	38039,	65,	2,	-344,	
2,	6,	771266,	1.65255e+015,	-3,	-8,	-4,	-7,	-4,	-2,	-3,	-2,	1.65255e+009,	-0.660569,	-0.516208,	-0.378056,	-0.0362208,	-0.803202,	-0.41859,	-0.0150907,	0.107486,	-0.862619,	-0.434087,	-0.0134968,	-0.0135059,	-0.803355,	-0.648434,	-0.0243155,	-0.0800384,	-0.714918,	-0.593883,	-0.0119028,	-0.348534,	-0.4277,	0.56095,	-0.05096,	38039,	-265,	-17,	-479,	38069,	127,	-9,	-153,	38049,	65,	2,	-345,	
2,	6,	771344,	1.65255e+015,	-6,	-8,	-8,	-7,	-4,	-4,	0,	-1,	1.65255e+009,	-0.660569,	-0.516208,	-0.378056,	-0.0362208,	-0.803202,	-0.41859,	-0.0150907,	0.107486,	-0.862619,	-0.434087,	-0.0134968,	-0.0135059,	-0.803355,	-0.648434,	-0.0243155,	-0.0800384,	-0.714918,	-0.593883,	-0.0119028,	-0.348534,	-0.4277,	0.56095,	-0.05096,	38049,	-262,	-16,	-481,	38079,	129,	-9,	-154,	38059,	65,	3,	-346,	
2,	6,	771422,	1.65255e+015,	-1,	-2,	-7,	-2,	-1,	0,	0,	-3,	1.65255e+009,	-0.660569,	-0.516208,	-0.378056,	-0.0362208,	-0.803202,	-0.41859,	-0.0150907,	0.107486,	-0.862619,	-0.434087,	-0.0134968,	-0.0135059,	-0.803355,	-0.648434,	-0.0243155,	-0.0800384,	-0.714918,	-0.593883,	-0.0119028,	-0.348534,	-0.4277,	0.56095,	-0.05096,	38059,	-262,	-16,	-484,	38089,	130,	-8,	-154,	38069,	67,	2,	-347,	
2,	6,	771500,	1.65255e+015,	1,	5,	-2,	-1,	0,	0,	0,	-1,	1.65255e+009,	-0.660569,	-0.516208,	-0.378056,	-0.0362208,	-0.803202,	-0.41859,	-0.0150907,	0.107486,	-0.862619,	-0.434087,	-0.0134968,	-0.0135059,	-0.803355,	-0.648434,	-0.0243155,	-0.0800384,	-0.714918,	-0.593883,	-0.0119028,	-0.348534,	-0.4277,	0.56095,	-0.05096,	38069,	-261,	-15,	-485,	38099,	129,	-9,	-155,	38079,	68,	3,	-347,	
2,	6,	771579,	1.65255e+015,	-2,	-5,	-6,	-5,	-3,	0,	-1,	0,	1.65255e+009,	-0.660569,	-0.516208,	-0.378056,	-0.0362208,	-0.803202,	-0.41859,	-0.0150907,	0.107486,	-0.862619,	-0.434087,	-0.0134968,	-0.0135059,	-0.803355,	-0.648434,	-0.0243155,	-0.0800384,	-0.714918,	-0.593883,	-0.0119028,	-0.348534,	-0.4277,	0.56095,	-0.05096,	38079,	-261,	-15,	-484,	38109,	129,	-8,	-155,	38089,	68,	3,	-348,	
2,	6,	771657,	1.65255e+015,	-4,	-7,	-1,	-3,	-2,	-1,	1,	-2,	1.65255e+009,	-0.660569,	-0.516208,	-0.378056,	-0.0362208,	-0.803202,	-0.41859,	-0.0150907,	0.107486,	-0.862619,	-0.434087,	-0.0134968,	-0.0135059,	-0.803355,	-0.648434,	-0.0243155,	-0.0800384,	-0.714918,	-0.593883,	-0.0119028,	-0.348534,	-0.4277,	0.56095,	-0.05096,	38089,	-261,	-16,	-481,	38119,	128,	-9,	-155,	38099,	68,	4,	-348,	
2,	6,	771735,	1.65255e+015,	5,	10,	7,	8,	4,	2,	0,	-1,	1.65255e+009,	-0.660569,	-0.516208,	-0.378056,	-0.0362208,	-0.803202,	-0.41859,	-0.0150907,	0.107486,	-0.862619,	-0.434087,	-0.0134968,	-0.0135059,	-0.803355,	-0.648434,	-0.0243155,	-0.0800384,	-0.714918,	-0.593883,	-0.0119028,	-0.348534,	-0.4277,	0.56095,	-0.05096,	38099,	-262,	-16,	-479,	38129,	127,	-9,	-154,	38109,	67,	4,	-347,	
2,	6,	771813,	1.65255e+015,	-1,	-5,	0,	0,	2,	0,	0,	0,	1.65255e+009,	-0.660569,	-0.516208,	-0.378056,	-0.0362208,	-0.803202,	-0.41859,	-0.0150907,	0.107486,	-0.862619,	-0.434087,	-0.0134968,	-0.0135059,	-0.803355,	-0.648434,	-0.0243155,	-0.0800384,	-0.714918,	-0.593883,	-0.0119028,	-0.348534,	-0.4277,	0.56095,	-0.05096,	38109,	-262,	-18,	-476,	38139,	127,	-9,	-154,	38119,	67,	3,	-347,	
2,	6,	771891,	1.65255e+015,	0,	4,	0,	1,	0,	-1,	1,	-2,	1.65255e+009,	-0.600448,	-0.516208,	-0.378056,	-0.0362208,	-0.803202,	-0.41859,	-0.0150907,	0.107486,	-0.862619,	-0.434087,	-0.0134968,	-0.0135059,	-0.803355,	-0.648434,	-0.0243155,	-0.0800384,	-0.714918,	-0.593883,	-0.0119028,	-0.348534,	-0.4277,	0.56095,	-0.05096,	38119,	-264,	-17,	-474,	38149,	127,	-10,	-153,	38129,	67,	3,	-347,	
2,	6,	771969,	1.65255e+015,	1,	4,	2,	6,	2,	0,	1,	0,	1.65255e+009,	-0.600448,	-0.516208,	-0.378056,	-0.0362208,	-0.803202,	-0.41859,	-0.0150907,	0.107486,	-0.862619,	-0.434087,	-0.0134968,	-0.0135059,	-0.803355,	-0.648434,	-0.0243155,	-0.0800384,	-0.714918,	-0.593883,	-0.0119028,	-0.348534,	-0.4277,	0.56095,	-0.05096,	38129,	-265,	-17,	-472,	38159,	127,	-10,	-153,	38139,	66,	1,	-346,	
2,	6,	772047,	1.65255e+015,	0,	3,	1,	7,	4,	1,	-1,	-1,	1.65255e+009,	-0.600448,	-0.516208,	-0.378056,	-0.0362208,	-0.803202,	-0.41859,	-0.0150907,	0.107486,	-0.862619,	-0.434087,	-0.0134968,	-0.0135059,	-0.803355,	-0.648434,	-0.0243155,	-0.0800384,	-0.714918,	-0.593883,	-0.0119028,	-0.348534,	-0.4277,	0.56095,	-0.05096,	38139,	-266,	-17,	-472,	38169,	128,	-10,	-153,	38149,	65,	0,	-347,	
2,	6,	772141,	1.65255e+015,	-1,	6,	4,	4,	-1,	-3,	0,	-1,	1.65255e+009,	-0.600448,	-0.516208,	-0.378056,	-0.0362208,	-0.803202,	-0.41859,	-0.0150907,	0.107486,	-0.862619,	-0.434087,	-0.0134968,	-0.0135059,	-0.803355,	-0.648434,	-0.0243155,	-0.0800384,	-0.714918,	-0.593883,	-0.0119028,	-0.348534,	-0.4277,	0.56095,	-0.05096,	38149,	-266,	-16,	-472,	38179,	128,	-9,	-153,	38159,	67,	0,	-347,	
2,	6,	772204,	1.65255e+015,	2,	0,	-5,	-2,	0,	1,	0,	-1,	1.65255e+009,	-0.600448,	-0.516208,	-0.378056,	-0.0362208,	-0.803202,	-0.41859,	-0.0150907,	0.107486,	-0.862619,	-0.434087,	-0.0134968,	-0.0135059,	-0.803355,	-0.648434,	-0.0243155,	-0.0800384,	-0.714918,	-0.593883,	-0.0119028,	-0.348534,	-0.4277,	0.56095,	-0.05096,	38159,	-267,	-17,	-472,	38189,	128,	-8,	-152,	38169,	67,	0,	-348,	
2,	6,	772297,	1.65255e+015,	-1,	-3,	-3,	-2,	1,	-3,	1,	0,	1.65255e+009,	-0.600448,	-0.516208,	-0.378056,	-0.0362208,	-0.803202,	-0.41859,	-0.0150907,	0.107486,	-0.862619,	-0.434087,	-0.0134968,	-0.0135059,	-0.803355,	-0.648434,	-0.0243155,	-0.0800384,	-0.714918,	-0.593883,	-0.0119028,	-0.348534,	-0.4277,	0.56095,	-0.05096,	38169,	-267,	-17,	-473,	38199,	128,	-8,	-153,	38179,	67,	-1,	-348,	
2,	6,	772375,	1.65255e+015,	-2,	-3,	-3,	0,	-1,	-2,	-1,	-2,	1.65255e+009,	-0.600448,	-0.516208,	-0.378056,	-0.0362208,	-0.803202,	-0.41859,	-0.0150907,	0.107486,	-0.862619,	-0.434087,	-0.0134968,	-0.0135059,	-0.803355,	-0.648434,	-0.0243155,	-0.0800384,	-0.714918,	-0.593883,	-0.0119028,	-0.348534,	-0.4277,	0.56095,	-0.05096,	38179,	-267,	-17,	-473,	38209,	128,	-9,	-153,	38189,	67,	0,	-348,	
2,	6,	772454,	1.65255e+015,	-1,	4,	3,	1,	-1,	-1,	1,	-2,	1.65255e+009,	-0.600448,	-0.516208,	-0.378056,	-0.0362208,	-0.803202,	-0.41859,	-0.0150907,	0.107486,	-0.862619,	-0.434087,	-0.0134968,	-0.0135059,	-0.803355,	-0.648434,	-0.0243155,	-0.0800384,	-0.714918,	-0.593883,	-0.0119028,	-0.348534,	-0.4277,	0.56095,	-0.05096,	38189,	-267,	-16,	-471,	38219,	126,	-9,	-153,	38199,	66,	0,	-348,	
2,	6,	772516,	1.65255e+015,	0,	-2,	-1,	-3,	0,	-1,	0,	-1,	1.65255e+009,	-0.600448,	-0.516208,	-0.378056,	-0.0362208,	-0.803202,	-0.41859,	-0.0150907,	0.107486,	-0.862619,	-0.434087,	-0.0134968,	-0.0135059,	-0.803355,	-0.648434,	-0.0243155,	-0.0800384,	-0.714918,	-0.593883,	-0.0119028,	-0.348534,	-0.4277,	0.56095,	-0.05096,	38199,	-269,	-17,	-468,	38229,	125,	-10,	-152,	38209,	66,	0,	-347,	
2,	6,	772594,	1.65255e+015,	-1,	-1,	-2,	-2,	0,	3,	-1,	-2,	1.65255e+009,	-0.600448,	-0.516208,	-0.378056,	-0.0362208,	-0.803202,	-0.41859,	-0.0150907,	0.107486,	-0.862619,	-0.434087,	-0.0134968,	-0.0135059,	-0.803355,	-0.648434,	-0.0243155,	-0.0800384,	-0.714918,	-0.593883,	-0.0119028,	-0.348534,	-0.4277,	0.56095,	-0.05096,	38209,	-271,	-17,	-464,	38239,	125,	-9,	-152,	38219,	66,	0,	-346,	
2,	6,	772657,	1.65255e+015,	-1,	2,	-8,	-3,	1,	0,	-1,	-1,	1.65255e+009,	-0.600448,	-0.516208,	-0.378056,	-0.0362208,	-0.803202,	-0.41859,	-0.0150907,	0.107486,	-0.862619,	-0.434087,	-0.0134968,	-0.0135059,	-0.803355,	-0.648434,	-0.0243155,	-0.0800384,	-0.714918,	-0.593883,	-0.0119028,	-0.348534,	-0.4277,	0.56095,	-0.05096,	38219,	-273,	-18,	-459,	38249,	126,	-10,	-151,	38229,	65,	0,	-345,	
2,	6,	772719,	1.65255e+015,	0,	-1,	-3,	-3,	0,	-1,	0,	-1,	1.65255e+009,	-0.600448,	-0.516208,	-0.378056,	-0.0362208,	-0.803202,	-0.41859,	-0.0150907,	0.107486,	-0.862619,	-0.434087,	-0.0134968,	-0.0135059,	-0.803355,	-0.648434,	-0.0243155,	-0.0800384,	-0.714918,	-0.593883,	-0.0119028,	-0.348534,	-0.4277,	0.56095,	-0.05096,	38229,	-276,	-18,	-454,	38259,	125,	-10,	-149,	38239,	66,	-1,	-344,	
2,	6,	772797,	1.65255e+015,	-1,	2,	0,	-2,	0,	-2,	0,	0,	1.65255e+009,	-0.600448,	-0.516208,	-0.378056,	-0.0362208,	-0.803202,	-0.41859,	-0.0150907,	0.107486,	-0.862619,	-0.434087,	-0.0134968,	-0.0135059,	-0.803355,	-0.648434,	-0.0243155,	-0.0800384,	-0.714918,	-0.593883,	-0.0119028,	-0.348534,	-0.4277,	0.56095,	-0.05096,	38239,	-279,	-16,	-447,	38269,	126,	-10,	-147,	38249,	65,	-3,	-342,	
2,	6,	772875,	1.65255e+015,	-3,	0,	-2,	0,	-1,	-2,	1,	0,	1.65255e+009,	-0.600448,	-0.516208,	-0.378056,	-0.0362208,	-0.803202,	-0.41859,	-0.0150907,	0.107486,	-0.862619,	-0.434087,	-0.0134968,	-0.0135059,	-0.803355,	-0.648434,	-0.0243155,	-0.0800384,	-0.714918,	-0.593883,	-0.0119028,	-0.348534,	-0.4277,	0.56095,	-0.05096,	38249,	-280,	-15,	-443,	38279,	126,	-9,	-146,	38259,	64,	-5,	-340,	
2,	6,	772954,	1.65255e+015,	-1,	-2,	0,	-5,	-1,	1,	-1,	0,	1.65255e+009,	-0.600448,	-0.516208,	-0.378056,	-0.0362208,	-0.803202,	-0.41859,	-0.0150907,	0.107486,	-0.862619,	-0.434087,	-0.0134968,	-0.0135059,	-0.803355,	-0.648434,	-0.0243155,	-0.0800384,	-0.714918,	-0.593883,	-0.0119028,	-0.348534,	-0.4277,	0.56095,	-0.05096,	38259,	-282,	-16,	-439,	38289,	127,	-10,	-145,	38269,	63,	-7,	-339,	
2,	6,	773016,	1.65255e+015,	-2,	0,	3,	-2,	-1,	0,	0,	0,	1.65255e+009,	-0.600448,	-0.516208,	-0.378056,	-0.0362208,	-0.803202,	-0.41859,	-0.0150907,	0.107486,	-0.862619,	-0.434087,	-0.0134968,	-0.0135059,	-0.803355,	-0.648434,	-0.0243155,	-0.0800384,	-0.714918,	-0.593883,	-0.0119028,	-0.348534,	-0.4277,	0.56095,	-0.05096,	38269,	-284,	-17,	-435,	38299,	129,	-10,	-144,	38279,	63,	-10,	-337,	
2,	6,	773094,	1.65255e+015,	0,	5,	0,	-2,	-1,	2,	-1,	1,	1.65255e+009,	-0.600448,	-0.516208,	-0.378056,	-0.0362208,	-0.803202,	-0.41859,	-0.0150907,	0.107486,	-0.862619,	-0.434087,	-0.0134968,	-0.0135059,	-0.803355,	-0.648434,	-0.0243155,	-0.0800384,	-0.714918,	-0.593883,	-0.0119028,	-0.348534,	-0.4277,	0.56095,	-0.05096,	38279,	-286,	-15,	-432,	38309,	129,	-9,	-143,	38289,	64,	-13,	-335,	
2,	6,	773172,	1.65255e+015,	-3,	-2,	-1,	2,	0,	-1,	-2,	-1,	1.65255e+009,	-0.600448,	-0.516208,	-0.378056,	-0.0362208,	-0.803202,	-0.41859,	-0.0150907,	0.107486,	-0.862619,	-0.434087,	-0.0134968,	-0.0135059,	-0.803355,	-0.648434,	-0.0243155,	-0.0800384,	-0.714918,	-0.593883,	-0.0119028,	-0.348534,	-0.4277,	0.56095,	-0.05096,	38289,	-287,	-14,	-430,	38319,	131,	-9,	-142,	38299,	64,	-16,	-334,	
2,	6,	773235,	1.65255e+015,	2,	-1,	0,	3,	3,	-1,	-1,	0,	1.65255e+009,	-0.600448,	-0.516208,	-0.378056,	-0.0362208,	-0.803202,	-0.41859,	-0.0150907,	0.107486,	-0.862619,	-0.434087,	-0.0134968,	-0.0135059,	-0.803355,	-0.648434,	-0.0243155,	-0.0800384,	-0.714918,	-0.593883,	-0.0119028,	-0.348534,	-0.4277,	0.56095,	-0.05096,	38299,	-288,	-14,	-429,	38329,	130,	-7,	-141,	38309,	66,	-17,	-333,	
2,	6,	773313,	1.65255e+015,	-1,	3,	2,	3,	-2,	-3,	-1,	-2,	1.65255e+009,	-0.600448,	-0.516208,	-0.378056,	-0.0362208,	-0.803202,	-0.41859,	-0.0150907,	0.107486,	-0.862619,	-0.434087,	-0.0134968,	-0.0135059,	-0.803355,	-0.648434,	-0.0243155,	-0.0800384,	-0.714918,	-0.593883,	-0.0119028,	-0.348534,	-0.4277,	0.56095,	-0.05096,	38309,	-290,	-15,	-426,	38339,	131,	-8,	-141,	38319,	65,	-18,	-331,	
2,	6,	773375,	1.65255e+015,	0,	3,	-3,	4,	1,	-1,	0,	-1,	1.65255e+009,	-0.600448,	-0.516208,	-0.378056,	-0.0362208,	-0.803202,	-0.41859,	-0.0150907,	0.107486,	-0.862619,	-0.434087,	-0.0134968,	-0.0135059,	-0.803355,	-0.648434,	-0.0243155,	-0.0800384,	-0.714918,	-0.593883,	-0.0119028,	-0.348534,	-0.4277,	0.56095,	-0.05096,	38319,	-292,	-15,	-423,	38349,	130,	-8,	-140,	38329,	65,	-19,	-329,	
2,	6,	773454,	1.65255e+015,	-1,	0,	-2,	4,	0,	-2,	-1,	0,	1.65255e+009,	-0.600448,	-0.516208,	-0.378056,	-0.0362208,	-0.803202,	-0.41859,	-0.0150907,	0.107486,	-0.862619,	-0.434087,	-0.0134968,	-0.0135059,	-0.803355,	-0.648434,	-0.0243155,	-0.0800384,	-0.714918,	-0.593883,	-0.0119028,	-0.348534,	-0.4277,	0.56095,	-0.05096,	38329,	-296,	-16,	-419,	38359,	131,	-7,	-140,	38339,	67,	-20,	-328,	
2,	6,	773532,	1.65255e+015,	-2,	-7,	-7,	-4,	-5,	-3,	-2,	0,	1.65255e+009,	-0.600448,	-0.516208,	-0.378056,	-0.0362208,	-0.803202,	-0.41859,	-0.0150907,	0.107486,	-0.862619,	-0.434087,	-0.0134968,	-0.0135059,	-0.803355,	-0.648434,	-0.0243155,	-0.0800384,	-0.714918,	-0.593883,	-0.0119028,	-0.348534,	-0.4277,	0.56095,	-0.05096,	38339,	-300,	-18,	-415,	38369,	132,	-6,	-139,	38349,	68,	-23,	-326,	
2,	6,	773594,	1.65255e+015,	-2,	-5,	-2,	-4,	-2,	-2,	-2,	-1,	1.65255e+009,	-0.600448,	-0.516208,	-0.378056,	-0.0362208,	-0.803202,	-0.41859,	-0.0150907,	0.107486,	-0.862619,	-0.434087,	-0.0134968,	-0.0135059,	-0.803355,	-0.648434,	-0.0243155,	-0.0800384,	-0.714918,	-0.593883,	-0.0119028,	-0.348534,	-0.4277,	0.56095,	-0.05096,	38349,	-305,	-18,	-409,	38379,	130,	-5,	-137,	38359,	68,	-24,	-323,	
2,	6,	773657,	1.65255e+015,	-3,	-5,	-5,	-9,	-2,	-1,	0,	-1,	1.65255e+009,	-0.600448,	-0.516208,	-0.378056,	-0.0362208,	-0.803202,	-0.41859,	-0.0150907,	0.107486,	-0.862619,	-0.434087,	-0.0134968,	-0.0135059,	-0.803355,	-0.648434,	-0.0243155,	-0.0800384,	-0.714918,	-0.593883,	-0.0119028,	-0.348534,	-0.4277,	0.56095,	-0.05096,	38359,	-311,	-19,	-402,	38389,	129,	-2,	-135,	38369,	69,	-26,	-319,	
2,	6,	773735,	1.65255e+015,	-1,	-5,	-3,	-5,	0,	-3,	-2,	-3,	1.65255e+009,	-0.600448,	-0.516208,	-0.378056,	-0.0362208,	-0.803202,	-0.41859,	-0.0150907,	0.107486,	-0.862619,	-0.434087,	-0.0134968,	-0.0135059,	-0.803355,	-0.648434,	-0.0243155,	-0.0800384,	-0.714918,	-0.593883,	-0.0119028,	-0.348534,	-0.4277,	0.56095,	-0.05096,	38369,	-316,	-20,	-396,	38399,	129,	1,	-133,	38379,	69,	-25,	-314,	
2,	6,	773797,	1.65255e+015,	-1,	-1,	1,	4,	3,	3,	1,	1,	1.65255e+009,	-0.600448,	-0.516208,	-0.378056,	-0.0362208,	-0.803202,	-0.41859,	-0.0150907,	0.107486,	-0.862619,	-0.434087,	-0.0134968,	-0.0135059,	-0.803355,	-0.648434,	-0.0243155,	-0.0800384,	-0.714918,	-0.593883,	-0.0119028,	-0.348534,	-0.4277,	0.56095,	-0.05096,	38379,	-322,	-22,	-391,	38409,	125,	3,	-131,	38389,	68,	-23,	-309,	
2,	6,	773875,	1.65255e+015,	0,	-3,	1,	-4,	0,	0,	2,	3,	1.65255e+009,	-0.600448,	-0.516208,	-0.378056,	-0.0362208,	-0.803202,	-0.41859,	-0.0150907,	0.107486,	-0.862619,	-0.434087,	-0.0134968,	-0.0135059,	-0.803355,	-0.648434,	-0.0243155,	-0.0800384,	-0.714918,	-0.593883,	-0.0119028,	-0.348534,	-0.4277,	0.56095,	-0.05096,	38389,	-328,	-24,	-387,	38419,	121,	4,	-129,	38399,	65,	-22,	-304,	
