1,	7,	740782,	1.65255e+015,	-1,	0,	0,	4,	-2,	-2,	-1,	-1,	1.65255e+009,	-0.825899,	-0.516208,	-0.31202,	-0.0263648,	-0.707106,	-0.311651,	-0.0219002,	0.0972771,	-0.799539,	-0.134716,	-0.0170943,	-0.00818881,	-0.868404,	-0.133945,	-0.0170294,	-0.0806353,	-0.868428,	-0.376062,	-0.0186753,	-0.360959,	-0.4186,	0.56958,	-0.08232,	14509,	-237,	-11,	-527,	14549,	141,	-22,	-149,	14529,	74,	-4,	-360,	
1,	7,	740844,	1.65255e+015,	-2,	2,	-5,	0,	-2,	-2,	0,	-2,	1.65255e+009,	-0.825899,	-0.516208,	-0.31202,	-0.0263648,	-0.707106,	-0.311651,	-0.0219002,	0.0972771,	-0.799539,	-0.134716,	-0.0170943,	-0.00818881,	-0.868404,	-0.133945,	-0.0170294,	-0.0806353,	-0.868428,	-0.376062,	-0.0186753,	-0.360959,	-0.4186,	0.56958,	-0.08232,	14519,	-236,	-11,	-527,	14559,	141,	-23,	-149,	14539,	73,	-3,	-360,	
1,	7,	740907,	1.65255e+015,	-1,	-4,	-3,	2,	-1,	-2,	-1,	0,	1.65255e+009,	-0.825899,	-0.516208,	-0.31202,	-0.0263648,	-0.707106,	-0.311651,	-0.0219002,	0.0972771,	-0.799539,	-0.134716,	-0.0170943,	-0.00818881,	-0.868404,	-0.133945,	-0.0170294,	-0.0806353,	-0.868428,	-0.376062,	-0.0186753,	-0.360959,	-0.4186,	0.56958,	-0.08232,	14529,	-236,	-11,	-527,	14569,	142,	-23,	-149,	14549,	73,	-4,	-360,	
1,	7,	740969,	1.65255e+015,	-2,	-2,	4,	-2,	0,	-2,	-1,	-1,	1.65255e+009,	-0.825899,	-0.516208,	-0.31202,	-0.0263648,	-0.707106,	-0.311651,	-0.0219002,	0.0972771,	-0.799539,	-0.134716,	-0.0170943,	-0.00818881,	-0.868404,	-0.133945,	-0.0170294,	-0.0806353,	-0.868428,	-0.376062,	-0.0186753,	-0.360959,	-0.4186,	0.56958,	-0.08232,	14539,	-237,	-11,	-527,	14579,	143,	-23,	-149,	14559,	74,	-3,	-360,	
1,	7,	741032,	1.65255e+015,	2,	0,	-12,	0,	0,	-1,	-1,	-1,	1.65255e+009,	-0.825899,	-0.516208,	-0.31202,	-0.0263648,	-0.707106,	-0.311651,	-0.0219002,	0.0972771,	-0.799539,	-0.134716,	-0.0170943,	-0.00818881,	-0.868404,	-0.133945,	-0.0170294,	-0.0806353,	-0.868428,	-0.376062,	-0.0186753,	-0.360959,	-0.4186,	0.56958,	-0.08232,	14549,	-237,	-11,	-527,	14589,	142,	-23,	-148,	14569,	74,	-4,	-360,	
1,	7,	741110,	1.65255e+015,	-3,	-2,	12,	-6,	-4,	0,	-1,	-2,	1.65255e+009,	-0.825899,	-0.516208,	-0.31202,	-0.0263648,	-0.707106,	-0.311651,	-0.0219002,	0.0972771,	-0.799539,	-0.134716,	-0.0170943,	-0.00818881,	-0.868404,	-0.133945,	-0.0170294,	-0.0806353,	-0.868428,	-0.376062,	-0.0186753,	-0.360959,	-0.4186,	0.56958,	-0.08232,	14559,	-237,	-11,	-527,	14599,	142,	-24,	-149,	14579,	75,	-3,	-360,	
1,	7,	741188,	1.65255e+015,	2,	2,	-12,	7,	2,	-1,	-2,	-1,	1.65255e+009,	-0.825899,	-0.516208,	-0.31202,	-0.0263648,	-0.707106,	-0.311651,	-0.0219002,	0.0972771,	-0.799539,	-0.134716,	-0.0170943,	-0.00818881,	-0.868404,	-0.133945,	-0.0170294,	-0.0806353,	-0.868428,	-0.376062,	-0.0186753,	-0.360959,	-0.4186,	0.56958,	-0.08232,	14569,	-236,	-10,	-527,	14609,	143,	-23,	-149,	14589,	74,	-4,	-360,	
1,	7,	741266,	1.65255e+015,	0,	1,	-2,	1,	1,	1,	0,	1,	1.65255e+009,	-0.825899,	-0.516208,	-0.31202,	-0.0263648,	-0.707106,	-0.311651,	-0.0219002,	0.0972771,	-0.799539,	-0.134716,	-0.0170943,	-0.00818881,	-0.868404,	-0.133945,	-0.0170294,	-0.0806353,	-0.868428,	-0.376062,	-0.0186753,	-0.360959,	-0.4186,	0.56958,	-0.08232,	14579,	-237,	-11,	-527,	14619,	143,	-23,	-149,	14599,	74,	-4,	-360,	
1,	7,	741344,	1.65255e+015,	0,	0,	2,	-3,	-1,	0,	1,	-1,	1.65255e+009,	-0.825899,	-0.516208,	-0.31202,	-0.0263648,	-0.707106,	-0.311651,	-0.0219002,	0.0972771,	-0.799539,	-0.134716,	-0.0170943,	-0.00818881,	-0.868404,	-0.133945,	-0.0170294,	-0.0806353,	-0.868428,	-0.376062,	-0.0186753,	-0.360959,	-0.4186,	0.56958,	-0.08232,	14589,	-236,	-11,	-527,	14629,	143,	-23,	-149,	14609,	74,	-3,	-359,	
1,	7,	741422,	1.65255e+015,	2,	4,	5,	5,	-1,	-2,	-1,	-6,	1.65255e+009,	-0.825899,	-0.516208,	-0.31202,	-0.0263648,	-0.707106,	-0.311651,	-0.0219002,	0.0972771,	-0.799539,	-0.134716,	-0.0170943,	-0.00818881,	-0.868404,	-0.133945,	-0.0170294,	-0.0806353,	-0.868428,	-0.376062,	-0.0186753,	-0.360959,	-0.4186,	0.56958,	-0.08232,	14599,	-237,	-11,	-527,	14639,	142,	-22,	-148,	14619,	74,	-5,	-360,	
1,	7,	741500,	1.65255e+015,	-1,	-2,	4,	-4,	-1,	-1,	-2,	-1,	1.65255e+009,	-0.825899,	-0.516208,	-0.31202,	-0.0263648,	-0.707106,	-0.311651,	-0.0219002,	0.0972771,	-0.799539,	-0.134716,	-0.0170943,	-0.00818881,	-0.868404,	-0.133945,	-0.0170294,	-0.0806353,	-0.868428,	-0.376062,	-0.0186753,	-0.360959,	-0.4186,	0.56958,	-0.08232,	14609,	-236,	-11,	-527,	14649,	141,	-22,	-148,	14629,	75,	-4,	-359,	
1,	7,	741579,	1.65255e+015,	-1,	-2,	8,	7,	-1,	0,	-1,	2,	1.65255e+009,	-0.825899,	-0.516208,	-0.31202,	-0.0263648,	-0.707106,	-0.311651,	-0.0219002,	0.0972771,	-0.799539,	-0.134716,	-0.0170943,	-0.00818881,	-0.868404,	-0.133945,	-0.0170294,	-0.0806353,	-0.868428,	-0.376062,	-0.0186753,	-0.360959,	-0.4186,	0.56958,	-0.08232,	14619,	-236,	-10,	-526,	14659,	142,	-22,	-148,	14639,	74,	-4,	-360,	
1,	7,	741657,	1.65255e+015,	1,	4,	10,	-6,	0,	0,	-1,	2,	1.65255e+009,	-0.825899,	-0.516208,	-0.31202,	-0.0263648,	-0.707106,	-0.311651,	-0.0219002,	0.0972771,	-0.799539,	-0.134716,	-0.0170943,	-0.00818881,	-0.868404,	-0.133945,	-0.0170294,	-0.0806353,	-0.868428,	-0.376062,	-0.0186753,	-0.360959,	-0.4186,	0.56958,	-0.08232,	14629,	-236,	-10,	-526,	14669,	141,	-23,	-148,	14649,	73,	-5,	-360,	
1,	7,	741735,	1.65255e+015,	0,	-2,	-12,	-7,	0,	1,	0,	1,	1.65255e+009,	-0.825899,	-0.516208,	-0.31202,	-0.0263648,	-0.707106,	-0.311651,	-0.0219002,	0.0972771,	-0.799539,	-0.134716,	-0.0170943,	-0.00818881,	-0.868404,	-0.133945,	-0.0170294,	-0.0806353,	-0.868428,	-0.376062,	-0.0186753,	-0.360959,	-0.4186,	0.56958,	-0.08232,	14639,	-235,	-10,	-527,	14679,	143,	-22,	-148,	14659,	74,	-3,	-360,	
1,	7,	741813,	1.65255e+015,	-3,	-4,	-1,	1,	-3,	-2,	-4,	-9,	1.65255e+009,	-0.825899,	-0.516208,	-0.31202,	-0.0263648,	-0.707106,	-0.311651,	-0.0219002,	0.0972771,	-0.799539,	-0.134716,	-0.0170943,	-0.00818881,	-0.868404,	-0.133945,	-0.0170294,	-0.0806353,	-0.868428,	-0.376062,	-0.0186753,	-0.360959,	-0.4186,	0.56958,	-0.08232,	14649,	-236,	-11,	-527,	14689,	143,	-22,	-148,	14669,	74,	-3,	-360,	
1,	7,	741891,	1.65255e+015,	0,	0,	-13,	-8,	-3,	-1,	-2,	4,	1.65255e+009,	-0.825899,	-0.516208,	-0.31202,	-0.0263648,	-0.707106,	-0.311651,	-0.0219002,	0.0972771,	-0.799539,	-0.134716,	-0.0170943,	-0.00818881,	-0.868404,	-0.133945,	-0.0170294,	-0.0806353,	-0.868428,	-0.376062,	-0.0186753,	-0.360959,	-0.4186,	0.56958,	-0.08232,	14659,	-235,	-10,	-528,	14699,	142,	-22,	-148,	14679,	74,	-2,	-360,	
1,	7,	741969,	1.65255e+015,	-4,	-5,	-11,	-2,	-1,	-2,	-1,	1,	1.65255e+009,	-0.825899,	-0.516208,	-0.31202,	-0.0263648,	-0.707106,	-0.311651,	-0.0219002,	0.0972771,	-0.799539,	-0.134716,	-0.0170943,	-0.00818881,	-0.868404,	-0.204909,	-0.0213985,	-0.0806353,	-0.868428,	-0.376062,	-0.0186753,	-0.360959,	-0.4186,	0.56958,	-0.08232,	14669,	-234,	-11,	-529,	14709,	143,	-23,	-149,	14689,	74,	-3,	-360,	
1,	7,	742032,	1.65255e+015,	0,	3,	-6,	1,	1,	-1,	-2,	0,	1.65255e+009,	-0.825899,	-0.516208,	-0.31202,	-0.0263648,	-0.707106,	-0.311651,	-0.0219002,	0.0972771,	-0.799539,	-0.134716,	-0.0170943,	-0.00818881,	-0.868404,	-0.204909,	-0.0213985,	-0.0806353,	-0.868428,	-0.376062,	-0.0186753,	-0.360959,	-0.4186,	0.56958,	-0.08232,	14679,	-235,	-12,	-529,	14719,	142,	-24,	-148,	14699,	74,	-4,	-360,	
1,	7,	742110,	1.65255e+015,	1,	2,	7,	12,	0,	-1,	-1,	-1,	1.65255e+009,	-0.825899,	-0.516208,	-0.31202,	-0.0263648,	-0.707106,	-0.311651,	-0.0219002,	0.0972771,	-0.799539,	-0.134716,	-0.0170943,	-0.00818881,	-0.868404,	-0.204909,	-0.0213985,	-0.0806353,	-0.868428,	-0.376062,	-0.0186753,	-0.360959,	-0.4186,	0.56958,	-0.08232,	14689,	-234,	-12,	-530,	14729,	143,	-25,	-149,	14709,	75,	-3,	-359,	
1,	7,	742188,	1.65255e+015,	1,	-4,	-4,	-1,	0,	-1,	-1,	0,	1.65255e+009,	-0.825899,	-0.516208,	-0.31202,	-0.0263648,	-0.707106,	-0.311651,	-0.0219002,	0.0972771,	-0.799539,	-0.134716,	-0.0170943,	-0.00818881,	-0.868404,	-0.204909,	-0.0213985,	-0.0806353,	-0.868428,	-0.376062,	-0.0186753,	-0.360959,	-0.4186,	0.56958,	-0.08232,	14699,	-234,	-13,	-530,	14739,	143,	-24,	-149,	14719,	75,	-3,	-359,	
1,	7,	742266,	1.65255e+015,	1,	2,	2,	3,	1,	1,	1,	-1,	1.65255e+009,	-0.825899,	-0.516208,	-0.31202,	-0.0263648,	-0.707106,	-0.311651,	-0.0219002,	0.0972771,	-0.799539,	-0.134716,	-0.0170943,	-0.00818881,	-0.868404,	-0.204909,	-0.0213985,	-0.0806353,	-0.868428,	-0.376062,	-0.0186753,	-0.360959,	-0.4186,	0.56958,	-0.08232,	14709,	-232,	-12,	-530,	14749,	142,	-23,	-149,	14729,	74,	-3,	-359,	
1,	7,	742344,	1.65255e+015,	0,	-4,	-16,	-15,	-3,	-4,	-2,	-1,	1.65255e+009,	-0.825899,	-0.516208,	-0.31202,	-0.0263648,	-0.707106,	-0.311651,	-0.0219002,	0.0972771,	-0.799539,	-0.134716,	-0.0170943,	-0.00818881,	-0.868404,	-0.204909,	-0.0213985,	-0.0806353,	-0.868428,	-0.376062,	-0.0186753,	-0.360959,	-0.4186,	0.56958,	-0.08232,	14719,	-232,	-12,	-531,	14759,	143,	-22,	-148,	14739,	74,	-3,	-360,	
1,	7,	742422,	1.65255e+015,	-1,	3,	-3,	5,	1,	1,	-3,	-5,	1.65255e+009,	-0.825899,	-0.516208,	-0.31202,	-0.0263648,	-0.707106,	-0.311651,	-0.0219002,	0.0972771,	-0.799539,	-0.134716,	-0.0170943,	-0.00818881,	-0.868404,	-0.204909,	-0.0213985,	-0.0806353,	-0.868428,	-0.376062,	-0.0186753,	-0.360959,	-0.4186,	0.56958,	-0.08232,	14729,	-233,	-12,	-530,	14769,	142,	-22,	-148,	14749,	74,	-3,	-360,	
1,	7,	742500,	1.65255e+015,	-3,	-1,	11,	19,	0,	-1,	-1,	-5,	1.65255e+009,	-0.825899,	-0.516208,	-0.31202,	-0.0263648,	-0.707106,	-0.311651,	-0.0219002,	0.0972771,	-0.799539,	-0.134716,	-0.0170943,	-0.00818881,	-0.868404,	-0.204909,	-0.0213985,	-0.0806353,	-0.868428,	-0.376062,	-0.0186753,	-0.360959,	-0.4186,	0.56958,	-0.08232,	14739,	-231,	-12,	-531,	14779,	143,	-22,	-148,	14759,	73,	-3,	-360,	
1,	7,	742579,	1.65255e+015,	0,	3,	-9,	-1,	1,	1,	-1,	-6,	1.65255e+009,	-0.825899,	-0.516208,	-0.31202,	-0.0263648,	-0.707106,	-0.311651,	-0.0219002,	0.0972771,	-0.799539,	-0.134716,	-0.0170943,	-0.00818881,	-0.868404,	-0.204909,	-0.0213985,	-0.0806353,	-0.868428,	-0.376062,	-0.0186753,	-0.360959,	-0.4186,	0.56958,	-0.08232,	14749,	-232,	-14,	-531,	14789,	142,	-22,	-149,	14769,	74,	-2,	-360,	
1,	7,	742657,	1.65255e+015,	-1,	-6,	-5,	-6,	-2,	-1,	0,	-3,	1.65255e+009,	-0.825899,	-0.516208,	-0.31202,	-0.0263648,	-0.707106,	-0.311651,	-0.0219002,	0.0972771,	-0.799539,	-0.134716,	-0.0170943,	-0.00818881,	-0.868404,	-0.204909,	-0.0213985,	-0.0806353,	-0.868428,	-0.376062,	-0.0186753,	-0.360959,	-0.4186,	0.56958,	-0.08232,	14759,	-232,	-13,	-531,	14799,	143,	-23,	-149,	14779,	74,	-3,	-360,	
1,	7,	742735,	1.65255e+015,	1,	3,	-2,	-1,	0,	-2,	-2,	0,	1.65255e+009,	-0.825899,	-0.516208,	-0.31202,	-0.0263648,	-0.707106,	-0.311651,	-0.0219002,	0.0972771,	-0.799539,	-0.134716,	-0.0170943,	-0.00818881,	-0.868404,	-0.204909,	-0.0213985,	-0.0806353,	-0.868428,	-0.376062,	-0.0186753,	-0.360959,	-0.4186,	0.56958,	-0.08232,	14769,	-233,	-13,	-531,	14809,	142,	-23,	-149,	14789,	75,	-2,	-360,	
1,	7,	742813,	1.65255e+015,	-1,	6,	-4,	0,	3,	0,	-4,	-11,	1.65255e+009,	-0.825899,	-0.516208,	-0.31202,	-0.0263648,	-0.707106,	-0.311651,	-0.0219002,	0.0972771,	-0.799539,	-0.134716,	-0.0170943,	-0.00818881,	-0.868404,	-0.204909,	-0.0213985,	-0.0806353,	-0.868428,	-0.376062,	-0.0186753,	-0.360959,	-0.4186,	0.56958,	-0.08232,	14779,	-233,	-12,	-531,	14819,	143,	-22,	-149,	14799,	74,	-2,	-360,	
1,	7,	742891,	1.65255e+015,	4,	7,	-4,	3,	-1,	0,	0,	11,	1.65255e+009,	-0.825899,	-0.516208,	-0.31202,	-0.0263648,	-0.707106,	-0.311651,	-0.0219002,	0.0972771,	-0.799539,	-0.134716,	-0.0170943,	-0.00818881,	-0.868404,	-0.204909,	-0.0213985,	-0.0806353,	-0.868428,	-0.376062,	-0.0186753,	-0.360959,	-0.4186,	0.56958,	-0.08232,	14789,	-232,	-13,	-531,	14829,	143,	-21,	-149,	14809,	75,	-3,	-361,	
1,	7,	742969,	1.65255e+015,	-3,	-8,	2,	-4,	-2,	1,	-1,	-2,	1.65255e+009,	-0.825899,	-0.516208,	-0.31202,	-0.0263648,	-0.707106,	-0.311651,	-0.0219002,	0.0972771,	-0.799539,	-0.134716,	-0.0170943,	-0.00818881,	-0.868404,	-0.204909,	-0.0213985,	-0.0806353,	-0.868428,	-0.376062,	-0.0186753,	-0.360959,	-0.4186,	0.56958,	-0.08232,	14799,	-232,	-13,	-531,	14839,	142,	-21,	-149,	14819,	75,	-2,	-361,	
1,	7,	743047,	1.65255e+015,	0,	1,	24,	2,	1,	1,	0,	-2,	1.65255e+009,	-0.825899,	-0.516208,	-0.31202,	-0.0263648,	-0.707106,	-0.311651,	-0.0219002,	0.0972771,	-0.799539,	-0.134716,	-0.0170943,	-0.00818881,	-0.868404,	-0.204909,	-0.0213985,	-0.0806353,	-0.868428,	-0.376062,	-0.0186753,	-0.360959,	-0.4186,	0.56958,	-0.08232,	14809,	-233,	-13,	-531,	14849,	142,	-21,	-149,	14829,	74,	-4,	-361,	
1,	7,	743125,	1.65255e+015,	-3,	-2,	-3,	-5,	-2,	-3,	1,	0,	1.65255e+009,	-0.825899,	-0.516208,	-0.31202,	-0.0263648,	-0.707106,	-0.311651,	-0.0219002,	0.0972771,	-0.799539,	-0.134716,	-0.0170943,	-0.00818881,	-0.868404,	-0.204909,	-0.0213985,	-0.0806353,	-0.868428,	-0.376062,	-0.0186753,	-0.360959,	-0.4186,	0.56958,	-0.08232,	14819,	-234,	-14,	-531,	14859,	142,	-22,	-149,	14839,	75,	-4,	-361,	
1,	7,	743204,	1.65255e+015,	-2,	0,	10,	4,	2,	2,	0,	-1,	1.65255e+009,	-0.825899,	-0.516208,	-0.31202,	-0.0263648,	-0.707106,	-0.311651,	-0.0219002,	0.0972771,	-0.799539,	-0.134716,	-0.0170943,	-0.00818881,	-0.868404,	-0.204909,	-0.0213985,	-0.0806353,	-0.868428,	-0.376062,	-0.0186753,	-0.360959,	-0.4186,	0.56958,	-0.08232,	14829,	-234,	-12,	-531,	14869,	142,	-21,	-149,	14849,	74,	-3,	-361,	
1,	7,	743282,	1.65255e+015,	-1,	-4,	0,	-5,	-2,	1,	-1,	2,	1.65255e+009,	-0.825899,	-0.516208,	-0.31202,	-0.0263648,	-0.707106,	-0.311651,	-0.0219002,	0.0972771,	-0.799539,	-0.134716,	-0.0170943,	-0.00818881,	-0.868404,	-0.204909,	-0.0213985,	-0.0806353,	-0.868428,	-0.376062,	-0.0186753,	-0.360959,	-0.4186,	0.56958,	-0.08232,	14839,	-233,	-12,	-531,	14879,	142,	-21,	-149,	14859,	74,	-2,	-361,	
1,	7,	743360,	1.65255e+015,	-2,	-1,	5,	1,	-3,	-2,	-1,	-1,	1.65255e+009,	-0.825899,	-0.516208,	-0.31202,	-0.0263648,	-0.707106,	-0.311651,	-0.0219002,	0.0972771,	-0.799539,	-0.134716,	-0.0170943,	-0.00818881,	-0.868404,	-0.204909,	-0.0213985,	-0.0806353,	-0.868428,	-0.376062,	-0.0186753,	-0.360959,	-0.4186,	0.56958,	-0.08232,	14849,	-233,	-11,	-532,	14889,	142,	-20,	-149,	14869,	75,	-2,	-361,	
1,	7,	743438,	1.65255e+015,	2,	4,	-5,	4,	1,	2,	1,	2,	1.65255e+009,	-0.825899,	-0.516208,	-0.31202,	-0.0263648,	-0.707106,	-0.311651,	-0.0219002,	0.0972771,	-0.799539,	-0.134716,	-0.0170943,	-0.00818881,	-0.868404,	-0.204909,	-0.0213985,	-0.0806353,	-0.868428,	-0.376062,	-0.0186753,	-0.360959,	-0.4186,	0.56958,	-0.08232,	14859,	-232,	-12,	-533,	14899,	142,	-21,	-149,	14879,	74,	-3,	-361,	
1,	7,	743516,	1.65255e+015,	-1,	-2,	0,	-3,	0,	0,	-1,	0,	1.65255e+009,	-0.825899,	-0.516208,	-0.31202,	-0.0263648,	-0.707106,	-0.311651,	-0.0219002,	0.0972771,	-0.799539,	-0.134716,	-0.0170943,	-0.00818881,	-0.868404,	-0.204909,	-0.0213985,	-0.0806353,	-0.868428,	-0.376062,	-0.0186753,	-0.360959,	-0.4186,	0.56958,	-0.08232,	14869,	-233,	-12,	-533,	14909,	142,	-22,	-149,	14889,	75,	-3,	-361,	
1,	7,	743594,	1.65255e+015,	0,	0,	9,	5,	2,	1,	-1,	-1,	1.65255e+009,	-0.825899,	-0.516208,	-0.31202,	-0.0263648,	-0.707106,	-0.311651,	-0.0219002,	0.0972771,	-0.799539,	-0.134716,	-0.0170943,	-0.00818881,	-0.868404,	-0.204909,	-0.0213985,	-0.0806353,	-0.868428,	-0.376062,	-0.0186753,	-0.360959,	-0.4186,	0.56958,	-0.08232,	14879,	-232,	-12,	-532,	14919,	143,	-21,	-149,	14899,	74,	-3,	-361,	
1,	7,	743672,	1.65255e+015,	2,	1,	-8,	2,	1,	0,	1,	0,	1.65255e+009,	-0.825899,	-0.516208,	-0.31202,	-0.0263648,	-0.707106,	-0.311651,	-0.0219002,	0.0972771,	-0.799539,	-0.134716,	-0.0170943,	-0.00818881,	-0.868404,	-0.204909,	-0.0213985,	-0.0806353,	-0.868428,	-0.376062,	-0.0186753,	-0.360959,	-0.4186,	0.56958,	-0.08232,	14889,	-233,	-12,	-532,	14929,	142,	-21,	-148,	14909,	75,	-3,	-361,	
1,	7,	743750,	1.65255e+015,	-1,	-6,	-28,	-10,	-3,	-5,	-4,	-27,	1.65255e+009,	-0.825899,	-0.516208,	-0.31202,	-0.0263648,	-0.707106,	-0.311651,	-0.0219002,	0.0972771,	-0.736459,	-0.134716,	-0.0170943,	-0.00818881,	-0.868404,	-0.204909,	-0.0213985,	-0.0806353,	-0.868428,	-0.376062,	-0.0186753,	-0.360959,	-0.4186,	0.56958,	-0.08232,	14899,	-233,	-11,	-532,	14939,	142,	-21,	-149,	14919,	74,	-3,	-360,	
2,	7,	743860,	1.65255e+015,	-1,	-1,	-5,	2,	-1,	-1,	-1,	-1,	1.65255e+009,	-0.825899,	-0.516208,	-0.31202,	-0.0263648,	-0.707106,	-0.311651,	-0.0219002,	0.0914104,	-0.736459,	-0.134716,	-0.0170943,	-0.0140555,	-0.868404,	-0.204909,	-0.0213985,	-0.062846,	-0.868428,	-0.376062,	-0.0186753,	-0.34317,	-0.4186,	0.56958,	-0.08232,	14909,	-233,	-11,	-532,	14949,	142,	-21,	-148,	14929,	75,	-4,	-361,	
2,	7,	743922,	1.65255e+015,	-2,	1,	4,	3,	-3,	-3,	-7,	-21,	1.65255e+009,	-0.825899,	-0.516208,	-0.31202,	-0.0263648,	-0.707106,	-0.311651,	-0.0219002,	0.0914104,	-0.736459,	-0.134716,	-0.0170943,	-0.0140555,	-0.868404,	-0.204909,	-0.0213985,	-0.062846,	-0.868428,	-0.376062,	-0.0186753,	-0.34317,	-0.4186,	0.56958,	-0.08232,	14919,	-232,	-10,	-533,	14959,	142,	-22,	-149,	14939,	75,	-3,	-361,	
2,	7,	744000,	1.65255e+015,	-7,	-4,	-16,	13,	-2,	-2,	1,	-3,	1.65255e+009,	-0.825899,	-0.516208,	-0.31202,	-0.0263648,	-0.707106,	-0.311651,	-0.0219002,	0.0914104,	-0.736459,	-0.134716,	-0.0170943,	-0.0140555,	-0.868404,	-0.293614,	-0.0223274,	-0.062846,	-0.868428,	-0.376062,	-0.0186753,	-0.34317,	-0.4186,	0.56958,	-0.08232,	14929,	-231,	-10,	-533,	14969,	143,	-21,	-148,	14949,	75,	-4,	-361,	
2,	7,	744063,	1.65255e+015,	-3,	1,	18,	-6,	-2,	-4,	-12,	-24,	1.65255e+009,	-0.825899,	-0.516208,	-0.31202,	-0.0263648,	-0.707106,	-0.311651,	-0.0219002,	0.0914104,	-0.736459,	-0.134716,	-0.0170943,	-0.0140555,	-0.868404,	-0.382319,	-0.0182206,	-0.062846,	-0.868428,	-0.376062,	-0.0186753,	-0.34317,	-0.4186,	0.56958,	-0.08232,	14939,	-230,	-11,	-534,	14979,	142,	-22,	-149,	14959,	75,	-3,	-361,	
2,	7,	744125,	1.65255e+015,	1,	0,	12,	1,	0,	0,	-2,	2,	1.65255e+009,	-0.825899,	-0.516208,	-0.31202,	-0.0263648,	-0.707106,	-0.311651,	-0.0219002,	0.0914104,	-0.736459,	-0.134716,	-0.0170943,	-0.0140555,	-0.868404,	-0.524247,	-0.00117488,	-0.062846,	-0.868428,	-0.376062,	-0.0186753,	-0.34317,	-0.4186,	0.56958,	-0.08232,	14949,	-231,	-10,	-533,	14989,	143,	-22,	-149,	14969,	74,	-3,	-361,	
2,	7,	744188,	1.65255e+015,	0,	3,	-5,	-5,	1,	-1,	3,	23,	1.65255e+009,	-0.825899,	-0.516208,	-0.31202,	-0.0263648,	-0.707106,	-0.311651,	-0.0219002,	0.0914104,	-0.736459,	-0.134716,	-0.0170943,	-0.0140555,	-0.868404,	-0.612952,	-0.0160253,	-0.062846,	-0.868428,	-0.376062,	-0.0186753,	-0.34317,	-0.4186,	0.56958,	-0.08232,	14959,	-232,	-10,	-533,	14999,	143,	-23,	-149,	14979,	75,	-4,	-361,	
2,	7,	744250,	1.65255e+015,	-9,	3,	36,	-21,	-6,	-3,	-1,	25,	1.65255e+009,	-0.825899,	-0.516208,	-0.31202,	-0.0263648,	-0.707106,	-0.311651,	-0.0219002,	0.084077,	-0.736459,	-0.134716,	-0.0170943,	-0.0213889,	-0.868404,	-0.843585,	-0.0843138,	-0.0406094,	-0.868428,	-0.376062,	-0.0186753,	-0.309105,	-0.4186,	0.56958,	-0.08232,	14969,	-231,	-9,	-532,	15009,	143,	-23,	-149,	14989,	74,	-3,	-361,	
2,	7,	744313,	1.65255e+015,	-11,	1,	-7,	-7,	-5,	-6,	-11,	-6,	1.65255e+009,	-0.825899,	-0.516208,	-0.31202,	-0.0263648,	-0.707106,	-0.311651,	-0.0219002,	0.084077,	-0.736459,	-0.134716,	-0.0170943,	-0.0213889,	-0.868404,	-1.12744,	-0.215094,	-0.0406094,	-0.780708,	-0.376062,	-0.0186753,	-0.309105,	-0.4186,	0.56958,	-0.08232,	14979,	-232,	-9,	-532,	15019,	143,	-23,	-149,	14999,	75,	-4,	-361,	
2,	7,	744375,	1.65255e+015,	6,	7,	-7,	7,	2,	1,	6,	19,	1.65255e+009,	-0.825899,	-0.516208,	-0.31202,	-0.0263648,	-0.707106,	-0.311651,	-0.0219002,	0.084077,	-0.736459,	-0.134716,	-0.0170943,	-0.0213889,	-0.868404,	-1.32259,	-0.334919,	-0.0406094,	-0.780708,	-0.376062,	-0.0186753,	-0.309105,	-0.4186,	0.56958,	-0.08232,	14989,	-230,	-8,	-533,	15029,	143,	-23,	-149,	15009,	75,	-3,	-360,	
2,	7,	744438,	1.65255e+015,	5,	2,	-17,	-5,	2,	1,	4,	30,	1.65255e+009,	-0.825899,	-0.516208,	-0.31202,	-0.0263648,	-0.707106,	-0.311651,	-0.0219002,	0.084077,	-0.736459,	-0.134716,	-0.0170943,	-0.0213889,	-0.868404,	-1.32259,	-0.334919,	-0.0406094,	-0.780708,	-0.376062,	-0.0186753,	-0.309105,	-0.455,	0.56958,	-0.06664,	14999,	-230,	-9,	-532,	15039,	144,	-22,	-148,	15019,	74,	-4,	-361,	
2,	7,	744516,	1.65255e+015,	-8,	-6,	-8,	-9,	-1,	-3,	-9,	-29,	1.65255e+009,	-0.825899,	-0.516208,	-0.31202,	-0.0263648,	-0.707106,	-0.311651,	-0.0219002,	0.084077,	-0.736459,	-0.134716,	-0.0170943,	-0.0213889,	-0.868404,	-1.51774,	-0.479117,	-0.0406094,	-0.780708,	-0.376062,	-0.0186753,	-0.309105,	-0.455,	0.56958,	-0.06664,	15009,	-231,	-10,	-531,	15049,	143,	-22,	-148,	15029,	75,	-4,	-361,	
2,	7,	744579,	1.65255e+015,	2,	10,	14,	11,	0,	1,	4,	34,	1.65255e+009,	-0.825899,	-0.516208,	-0.31202,	-0.0263648,	-0.707106,	-0.311651,	-0.0219002,	0.0782104,	-0.736459,	-0.134716,	-0.0170943,	-0.0272555,	-0.868404,	-1.58871,	-0.537596,	-0.02282,	-0.780708,	-0.376062,	-0.0186753,	-0.291316,	-0.455,	0.56958,	-0.06664,	15019,	-232,	-8,	-531,	15059,	144,	-22,	-148,	15039,	75,	-4,	-361,	
2,	7,	744657,	1.65255e+015,	-1,	-3,	-20,	9,	-1,	0,	-4,	-20,	1.65255e+009,	-0.825899,	-0.516208,	-0.31202,	-0.0263648,	-0.707106,	-0.311651,	-0.0219002,	0.0782104,	-0.736459,	-0.134716,	-0.0170943,	-0.0272555,	-0.868404,	-1.58871,	-0.537596,	-0.02282,	-0.780708,	-0.376062,	-0.0186753,	-0.291316,	-0.5005,	0.56958,	-0.06664,	15029,	-231,	-9,	-532,	15069,	143,	-22,	-149,	15049,	74,	-5,	-361,	
2,	7,	744719,	1.65255e+015,	0,	4,	-13,	-17,	-3,	-1,	-1,	-5,	1.65255e+009,	-0.825899,	-0.516208,	-0.31202,	-0.0263648,	-0.707106,	-0.311651,	-0.0219002,	0.0782104,	-0.736459,	-0.134716,	-0.0170943,	-0.0272555,	-0.868404,	-1.67741,	-0.615227,	-0.02282,	-0.780708,	-0.376062,	-0.0186753,	-0.291316,	-0.5187,	0.56958,	-0.06664,	15039,	-230,	-8,	-531,	15079,	144,	-22,	-149,	15059,	75,	-4,	-361,	
2,	7,	744797,	1.65255e+015,	-13,	-9,	-30,	-16,	-4,	-3,	-19,	-71,	1.65255e+009,	-0.825899,	-0.516208,	-0.31202,	-0.0263648,	-0.707106,	-0.311651,	-0.0219002,	0.0782104,	-0.736459,	-0.134716,	-0.0170943,	-0.0272555,	-0.868404,	-1.67741,	-0.615227,	-0.02282,	-0.780708,	-0.376062,	-0.0186753,	-0.291316,	-0.5187,	0.56958,	-0.06664,	15049,	-230,	-9,	-532,	15089,	144,	-21,	-149,	15069,	75,	-5,	-361,	
2,	7,	744875,	1.65255e+015,	-2,	2,	-6,	3,	0,	-1,	-5,	-13,	1.65255e+009,	-0.825899,	-0.516208,	-0.31202,	-0.0263648,	-0.707106,	-0.311651,	-0.0219002,	0.0782104,	-0.736459,	-0.134716,	-0.0170943,	-0.0272555,	-0.868404,	-1.74838,	-0.680958,	-0.02282,	-0.780708,	-0.376062,	-0.0186753,	-0.291316,	-0.5187,	0.56958,	-0.06664,	15059,	-231,	-9,	-531,	15099,	143,	-21,	-149,	15079,	75,	-5,	-362,	
2,	7,	744954,	1.65255e+015,	-2,	3,	8,	-3,	1,	1,	-5,	-23,	1.65255e+009,	-0.825899,	-0.516208,	-0.31202,	-0.0263648,	-0.707106,	-0.311651,	-0.0219002,	0.0782104,	-0.736459,	-0.134716,	-0.0170943,	-0.0272555,	-0.868404,	-1.74838,	-0.680958,	-0.02282,	-0.780708,	-0.376062,	-0.0186753,	-0.291316,	-0.5187,	0.56958,	-0.06664,	15069,	-231,	-8,	-532,	15109,	144,	-21,	-149,	15089,	74,	-5,	-362,	
2,	7,	745032,	1.65255e+015,	0,	-5,	-5,	-12,	0,	-1,	-2,	27,	1.65255e+009,	-0.825899,	-0.516208,	-0.31202,	-0.0263648,	-0.707106,	-0.311651,	-0.0219002,	0.0782104,	-0.736459,	-0.134716,	-0.0170943,	-0.0272555,	-0.868404,	-1.74838,	-0.680958,	-0.02282,	-0.780708,	-0.376062,	-0.0186753,	-0.291316,	-0.5551,	0.56958,	-0.06664,	15079,	-231,	-9,	-532,	15119,	143,	-21,	-149,	15099,	75,	-4,	-361,	
2,	7,	745110,	1.65255e+015,	2,	6,	-1,	-5,	0,	0,	3,	18,	1.65255e+009,	-0.825899,	-0.516208,	-0.31202,	-0.0263648,	-0.707106,	-0.311651,	-0.0219002,	0.0782104,	-0.736459,	-0.134716,	-0.0170943,	-0.0272555,	-0.868404,	-1.74838,	-0.680958,	-0.02282,	-0.780708,	-0.376062,	-0.0186753,	-0.291316,	-0.5551,	0.56958,	-0.06664,	15089,	-229,	-7,	-533,	15129,	143,	-23,	-149,	15109,	74,	-5,	-361,	
2,	7,	745188,	1.65255e+015,	5,	6,	-8,	2,	2,	1,	-1,	-39,	1.65255e+009,	-0.825899,	-0.516208,	-0.31202,	-0.0263648,	-0.707106,	-0.311651,	-0.0219002,	0.0723437,	-0.736459,	-0.134716,	-0.0170943,	-0.0331222,	-0.868404,	-1.74838,	-0.680958,	-0.00503074,	-0.780708,	-0.376062,	-0.0186753,	-0.273526,	-0.5551,	0.56958,	-0.06664,	15099,	-229,	-9,	-534,	15139,	143,	-22,	-149,	15119,	74,	-4,	-361,	
2,	7,	745266,	1.65255e+015,	-2,	6,	5,	-5,	-2,	-3,	-4,	6,	1.65255e+009,	-0.825899,	-0.516208,	-0.31202,	-0.0263648,	-0.707106,	-0.311651,	-0.0219002,	0.0723437,	-0.736459,	-0.134716,	-0.0170943,	-0.0331222,	-0.868404,	-1.74838,	-0.680958,	-0.00503074,	-0.780708,	-0.376062,	-0.0186753,	-0.273526,	-0.5551,	0.56958,	-0.06664,	15109,	-228,	-8,	-534,	15149,	144,	-23,	-149,	15129,	74,	-4,	-361,	
2,	7,	745344,	1.65255e+015,	0,	-4,	-11,	-1,	-2,	0,	2,	15,	1.65255e+009,	-0.825899,	-0.516208,	-0.31202,	-0.0263648,	-0.707106,	-0.311651,	-0.0219002,	0.0723437,	-0.736459,	-0.134716,	-0.0170943,	-0.0331222,	-0.955136,	-1.74838,	-0.680958,	-0.00503074,	-0.780708,	-0.376062,	-0.0186753,	-0.273526,	-0.5915,	0.56958,	-0.06664,	15119,	-229,	-9,	-534,	15159,	145,	-23,	-149,	15139,	74,	-4,	-361,	
2,	7,	745422,	1.65255e+015,	3,	0,	-27,	-19,	1,	1,	5,	51,	1.65255e+009,	-0.825899,	-0.516208,	-0.31202,	-0.0263648,	-0.707106,	-0.311651,	-0.0219002,	0.0723437,	-0.736459,	-0.134716,	-0.0170943,	-0.0331222,	-0.955136,	-1.74838,	-0.680958,	-0.00503074,	-0.780708,	-0.376062,	-0.0186753,	-0.273526,	-0.5915,	0.56958,	-0.06664,	15129,	-229,	-8,	-535,	15169,	145,	-22,	-149,	15149,	74,	-3,	-361,	
2,	7,	745500,	1.65255e+015,	-4,	-5,	10,	-9,	1,	-1,	-5,	5,	1.65255e+009,	-0.825899,	-0.516208,	-0.31202,	-0.0263648,	-0.707106,	-0.311651,	-0.0219002,	0.0723437,	-0.736459,	-0.134716,	-0.0170943,	-0.0331222,	-0.955136,	-1.81934,	-0.749911,	-0.00503074,	-0.780708,	-0.376062,	-0.0186753,	-0.273526,	-0.5915,	0.56958,	-0.06664,	15139,	-228,	-8,	-535,	15179,	145,	-23,	-149,	15159,	75,	-4,	-361,	
2,	7,	745579,	1.65255e+015,	1,	1,	2,	-9,	0,	-1,	-2,	7,	1.65255e+009,	-0.825899,	-0.516208,	-0.31202,	-0.0263648,	-0.707106,	-0.311651,	-0.0219002,	0.0723437,	-0.736459,	-0.134716,	-0.0170943,	-0.0331222,	-0.955136,	-1.81934,	-0.749911,	-0.00503074,	-0.780708,	-0.376062,	-0.0186753,	-0.273526,	-0.5915,	0.56958,	-0.06664,	15149,	-229,	-7,	-535,	15189,	143,	-23,	-149,	15169,	74,	-4,	-361,	
2,	7,	745657,	1.65255e+015,	-3,	2,	-11,	-7,	-1,	-1,	-1,	-13,	1.65255e+009,	-0.825899,	-0.516208,	-0.31202,	-0.0263648,	-0.707106,	-0.311651,	-0.0219002,	0.0723437,	-0.736459,	-0.134716,	-0.0170943,	-0.0331222,	-0.955136,	-1.81934,	-0.749911,	-0.00503074,	-0.780708,	-0.376062,	-0.0186753,	-0.273526,	-0.5915,	0.56958,	-0.06664,	15159,	-228,	-7,	-534,	15199,	144,	-23,	-149,	15179,	74,	-4,	-361,	
2,	7,	745735,	1.65255e+015,	-2,	-1,	-9,	2,	-1,	-1,	-3,	-37,	1.65255e+009,	-0.825899,	-0.516208,	-0.31202,	-0.0263648,	-0.707106,	-0.311651,	-0.0219002,	0.0723437,	-0.736459,	-0.134716,	-0.0170943,	-0.0331222,	-0.955136,	-1.81934,	-0.749911,	-0.00503074,	-0.780708,	-0.376062,	-0.0186753,	-0.273526,	-0.5915,	0.56958,	-0.06664,	15169,	-228,	-7,	-534,	15209,	145,	-23,	-149,	15189,	74,	-5,	-361,	
2,	7,	745813,	1.65255e+015,	1,	6,	28,	3,	0,	1,	1,	2,	1.65255e+009,	-0.825899,	-0.516208,	-0.31202,	-0.0263648,	-0.707106,	-0.311651,	-0.0219002,	0.0723437,	-0.736459,	-0.134716,	-0.0170943,	-0.0331222,	-0.955136,	-1.81934,	-0.749911,	-0.00503074,	-0.780708,	-0.376062,	-0.0186753,	-0.273526,	-0.5915,	0.56958,	-0.06664,	15179,	-228,	-9,	-534,	15219,	145,	-23,	-149,	15199,	75,	-4,	-361,	
2,	7,	745891,	1.65255e+015,	0,	3,	31,	-6,	-2,	-1,	0,	0,	1.65255e+009,	-0.825899,	-0.516208,	-0.31202,	-0.0263648,	-0.707106,	-0.311651,	-0.0219002,	0.0723437,	-0.673379,	-0.214548,	-0.0217433,	-0.0331222,	-0.955136,	-1.34033,	-0.347021,	-0.00503074,	-0.780708,	-0.376062,	-0.0186753,	-0.273526,	-0.4914,	0.56958,	-0.06664,	15189,	-229,	-8,	-534,	15229,	145,	-22,	-149,	15209,	74,	-5,	-361,	
2,	7,	745969,	1.65255e+015,	1,	4,	-13,	-2,	-4,	-3,	-2,	-3,	1.65255e+009,	-0.825899,	-0.516208,	-0.31202,	-0.0263648,	-0.707106,	-0.311651,	-0.0219002,	0.079677,	-0.673379,	-0.214548,	-0.0217433,	-0.0257889,	-0.846721,	-0.666175,	-0.0287627,	-0.0272674,	-0.780708,	-0.376062,	-0.0186753,	-0.295763,	-0.455,	0.56958,	-0.06664,	15199,	-229,	-7,	-533,	15239,	144,	-23,	-150,	15219,	75,	-4,	-361,	
2,	7,	746047,	1.65255e+015,	-1,	-4,	-50,	-2,	-2,	-3,	-1,	-1,	1.65255e+009,	-0.825899,	-0.516208,	-0.31202,	-0.0263648,	-0.707106,	-0.311651,	-0.0219002,	0.0855437,	-0.673379,	-0.214548,	-0.0217433,	-0.0199222,	-0.759989,	-0.40006,	-0.0167949,	-0.0450567,	-0.780708,	-0.376062,	-0.0186753,	-0.313552,	-0.455,	0.56958,	-0.06664,	15209,	-229,	-7,	-534,	15249,	145,	-23,	-149,	15229,	74,	-5,	-361,	
2,	7,	746125,	1.65255e+015,	0,	0,	-17,	-3,	-3,	-3,	0,	0,	1.65255e+009,	-0.825899,	-0.516208,	-0.31202,	-0.0263648,	-0.707106,	-0.311651,	-0.0219002,	0.0928771,	-0.673379,	-0.214548,	-0.0217433,	-0.0125888,	-0.759989,	-0.311355,	-0.0219089,	-0.0672933,	-0.692988,	-0.376062,	-0.0186753,	-0.335789,	-0.455,	0.56958,	-0.06664,	15219,	-229,	-8,	-534,	15259,	144,	-24,	-149,	15239,	75,	-5,	-362,	
2,	7,	746204,	1.65255e+015,	1,	-2,	2,	-4,	0,	-2,	-2,	-1,	1.65255e+009,	-0.825899,	-0.516208,	-0.31202,	-0.0263648,	-0.707106,	-0.311651,	-0.0219002,	0.0928771,	-0.673379,	-0.214548,	-0.0217433,	-0.0125888,	-0.759989,	-0.311355,	-0.0219089,	-0.0672933,	-0.692988,	-0.376062,	-0.0186753,	-0.335789,	-0.455,	0.56958,	-0.06664,	15229,	-228,	-8,	-534,	15269,	144,	-23,	-149,	15249,	74,	-5,	-361,	
2,	7,	746282,	1.65255e+015,	-1,	-2,	0,	1,	1,	3,	2,	0,	1.65255e+009,	-0.825899,	-0.516208,	-0.31202,	-0.0263648,	-0.707106,	-0.311651,	-0.0219002,	0.0928771,	-0.673379,	-0.214548,	-0.0217433,	-0.0125888,	-0.759989,	-0.311355,	-0.0219089,	-0.0672933,	-0.692988,	-0.376062,	-0.0186753,	-0.335789,	-0.455,	0.56958,	-0.06664,	15239,	-227,	-8,	-534,	15279,	145,	-23,	-149,	15259,	74,	-6,	-361,	
2,	7,	746360,	1.65255e+015,	0,	-2,	14,	2,	1,	2,	0,	-1,	1.65255e+009,	-0.825899,	-0.516208,	-0.31202,	-0.0263648,	-0.707106,	-0.311651,	-0.0219002,	0.0928771,	-0.673379,	-0.214548,	-0.0217433,	-0.0125888,	-0.759989,	-0.311355,	-0.0219089,	-0.0672933,	-0.692988,	-0.376062,	-0.0186753,	-0.335789,	-0.455,	0.56958,	-0.06664,	15249,	-228,	-8,	-533,	15289,	145,	-23,	-149,	15269,	75,	-4,	-361,	
2,	7,	746438,	1.65255e+015,	-3,	-10,	-1,	8,	1,	1,	0,	0,	1.65255e+009,	-0.825899,	-0.516208,	-0.31202,	-0.0263648,	-0.707106,	-0.311651,	-0.0219002,	0.0928771,	-0.673379,	-0.214548,	-0.0217433,	-0.0125888,	-0.759989,	-0.311355,	-0.0219089,	-0.0672933,	-0.692988,	-0.376062,	-0.0186753,	-0.335789,	-0.455,	0.56958,	-0.06664,	15259,	-229,	-9,	-533,	15299,	145,	-22,	-149,	15279,	74,	-5,	-361,	
2,	7,	746516,	1.65255e+015,	-1,	-1,	15,	8,	0,	-2,	-1,	-1,	1.65255e+009,	-0.825899,	-0.516208,	-0.31202,	-0.0263648,	-0.707106,	-0.311651,	-0.0219002,	0.0928771,	-0.673379,	-0.214548,	-0.0217433,	-0.0125888,	-0.759989,	-0.311355,	-0.0219089,	-0.0672933,	-0.692988,	-0.376062,	-0.0186753,	-0.335789,	-0.455,	0.56958,	-0.06664,	15269,	-228,	-9,	-533,	15309,	143,	-23,	-149,	15289,	75,	-4,	-361,	
2,	7,	746594,	1.65255e+015,	1,	4,	-3,	4,	2,	-1,	0,	-1,	1.65255e+009,	-0.825899,	-0.516208,	-0.31202,	-0.0263648,	-0.707106,	-0.311651,	-0.0219002,	0.0928771,	-0.673379,	-0.214548,	-0.0217433,	-0.0125888,	-0.759989,	-0.311355,	-0.0219089,	-0.0672933,	-0.692988,	-0.376062,	-0.0186753,	-0.335789,	-0.455,	0.56958,	-0.06664,	15279,	-229,	-9,	-533,	15319,	144,	-23,	-149,	15299,	74,	-5,	-361,	
2,	7,	746672,	1.65255e+015,	2,	1,	-8,	-3,	2,	2,	0,	1,	1.65255e+009,	-0.825899,	-0.516208,	-0.31202,	-0.0263648,	-0.707106,	-0.311651,	-0.0219002,	0.0928771,	-0.673379,	-0.214548,	-0.0217433,	-0.0125888,	-0.759989,	-0.311355,	-0.0219089,	-0.0672933,	-0.692988,	-0.376062,	-0.0186753,	-0.335789,	-0.455,	0.56958,	-0.06664,	15289,	-229,	-10,	-533,	15329,	144,	-23,	-148,	15309,	74,	-4,	-361,	
2,	7,	746750,	1.65255e+015,	-2,	-2,	-16,	1,	-3,	-2,	-1,	-3,	1.65255e+009,	-0.825899,	-0.516208,	-0.31202,	-0.0263648,	-0.707106,	-0.311651,	-0.0219002,	0.0928771,	-0.673379,	-0.214548,	-0.0217433,	-0.0125888,	-0.759989,	-0.311355,	-0.0219089,	-0.0672933,	-0.692988,	-0.376062,	-0.0186753,	-0.335789,	-0.455,	0.56958,	-0.06664,	15299,	-229,	-9,	-532,	15339,	144,	-23,	-148,	15319,	73,	-4,	-361,	
2,	7,	746829,	1.65255e+015,	0,	5,	-21,	-2,	-2,	-2,	0,	0,	1.65255e+009,	-0.825899,	-0.516208,	-0.31202,	-0.0263648,	-0.707106,	-0.311651,	-0.0219002,	0.0928771,	-0.673379,	-0.214548,	-0.0217433,	-0.0125888,	-0.759989,	-0.311355,	-0.0219089,	-0.0672933,	-0.692988,	-0.376062,	-0.0186753,	-0.335789,	-0.455,	0.56958,	-0.06664,	15309,	-229,	-10,	-533,	15349,	144,	-22,	-148,	15329,	73,	-4,	-361,	
2,	7,	746907,	1.65255e+015,	-2,	-3,	-12,	4,	-2,	0,	-1,	1,	1.65255e+009,	-0.825899,	-0.516208,	-0.31202,	-0.0263648,	-0.707106,	-0.311651,	-0.0219002,	0.0928771,	-0.673379,	-0.214548,	-0.0217433,	-0.0125888,	-0.759989,	-0.311355,	-0.0219089,	-0.0672933,	-0.692988,	-0.376062,	-0.0186753,	-0.335789,	-0.455,	0.56958,	-0.06664,	15319,	-229,	-11,	-533,	15359,	143,	-23,	-148,	15339,	74,	-5,	-360,	
2,	7,	746985,	1.65255e+015,	0,	-2,	3,	-3,	0,	0,	1,	-3,	1.65255e+009,	-0.825899,	-0.516208,	-0.31202,	-0.0263648,	-0.707106,	-0.311651,	-0.0219002,	0.0928771,	-0.673379,	-0.214548,	-0.0217433,	-0.0125888,	-0.759989,	-0.311355,	-0.0219089,	-0.0672933,	-0.692988,	-0.376062,	-0.0186753,	-0.335789,	-0.455,	0.56958,	-0.06664,	15329,	-230,	-10,	-533,	15369,	144,	-22,	-148,	15349,	74,	-5,	-360,	
2,	7,	747063,	1.65255e+015,	-2,	-5,	-29,	-23,	-5,	-3,	-1,	-1,	1.65255e+009,	-0.825899,	-0.516208,	-0.31202,	-0.0263648,	-0.707106,	-0.311651,	-0.0219002,	0.0928771,	-0.673379,	-0.214548,	-0.0217433,	-0.0125888,	-0.759989,	-0.311355,	-0.0219089,	-0.0672933,	-0.692988,	-0.376062,	-0.0186753,	-0.335789,	-0.455,	0.56958,	-0.06664,	15339,	-229,	-10,	-533,	15379,	145,	-22,	-148,	15359,	75,	-4,	-361,	
2,	7,	747141,	1.65255e+015,	0,	1,	18,	-7,	-3,	0,	-2,	0,	1.65255e+009,	-0.825899,	-0.516208,	-0.31202,	-0.0263648,	-0.707106,	-0.311651,	-0.0219002,	0.0928771,	-0.673379,	-0.214548,	-0.0217433,	-0.0125888,	-0.759989,	-0.311355,	-0.0219089,	-0.0672933,	-0.692988,	-0.376062,	-0.0186753,	-0.335789,	-0.455,	0.56958,	-0.06664,	15349,	-229,	-10,	-533,	15389,	144,	-23,	-148,	15369,	75,	-4,	-361,	
2,	7,	747235,	1.65255e+015,	-1,	4,	17,	-5,	-3,	-1,	1,	0,	1.65255e+009,	-0.825899,	-0.516208,	-0.31202,	-0.0263648,	-0.707106,	-0.311651,	-0.0219002,	0.0928771,	-0.673379,	-0.214548,	-0.0217433,	-0.0125888,	-0.759989,	-0.311355,	-0.0219089,	-0.0672933,	-0.692988,	-0.376062,	-0.0186753,	-0.335789,	-0.455,	0.56958,	-0.06664,	15359,	-230,	-9,	-534,	15399,	144,	-23,	-148,	15379,	75,	-5,	-361,	
2,	7,	747313,	1.65255e+015,	-3,	-1,	-2,	0,	-3,	-2,	-3,	-2,	1.65255e+009,	-0.825899,	-0.516208,	-0.31202,	-0.0263648,	-0.707106,	-0.311651,	-0.0219002,	0.0928771,	-0.673379,	-0.214548,	-0.0217433,	-0.0125888,	-0.759989,	-0.311355,	-0.0219089,	-0.0672933,	-0.692988,	-0.376062,	-0.0186753,	-0.335789,	-0.455,	0.56958,	-0.06664,	15369,	-228,	-9,	-534,	15409,	144,	-23,	-149,	15389,	74,	-4,	-361,	
2,	7,	747391,	1.65255e+015,	-2,	-2,	-22,	-7,	-2,	-3,	-1,	0,	1.65255e+009,	-0.825899,	-0.516208,	-0.31202,	-0.0263648,	-0.707106,	-0.311651,	-0.0219002,	0.0928771,	-0.673379,	-0.214548,	-0.0217433,	-0.0125888,	-0.759989,	-0.311355,	-0.0219089,	-0.0672933,	-0.692988,	-0.376062,	-0.0186753,	-0.335789,	-0.455,	0.56958,	-0.06664,	15379,	-230,	-10,	-534,	15419,	144,	-22,	-149,	15399,	75,	-4,	-360,	
2,	7,	747469,	1.65255e+015,	-1,	-1,	10,	2,	-2,	-2,	1,	0,	1.65255e+009,	-0.825899,	-0.516208,	-0.31202,	-0.0263648,	-0.707106,	-0.311651,	-0.0219002,	0.0928771,	-0.673379,	-0.214548,	-0.0217433,	-0.0125888,	-0.759989,	-0.311355,	-0.0219089,	-0.0672933,	-0.692988,	-0.376062,	-0.0186753,	-0.335789,	-0.455,	0.56958,	-0.06664,	15389,	-229,	-10,	-533,	15429,	143,	-22,	-149,	15409,	74,	-5,	-360,	
2,	7,	747547,	1.65255e+015,	-2,	0,	23,	6,	-1,	0,	0,	1,	1.65255e+009,	-0.825899,	-0.516208,	-0.31202,	-0.0263648,	-0.707106,	-0.311651,	-0.0219002,	0.0928771,	-0.673379,	-0.214548,	-0.0217433,	-0.0125888,	-0.759989,	-0.311355,	-0.0219089,	-0.0672933,	-0.692988,	-0.376062,	-0.0186753,	-0.335789,	-0.455,	0.56958,	-0.06664,	15399,	-229,	-10,	-533,	15439,	145,	-22,	-148,	15419,	74,	-5,	-360,	
2,	7,	747625,	1.65255e+015,	0,	2,	2,	2,	-2,	0,	0,	0,	1.65255e+009,	-0.825899,	-0.516208,	-0.31202,	-0.0263648,	-0.707106,	-0.311651,	-0.0219002,	0.0928771,	-0.673379,	-0.214548,	-0.0217433,	-0.0125888,	-0.759989,	-0.311355,	-0.0219089,	-0.0672933,	-0.692988,	-0.376062,	-0.0186753,	-0.335789,	-0.455,	0.56958,	-0.06664,	15409,	-230,	-10,	-533,	15449,	145,	-22,	-149,	15429,	75,	-4,	-360,	
2,	7,	747704,	1.65255e+015,	-1,	-1,	10,	5,	1,	1,	0,	-1,	1.65255e+009,	-0.825899,	-0.516208,	-0.31202,	-0.0263648,	-0.707106,	-0.311651,	-0.0219002,	0.0928771,	-0.673379,	-0.214548,	-0.0217433,	-0.0125888,	-0.759989,	-0.311355,	-0.0219089,	-0.0672933,	-0.692988,	-0.376062,	-0.0186753,	-0.335789,	-0.455,	0.56958,	-0.06664,	15419,	-228,	-9,	-534,	15459,	144,	-22,	-149,	15439,	74,	-5,	-361,	
2,	7,	747782,	1.65255e+015,	0,	1,	-8,	-7,	0,	-1,	-1,	-1,	1.65255e+009,	-0.825899,	-0.516208,	-0.31202,	-0.0263648,	-0.707106,	-0.311651,	-0.0219002,	0.0928771,	-0.673379,	-0.214548,	-0.0217433,	-0.0125888,	-0.759989,	-0.311355,	-0.0219089,	-0.0672933,	-0.692988,	-0.376062,	-0.0186753,	-0.335789,	-0.455,	0.56958,	-0.06664,	15429,	-229,	-10,	-534,	15469,	144,	-23,	-149,	15449,	74,	-4,	-360,	
2,	7,	747860,	1.65255e+015,	-1,	-8,	-17,	-9,	0,	0,	-1,	0,	1.65255e+009,	-0.825899,	-0.516208,	-0.31202,	-0.0263648,	-0.707106,	-0.311651,	-0.0219002,	0.0928771,	-0.673379,	-0.214548,	-0.0217433,	-0.0125888,	-0.759989,	-0.311355,	-0.0219089,	-0.0672933,	-0.692988,	-0.376062,	-0.0186753,	-0.335789,	-0.455,	0.56958,	-0.06664,	15439,	-229,	-10,	-533,	15479,	143,	-23,	-149,	15459,	74,	-5,	-361,	
2,	7,	747954,	1.65255e+015,	-1,	-2,	-8,	-2,	-2,	-1,	0,	1,	1.65255e+009,	-0.825899,	-0.516208,	-0.31202,	-0.0263648,	-0.707106,	-0.311651,	-0.0219002,	0.0928771,	-0.673379,	-0.214548,	-0.0217433,	-0.0125888,	-0.759989,	-0.311355,	-0.0219089,	-0.0672933,	-0.692988,	-0.376062,	-0.0186753,	-0.335789,	-0.455,	0.56958,	-0.06664,	15449,	-230,	-10,	-533,	15489,	145,	-21,	-149,	15469,	74,	-5,	-360,	
2,	7,	748032,	1.65255e+015,	0,	6,	-3,	0,	1,	-2,	-1,	0,	1.65255e+009,	-0.825899,	-0.516208,	-0.31202,	-0.0263648,	-0.707106,	-0.311651,	-0.0219002,	0.0928771,	-0.673379,	-0.214548,	-0.0217433,	-0.0125888,	-0.759989,	-0.311355,	-0.0219089,	-0.0672933,	-0.692988,	-0.376062,	-0.0186753,	-0.335789,	-0.455,	0.56958,	-0.06664,	15459,	-229,	-9,	-533,	15499,	145,	-22,	-149,	15479,	74,	-4,	-360,	
2,	7,	748110,	1.65255e+015,	-2,	-4,	16,	-3,	0,	-2,	-1,	2,	1.65255e+009,	-0.825899,	-0.516208,	-0.31202,	-0.0263648,	-0.707106,	-0.311651,	-0.0219002,	0.0928771,	-0.673379,	-0.214548,	-0.0217433,	-0.0125888,	-0.759989,	-0.311355,	-0.0219089,	-0.0672933,	-0.692988,	-0.376062,	-0.0186753,	-0.335789,	-0.455,	0.56958,	-0.06664,	15469,	-229,	-9,	-533,	15509,	145,	-22,	-148,	15489,	75,	-5,	-360,	
2,	7,	748188,	1.65255e+015,	-1,	-1,	-24,	4,	-3,	0,	0,	-1,	1.65255e+009,	-0.825899,	-0.516208,	-0.31202,	-0.0263648,	-0.707106,	-0.311651,	-0.0219002,	0.0928771,	-0.673379,	-0.214548,	-0.0217433,	-0.0125888,	-0.759989,	-0.311355,	-0.0219089,	-0.0672933,	-0.692988,	-0.376062,	-0.0186753,	-0.335789,	-0.455,	0.56958,	-0.06664,	15479,	-230,	-10,	-534,	15519,	146,	-23,	-148,	15499,	75,	-5,	-360,	
2,	7,	748266,	1.65255e+015,	-1,	0,	12,	-9,	0,	0,	-2,	-2,	1.65255e+009,	-0.825899,	-0.516208,	-0.31202,	-0.0263648,	-0.707106,	-0.311651,	-0.0219002,	0.0928771,	-0.673379,	-0.214548,	-0.0217433,	-0.0125888,	-0.759989,	-0.311355,	-0.0219089,	-0.0672933,	-0.692988,	-0.376062,	-0.0186753,	-0.335789,	-0.455,	0.56958,	-0.06664,	15489,	-229,	-9,	-534,	15529,	146,	-23,	-148,	15509,	74,	-4,	-359,	
2,	7,	748344,	1.65255e+015,	-2,	2,	-3,	3,	-1,	-2,	-1,	0,	1.65255e+009,	-0.825899,	-0.516208,	-0.31202,	-0.0263648,	-0.707106,	-0.311651,	-0.0219002,	0.0928771,	-0.673379,	-0.214548,	-0.0217433,	-0.0125888,	-0.759989,	-0.311355,	-0.0219089,	-0.0672933,	-0.692988,	-0.376062,	-0.0186753,	-0.335789,	-0.455,	0.56958,	-0.06664,	15499,	-228,	-9,	-533,	15539,	146,	-23,	-148,	15519,	75,	-4,	-359,	
2,	7,	748422,	1.65255e+015,	-1,	3,	-6,	-7,	-2,	-2,	0,	0,	1.65255e+009,	-0.825899,	-0.516208,	-0.31202,	-0.0263648,	-0.707106,	-0.311651,	-0.0219002,	0.0928771,	-0.673379,	-0.214548,	-0.0217433,	-0.0125888,	-0.759989,	-0.311355,	-0.0219089,	-0.0672933,	-0.692988,	-0.376062,	-0.0186753,	-0.335789,	-0.455,	0.56958,	-0.06664,	15509,	-229,	-9,	-532,	15549,	144,	-23,	-147,	15529,	74,	-4,	-359,	
2,	7,	748500,	1.65255e+015,	1,	3,	17,	3,	1,	0,	1,	-1,	1.65255e+009,	-0.825899,	-0.516208,	-0.31202,	-0.0263648,	-0.707106,	-0.311651,	-0.0219002,	0.0928771,	-0.673379,	-0.214548,	-0.0217433,	-0.0125888,	-0.759989,	-0.311355,	-0.0219089,	-0.0672933,	-0.692988,	-0.376062,	-0.0186753,	-0.335789,	-0.455,	0.56958,	-0.06664,	15519,	-230,	-10,	-532,	15559,	145,	-22,	-147,	15539,	74,	-5,	-359,	
2,	7,	748579,	1.65255e+015,	-1,	-7,	-3,	7,	-1,	-3,	-2,	-2,	1.65255e+009,	-0.825899,	-0.516208,	-0.31202,	-0.0263648,	-0.707106,	-0.311651,	-0.0219002,	0.0928771,	-0.673379,	-0.214548,	-0.0217433,	-0.0125888,	-0.759989,	-0.311355,	-0.0219089,	-0.0672933,	-0.692988,	-0.376062,	-0.0186753,	-0.335789,	-0.455,	0.56958,	-0.06664,	15529,	-231,	-9,	-532,	15569,	145,	-22,	-148,	15549,	75,	-4,	-359,	
2,	7,	748657,	1.65255e+015,	2,	1,	-2,	2,	1,	0,	1,	1,	1.65255e+009,	-0.825899,	-0.516208,	-0.31202,	-0.0263648,	-0.707106,	-0.311651,	-0.0219002,	0.0928771,	-0.673379,	-0.214548,	-0.0217433,	-0.0125888,	-0.759989,	-0.311355,	-0.0219089,	-0.0672933,	-0.692988,	-0.376062,	-0.0186753,	-0.335789,	-0.455,	0.56958,	-0.06664,	15539,	-230,	-9,	-531,	15579,	145,	-21,	-147,	15559,	74,	-5,	-359,	
2,	7,	748735,	1.65255e+015,	-1,	-8,	-27,	-5,	-1,	1,	-1,	-2,	1.65255e+009,	-0.825899,	-0.516208,	-0.31202,	-0.0263648,	-0.707106,	-0.311651,	-0.0219002,	0.0928771,	-0.673379,	-0.214548,	-0.0217433,	-0.0125888,	-0.759989,	-0.311355,	-0.0219089,	-0.0672933,	-0.692988,	-0.376062,	-0.0186753,	-0.335789,	-0.455,	0.56958,	-0.06664,	15549,	-230,	-9,	-531,	15589,	145,	-22,	-147,	15569,	74,	-6,	-359,	
2,	7,	748813,	1.65255e+015,	1,	2,	4,	8,	1,	0,	-1,	-1,	1.65255e+009,	-0.825899,	-0.516208,	-0.31202,	-0.0263648,	-0.707106,	-0.311651,	-0.0219002,	0.0928771,	-0.673379,	-0.214548,	-0.0217433,	-0.0125888,	-0.759989,	-0.311355,	-0.0219089,	-0.0672933,	-0.692988,	-0.376062,	-0.0186753,	-0.335789,	-0.455,	0.56958,	-0.06664,	15559,	-230,	-8,	-532,	15599,	144,	-23,	-147,	15579,	74,	-5,	-359,	
2,	7,	748891,	1.65255e+015,	-3,	0,	-6,	-6,	-3,	-2,	-2,	-2,	1.65255e+009,	-0.825899,	-0.516208,	-0.31202,	-0.0263648,	-0.707106,	-0.311651,	-0.0219002,	0.0928771,	-0.673379,	-0.214548,	-0.0217433,	-0.0125888,	-0.759989,	-0.311355,	-0.0219089,	-0.0672933,	-0.692988,	-0.376062,	-0.0186753,	-0.335789,	-0.455,	0.56958,	-0.06664,	15569,	-229,	-10,	-532,	15609,	144,	-23,	-148,	15589,	74,	-6,	-359,	
2,	7,	748969,	1.65255e+015,	-4,	-7,	19,	-6,	-3,	-3,	-1,	-1,	1.65255e+009,	-0.825899,	-0.516208,	-0.31202,	-0.0263648,	-0.707106,	-0.311651,	-0.0219002,	0.0928771,	-0.673379,	-0.214548,	-0.0217433,	-0.0125888,	-0.759989,	-0.311355,	-0.0219089,	-0.0672933,	-0.692988,	-0.376062,	-0.0186753,	-0.335789,	-0.455,	0.56958,	-0.06664,	15579,	-228,	-10,	-532,	15619,	143,	-22,	-147,	15599,	74,	-5,	-359,	
2,	7,	749047,	1.65255e+015,	-4,	-2,	1,	0,	-4,	-1,	-2,	-1,	1.65255e+009,	-0.825899,	-0.516208,	-0.31202,	-0.0263648,	-0.707106,	-0.311651,	-0.0219002,	0.0928771,	-0.673379,	-0.214548,	-0.0217433,	-0.0125888,	-0.759989,	-0.311355,	-0.0219089,	-0.0672933,	-0.692988,	-0.376062,	-0.0186753,	-0.335789,	-0.455,	0.56958,	-0.06664,	15589,	-229,	-9,	-532,	15629,	144,	-23,	-148,	15609,	74,	-6,	-359,	
2,	7,	749125,	1.65255e+015,	-1,	-4,	-7,	6,	-1,	-1,	-1,	-2,	1.65255e+009,	-0.825899,	-0.516208,	-0.31202,	-0.0263648,	-0.707106,	-0.311651,	-0.0219002,	0.0928771,	-0.673379,	-0.214548,	-0.0217433,	-0.0125888,	-0.759989,	-0.311355,	-0.0219089,	-0.0672933,	-0.692988,	-0.376062,	-0.0186753,	-0.335789,	-0.455,	0.56958,	-0.06664,	15599,	-229,	-9,	-532,	15639,	144,	-22,	-147,	15619,	74,	-5,	-360,	
