1,	15,	757329,	1.65255e+015,	-4,	-12,	-4,	-6,	0,	0,	1,	0,	1.65255e+009,	-0.855959,	-0.417648,	-0.262493,	-0.0115808,	-0.915314,	-0.357482,	-0.0198781,	0.0982834,	-0.988779,	-0.334296,	-0.0210691,	-0.0182725,	-0.846721,	-0.471024,	-0.00907778,	-0.061149,	-0.692988,	-0.491379,	-0.00626944,	-0.323731,	-0.4641,	0.59547,	-0.06664,	36199,	-364,	-13,	-283,	36229,	99,	-13,	-103,	36209,	35,	-45,	-280,	
1,	15,	757391,	1.65255e+015,	-1,	2,	0,	-2,	-1,	-2,	-2,	0,	1.65255e+009,	-0.855959,	-0.417648,	-0.262493,	-0.0115808,	-0.915314,	-0.357482,	-0.0198781,	0.0982834,	-0.988779,	-0.334296,	-0.0210691,	-0.0182725,	-0.846721,	-0.471024,	-0.00907778,	-0.061149,	-0.692988,	-0.491379,	-0.00626944,	-0.323731,	-0.4641,	0.59547,	-0.06664,	36209,	-366,	-12,	-279,	36239,	98,	-13,	-104,	36219,	35,	-44,	-279,	
1,	15,	757454,	1.65255e+015,	1,	5,	1,	1,	1,	0,	0,	-1,	1.65255e+009,	-0.855959,	-0.417648,	-0.262493,	-0.0115808,	-0.915314,	-0.357482,	-0.0198781,	0.0982834,	-0.988779,	-0.334296,	-0.0210691,	-0.0182725,	-0.846721,	-0.471024,	-0.00907778,	-0.061149,	-0.692988,	-0.491379,	-0.00626944,	-0.323731,	-0.4641,	0.59547,	-0.06664,	36219,	-362,	-14,	-277,	36249,	97,	-15,	-104,	36229,	36,	-43,	-278,	
1,	15,	757532,	1.65255e+015,	-3,	-8,	-6,	-7,	-4,	-1,	-1,	-2,	1.65255e+009,	-0.855959,	-0.417648,	-0.262493,	-0.0115808,	-0.915314,	-0.357482,	-0.0198781,	0.0982834,	-0.988779,	-0.334296,	-0.0210691,	-0.0182725,	-0.846721,	-0.471024,	-0.00907778,	-0.061149,	-0.692988,	-0.491379,	-0.00626944,	-0.323731,	-0.4641,	0.59547,	-0.06664,	36229,	-363,	-14,	-275,	36259,	97,	-19,	-106,	36239,	36,	-41,	-278,	
1,	15,	757610,	1.65255e+015,	-1,	1,	0,	0,	-2,	-2,	0,	0,	1.65255e+009,	-0.855959,	-0.417648,	-0.262493,	-0.0115808,	-0.915314,	-0.357482,	-0.0198781,	0.0982834,	-0.988779,	-0.334296,	-0.0210691,	-0.0182725,	-0.846721,	-0.471024,	-0.00907778,	-0.061149,	-0.692988,	-0.491379,	-0.00626944,	-0.323731,	-0.4641,	0.59547,	-0.06664,	36239,	-362,	-14,	-270,	36269,	98,	-21,	-107,	36249,	36,	-42,	-279,	
1,	15,	757688,	1.65255e+015,	-2,	-6,	-2,	-17,	-4,	-2,	-1,	-2,	1.65255e+009,	-0.855959,	-0.417648,	-0.262493,	-0.0115808,	-0.915314,	-0.357482,	-0.0198781,	0.0982834,	-0.988779,	-0.334296,	-0.0210691,	-0.0182725,	-0.846721,	-0.471024,	-0.00907778,	-0.061149,	-0.692988,	-0.491379,	-0.00626944,	-0.323731,	-0.4641,	0.59547,	-0.06664,	36249,	-365,	-13,	-260,	36279,	99,	-23,	-106,	36259,	36,	-45,	-278,	
1,	15,	757782,	1.65255e+015,	0,	5,	-2,	0,	3,	2,	0,	-1,	1.65255e+009,	-0.855959,	-0.417648,	-0.262493,	-0.0115808,	-0.915314,	-0.357482,	-0.0198781,	0.0982834,	-0.988779,	-0.334296,	-0.0210691,	-0.0182725,	-0.846721,	-0.471024,	-0.00907778,	-0.061149,	-0.692988,	-0.491379,	-0.00626944,	-0.323731,	-0.4641,	0.59547,	-0.06664,	36259,	-371,	-11,	-246,	36289,	101,	-23,	-105,	36269,	36,	-47,	-277,	
1,	15,	757860,	1.65255e+015,	-1,	1,	0,	-1,	0,	-1,	0,	0,	1.65255e+009,	-0.855959,	-0.417648,	-0.262493,	-0.0115808,	-0.915314,	-0.357482,	-0.0198781,	0.0982834,	-0.988779,	-0.334296,	-0.0210691,	-0.0182725,	-0.846721,	-0.471024,	-0.00907778,	-0.061149,	-0.692988,	-0.491379,	-0.00626944,	-0.323731,	-0.4641,	0.59547,	-0.06664,	36269,	-378,	-10,	-232,	36299,	101,	-23,	-102,	36279,	37,	-50,	-275,	
1,	15,	757938,	1.65255e+015,	1,	3,	3,	6,	0,	-2,	-1,	-2,	1.65255e+009,	-0.855959,	-0.417648,	-0.262493,	-0.0115808,	-0.915314,	-0.357482,	-0.0198781,	0.0982834,	-0.988779,	-0.334296,	-0.0210691,	-0.0182725,	-0.846721,	-0.471024,	-0.00907778,	-0.061149,	-0.692988,	-0.491379,	-0.00626944,	-0.323731,	-0.4641,	0.59547,	-0.06664,	36279,	-384,	-9,	-220,	36309,	101,	-25,	-99,	36289,	35,	-52,	-272,	
1,	15,	758016,	1.65255e+015,	-3,	-8,	-6,	-3,	-4,	-2,	-2,	-1,	1.65255e+009,	-0.855959,	-0.417648,	-0.262493,	-0.0115808,	-0.915314,	-0.357482,	-0.0198781,	0.0982834,	-0.988779,	-0.334296,	-0.0210691,	-0.0182725,	-0.846721,	-0.471024,	-0.00907778,	-0.061149,	-0.692988,	-0.491379,	-0.00626944,	-0.323731,	-0.4641,	0.59547,	-0.06664,	36289,	-390,	-11,	-209,	36319,	100,	-27,	-98,	36299,	32,	-53,	-269,	
1,	15,	758094,	1.65255e+015,	-1,	0,	2,	3,	-3,	0,	-3,	-1,	1.65255e+009,	-0.855959,	-0.417648,	-0.262493,	-0.0115808,	-0.915314,	-0.357482,	-0.0198781,	0.0982834,	-0.988779,	-0.334296,	-0.0210691,	-0.0182725,	-0.846721,	-0.471024,	-0.00907778,	-0.061149,	-0.692988,	-0.491379,	-0.00626944,	-0.323731,	-0.4641,	0.59547,	-0.06664,	36299,	-395,	-10,	-198,	36329,	98,	-30,	-97,	36309,	29,	-55,	-264,	
1,	15,	758172,	1.65255e+015,	2,	-5,	-13,	-4,	-1,	0,	-1,	-1,	1.65255e+009,	-0.855959,	-0.417648,	-0.262493,	-0.0115808,	-0.915314,	-0.357482,	-0.0198781,	0.0982834,	-0.988779,	-0.334296,	-0.0210691,	-0.0182725,	-0.846721,	-0.471024,	-0.00907778,	-0.061149,	-0.692988,	-0.491379,	-0.00626944,	-0.323731,	-0.4641,	0.59547,	-0.06664,	36309,	-400,	-12,	-190,	36339,	97,	-32,	-97,	36319,	25,	-56,	-259,	
1,	15,	758250,	1.65255e+015,	-3,	-4,	1,	1,	-3,	0,	-2,	-2,	1.65255e+009,	-0.855959,	-0.417648,	-0.262493,	-0.0115808,	-0.915314,	-0.357482,	-0.0198781,	0.0982834,	-0.988779,	-0.334296,	-0.0210691,	-0.0182725,	-0.846721,	-0.471024,	-0.00907778,	-0.061149,	-0.692988,	-0.491379,	-0.00626944,	-0.323731,	-0.4641,	0.59547,	-0.06664,	36319,	-401,	-12,	-183,	36349,	97,	-36,	-98,	36329,	22,	-55,	-254,	
1,	15,	758329,	1.65255e+015,	-4,	-6,	-1,	4,	-2,	0,	-1,	1,	1.65255e+009,	-0.855959,	-0.417648,	-0.262493,	-0.0115808,	-0.915314,	-0.357482,	-0.0198781,	0.0982834,	-0.988779,	-0.334296,	-0.0210691,	-0.0182725,	-0.846721,	-0.471024,	-0.00907778,	-0.061149,	-0.692988,	-0.491379,	-0.00626944,	-0.323731,	-0.4641,	0.59547,	-0.06664,	36329,	-404,	-13,	-180,	36359,	96,	-38,	-100,	36339,	19,	-57,	-250,	
1,	15,	758407,	1.65255e+015,	-2,	-1,	2,	1,	-3,	-2,	1,	0,	1.65255e+009,	-0.855959,	-0.417648,	-0.262493,	-0.0115808,	-0.915314,	-0.357482,	-0.0198781,	0.0982834,	-0.988779,	-0.334296,	-0.0210691,	-0.0182725,	-0.846721,	-0.471024,	-0.00907778,	-0.061149,	-0.692988,	-0.491379,	-0.00626944,	-0.323731,	-0.4641,	0.59547,	-0.06664,	36339,	-406,	-18,	-179,	36369,	94,	-41,	-102,	36349,	18,	-57,	-245,	
1,	15,	758485,	1.65255e+015,	0,	-5,	-3,	7,	2,	0,	1,	1,	1.65255e+009,	-0.855959,	-0.417648,	-0.262493,	-0.0115808,	-0.915314,	-0.357482,	-0.0198781,	0.0982834,	-0.988779,	-0.334296,	-0.0210691,	-0.0182725,	-0.846721,	-0.471024,	-0.00907778,	-0.061149,	-0.692988,	-0.491379,	-0.00626944,	-0.323731,	-0.4641,	0.59547,	-0.06664,	36349,	-409,	-20,	-178,	36379,	95,	-42,	-103,	36359,	16,	-57,	-240,	
1,	15,	758563,	1.65255e+015,	0,	-3,	1,	1,	1,	-1,	0,	1,	1.65255e+009,	-0.855959,	-0.417648,	-0.262493,	-0.0115808,	-0.915314,	-0.357482,	-0.0198781,	0.0982834,	-0.988779,	-0.334296,	-0.0210691,	-0.0182725,	-0.846721,	-0.471024,	-0.00907778,	-0.061149,	-0.692988,	-0.491379,	-0.00626944,	-0.323731,	-0.4641,	0.59547,	-0.06664,	36359,	-408,	-24,	-181,	36389,	96,	-43,	-103,	36369,	14,	-59,	-235,	
1,	15,	758641,	1.65255e+015,	-6,	-18,	-4,	-9,	-4,	-2,	-3,	-3,	1.65255e+009,	-0.855959,	-0.417648,	-0.262493,	-0.0115808,	-0.915314,	-0.357482,	-0.0198781,	0.0982834,	-0.988779,	-0.334296,	-0.0210691,	-0.0182725,	-0.846721,	-0.471024,	-0.00907778,	-0.061149,	-0.692988,	-0.491379,	-0.00626944,	-0.323731,	-0.4641,	0.59547,	-0.06664,	36369,	-405,	-24,	-186,	36399,	95,	-43,	-103,	36379,	13,	-58,	-231,	
1,	15,	758719,	1.65255e+015,	0,	7,	2,	3,	0,	-1,	-1,	-2,	1.65255e+009,	-0.855959,	-0.417648,	-0.262493,	-0.0115808,	-0.915314,	-0.357482,	-0.0198781,	0.0982834,	-0.988779,	-0.334296,	-0.0210691,	-0.0182725,	-0.846721,	-0.471024,	-0.00907778,	-0.061149,	-0.692988,	-0.491379,	-0.00626944,	-0.323731,	-0.4641,	0.59547,	-0.06664,	36379,	-402,	-24,	-193,	36409,	97,	-43,	-105,	36389,	11,	-60,	-228,	
1,	15,	758797,	1.65255e+015,	0,	5,	2,	3,	1,	1,	-1,	1,	1.65255e+009,	-0.855959,	-0.417648,	-0.262493,	-0.0115808,	-0.915314,	-0.357482,	-0.0198781,	0.0982834,	-0.988779,	-0.334296,	-0.0210691,	-0.0182725,	-0.846721,	-0.471024,	-0.00907778,	-0.061149,	-0.692988,	-0.491379,	-0.00626944,	-0.323731,	-0.4641,	0.59547,	-0.06664,	36389,	-403,	-23,	-197,	36419,	97,	-44,	-106,	36399,	11,	-60,	-227,	
1,	15,	758875,	1.65255e+015,	-1,	-1,	1,	-1,	-3,	-1,	1,	-2,	1.65255e+009,	-0.855959,	-0.417648,	-0.262493,	-0.0115808,	-0.915314,	-0.357482,	-0.0198781,	0.0982834,	-0.988779,	-0.334296,	-0.0210691,	-0.0182725,	-0.846721,	-0.471024,	-0.00907778,	-0.061149,	-0.692988,	-0.491379,	-0.00626944,	-0.323731,	-0.4641,	0.59547,	-0.06664,	36399,	-407,	-22,	-196,	36429,	97,	-44,	-105,	36409,	10,	-61,	-224,	
1,	15,	758954,	1.65255e+015,	-1,	-6,	-6,	-10,	-4,	-3,	-1,	-2,	1.65255e+009,	-0.855959,	-0.417648,	-0.262493,	-0.0115808,	-0.915314,	-0.357482,	-0.0198781,	0.0982834,	-0.988779,	-0.334296,	-0.0210691,	-0.0182725,	-0.846721,	-0.471024,	-0.00907778,	-0.061149,	-0.692988,	-0.491379,	-0.00626944,	-0.323731,	-0.4641,	0.59547,	-0.06664,	36409,	-408,	-21,	-198,	36439,	96,	-42,	-104,	36419,	9,	-62,	-221,	
1,	15,	759032,	1.65255e+015,	-1,	-4,	-2,	-4,	-3,	-1,	-1,	-2,	1.65255e+009,	-0.855959,	-0.417648,	-0.262493,	-0.0115808,	-0.915314,	-0.357482,	-0.0198781,	0.0982834,	-0.988779,	-0.334296,	-0.0210691,	-0.0182725,	-0.846721,	-0.471024,	-0.00907778,	-0.061149,	-0.692988,	-0.491379,	-0.00626944,	-0.323731,	-0.4641,	0.59547,	-0.06664,	36419,	-403,	-20,	-203,	36449,	95,	-41,	-103,	36429,	10,	-59,	-219,	
1,	15,	759110,	1.65255e+015,	-1,	-1,	-3,	-17,	-4,	0,	-1,	-1,	1.65255e+009,	-0.855959,	-0.417648,	-0.262493,	-0.0115808,	-0.915314,	-0.357482,	-0.0198781,	0.0982834,	-0.988779,	-0.334296,	-0.0210691,	-0.0182725,	-0.846721,	-0.471024,	-0.00907778,	-0.061149,	-0.692988,	-0.491379,	-0.00626944,	-0.323731,	-0.4641,	0.59547,	-0.06664,	36429,	-396,	-20,	-213,	36459,	95,	-39,	-103,	36439,	11,	-56,	-221,	
1,	15,	759188,	1.65255e+015,	-1,	-3,	0,	4,	0,	2,	0,	1,	1.65255e+009,	-0.855959,	-0.417648,	-0.262493,	-0.0115808,	-0.915314,	-0.357482,	-0.0198781,	0.0982834,	-0.988779,	-0.334296,	-0.0210691,	-0.0182725,	-0.846721,	-0.471024,	-0.00907778,	-0.061149,	-0.692988,	-0.491379,	-0.00626944,	-0.323731,	-0.4641,	0.59547,	-0.06664,	36439,	-387,	-20,	-230,	36469,	96,	-42,	-106,	36449,	12,	-53,	-225,	
1,	15,	759266,	1.65255e+015,	0,	1,	0,	2,	1,	0,	-2,	0,	1.65255e+009,	-0.855959,	-0.417648,	-0.262493,	-0.0115808,	-0.915314,	-0.357482,	-0.0198781,	0.0982834,	-0.988779,	-0.334296,	-0.0210691,	-0.0182725,	-0.846721,	-0.471024,	-0.00907778,	-0.061149,	-0.692988,	-0.491379,	-0.00626944,	-0.323731,	-0.4641,	0.59547,	-0.06664,	36449,	-376,	-20,	-253,	36479,	96,	-43,	-114,	36459,	10,	-50,	-229,	
1,	15,	759344,	1.65255e+015,	-2,	-2,	-1,	-3,	-2,	-1,	0,	-1,	1.65255e+009,	-0.855959,	-0.417648,	-0.262493,	-0.0115808,	-0.915314,	-0.357482,	-0.0198781,	0.0982834,	-0.988779,	-0.334296,	-0.0210691,	-0.0182725,	-0.846721,	-0.471024,	-0.00907778,	-0.061149,	-0.692988,	-0.491379,	-0.00626944,	-0.323731,	-0.4641,	0.59547,	-0.06664,	36459,	-364,	-19,	-275,	36489,	97,	-45,	-124,	36469,	9,	-45,	-233,	
1,	15,	759422,	1.65255e+015,	0,	-1,	-5,	-5,	-4,	-2,	-1,	-1,	1.65255e+009,	-0.855959,	-0.417648,	-0.262493,	-0.0115808,	-0.915314,	-0.357482,	-0.0198781,	0.0982834,	-0.988779,	-0.334296,	-0.0210691,	-0.0182725,	-0.846721,	-0.471024,	-0.00907778,	-0.061149,	-0.692988,	-0.491379,	-0.00626944,	-0.323731,	-0.4641,	0.59547,	-0.06664,	36469,	-359,	-18,	-290,	36499,	97,	-45,	-132,	36479,	9,	-41,	-240,	
1,	15,	759500,	1.65255e+015,	-2,	-8,	0,	-1,	-2,	0,	-1,	-1,	1.65255e+009,	-0.855959,	-0.417648,	-0.262493,	-0.0115808,	-0.915314,	-0.357482,	-0.0198781,	0.0982834,	-0.988779,	-0.334296,	-0.0210691,	-0.0182725,	-0.846721,	-0.471024,	-0.00907778,	-0.061149,	-0.692988,	-0.491379,	-0.00626944,	-0.323731,	-0.4641,	0.59547,	-0.06664,	36479,	-355,	-15,	-300,	36509,	97,	-45,	-136,	36489,	13,	-38,	-246,	
1,	15,	759579,	1.65255e+015,	1,	1,	2,	10,	0,	0,	-1,	-1,	1.65255e+009,	-0.855959,	-0.417648,	-0.262493,	-0.0115808,	-0.915314,	-0.357482,	-0.0198781,	0.0982834,	-0.988779,	-0.334296,	-0.0210691,	-0.0182725,	-0.846721,	-0.471024,	-0.00907778,	-0.061149,	-0.692988,	-0.491379,	-0.00626944,	-0.323731,	-0.4641,	0.59547,	-0.06664,	36489,	-352,	-12,	-307,	36519,	98,	-43,	-137,	36499,	17,	-37,	-253,	
1,	15,	759657,	1.65255e+015,	-4,	-4,	-5,	-13,	-6,	-2,	-1,	-3,	1.65255e+009,	-0.855959,	-0.417648,	-0.262493,	-0.0115808,	-0.915314,	-0.357482,	-0.0198781,	0.0982834,	-0.988779,	-0.334296,	-0.0210691,	-0.0182725,	-0.846721,	-0.471024,	-0.00907778,	-0.061149,	-0.692988,	-0.491379,	-0.00626944,	-0.323731,	-0.4641,	0.59547,	-0.06664,	36499,	-348,	-11,	-313,	36529,	101,	-42,	-140,	36509,	20,	-38,	-260,	
1,	15,	759735,	1.65255e+015,	-1,	-2,	-4,	-2,	0,	1,	0,	1,	1.65255e+009,	-0.855959,	-0.417648,	-0.262493,	-0.0115808,	-0.915314,	-0.357482,	-0.0198781,	0.0982834,	-0.988779,	-0.334296,	-0.0210691,	-0.0182725,	-0.846721,	-0.471024,	-0.00907778,	-0.061149,	-0.692988,	-0.491379,	-0.00626944,	-0.323731,	-0.4641,	0.59547,	-0.06664,	36509,	-343,	-10,	-315,	36539,	104,	-42,	-144,	36519,	22,	-39,	-268,	
1,	15,	759813,	1.65255e+015,	1,	6,	3,	7,	-2,	-1,	-3,	0,	1.65255e+009,	-0.855959,	-0.417648,	-0.262493,	-0.0115808,	-0.915314,	-0.357482,	-0.0198781,	0.0982834,	-0.988779,	-0.334296,	-0.0210691,	-0.0182725,	-0.846721,	-0.471024,	-0.00907778,	-0.061149,	-0.692988,	-0.491379,	-0.00626944,	-0.323731,	-0.4641,	0.59547,	-0.06664,	36519,	-340,	-9,	-316,	36549,	107,	-42,	-148,	36529,	22,	-40,	-275,	
1,	15,	759875,	1.65255e+015,	1,	3,	3,	5,	2,	2,	1,	1,	1.65255e+009,	-0.855959,	-0.417648,	-0.262493,	-0.0115808,	-0.915314,	-0.357482,	-0.0198781,	0.0982834,	-0.988779,	-0.334296,	-0.0210691,	-0.0182725,	-0.846721,	-0.471024,	-0.00907778,	-0.061149,	-0.692988,	-0.491379,	-0.00626944,	-0.323731,	-0.4641,	0.59547,	-0.06664,	36529,	-335,	-6,	-320,	36559,	108,	-42,	-152,	36539,	24,	-39,	-282,	
1,	15,	759969,	1.65255e+015,	0,	2,	-4,	3,	2,	0,	-1,	-1,	1.65255e+009,	-0.855959,	-0.417648,	-0.262493,	-0.0115808,	-0.915314,	-0.357482,	-0.0198781,	0.0982834,	-0.988779,	-0.334296,	-0.0210691,	-0.0182725,	-0.846721,	-0.471024,	-0.00907778,	-0.061149,	-0.692988,	-0.491379,	-0.00626944,	-0.323731,	-0.4641,	0.59547,	-0.06664,	36539,	-333,	-5,	-325,	36569,	110,	-42,	-155,	36549,	25,	-39,	-287,	
1,	15,	760047,	1.65255e+015,	-1,	-3,	0,	0,	-2,	-2,	-2,	0,	1.65255e+009,	-0.855959,	-0.417648,	-0.262493,	-0.0115808,	-0.915314,	-0.357482,	-0.0198781,	0.0982834,	-0.988779,	-0.334296,	-0.0210691,	-0.0182725,	-0.846721,	-0.471024,	-0.00907778,	-0.061149,	-0.692988,	-0.491379,	-0.00626944,	-0.323731,	-0.4641,	0.59547,	-0.06664,	36549,	-331,	-6,	-334,	36579,	112,	-38,	-157,	36559,	27,	-40,	-291,	
1,	15,	760125,	1.65255e+015,	-5,	-3,	3,	-1,	1,	1,	-1,	-1,	1.65255e+009,	-0.855959,	-0.417648,	-0.262493,	-0.0115808,	-0.915314,	-0.357482,	-0.0198781,	0.0982834,	-0.988779,	-0.334296,	-0.0210691,	-0.0182725,	-0.846721,	-0.471024,	-0.00907778,	-0.061149,	-0.692988,	-0.491379,	-0.00626944,	-0.323731,	-0.4641,	0.59547,	-0.06664,	36559,	-329,	-6,	-347,	36589,	112,	-36,	-158,	36569,	29,	-39,	-295,	
1,	15,	760204,	1.65255e+015,	0,	3,	-4,	1,	-1,	0,	-1,	0,	1.65255e+009,	-0.855959,	-0.417648,	-0.262493,	-0.0115808,	-0.915314,	-0.357482,	-0.0198781,	0.0982834,	-0.988779,	-0.334296,	-0.0210691,	-0.0182725,	-0.846721,	-0.471024,	-0.00907778,	-0.061149,	-0.692988,	-0.491379,	-0.00626944,	-0.323731,	-0.4641,	0.59547,	-0.06664,	36569,	-328,	-8,	-359,	36599,	115,	-35,	-161,	36579,	28,	-40,	-298,	
1,	15,	760282,	1.65255e+015,	-5,	-4,	-1,	-5,	-2,	0,	0,	-1,	1.65255e+009,	-0.855959,	-0.417648,	-0.262493,	-0.0115808,	-0.915314,	-0.357482,	-0.0198781,	0.0982834,	-0.988779,	-0.334296,	-0.0210691,	-0.0182725,	-0.846721,	-0.471024,	-0.00907778,	-0.061149,	-0.692988,	-0.491379,	-0.00626944,	-0.323731,	-0.4641,	0.59547,	-0.06664,	36579,	-325,	-10,	-370,	36609,	116,	-35,	-163,	36589,	29,	-40,	-302,	
1,	15,	760360,	1.65255e+015,	0,	-3,	3,	-2,	0,	-1,	0,	0,	1.65255e+009,	-0.855959,	-0.417648,	-0.262493,	-0.0115808,	-0.915314,	-0.357482,	-0.0198781,	0.0982834,	-0.988779,	-0.334296,	-0.0210691,	-0.0182725,	-0.846721,	-0.471024,	-0.00907778,	-0.061149,	-0.692988,	-0.491379,	-0.00626944,	-0.323731,	-0.4641,	0.59547,	-0.06664,	36589,	-322,	-12,	-381,	36619,	119,	-34,	-165,	36599,	28,	-42,	-304,	
2,	15,	760469,	1.65255e+015,	2,	5,	2,	2,	2,	0,	1,	-1,	1.65255e+009,	-0.855959,	-0.417648,	-0.262493,	-0.0115808,	-0.915314,	-0.357482,	-0.0198781,	0.0982834,	-0.988779,	-0.334296,	-0.0210691,	-0.0182725,	-0.846721,	-0.471024,	-0.00907778,	-0.061149,	-0.692988,	-0.491379,	-0.00626944,	-0.323731,	-0.4641,	0.59547,	-0.06664,	36599,	-318,	-15,	-391,	36629,	120,	-34,	-167,	36609,	30,	-42,	-308,	
2,	15,	760547,	1.65255e+015,	-5,	-12,	-6,	-12,	0,	-2,	0,	-3,	1.65255e+009,	-0.855959,	-0.417648,	-0.262493,	-0.0115808,	-0.915314,	-0.357482,	-0.0198781,	0.0982834,	-0.988779,	-0.334296,	-0.0210691,	-0.0182725,	-0.846721,	-0.471024,	-0.00907778,	-0.061149,	-0.692988,	-0.491379,	-0.00626944,	-0.323731,	-0.4641,	0.59547,	-0.06664,	36609,	-315,	-16,	-403,	36639,	122,	-31,	-168,	36619,	33,	-41,	-313,	
2,	15,	760625,	1.65255e+015,	2,	7,	3,	-5,	-4,	-2,	1,	1,	1.65255e+009,	-0.855959,	-0.417648,	-0.262493,	-0.0115808,	-0.915314,	-0.357482,	-0.0198781,	0.0982834,	-0.988779,	-0.334296,	-0.0210691,	-0.0182725,	-0.846721,	-0.471024,	-0.00907778,	-0.061149,	-0.692988,	-0.491379,	-0.00626944,	-0.323731,	-0.4641,	0.59547,	-0.06664,	36619,	-309,	-17,	-418,	36649,	123,	-29,	-168,	36629,	37,	-40,	-319,	
2,	15,	760704,	1.65255e+015,	-2,	-1,	-6,	-3,	-1,	-1,	-3,	-1,	1.65255e+009,	-0.855959,	-0.417648,	-0.262493,	-0.0115808,	-0.915314,	-0.357482,	-0.0198781,	0.0982834,	-0.988779,	-0.334296,	-0.0210691,	-0.0182725,	-0.846721,	-0.471024,	-0.00907778,	-0.061149,	-0.692988,	-0.491379,	-0.00626944,	-0.323731,	-0.4641,	0.59547,	-0.06664,	36629,	-301,	-17,	-432,	36659,	124,	-28,	-170,	36639,	40,	-37,	-324,	
2,	15,	760766,	1.65255e+015,	2,	2,	3,	5,	7,	1,	1,	0,	1.65255e+009,	-0.855959,	-0.417648,	-0.262493,	-0.0115808,	-0.915314,	-0.357482,	-0.0198781,	0.0982834,	-0.988779,	-0.334296,	-0.0210691,	-0.0182725,	-0.846721,	-0.471024,	-0.00907778,	-0.061149,	-0.692988,	-0.491379,	-0.00626944,	-0.323731,	-0.4641,	0.59547,	-0.06664,	36639,	-296,	-17,	-447,	36669,	124,	-26,	-170,	36649,	42,	-34,	-329,	
2,	15,	760860,	1.65255e+015,	-1,	2,	1,	0,	-1,	0,	1,	-1,	1.65255e+009,	-0.855959,	-0.417648,	-0.262493,	-0.0115808,	-0.915314,	-0.357482,	-0.0198781,	0.0982834,	-0.988779,	-0.334296,	-0.0210691,	-0.0182725,	-0.846721,	-0.471024,	-0.00907778,	-0.061149,	-0.692988,	-0.491379,	-0.00626944,	-0.323731,	-0.4641,	0.59547,	-0.06664,	36649,	-293,	-17,	-460,	36679,	123,	-25,	-171,	36659,	44,	-29,	-331,	
2,	15,	760938,	1.65255e+015,	-4,	-16,	-6,	-8,	-3,	-2,	-1,	-1,	1.65255e+009,	-0.855959,	-0.417648,	-0.262493,	-0.0115808,	-0.915314,	-0.357482,	-0.0198781,	0.0982834,	-0.988779,	-0.334296,	-0.0210691,	-0.0182725,	-0.846721,	-0.471024,	-0.00907778,	-0.061149,	-0.692988,	-0.491379,	-0.00626944,	-0.323731,	-0.4641,	0.59547,	-0.06664,	36659,	-291,	-18,	-469,	36689,	122,	-23,	-169,	36669,	45,	-29,	-332,	
2,	15,	761016,	1.65255e+015,	-4,	-7,	-5,	-12,	-7,	-4,	-1,	-2,	1.65255e+009,	-0.855959,	-0.417648,	-0.262493,	-0.0115808,	-0.915314,	-0.357482,	-0.0198781,	0.0982834,	-0.988779,	-0.334296,	-0.0210691,	-0.0182725,	-0.846721,	-0.471024,	-0.00907778,	-0.061149,	-0.692988,	-0.491379,	-0.00626944,	-0.323731,	-0.4641,	0.59547,	-0.06664,	36669,	-289,	-21,	-473,	36699,	122,	-21,	-168,	36679,	45,	-29,	-332,	
2,	15,	761094,	1.65255e+015,	-1,	7,	7,	5,	1,	0,	3,	1,	1.65255e+009,	-0.855959,	-0.417648,	-0.262493,	-0.0115808,	-0.915314,	-0.357482,	-0.0198781,	0.0982834,	-0.988779,	-0.334296,	-0.0210691,	-0.0182725,	-0.846721,	-0.471024,	-0.00907778,	-0.061149,	-0.692988,	-0.491379,	-0.00626944,	-0.323731,	-0.4641,	0.59547,	-0.06664,	36679,	-290,	-21,	-469,	36709,	122,	-21,	-167,	36689,	45,	-28,	-333,	
2,	15,	761157,	1.65255e+015,	1,	-1,	-2,	-4,	-1,	-2,	0,	-1,	1.65255e+009,	-0.855959,	-0.417648,	-0.262493,	-0.0115808,	-0.915314,	-0.357482,	-0.0198781,	0.0982834,	-0.988779,	-0.334296,	-0.0210691,	-0.0182725,	-0.846721,	-0.471024,	-0.00907778,	-0.061149,	-0.692988,	-0.491379,	-0.00626944,	-0.323731,	-0.4641,	0.59547,	-0.06664,	36689,	-294,	-23,	-462,	36719,	121,	-19,	-163,	36699,	44,	-29,	-333,	
2,	15,	761235,	1.65255e+015,	0,	0,	-3,	-5,	-2,	1,	-1,	0,	1.65255e+009,	-0.855959,	-0.417648,	-0.262493,	-0.0115808,	-0.915314,	-0.357482,	-0.0198781,	0.0982834,	-0.988779,	-0.334296,	-0.0210691,	-0.0182725,	-0.846721,	-0.471024,	-0.00907778,	-0.061149,	-0.692988,	-0.491379,	-0.00626944,	-0.323731,	-0.4641,	0.59547,	-0.06664,	36699,	-301,	-23,	-450,	36729,	121,	-18,	-157,	36709,	45,	-30,	-331,	
2,	15,	761313,	1.65255e+015,	2,	7,	4,	4,	-2,	2,	0,	-1,	1.65255e+009,	-0.855959,	-0.417648,	-0.262493,	-0.0115808,	-0.915314,	-0.357482,	-0.0198781,	0.0982834,	-0.988779,	-0.334296,	-0.0210691,	-0.0182725,	-0.846721,	-0.471024,	-0.00907778,	-0.061149,	-0.692988,	-0.491379,	-0.00626944,	-0.323731,	-0.4641,	0.59547,	-0.06664,	36709,	-310,	-24,	-434,	36739,	119,	-17,	-151,	36719,	43,	-33,	-329,	
2,	15,	761391,	1.65255e+015,	0,	0,	-2,	3,	1,	0,	1,	-1,	1.65255e+009,	-0.855959,	-0.417648,	-0.262493,	-0.0115808,	-0.915314,	-0.357482,	-0.0198781,	0.0982834,	-0.988779,	-0.334296,	-0.0210691,	-0.0182725,	-0.846721,	-0.471024,	-0.00907778,	-0.061149,	-0.692988,	-0.491379,	-0.00626944,	-0.323731,	-0.4641,	0.59547,	-0.06664,	36719,	-319,	-25,	-414,	36749,	119,	-16,	-143,	36729,	41,	-37,	-325,	
2,	15,	761469,	1.65255e+015,	-1,	8,	3,	-15,	-4,	-1,	0,	0,	1.65255e+009,	-0.855959,	-0.417648,	-0.262493,	-0.0115808,	-0.915314,	-0.357482,	-0.0198781,	0.0982834,	-0.988779,	-0.334296,	-0.0210691,	-0.0182725,	-0.846721,	-0.471024,	-0.00907778,	-0.061149,	-0.692988,	-0.491379,	-0.00626944,	-0.323731,	-0.4641,	0.59547,	-0.06664,	36729,	-335,	-28,	-392,	36759,	118,	-13,	-133,	36739,	40,	-42,	-319,	
2,	15,	761547,	1.65255e+015,	-3,	-6,	-1,	-3,	0,	-1,	-2,	-1,	1.65255e+009,	-0.855959,	-0.417648,	-0.262493,	-0.0115808,	-0.915314,	-0.357482,	-0.0198781,	0.0982834,	-0.988779,	-0.334296,	-0.0210691,	-0.0182725,	-0.846721,	-0.471024,	-0.00907778,	-0.061149,	-0.692988,	-0.491379,	-0.00626944,	-0.323731,	-0.4641,	0.59547,	-0.06664,	36739,	-350,	-30,	-372,	36769,	115,	-11,	-124,	36749,	36,	-46,	-310,	
2,	15,	761625,	1.65255e+015,	1,	4,	-5,	-1,	0,	0,	0,	0,	1.65255e+009,	-0.855959,	-0.417648,	-0.262493,	-0.0115808,	-0.915314,	-0.357482,	-0.0198781,	0.0982834,	-0.988779,	-0.334296,	-0.0210691,	-0.0182725,	-0.846721,	-0.471024,	-0.00907778,	-0.061149,	-0.692988,	-0.491379,	-0.00626944,	-0.323731,	-0.4641,	0.59547,	-0.06664,	36749,	-363,	-31,	-354,	36779,	113,	-9,	-117,	36759,	31,	-48,	-301,	
2,	15,	761704,	1.65255e+015,	1,	3,	-6,	-8,	-4,	-3,	-2,	0,	1.65255e+009,	-0.855959,	-0.417648,	-0.262493,	-0.0115808,	-0.915314,	-0.357482,	-0.0198781,	0.0982834,	-0.988779,	-0.334296,	-0.0210691,	-0.0182725,	-0.846721,	-0.471024,	-0.00907778,	-0.061149,	-0.692988,	-0.491379,	-0.00626944,	-0.323731,	-0.4095,	0.59547,	-0.06664,	36759,	-376,	-35,	-334,	36789,	110,	-8,	-108,	36769,	29,	-50,	-291,	
2,	15,	761782,	1.65255e+015,	0,	10,	80,	34,	6,	-4,	-6,	-7,	1.65255e+009,	-0.540329,	-0.417648,	-0.262493,	-0.144637,	-0.915314,	-0.296374,	-0.0222756,	0.120829,	-0.988779,	-0.334296,	-0.0210691,	-0.0179064,	-0.846721,	-0.471024,	-0.00907778,	-0.0844389,	-0.692988,	-0.491379,	-0.00626944,	-0.358849,	-0.182,	0.59547,	-0.06664,	36769,	-380,	-35,	-320,	36799,	107,	-8,	-103,	36779,	28,	-50,	-284,	
2,	15,	761860,	1.65255e+015,	-5,	-14,	-18,	-1,	-7,	-46,	-43,	-2,	1.65255e+009,	-0.0743985,	-0.516208,	-0.262493,	-0.223485,	-0.915314,	-0.0977728,	-0.0135623,	0.133569,	-0.941469,	-0.134716,	-0.0170943,	-0.0162567,	-0.846721,	-0.275873,	-0.0225445,	-0.100531,	-0.692988,	-0.286371,	-0.0224404,	-0.374941,	-0.1365,	0.56095,	-0.06664,	36779,	-385,	-39,	-312,	36809,	105,	-10,	-99,	36789,	27,	-51,	-278,	
2,	15,	761938,	1.65255e+015,	-16,	15,	99,	28,	-13,	-41,	-13,	6,	1.65255e+009,	0.271291,	-0.516208,	-0.262493,	-0.277693,	-0.739138,	-0.0213878,	-0.00348955,	0.139436,	-0.673379,	0.0848215,	0.016722,	-0.0103901,	-0.738306,	-0.0452396,	-0.00703581,	-0.118321,	-0.692988,	-0.0941755,	-0.0131718,	-0.4223,	-0.091,	0.5178,	-0.06664,	36789,	-384,	-42,	-302,	36819,	105,	-13,	-98,	36799,	29,	-49,	-273,	
2,	15,	762016,	1.65255e+015,	-1,	-3,	38,	-8,	-8,	23,	10,	23,	1.65255e+009,	0.361471,	-0.516208,	-0.262493,	-0.302333,	-0.482882,	0.0549972,	0.0103174,	0.146769,	-0.405289,	0.0848215,	0.016722,	-0.0030567,	-0.543159,	0.0434654,	0.00799367,	-0.140557,	-0.692988,	-0.0301105,	-0.00482866,	-0.444537,	-0.1638,	0.48328,	-0.06664,	36799,	-386,	-41,	-290,	36829,	103,	-15,	-97,	36809,	28,	-49,	-270,	
2,	15,	762094,	1.65255e+015,	13,	6,	3,	-8,	2,	12,	-28,	0,	1.65255e+009,	0.361471,	-0.516208,	-0.196457,	-0.322045,	-0.258658,	0.0549972,	0.0103174,	0.152636,	-0.137199,	0.164653,	0.0366665,	0.00280999,	-0.434744,	0.0434654,	0.00799367,	-0.158347,	-0.473688,	-0.0301105,	-0.00482866,	-0.485982,	-0.2548,	0.48328,	-0.06664,	36809,	-389,	-40,	-279,	36839,	104,	-17,	-96,	36819,	28,	-50,	-267,	
2,	15,	762157,	1.65255e+015,	4,	27,	39,	4,	11,	31,	82,	15,	1.65255e+009,	0.286321,	-0.516208,	-0.196457,	-0.322045,	-0.178578,	0.0549972,	0.0103174,	0.158503,	-0.0583491,	0.164653,	0.0366665,	0.00867668,	-0.348012,	0.0434654,	0.00799367,	-0.176136,	-0.364038,	0.0339545,	0.00614119,	-0.503771,	-0.3003,	0.48328,	-0.06664,	36819,	-394,	-38,	-263,	36849,	103,	-18,	-94,	36829,	28,	-49,	-263,	
2,	15,	762219,	1.65255e+015,	-3,	13,	-31,	19,	2,	-8,	1,	-5,	1.65255e+009,	0.286321,	-0.516208,	-0.196457,	-0.322045,	-0.178578,	0.0549972,	0.0103174,	0.158503,	-0.0583491,	0.164653,	0.0366665,	0.00867668,	-0.348012,	0.0434654,	0.00799367,	-0.176136,	-0.364038,	0.0339545,	0.00614119,	-0.503771,	-0.3003,	0.48328,	-0.06664,	36829,	-403,	-37,	-239,	36859,	102,	-18,	-89,	36839,	29,	-52,	-257,	
2,	15,	762282,	1.65255e+015,	-9,	29,	16,	-27,	-4,	-16,	-34,	0,	1.65255e+009,	0.286321,	-0.516208,	-0.196457,	-0.322045,	-0.178578,	0.0549972,	0.0103174,	0.158503,	-0.0583491,	0.164653,	0.0366665,	0.00867668,	-0.26128,	0.0434654,	0.00799367,	-0.176136,	-0.364038,	0.0339545,	0.00614119,	-0.503771,	-0.3003,	0.48328,	-0.06664,	36839,	-412,	-35,	-210,	36869,	101,	-18,	-82,	36849,	29,	-54,	-249,	
2,	15,	762344,	1.65255e+015,	11,	29,	3,	-2,	4,	7,	8,	9,	1.65255e+009,	0.286321,	-0.516208,	-0.196457,	-0.322045,	-0.178578,	0.0549972,	0.0103174,	0.158503,	-0.0583491,	0.164653,	0.0366665,	0.00867668,	-0.26128,	0.0434654,	0.00799367,	-0.176136,	-0.364038,	0.0339545,	0.00614119,	-0.503771,	-0.3003,	0.48328,	-0.06664,	36849,	-423,	-31,	-181,	36879,	100,	-16,	-75,	36859,	27,	-56,	-241,	
2,	15,	762407,	1.65255e+015,	-4,	-14,	-9,	-1,	-6,	-7,	-60,	-10,	1.65255e+009,	0.286321,	-0.516208,	-0.196457,	-0.322045,	-0.178578,	0.0549972,	0.0103174,	0.158503,	-0.0583491,	0.164653,	0.0366665,	0.00867668,	-0.26128,	0.0434654,	0.00799367,	-0.176136,	-0.364038,	0.0339545,	0.00614119,	-0.503771,	-0.3003,	0.48328,	-0.06664,	36859,	-431,	-30,	-154,	36889,	98,	-15,	-71,	36869,	26,	-58,	-234,	
2,	15,	762469,	1.65255e+015,	3,	1,	-60,	-17,	-2,	-8,	32,	-1,	1.65255e+009,	0.226201,	-0.516208,	-0.196457,	-0.322045,	-0.178578,	0.0549972,	0.0103174,	0.158503,	-0.0583491,	0.164653,	0.0366665,	0.00867668,	-0.26128,	0.0434654,	0.00799367,	-0.176136,	-0.364038,	0.0339545,	0.00614119,	-0.503771,	-0.2639,	0.48328,	-0.06664,	36869,	-437,	-31,	-131,	36899,	94,	-16,	-70,	36879,	23,	-59,	-230,	
2,	15,	762532,	1.65255e+015,	10,	21,	67,	9,	5,	4,	30,	7,	1.65255e+009,	0.226201,	-0.516208,	-0.196457,	-0.322045,	-0.178578,	0.0549972,	0.0103174,	0.158503,	-0.0583491,	0.164653,	0.0366665,	0.00867668,	-0.26128,	0.0434654,	0.00799367,	-0.176136,	-0.364038,	0.0339545,	0.00614119,	-0.503771,	-0.2639,	0.48328,	-0.06664,	36879,	-440,	-31,	-114,	36909,	89,	-16,	-68,	36889,	22,	-58,	-226,	
2,	15,	762594,	1.65255e+015,	-3,	21,	22,	0,	2,	5,	-27,	-1,	1.65255e+009,	0.226201,	-0.516208,	-0.196457,	-0.322045,	-0.178578,	0.0549972,	0.0103174,	0.158503,	-0.0583491,	0.164653,	0.0366665,	0.00867668,	-0.26128,	0.0434654,	0.00799367,	-0.176136,	-0.364038,	0.0339545,	0.00614119,	-0.503771,	-0.2639,	0.48328,	-0.06664,	36889,	-439,	-27,	-100,	36919,	87,	-17,	-69,	36899,	22,	-56,	-226,	
2,	15,	762657,	1.65255e+015,	2,	15,	34,	17,	1,	4,	-26,	-8,	1.65255e+009,	0.226201,	-0.516208,	-0.196457,	-0.322045,	-0.178578,	0.0549972,	0.0103174,	0.158503,	-0.0583491,	0.164653,	0.0366665,	0.00867668,	-0.26128,	0.0434654,	0.00799367,	-0.176136,	-0.364038,	0.0339545,	0.00614119,	-0.503771,	-0.2639,	0.48328,	-0.06664,	36899,	-438,	-28,	-92,	36929,	85,	-19,	-70,	36909,	20,	-52,	-226,	
2,	15,	762719,	1.65255e+015,	1,	6,	11,	17,	2,	2,	-57,	-7,	1.65255e+009,	0.226201,	-0.516208,	-0.196457,	-0.322045,	-0.178578,	0.0549972,	0.0103174,	0.158503,	-0.0583491,	0.164653,	0.0366665,	0.00867668,	-0.26128,	0.0434654,	0.00799367,	-0.176136,	-0.364038,	0.0339545,	0.00614119,	-0.503771,	-0.2639,	0.48328,	-0.06664,	36909,	-439,	-29,	-90,	36939,	80,	-24,	-71,	36919,	19,	-50,	-225,	
2,	15,	762797,	1.65255e+015,	-8,	-12,	25,	23,	9,	11,	-3,	-8,	1.65255e+009,	0.226201,	-0.516208,	-0.196457,	-0.322045,	-0.178578,	0.0549972,	0.0103174,	0.158503,	0.00473092,	0.164653,	0.0366665,	0.00867668,	-0.26128,	0.0434654,	0.00799367,	-0.176136,	-0.364038,	0.0339545,	0.00614119,	-0.503771,	-0.2275,	0.48328,	-0.06664,	36919,	-438,	-29,	-93,	36949,	78,	-26,	-73,	36929,	16,	-49,	-225,	
2,	15,	762860,	1.65255e+015,	3,	-3,	-22,	-5,	1,	0,	-2,	5,	1.65255e+009,	0.226201,	-0.516208,	-0.196457,	-0.322045,	-0.178578,	0.0549972,	0.0103174,	0.158503,	0.00473092,	0.164653,	0.0366665,	0.00867668,	-0.26128,	0.0434654,	0.00799367,	-0.176136,	-0.364038,	0.0339545,	0.00614119,	-0.503771,	-0.2275,	0.48328,	-0.06664,	36929,	-436,	-31,	-101,	36959,	77,	-29,	-75,	36939,	16,	-45,	-227,	
2,	15,	762954,	1.65255e+015,	0,	2,	-33,	2,	3,	-7,	-22,	-2,	1.65255e+009,	0.226201,	-0.516208,	-0.196457,	-0.322045,	-0.178578,	0.0549972,	0.0103174,	0.158503,	0.00473092,	0.164653,	0.0366665,	0.00867668,	-0.26128,	0.0434654,	0.00799367,	-0.176136,	-0.364038,	0.0339545,	0.00614119,	-0.503771,	-0.2275,	0.48328,	-0.06664,	36939,	-429,	-30,	-113,	36969,	78,	-31,	-77,	36949,	20,	-41,	-232,	
2,	15,	763032,	1.65255e+015,	5,	27,	19,	2,	4,	13,	-6,	-7,	1.65255e+009,	0.226201,	-0.516208,	-0.196457,	-0.322045,	-0.178578,	0.0549972,	0.0103174,	0.158503,	0.00473092,	0.164653,	0.0366665,	0.00867668,	-0.26128,	0.0434654,	0.00799367,	-0.176136,	-0.364038,	0.0339545,	0.00614119,	-0.503771,	-0.2275,	0.48328,	-0.06664,	36949,	-415,	-30,	-131,	36979,	79,	-33,	-79,	36959,	25,	-37,	-237,	
2,	15,	763094,	1.65255e+015,	6,	59,	52,	34,	2,	-3,	58,	16,	1.65255e+009,	0.226201,	-0.516208,	-0.196457,	-0.341757,	-0.114514,	0.0549972,	0.0103174,	0.158503,	0.00473092,	0.164653,	0.0366665,	0.00867668,	-0.26128,	0.0434654,	0.00799367,	-0.176136,	-0.364038,	0.0339545,	0.00614119,	-0.503771,	-0.2275,	0.48328,	-0.06664,	36959,	-400,	-30,	-149,	36989,	78,	-38,	-84,	36969,	26,	-33,	-242,	
2,	15,	763172,	1.65255e+015,	7,	10,	-7,	9,	0,	-12,	-94,	-15,	1.65255e+009,	0.361471,	-0.516208,	-0.196457,	-0.361469,	-0.114514,	0.0549972,	0.0103174,	0.158503,	0.00473092,	0.164653,	0.0366665,	0.00867668,	-0.26128,	0.0434654,	0.00799367,	-0.176136,	-0.364038,	0.0339545,	0.00614119,	-0.503771,	-0.3367,	0.48328,	-0.06664,	36969,	-393,	-33,	-164,	36999,	80,	-42,	-87,	36979,	26,	-32,	-246,	
2,	15,	763250,	1.65255e+015,	-7,	-1,	-8,	5,	-10,	-15,	-11,	2,	1.65255e+009,	0.361471,	-0.516208,	-0.196457,	-0.361469,	-0.114514,	0.0549972,	0.0103174,	0.158503,	0.00473092,	0.164653,	0.0366665,	0.00867668,	-0.26128,	0.0434654,	0.00799367,	-0.176136,	-0.276318,	0.0339545,	0.00614119,	-0.503771,	-0.3367,	0.48328,	-0.06664,	36979,	-388,	-36,	-178,	37009,	81,	-45,	-89,	36989,	25,	-31,	-247,	
2,	15,	763329,	1.65255e+015,	0,	-20,	-36,	3,	-1,	0,	-18,	1,	1.65255e+009,	0.361471,	-0.516208,	-0.196457,	-0.361469,	-0.114514,	0.0549972,	0.0103174,	0.158503,	0.00473092,	0.164653,	0.0366665,	0.00867668,	-0.26128,	0.0434654,	0.00799367,	-0.176136,	-0.276318,	0.0339545,	0.00614119,	-0.503771,	-0.3367,	0.48328,	-0.06664,	36989,	-387,	-38,	-187,	37019,	79,	-48,	-89,	36999,	23,	-31,	-248,	
2,	15,	763407,	1.65255e+015,	7,	-7,	-22,	-15,	1,	11,	63,	11,	1.65255e+009,	0.361471,	-0.516208,	-0.196457,	-0.361469,	-0.114514,	0.0549972,	0.0103174,	0.158503,	0.00473092,	0.164653,	0.0366665,	0.00867668,	-0.26128,	0.0434654,	0.00799367,	-0.176136,	-0.276318,	0.0339545,	0.00614119,	-0.503771,	-0.3367,	0.48328,	-0.06664,	36999,	-389,	-38,	-191,	37029,	79,	-49,	-87,	37009,	22,	-31,	-248,	
2,	15,	763485,	1.65255e+015,	-2,	-9,	-30,	-28,	-1,	2,	-18,	-5,	1.65255e+009,	0.361471,	-0.516208,	-0.196457,	-0.361469,	-0.114514,	0.0549972,	0.0103174,	0.158503,	0.00473092,	0.164653,	0.0366665,	0.00867668,	-0.26128,	0.0434654,	0.00799367,	-0.176136,	-0.276318,	0.0339545,	0.00614119,	-0.503771,	-0.3003,	0.48328,	-0.06664,	37009,	-386,	-36,	-196,	37039,	78,	-50,	-86,	37019,	23,	-31,	-248,	
2,	15,	763563,	1.65255e+015,	-4,	3,	-41,	21,	-5,	-26,	-70,	-12,	1.65255e+009,	0.361471,	-0.516208,	-0.196457,	-0.361469,	-0.114514,	0.0549972,	0.0103174,	0.158503,	0.00473092,	0.164653,	0.0366665,	0.00867668,	-0.26128,	0.0434654,	0.00799367,	-0.176136,	-0.276318,	0.0339545,	0.00614119,	-0.503771,	-0.3003,	0.48328,	-0.06664,	37019,	-389,	-33,	-192,	37049,	79,	-49,	-86,	37029,	20,	-33,	-248,	
2,	15,	763641,	1.65255e+015,	3,	14,	-26,	4,	-1,	5,	88,	10,	1.65255e+009,	0.361471,	-0.516208,	-0.196457,	-0.361469,	-0.114514,	0.0549972,	0.0103174,	0.158503,	0.00473092,	0.164653,	0.0366665,	0.00867668,	-0.26128,	0.0434654,	0.00799367,	-0.176136,	-0.276318,	0.0339545,	0.00614119,	-0.503771,	-0.3003,	0.48328,	-0.06664,	37029,	-396,	-29,	-181,	37059,	79,	-46,	-85,	37039,	18,	-34,	-249,	
2,	15,	763719,	1.65255e+015,	-1,	3,	22,	-4,	-1,	5,	22,	-3,	1.65255e+009,	0.361471,	-0.516208,	-0.196457,	-0.361469,	-0.114514,	0.0549972,	0.0103174,	0.158503,	0.00473092,	0.164653,	0.0366665,	0.00867668,	-0.26128,	0.0434654,	0.00799367,	-0.176136,	-0.276318,	0.0339545,	0.00614119,	-0.503771,	-0.3003,	0.48328,	-0.06664,	37039,	-401,	-28,	-174,	37069,	81,	-40,	-84,	37049,	18,	-36,	-251,	
2,	15,	763782,	1.65255e+015,	5,	18,	4,	18,	1,	10,	-6,	-1,	1.65255e+009,	0.361471,	-0.516208,	-0.196457,	-0.361469,	-0.114514,	0.0549972,	0.0103174,	0.158503,	0.00473092,	0.164653,	0.0366665,	0.00867668,	-0.26128,	0.0434654,	0.00799367,	-0.176136,	-0.276318,	0.0339545,	0.00614119,	-0.503771,	-0.3003,	0.48328,	-0.06664,	37049,	-397,	-29,	-183,	37079,	82,	-34,	-85,	37059,	22,	-37,	-255,	
2,	15,	763875,	1.65255e+015,	4,	0,	1,	-2,	-2,	3,	0,	-4,	1.65255e+009,	0.361471,	-0.516208,	-0.196457,	-0.361469,	-0.114514,	0.0549972,	0.0103174,	0.158503,	0.00473092,	0.164653,	0.0366665,	0.00867668,	-0.26128,	0.0434654,	0.00799367,	-0.176136,	-0.276318,	0.0339545,	0.00614119,	-0.503771,	-0.3003,	0.48328,	-0.06664,	37059,	-387,	-28,	-206,	37089,	84,	-35,	-91,	37069,	25,	-36,	-261,	
2,	15,	763938,	1.65255e+015,	8,	3,	1,	6,	6,	6,	-27,	1,	1.65255e+009,	0.361471,	-0.516208,	-0.196457,	-0.361469,	-0.114514,	0.0549972,	0.0103174,	0.158503,	0.0835809,	0.164653,	0.0366665,	0.00867668,	-0.26128,	0.0434654,	0.00799367,	-0.176136,	-0.276318,	0.0339545,	0.00614119,	-0.503771,	-0.3003,	0.48328,	-0.06664,	37069,	-374,	-26,	-236,	37099,	83,	-36,	-104,	37079,	23,	-32,	-268,	
2,	15,	764032,	1.65255e+015,	-4,	9,	4,	14,	-2,	-4,	-22,	-1,	1.65255e+009,	0.361471,	-0.516208,	-0.196457,	-0.361469,	-0.114514,	0.0549972,	0.0103174,	0.158503,	0.0835809,	0.164653,	0.0366665,	0.00867668,	-0.26128,	0.0434654,	0.00799367,	-0.176136,	-0.276318,	0.0339545,	0.00614119,	-0.503771,	-0.3003,	0.48328,	-0.06664,	37079,	-361,	-23,	-269,	37109,	84,	-40,	-117,	37089,	22,	-28,	-277,	
2,	15,	764110,	1.65255e+015,	3,	3,	13,	10,	2,	13,	-14,	-2,	1.65255e+009,	0.361471,	-0.516208,	-0.196457,	-0.361469,	-0.114514,	0.0549972,	0.0103174,	0.158503,	0.0835809,	0.164653,	0.0366665,	0.00867668,	-0.26128,	0.0434654,	0.00799367,	-0.176136,	-0.276318,	0.0339545,	0.00614119,	-0.503771,	-0.3003,	0.48328,	-0.06664,	37089,	-348,	-22,	-302,	37119,	86,	-41,	-131,	37099,	23,	-25,	-288,	
2,	15,	764188,	1.65255e+015,	-8,	-16,	-26,	-23,	-7,	0,	21,	-1,	1.65255e+009,	0.361471,	-0.516208,	-0.196457,	-0.361469,	-0.114514,	0.0549972,	0.0103174,	0.152636,	0.0835809,	0.164653,	0.0366665,	0.00280999,	-0.26128,	0.0434654,	0.00799367,	-0.158347,	-0.276318,	0.0339545,	0.00614119,	-0.485982,	-0.2639,	0.48328,	-0.06664,	37099,	-337,	-19,	-331,	37129,	86,	-41,	-142,	37109,	26,	-20,	-298,	
2,	15,	764266,	1.65255e+015,	0,	-5,	13,	6,	6,	-6,	7,	5,	1.65255e+009,	0.361471,	-0.516208,	-0.262493,	-0.361469,	-0.114514,	0.0549972,	0.0103174,	0.152636,	0.0835809,	0.164653,	0.0366665,	0.00280999,	-0.26128,	0.0434654,	0.00799367,	-0.158347,	-0.276318,	0.0339545,	0.00614119,	-0.485982,	-0.2639,	0.48328,	-0.06664,	37109,	-328,	-16,	-354,	37139,	91,	-41,	-151,	37119,	31,	-18,	-308,	
2,	15,	764344,	1.65255e+015,	-5,	-23,	-10,	5,	-4,	-6,	-2,	-3,	1.65255e+009,	0.301351,	-0.516208,	-0.262493,	-0.341757,	-0.114514,	0.0549972,	0.0103174,	0.152636,	0.0835809,	0.164653,	0.0366665,	0.00280999,	-0.26128,	0.0434654,	0.00799367,	-0.158347,	-0.276318,	0.0339545,	0.00614119,	-0.485982,	-0.2184,	0.48328,	-0.06664,	37119,	-321,	-15,	-372,	37149,	94,	-42,	-157,	37129,	37,	-15,	-317,	
2,	15,	764422,	1.65255e+015,	-4,	-3,	-7,	7,	0,	-11,	-1,	-2,	1.65255e+009,	0.120991,	-0.516208,	-0.262493,	-0.262909,	-0.194594,	0.0549972,	0.0103174,	0.145303,	0.00473092,	0.164653,	0.0366665,	-0.00452337,	-0.26128,	0.0434654,	0.00799367,	-0.13611,	-0.276318,	-0.0301105,	-0.00482866,	-0.463745,	-0.2639,	0.48328,	-0.06664,	37129,	-314,	-15,	-389,	37159,	96,	-44,	-164,	37139,	41,	-14,	-326,	
2,	15,	764500,	1.65255e+015,	0,	-4,	0,	-13,	-2,	-10,	-1,	0,	1.65255e+009,	-0.299849,	-0.516208,	-0.378056,	-0.129853,	-0.338738,	0.0549972,	0.0103174,	0.124424,	-0.216049,	0.0648635,	0.0123731,	-0.00543948,	-0.369695,	-0.0629806,	-0.0094374,	-0.11337,	-0.276318,	-0.171054,	-0.0197161,	-0.411436,	-0.3458,	0.52643,	-0.05096,	37139,	-306,	-16,	-409,	37169,	100,	-45,	-170,	37149,	44,	-15,	-332,	
2,	15,	764563,	1.65255e+015,	1,	1,	0,	4,	0,	0,	0,	-2,	1.65255e+009,	-0.540329,	-0.516208,	-0.378056,	-0.0608608,	-0.562962,	-0.11305,	-0.0151288,	0.117091,	-0.484139,	-0.114758,	-0.0152947,	-0.0127728,	-0.47811,	-0.240391,	-0.0223744,	-0.0911333,	-0.364038,	-0.376062,	-0.0186753,	-0.389199,	-0.3913,	0.52643,	-0.05096,	37149,	-297,	-14,	-428,	37179,	101,	-48,	-177,	37159,	46,	-15,	-337,	
2,	15,	764641,	1.65255e+015,	-4,	-25,	-8,	-1,	-1,	-1,	-4,	-2,	1.65255e+009,	-0.660569,	-0.516208,	-0.378056,	-0.0362208,	-0.707106,	-0.235266,	-0.0222832,	0.117091,	-0.752229,	-0.314339,	-0.0218188,	-0.0127728,	-0.69494,	-0.435542,	-0.0133392,	-0.0911333,	-0.605268,	-0.45294,	-0.0113504,	-0.389199,	-0.3913,	0.56095,	-0.05096,	37159,	-289,	-14,	-444,	37189,	103,	-49,	-182,	37169,	46,	-18,	-340,	
2,	15,	764719,	1.65255e+015,	8,	-4,	0,	-1,	0,	3,	-1,	1,	1.65255e+009,	-0.660569,	-0.516208,	-0.378056,	-0.0165088,	-0.867266,	-0.41859,	-0.0150907,	0.117091,	-0.988779,	-0.434087,	-0.0134968,	-0.0127728,	-0.803355,	-0.648434,	-0.0243155,	-0.0911333,	-0.714918,	-0.593883,	-0.0119028,	-0.389199,	-0.3367,	0.56095,	-0.05096,	37169,	-282,	-14,	-456,	37199,	107,	-47,	-185,	37179,	48,	-18,	-343,	
2,	15,	764797,	1.65255e+015,	-7,	-22,	-13,	-10,	-5,	-2,	-4,	-13,	1.65255e+009,	-0.720689,	-0.516208,	-0.378056,	0.00813121,	-0.867266,	-0.494975,	-0.00574569,	0.107486,	-0.988779,	-0.513919,	-0.00285023,	-0.0135059,	-0.803355,	-0.648434,	-0.0243155,	-0.0800384,	-0.714918,	-0.657948,	-0.0266753,	-0.378104,	-0.2821,	0.56095,	-0.05096,	37179,	-277,	-13,	-468,	37209,	112,	-43,	-187,	37189,	49,	-19,	-345,	
2,	15,	764860,	1.65255e+015,	0,	2,	8,	4,	-2,	-3,	-1,	0,	1.65255e+009,	-0.795839,	-0.516208,	-0.378056,	0.00813121,	-0.867266,	-0.556083,	-0.00441892,	0.107486,	-0.957239,	-0.513919,	-0.00285023,	-0.0135059,	-0.803355,	-0.648434,	-0.0243155,	-0.0800384,	-0.714918,	-0.657948,	-0.0266753,	-0.378104,	-0.2821,	0.56095,	-0.05096,	37189,	-270,	-11,	-480,	37219,	116,	-38,	-188,	37199,	52,	-20,	-347,	
2,	15,	764922,	1.65255e+015,	-1,	-10,	-1,	-2,	1,	4,	-1,	0,	1.65255e+009,	-0.795839,	-0.516208,	-0.378056,	0.00813121,	-0.867266,	-0.556083,	-0.00441892,	0.100814,	-0.862619,	-0.513919,	-0.00285023,	-0.0113057,	-0.803355,	-0.648434,	-0.0243155,	-0.0778382,	-0.714918,	-0.657948,	-0.0266753,	-0.375904,	-0.3367,	0.56095,	-0.05096,	37199,	-265,	-10,	-490,	37229,	119,	-35,	-188,	37209,	54,	-22,	-349,	
2,	15,	764985,	1.65255e+015,	-1,	-2,	-10,	-8,	2,	-1,	1,	-1,	1.65255e+009,	-0.720689,	-0.516208,	-0.378056,	-0.0165088,	-0.803202,	-0.479698,	-0.00791343,	0.100814,	-0.862619,	-0.513919,	-0.00285023,	-0.0113057,	-0.803355,	-0.648434,	-0.0243155,	-0.0778382,	-0.714918,	-0.593883,	-0.0119028,	-0.346334,	-0.3822,	0.56095,	-0.05096,	37209,	-261,	-9,	-494,	37239,	123,	-31,	-187,	37219,	56,	-23,	-351,	
2,	15,	765063,	1.65255e+015,	-5,	-17,	-13,	-6,	-3,	0,	-1,	-2,	1.65255e+009,	-0.720689,	-0.516208,	-0.378056,	-0.0165088,	-0.803202,	-0.479698,	-0.00791343,	0.100814,	-0.862619,	-0.434087,	-0.0134968,	-0.0113057,	-0.803355,	-0.648434,	-0.0243155,	-0.0778382,	-0.714918,	-0.593883,	-0.0119028,	-0.346334,	-0.4277,	0.56095,	-0.05096,	37219,	-258,	-6,	-496,	37249,	125,	-27,	-186,	37229,	57,	-22,	-354,	
2,	15,	765125,	1.65255e+015,	0,	-2,	-4,	-6,	0,	-2,	-1,	-1,	1.65255e+009,	-0.720689,	-0.516208,	-0.378056,	-0.0362208,	-0.803202,	-0.41859,	-0.0150907,	0.100814,	-0.862619,	-0.434087,	-0.0134968,	-0.0113057,	-0.803355,	-0.648434,	-0.0243155,	-0.0778382,	-0.714918,	-0.593883,	-0.0119028,	-0.346334,	-0.4277,	0.56095,	-0.05096,	37229,	-259,	-4,	-497,	37259,	126,	-22,	-185,	37239,	57,	-23,	-356,	
2,	15,	765219,	1.65255e+015,	-4,	-6,	-1,	-2,	-1,	0,	0,	-1,	1.65255e+009,	-0.720689,	-0.516208,	-0.378056,	-0.0362208,	-0.803202,	-0.41859,	-0.0150907,	0.100814,	-0.862619,	-0.434087,	-0.0134968,	-0.0113057,	-0.803355,	-0.648434,	-0.0243155,	-0.0778382,	-0.714918,	-0.593883,	-0.0119028,	-0.346334,	-0.4277,	0.56095,	-0.05096,	37239,	-261,	-6,	-499,	37269,	126,	-19,	-184,	37249,	58,	-21,	-356,	
2,	15,	765297,	1.65255e+015,	-4,	-7,	-8,	-3,	0,	-1,	-1,	-2,	1.65255e+009,	-0.720689,	-0.516208,	-0.378056,	-0.0362208,	-0.803202,	-0.41859,	-0.0150907,	0.100814,	-0.862619,	-0.434087,	-0.0134968,	-0.0113057,	-0.803355,	-0.648434,	-0.0243155,	-0.0778382,	-0.714918,	-0.593883,	-0.0119028,	-0.346334,	-0.4277,	0.56095,	-0.05096,	37249,	-264,	-9,	-498,	37279,	126,	-16,	-183,	37259,	57,	-20,	-356,	
2,	15,	765375,	1.65255e+015,	-1,	-7,	-5,	-7,	-3,	1,	0,	0,	1.65255e+009,	-0.720689,	-0.516208,	-0.378056,	-0.0362208,	-0.803202,	-0.41859,	-0.0150907,	0.100814,	-0.862619,	-0.434087,	-0.0134968,	-0.0113057,	-0.803355,	-0.648434,	-0.0243155,	-0.0778382,	-0.714918,	-0.593883,	-0.0119028,	-0.346334,	-0.4277,	0.56095,	-0.05096,	37259,	-269,	-9,	-493,	37289,	127,	-14,	-181,	37269,	57,	-19,	-359,	
2,	15,	765454,	1.65255e+015,	-2,	-6,	-1,	1,	-2,	-4,	-1,	-1,	1.65255e+009,	-0.720689,	-0.516208,	-0.378056,	-0.0362208,	-0.803202,	-0.41859,	-0.0150907,	0.100814,	-0.862619,	-0.434087,	-0.0134968,	-0.0113057,	-0.803355,	-0.648434,	-0.0243155,	-0.0778382,	-0.714918,	-0.593883,	-0.0119028,	-0.346334,	-0.4277,	0.56095,	-0.05096,	37269,	-269,	-9,	-489,	37299,	129,	-13,	-178,	37279,	58,	-18,	-361,	
2,	15,	765516,	1.65255e+015,	-1,	1,	0,	1,	-3,	-3,	-2,	-1,	1.65255e+009,	-0.720689,	-0.516208,	-0.378056,	-0.0362208,	-0.803202,	-0.41859,	-0.0150907,	0.100814,	-0.862619,	-0.434087,	-0.0134968,	-0.0113057,	-0.803355,	-0.648434,	-0.0243155,	-0.0778382,	-0.714918,	-0.593883,	-0.0119028,	-0.346334,	-0.4277,	0.56095,	-0.05096,	37279,	-265,	-13,	-490,	37309,	130,	-13,	-178,	37289,	60,	-16,	-364,	
2,	15,	765594,	1.65255e+015,	1,	6,	2,	4,	1,	1,	0,	1,	1.65255e+009,	-0.720689,	-0.516208,	-0.378056,	-0.0362208,	-0.803202,	-0.41859,	-0.0150907,	0.100814,	-0.862619,	-0.434087,	-0.0134968,	-0.0113057,	-0.803355,	-0.648434,	-0.0243155,	-0.0778382,	-0.714918,	-0.593883,	-0.0119028,	-0.346334,	-0.4277,	0.56095,	-0.05096,	37289,	-261,	-16,	-492,	37319,	131,	-18,	-179,	37299,	62,	-13,	-367,	
