1,	11,	724407,	1.65255e+015,	-2,	-4,	-5,	-16,	-3,	0,	-2,	-2,	1.65255e+009,	-0.901049,	-0.245168,	-0.179948,	-0.0214368,	-0.899298,	-0.311651,	-0.0219002,	0.0953501,	-0.925699,	-0.234507,	-0.0222682,	-0.0212058,	-0.759989,	-0.293614,	-0.0223274,	-0.0522543,	-0.627198,	-0.363249,	-0.0195284,	-0.297094,	-0.5915,	0.56958,	-0.08232,	58815,	-259,	-12,	-462,	58855,	141,	-15,	-138,	58835,	66,	-16,	-344,	
1,	11,	724485,	1.65255e+015,	1,	2,	1,	2,	1,	0,	-1,	0,	1.65255e+009,	-0.901049,	-0.245168,	-0.179948,	-0.0214368,	-0.899298,	-0.311651,	-0.0219002,	0.0953501,	-0.925699,	-0.234507,	-0.0222682,	-0.0212058,	-0.759989,	-0.293614,	-0.0223274,	-0.0522543,	-0.627198,	-0.363249,	-0.0195284,	-0.297094,	-0.5915,	0.56958,	-0.08232,	58825,	-259,	-13,	-461,	58865,	140,	-15,	-137,	58845,	67,	-15,	-344,	
1,	11,	724563,	1.65255e+015,	0,	2,	0,	1,	1,	1,	0,	1,	1.65255e+009,	-0.901049,	-0.245168,	-0.179948,	-0.0214368,	-0.899298,	-0.311651,	-0.0219002,	0.0953501,	-0.925699,	-0.234507,	-0.0222682,	-0.0212058,	-0.759989,	-0.293614,	-0.0223274,	-0.0522543,	-0.627198,	-0.363249,	-0.0195284,	-0.297094,	-0.5915,	0.56958,	-0.08232,	58835,	-259,	-12,	-461,	58875,	139,	-16,	-137,	58855,	66,	-16,	-344,	
1,	11,	724657,	1.65255e+015,	-1,	-2,	-1,	-3,	1,	3,	2,	-1,	1.65255e+009,	-0.901049,	-0.245168,	-0.179948,	-0.0214368,	-0.899298,	-0.311651,	-0.0219002,	0.0953501,	-0.925699,	-0.234507,	-0.0222682,	-0.0212058,	-0.759989,	-0.293614,	-0.0223274,	-0.0522543,	-0.627198,	-0.363249,	-0.0195284,	-0.297094,	-0.5915,	0.56958,	-0.08232,	58845,	-259,	-13,	-461,	58885,	139,	-15,	-137,	58865,	66,	-17,	-344,	
1,	11,	724750,	1.65255e+015,	0,	-2,	-2,	-4,	0,	-1,	-2,	-4,	1.65255e+009,	-0.901049,	-0.245168,	-0.179948,	-0.0214368,	-0.899298,	-0.311651,	-0.0219002,	0.0953501,	-0.925699,	-0.234507,	-0.0222682,	-0.0212058,	-0.759989,	-0.293614,	-0.0223274,	-0.0522543,	-0.627198,	-0.363249,	-0.0195284,	-0.297094,	-0.5915,	0.56958,	-0.08232,	58855,	-259,	-14,	-461,	58895,	139,	-16,	-137,	58875,	66,	-17,	-344,	
1,	11,	724829,	1.65255e+015,	-2,	-1,	-4,	-1,	0,	0,	-2,	-1,	1.65255e+009,	-0.901049,	-0.245168,	-0.179948,	-0.0214368,	-0.899298,	-0.311651,	-0.0219002,	0.0953501,	-0.925699,	-0.234507,	-0.0222682,	-0.0212058,	-0.759989,	-0.293614,	-0.0223274,	-0.0522543,	-0.627198,	-0.363249,	-0.0195284,	-0.297094,	-0.5915,	0.56958,	-0.08232,	58865,	-260,	-14,	-461,	58905,	139,	-15,	-137,	58885,	65,	-16,	-344,	
1,	11,	724907,	1.65255e+015,	0,	2,	5,	5,	2,	0,	1,	1,	1.65255e+009,	-0.901049,	-0.245168,	-0.179948,	-0.0411488,	-0.899298,	-0.311651,	-0.0219002,	0.0953501,	-0.925699,	-0.234507,	-0.0222682,	-0.0212058,	-0.759989,	-0.293614,	-0.0223274,	-0.0522543,	-0.627198,	-0.363249,	-0.0195284,	-0.297094,	-0.5915,	0.56958,	-0.08232,	58875,	-260,	-14,	-461,	58915,	140,	-16,	-137,	58895,	66,	-15,	-344,	
1,	11,	724985,	1.65255e+015,	0,	3,	-2,	-1,	1,	2,	1,	-1,	1.65255e+009,	-0.901049,	-0.245168,	-0.179948,	-0.0411488,	-0.899298,	-0.311651,	-0.0219002,	0.0953501,	-0.925699,	-0.234507,	-0.0222682,	-0.0212058,	-0.759989,	-0.293614,	-0.0223274,	-0.0522543,	-0.627198,	-0.363249,	-0.0195284,	-0.297094,	-0.5915,	0.56958,	-0.08232,	58885,	-260,	-14,	-460,	58925,	139,	-15,	-137,	58905,	66,	-16,	-343,	
1,	11,	725079,	1.65255e+015,	1,	0,	2,	2,	3,	1,	-1,	0,	1.65255e+009,	-0.901049,	-0.245168,	-0.179948,	-0.0411488,	-0.899298,	-0.311651,	-0.0219002,	0.0953501,	-0.925699,	-0.234507,	-0.0222682,	-0.0212058,	-0.759989,	-0.293614,	-0.0223274,	-0.0522543,	-0.627198,	-0.363249,	-0.0195284,	-0.297094,	-0.5915,	0.56958,	-0.08232,	58895,	-261,	-14,	-460,	58935,	139,	-15,	-137,	58915,	67,	-15,	-343,	
1,	11,	725157,	1.65255e+015,	0,	-7,	0,	-1,	3,	-3,	-1,	0,	1.65255e+009,	-0.901049,	-0.245168,	-0.179948,	-0.0411488,	-0.899298,	-0.311651,	-0.0219002,	0.0953501,	-0.925699,	-0.234507,	-0.0222682,	-0.0212058,	-0.759989,	-0.293614,	-0.0223274,	-0.0522543,	-0.627198,	-0.363249,	-0.0195284,	-0.297094,	-0.5915,	0.56958,	-0.08232,	58905,	-261,	-13,	-460,	58945,	140,	-15,	-137,	58925,	66,	-16,	-343,	
1,	11,	725235,	1.65255e+015,	2,	5,	2,	4,	2,	-2,	-2,	1,	1.65255e+009,	-0.901049,	-0.245168,	-0.179948,	-0.0411488,	-0.899298,	-0.311651,	-0.0219002,	0.0953501,	-0.925699,	-0.234507,	-0.0222682,	-0.0212058,	-0.759989,	-0.293614,	-0.0223274,	-0.0522543,	-0.627198,	-0.363249,	-0.0195284,	-0.297094,	-0.5915,	0.56958,	-0.08232,	58915,	-261,	-13,	-460,	58955,	140,	-14,	-137,	58935,	66,	-16,	-344,	
1,	11,	725313,	1.65255e+015,	-1,	-2,	0,	-2,	0,	0,	-2,	-2,	1.65255e+009,	-0.901049,	-0.245168,	-0.179948,	-0.0411488,	-0.899298,	-0.311651,	-0.0219002,	0.0953501,	-0.925699,	-0.234507,	-0.0222682,	-0.0212058,	-0.759989,	-0.293614,	-0.0223274,	-0.0522543,	-0.627198,	-0.363249,	-0.0195284,	-0.297094,	-0.5915,	0.56958,	-0.08232,	58925,	-260,	-14,	-460,	58965,	140,	-15,	-138,	58945,	66,	-15,	-344,	
1,	11,	725391,	1.65255e+015,	-3,	-2,	-4,	-3,	0,	-2,	-2,	-2,	1.65255e+009,	-0.901049,	-0.245168,	-0.179948,	-0.0411488,	-0.899298,	-0.311651,	-0.0219002,	0.0953501,	-0.925699,	-0.234507,	-0.0222682,	-0.0212058,	-0.759989,	-0.293614,	-0.0223274,	-0.0522543,	-0.627198,	-0.363249,	-0.0195284,	-0.297094,	-0.5915,	0.56958,	-0.08232,	58935,	-259,	-14,	-461,	58975,	140,	-14,	-137,	58955,	66,	-15,	-344,	
1,	11,	725469,	1.65255e+015,	-1,	-2,	0,	-2,	-3,	-2,	0,	-1,	1.65255e+009,	-0.901049,	-0.245168,	-0.179948,	-0.0411488,	-0.899298,	-0.311651,	-0.0219002,	0.0953501,	-0.925699,	-0.234507,	-0.0222682,	-0.0212058,	-0.759989,	-0.293614,	-0.0223274,	-0.0522543,	-0.627198,	-0.363249,	-0.0195284,	-0.297094,	-0.5915,	0.56958,	-0.08232,	58945,	-261,	-14,	-462,	58985,	139,	-14,	-138,	58965,	66,	-15,	-344,	
1,	11,	725547,	1.65255e+015,	0,	2,	4,	-3,	-1,	-3,	-4,	-3,	1.65255e+009,	-0.901049,	-0.245168,	-0.179948,	-0.0411488,	-0.899298,	-0.311651,	-0.0219002,	0.0953501,	-0.925699,	-0.234507,	-0.0222682,	-0.0212058,	-0.759989,	-0.293614,	-0.0223274,	-0.0522543,	-0.627198,	-0.363249,	-0.0195284,	-0.297094,	-0.5915,	0.56958,	-0.08232,	58955,	-259,	-14,	-461,	58995,	140,	-14,	-138,	58975,	66,	-16,	-344,	
1,	11,	725641,	1.65255e+015,	1,	3,	-2,	-15,	-3,	-1,	-1,	2,	1.65255e+009,	-0.901049,	-0.245168,	-0.179948,	-0.0411488,	-0.899298,	-0.311651,	-0.0219002,	0.0953501,	-0.925699,	-0.234507,	-0.0222682,	-0.0212058,	-0.759989,	-0.293614,	-0.0223274,	-0.0522543,	-0.627198,	-0.363249,	-0.0195284,	-0.297094,	-0.5915,	0.56958,	-0.08232,	58965,	-260,	-13,	-462,	59005,	141,	-14,	-138,	58985,	66,	-15,	-344,	
1,	11,	725735,	1.65255e+015,	1,	4,	1,	2,	0,	-1,	0,	-1,	1.65255e+009,	-0.901049,	-0.245168,	-0.179948,	-0.0411488,	-0.899298,	-0.311651,	-0.0219002,	0.0953501,	-0.925699,	-0.234507,	-0.0222682,	-0.0212058,	-0.759989,	-0.293614,	-0.0223274,	-0.0522543,	-0.627198,	-0.363249,	-0.0195284,	-0.297094,	-0.5915,	0.56958,	-0.08232,	58975,	-260,	-13,	-462,	59015,	140,	-15,	-138,	58995,	67,	-15,	-344,	
1,	11,	725813,	1.65255e+015,	-3,	-6,	-1,	-3,	-4,	-2,	-2,	-1,	1.65255e+009,	-0.901049,	-0.245168,	-0.179948,	-0.0411488,	-0.899298,	-0.311651,	-0.0219002,	0.0953501,	-0.925699,	-0.234507,	-0.0222682,	-0.0212058,	-0.759989,	-0.293614,	-0.0223274,	-0.0522543,	-0.627198,	-0.363249,	-0.0195284,	-0.297094,	-0.5915,	0.56958,	-0.08232,	58985,	-260,	-13,	-462,	59025,	139,	-15,	-138,	59005,	66,	-16,	-344,	
1,	11,	725891,	1.65255e+015,	1,	9,	3,	1,	-1,	0,	-1,	-1,	1.65255e+009,	-0.901049,	-0.245168,	-0.179948,	-0.0411488,	-0.899298,	-0.311651,	-0.0219002,	0.0953501,	-0.925699,	-0.234507,	-0.0222682,	-0.0212058,	-0.759989,	-0.293614,	-0.0223274,	-0.0522543,	-0.627198,	-0.363249,	-0.0195284,	-0.297094,	-0.5915,	0.56958,	-0.08232,	58995,	-260,	-13,	-462,	59035,	138,	-15,	-137,	59015,	66,	-15,	-343,	
1,	11,	725954,	1.65255e+015,	-1,	-2,	-3,	-2,	-2,	-1,	0,	-1,	1.65255e+009,	-0.901049,	-0.245168,	-0.179948,	-0.0411488,	-0.899298,	-0.311651,	-0.0219002,	0.0953501,	-0.925699,	-0.234507,	-0.0222682,	-0.0212058,	-0.759989,	-0.293614,	-0.0223274,	-0.0522543,	-0.627198,	-0.363249,	-0.0195284,	-0.297094,	-0.5915,	0.56958,	-0.08232,	59005,	-260,	-13,	-461,	59045,	138,	-14,	-137,	59025,	66,	-16,	-343,	
1,	11,	726032,	1.65255e+015,	-1,	2,	1,	2,	-2,	-1,	-1,	-1,	1.65255e+009,	-0.901049,	-0.245168,	-0.179948,	-0.0411488,	-0.899298,	-0.311651,	-0.0219002,	0.0953501,	-0.925699,	-0.234507,	-0.0222682,	-0.0212058,	-0.759989,	-0.293614,	-0.0223274,	-0.0522543,	-0.627198,	-0.363249,	-0.0195284,	-0.297094,	-0.5915,	0.56958,	-0.08232,	59015,	-261,	-14,	-460,	59055,	138,	-14,	-137,	59035,	65,	-15,	-343,	
1,	11,	726110,	1.65255e+015,	1,	1,	-4,	5,	2,	2,	-1,	1,	1.65255e+009,	-0.901049,	-0.245168,	-0.179948,	-0.0411488,	-0.899298,	-0.311651,	-0.0219002,	0.0953501,	-0.925699,	-0.234507,	-0.0222682,	-0.0212058,	-0.759989,	-0.293614,	-0.0223274,	-0.0522543,	-0.627198,	-0.363249,	-0.0195284,	-0.297094,	-0.5915,	0.56958,	-0.08232,	59025,	-262,	-15,	-460,	59065,	139,	-13,	-137,	59045,	66,	-16,	-343,	
1,	11,	726188,	1.65255e+015,	-3,	-6,	1,	1,	-1,	-3,	-2,	-1,	1.65255e+009,	-0.901049,	-0.245168,	-0.179948,	-0.0411488,	-0.899298,	-0.311651,	-0.0219002,	0.0953501,	-0.925699,	-0.234507,	-0.0222682,	-0.0212058,	-0.759989,	-0.293614,	-0.0223274,	-0.0522543,	-0.627198,	-0.363249,	-0.0195284,	-0.297094,	-0.5915,	0.56958,	-0.08232,	59035,	-262,	-15,	-459,	59075,	137,	-13,	-136,	59055,	66,	-16,	-343,	
1,	11,	726266,	1.65255e+015,	1,	5,	4,	2,	0,	0,	0,	0,	1.65255e+009,	-0.901049,	-0.245168,	-0.179948,	-0.0411488,	-0.899298,	-0.311651,	-0.0219002,	0.0953501,	-0.925699,	-0.234507,	-0.0222682,	-0.0212058,	-0.759989,	-0.293614,	-0.0223274,	-0.0522543,	-0.627198,	-0.363249,	-0.0195284,	-0.297094,	-0.5915,	0.56958,	-0.08232,	59045,	-262,	-16,	-459,	59085,	138,	-14,	-136,	59065,	66,	-16,	-343,	
1,	11,	726329,	1.65255e+015,	-2,	-3,	-4,	-3,	-4,	0,	-1,	0,	1.65255e+009,	-0.901049,	-0.245168,	-0.179948,	-0.0411488,	-0.899298,	-0.311651,	-0.0219002,	0.0953501,	-0.925699,	-0.234507,	-0.0222682,	-0.0212058,	-0.759989,	-0.293614,	-0.0223274,	-0.0522543,	-0.627198,	-0.363249,	-0.0195284,	-0.297094,	-0.5915,	0.56958,	-0.08232,	59055,	-263,	-16,	-458,	59095,	138,	-14,	-136,	59075,	66,	-16,	-343,	
1,	11,	726407,	1.65255e+015,	-2,	2,	1,	2,	2,	-1,	1,	-1,	1.65255e+009,	-0.901049,	-0.245168,	-0.179948,	-0.0411488,	-0.899298,	-0.311651,	-0.0219002,	0.0953501,	-0.925699,	-0.234507,	-0.0222682,	-0.0212058,	-0.759989,	-0.293614,	-0.0223274,	-0.0522543,	-0.627198,	-0.363249,	-0.0195284,	-0.297094,	-0.5915,	0.56958,	-0.08232,	59065,	-263,	-15,	-457,	59105,	138,	-13,	-136,	59085,	66,	-17,	-343,	
1,	11,	726485,	1.65255e+015,	0,	5,	3,	4,	-2,	0,	-1,	0,	1.65255e+009,	-0.901049,	-0.245168,	-0.179948,	-0.0411488,	-0.899298,	-0.311651,	-0.0219002,	0.0953501,	-0.925699,	-0.234507,	-0.0222682,	-0.0212058,	-0.759989,	-0.293614,	-0.0223274,	-0.0522543,	-0.627198,	-0.363249,	-0.0195284,	-0.297094,	-0.5915,	0.56958,	-0.08232,	59075,	-263,	-15,	-458,	59115,	137,	-14,	-136,	59095,	66,	-17,	-343,	
1,	11,	726547,	1.65255e+015,	1,	5,	2,	2,	1,	-1,	-1,	0,	1.65255e+009,	-0.901049,	-0.245168,	-0.179948,	-0.0411488,	-0.899298,	-0.311651,	-0.0219002,	0.0953501,	-0.925699,	-0.234507,	-0.0222682,	-0.0212058,	-0.759989,	-0.293614,	-0.0223274,	-0.0522543,	-0.627198,	-0.363249,	-0.0195284,	-0.297094,	-0.5915,	0.56958,	-0.08232,	59085,	-263,	-15,	-459,	59125,	138,	-14,	-137,	59105,	66,	-16,	-343,	
1,	11,	726625,	1.65255e+015,	1,	6,	4,	3,	5,	1,	0,	0,	1.65255e+009,	-0.901049,	-0.245168,	-0.179948,	-0.0411488,	-0.899298,	-0.311651,	-0.0219002,	0.0953501,	-0.925699,	-0.234507,	-0.0222682,	-0.0212058,	-0.759989,	-0.293614,	-0.0223274,	-0.0522543,	-0.627198,	-0.363249,	-0.0195284,	-0.297094,	-0.5915,	0.56958,	-0.08232,	59095,	-262,	-14,	-459,	59135,	138,	-14,	-137,	59115,	66,	-16,	-344,	
1,	11,	726704,	1.65255e+015,	1,	1,	3,	6,	0,	-2,	0,	-2,	1.65255e+009,	-0.901049,	-0.245168,	-0.179948,	-0.0411488,	-0.899298,	-0.311651,	-0.0219002,	0.0953501,	-0.925699,	-0.234507,	-0.0222682,	-0.0212058,	-0.759989,	-0.293614,	-0.0223274,	-0.0522543,	-0.627198,	-0.363249,	-0.0195284,	-0.297094,	-0.5915,	0.56958,	-0.08232,	59105,	-263,	-13,	-459,	59145,	138,	-14,	-137,	59125,	66,	-16,	-344,	
1,	11,	726766,	1.65255e+015,	-3,	-3,	-2,	2,	0,	-1,	-1,	-1,	1.65255e+009,	-0.901049,	-0.245168,	-0.179948,	-0.0411488,	-0.899298,	-0.311651,	-0.0219002,	0.0953501,	-0.925699,	-0.234507,	-0.0222682,	-0.0212058,	-0.759989,	-0.293614,	-0.0223274,	-0.0522543,	-0.627198,	-0.363249,	-0.0195284,	-0.297094,	-0.5915,	0.56958,	-0.08232,	59115,	-262,	-14,	-458,	59155,	137,	-15,	-137,	59135,	65,	-15,	-343,	
1,	11,	726844,	1.65255e+015,	-1,	-2,	-4,	-4,	0,	-1,	0,	-3,	1.65255e+009,	-0.901049,	-0.245168,	-0.179948,	-0.0411488,	-0.899298,	-0.311651,	-0.0219002,	0.0953501,	-0.925699,	-0.234507,	-0.0222682,	-0.0212058,	-0.759989,	-0.293614,	-0.0223274,	-0.0522543,	-0.627198,	-0.363249,	-0.0195284,	-0.297094,	-0.5915,	0.56958,	-0.08232,	59125,	-263,	-14,	-458,	59165,	138,	-13,	-137,	59145,	64,	-16,	-344,	
1,	11,	726907,	1.65255e+015,	-1,	-4,	3,	5,	4,	2,	-1,	0,	1.65255e+009,	-0.901049,	-0.245168,	-0.179948,	-0.0411488,	-0.899298,	-0.311651,	-0.0219002,	0.0953501,	-0.925699,	-0.234507,	-0.0222682,	-0.0212058,	-0.759989,	-0.293614,	-0.0223274,	-0.0522543,	-0.627198,	-0.363249,	-0.0195284,	-0.297094,	-0.5915,	0.56958,	-0.08232,	59135,	-263,	-16,	-457,	59175,	137,	-14,	-137,	59155,	65,	-16,	-343,	
1,	11,	726985,	1.65255e+015,	0,	-1,	-3,	0,	1,	-1,	-1,	-1,	1.65255e+009,	-0.901049,	-0.245168,	-0.179948,	-0.0411488,	-0.899298,	-0.311651,	-0.0219002,	0.0953501,	-0.925699,	-0.234507,	-0.0222682,	-0.0212058,	-0.759989,	-0.293614,	-0.0223274,	-0.0522543,	-0.627198,	-0.363249,	-0.0195284,	-0.297094,	-0.5915,	0.56958,	-0.08232,	59145,	-263,	-16,	-457,	59185,	138,	-13,	-137,	59165,	65,	-16,	-343,	
1,	11,	727047,	1.65255e+015,	0,	0,	-2,	-2,	-4,	-1,	-1,	-1,	1.65255e+009,	-0.901049,	-0.245168,	-0.179948,	-0.0411488,	-0.899298,	-0.311651,	-0.0219002,	0.0953501,	-0.925699,	-0.234507,	-0.0222682,	-0.0212058,	-0.759989,	-0.293614,	-0.0223274,	-0.0522543,	-0.627198,	-0.363249,	-0.0195284,	-0.297094,	-0.5915,	0.56958,	-0.08232,	59155,	-264,	-15,	-458,	59195,	138,	-13,	-137,	59175,	66,	-16,	-344,	
1,	11,	727141,	1.65255e+015,	-1,	-5,	-3,	-13,	-2,	0,	-1,	-2,	1.65255e+009,	-0.901049,	-0.245168,	-0.179948,	-0.0411488,	-0.899298,	-0.311651,	-0.0219002,	0.0953501,	-0.925699,	-0.234507,	-0.0222682,	-0.0212058,	-0.759989,	-0.293614,	-0.0223274,	-0.0522543,	-0.627198,	-0.363249,	-0.0195284,	-0.297094,	-0.5915,	0.56958,	-0.08232,	59165,	-263,	-14,	-458,	59205,	137,	-14,	-137,	59185,	65,	-16,	-344,	
1,	11,	727219,	1.65255e+015,	0,	-5,	-3,	0,	-2,	-2,	-2,	0,	1.65255e+009,	-0.901049,	-0.245168,	-0.179948,	-0.0411488,	-0.899298,	-0.311651,	-0.0219002,	0.0953501,	-0.925699,	-0.234507,	-0.0222682,	-0.0212058,	-0.759989,	-0.293614,	-0.0223274,	-0.0522543,	-0.627198,	-0.363249,	-0.0195284,	-0.297094,	-0.5915,	0.56958,	-0.08232,	59175,	-262,	-14,	-459,	59215,	138,	-14,	-137,	59195,	65,	-15,	-344,	
1,	11,	727297,	1.65255e+015,	3,	4,	1,	0,	-2,	-3,	0,	-1,	1.65255e+009,	-0.901049,	-0.245168,	-0.179948,	-0.0411488,	-0.899298,	-0.311651,	-0.0219002,	0.0953501,	-0.925699,	-0.234507,	-0.0222682,	-0.0212058,	-0.759989,	-0.293614,	-0.0223274,	-0.0522543,	-0.627198,	-0.363249,	-0.0195284,	-0.297094,	-0.5915,	0.56958,	-0.08232,	59185,	-262,	-14,	-460,	59225,	137,	-13,	-137,	59205,	66,	-14,	-344,	
1,	11,	727375,	1.65255e+015,	-2,	-2,	-14,	-1,	-3,	0,	0,	-2,	1.65255e+009,	-0.901049,	-0.245168,	-0.179948,	-0.0411488,	-0.899298,	-0.311651,	-0.0219002,	0.0953501,	-0.925699,	-0.234507,	-0.0222682,	-0.0212058,	-0.759989,	-0.293614,	-0.0223274,	-0.0522543,	-0.627198,	-0.363249,	-0.0195284,	-0.297094,	-0.5915,	0.56958,	-0.08232,	59195,	-262,	-13,	-460,	59235,	139,	-12,	-137,	59215,	65,	-15,	-344,	
1,	11,	727454,	1.65255e+015,	0,	-1,	-3,	1,	0,	-2,	0,	0,	1.65255e+009,	-0.901049,	-0.245168,	-0.179948,	-0.0411488,	-0.899298,	-0.311651,	-0.0219002,	0.0953501,	-0.925699,	-0.234507,	-0.0222682,	-0.0212058,	-0.759989,	-0.293614,	-0.0223274,	-0.0522543,	-0.627198,	-0.363249,	-0.0195284,	-0.297094,	-0.5915,	0.56958,	-0.08232,	59205,	-262,	-14,	-461,	59245,	139,	-13,	-137,	59225,	66,	-14,	-344,	
2,	11,	727563,	1.65255e+015,	-3,	1,	5,	2,	-2,	0,	0,	0,	1.65255e+009,	-0.901049,	-0.245168,	-0.179948,	-0.0411488,	-0.899298,	-0.311651,	-0.0219002,	0.0953501,	-0.925699,	-0.234507,	-0.0222682,	-0.0212058,	-0.759989,	-0.293614,	-0.0223274,	-0.0522543,	-0.627198,	-0.363249,	-0.0195284,	-0.297094,	-0.5915,	0.56958,	-0.08232,	59215,	-262,	-15,	-460,	59255,	139,	-12,	-138,	59235,	66,	-14,	-344,	
2,	11,	727641,	1.65255e+015,	-3,	-1,	-2,	-1,	0,	-1,	0,	-1,	1.65255e+009,	-0.901049,	-0.245168,	-0.179948,	-0.0411488,	-0.899298,	-0.311651,	-0.0219002,	0.0953501,	-0.925699,	-0.234507,	-0.0222682,	-0.0212058,	-0.759989,	-0.293614,	-0.0223274,	-0.0522543,	-0.627198,	-0.363249,	-0.0195284,	-0.297094,	-0.5915,	0.56958,	-0.08232,	59225,	-262,	-15,	-461,	59265,	137,	-13,	-138,	59245,	67,	-14,	-345,	
2,	11,	727719,	1.65255e+015,	-3,	-4,	0,	-5,	-4,	-3,	-1,	-1,	1.65255e+009,	-0.901049,	-0.245168,	-0.179948,	-0.0411488,	-0.899298,	-0.311651,	-0.0219002,	0.0953501,	-0.925699,	-0.234507,	-0.0222682,	-0.0212058,	-0.759989,	-0.293614,	-0.0223274,	-0.0522543,	-0.627198,	-0.363249,	-0.0195284,	-0.297094,	-0.5915,	0.56958,	-0.08232,	59235,	-261,	-16,	-461,	59275,	137,	-13,	-138,	59255,	67,	-13,	-345,	
2,	11,	727797,	1.65255e+015,	1,	1,	-7,	-12,	0,	0,	0,	-1,	1.65255e+009,	-0.901049,	-0.245168,	-0.179948,	-0.0411488,	-0.899298,	-0.311651,	-0.0219002,	0.0953501,	-0.925699,	-0.234507,	-0.0222682,	-0.0212058,	-0.759989,	-0.293614,	-0.0223274,	-0.0522543,	-0.627198,	-0.363249,	-0.0195284,	-0.297094,	-0.5915,	0.56958,	-0.08232,	59245,	-260,	-15,	-462,	59285,	138,	-13,	-138,	59265,	66,	-14,	-344,	
2,	11,	727875,	1.65255e+015,	-4,	-7,	2,	1,	-5,	-5,	-1,	-2,	1.65255e+009,	-0.901049,	-0.245168,	-0.179948,	-0.0411488,	-0.899298,	-0.311651,	-0.0219002,	0.0953501,	-0.925699,	-0.234507,	-0.0222682,	-0.0212058,	-0.759989,	-0.293614,	-0.0223274,	-0.0522543,	-0.627198,	-0.363249,	-0.0195284,	-0.297094,	-0.5915,	0.56958,	-0.08232,	59255,	-261,	-16,	-462,	59295,	138,	-12,	-138,	59275,	67,	-13,	-344,	
2,	11,	727954,	1.65255e+015,	-3,	-4,	7,	-3,	-3,	-5,	-2,	-2,	1.65255e+009,	-0.901049,	-0.245168,	-0.179948,	-0.0165088,	-0.899298,	-0.311651,	-0.0219002,	0.0953501,	-0.925699,	-0.234507,	-0.0222682,	-0.0212058,	-0.759989,	-0.293614,	-0.0223274,	-0.0522543,	-0.627198,	-0.363249,	-0.0195284,	-0.297094,	-0.5915,	0.56958,	-0.08232,	59265,	-261,	-15,	-461,	59305,	139,	-12,	-138,	59285,	66,	-14,	-344,	
2,	11,	728016,	1.65255e+015,	-7,	-20,	-7,	-21,	1,	-5,	-7,	-6,	1.65255e+009,	-1.05135,	-0.368368,	-0.262493,	0.0327712,	-0.899298,	-0.311651,	-0.0219002,	0.0953501,	-0.925699,	-0.234507,	-0.0222682,	-0.0212058,	-0.759989,	-0.293614,	-0.0223274,	-0.0522543,	-0.627198,	-0.363249,	-0.0195284,	-0.297094,	-0.5369,	0.56958,	-0.08232,	59275,	-262,	-14,	-461,	59315,	137,	-12,	-138,	59295,	66,	-14,	-344,	
2,	11,	728094,	1.65255e+015,	-4,	-2,	2,	1,	-3,	-1,	-3,	-9,	1.65255e+009,	-1.4271,	-0.762608,	-0.427583,	0.0623392,	-0.899298,	-0.311651,	-0.0219002,	0.0960117,	-0.846849,	-0.234507,	-0.0222682,	-0.0116722,	-0.759989,	-0.293614,	-0.0223274,	-0.0722907,	-0.627198,	-0.363249,	-0.0195284,	-0.340786,	-0.4914,	0.56958,	-0.08232,	59285,	-262,	-15,	-461,	59325,	138,	-12,	-138,	59305,	67,	-13,	-344,	
2,	11,	728172,	1.65255e+015,	1,	4,	-13,	-4,	1,	2,	2,	0,	1.65255e+009,	-1.59243,	-0.861168,	-0.576164,	0.0820512,	-0.899298,	-0.311651,	-0.0219002,	0.087672,	-0.767999,	-0.234507,	-0.0222682,	-0.0089219,	-0.759989,	-0.293614,	-0.0223274,	-0.0695404,	-0.627198,	-0.414501,	-0.0154857,	-0.338036,	-0.5369,	0.56958,	-0.08232,	59295,	-263,	-14,	-461,	59335,	137,	-12,	-137,	59315,	67,	-13,	-344,	
2,	11,	728250,	1.65255e+015,	3,	0,	3,	-15,	0,	0,	0,	0,	1.65255e+009,	-1.66758,	-0.861168,	-0.741254,	0.0820512,	-0.899298,	-0.311651,	-0.0219002,	0.087672,	-0.767999,	-0.234507,	-0.0222682,	-0.0089219,	-0.759989,	-0.293614,	-0.0223274,	-0.0695404,	-0.627198,	-0.414501,	-0.0154857,	-0.349864,	-0.7189,	0.56958,	-0.08232,	59305,	-263,	-14,	-461,	59345,	138,	-13,	-137,	59325,	66,	-12,	-343,	
2,	11,	728329,	1.65255e+015,	-3,	-1,	9,	-4,	-3,	-7,	-3,	-5,	1.65255e+009,	-1.74273,	-0.984368,	-0.741254,	0.0820512,	-0.899298,	-0.311651,	-0.0219002,	0.087672,	-0.767999,	-0.234507,	-0.0222682,	-0.0089219,	-0.759989,	-0.293614,	-0.0223274,	-0.0695404,	-0.627198,	-0.414501,	-0.0154857,	-0.349864,	-0.8736,	0.56958,	-0.08232,	59315,	-263,	-15,	-461,	59355,	138,	-12,	-137,	59335,	67,	-13,	-343,	
2,	11,	728407,	1.65255e+015,	1,	-4,	9,	1,	2,	2,	-2,	1,	1.65255e+009,	-1.80285,	-0.984368,	-0.80729,	0.0820512,	-0.899298,	-0.311651,	-0.0219002,	0.0810003,	-0.767999,	-0.234507,	-0.0222682,	-0.00672164,	-0.759989,	-0.293614,	-0.0223274,	-0.0673401,	-0.627198,	-0.414501,	-0.0154857,	-0.347664,	-1.0192,	0.56958,	-0.08232,	59325,	-264,	-15,	-461,	59365,	138,	-12,	-137,	59345,	67,	-13,	-343,	
2,	11,	728485,	1.65255e+015,	4,	1,	20,	10,	5,	3,	1,	2,	1.65255e+009,	-1.80285,	-0.984368,	-0.80729,	0.0820512,	-0.899298,	-0.311651,	-0.0219002,	0.0810003,	-0.767999,	-0.234507,	-0.0222682,	-0.00672164,	-0.759989,	-0.293614,	-0.0223274,	-0.0673401,	-0.627198,	-0.414501,	-0.0154857,	-0.347664,	-1.0829,	0.56958,	-0.08232,	59335,	-263,	-14,	-461,	59375,	139,	-12,	-137,	59355,	66,	-13,	-344,	
2,	11,	728563,	1.65255e+015,	-1,	-4,	-3,	-15,	0,	-1,	-1,	2,	1.65255e+009,	-1.80285,	-0.984368,	-0.80729,	0.0820512,	-0.899298,	-0.311651,	-0.0219002,	0.0810003,	-0.767999,	-0.234507,	-0.0222682,	-0.00672164,	-0.759989,	-0.293614,	-0.0223274,	-0.0673401,	-0.539478,	-0.414501,	-0.0154857,	-0.347664,	-1.1284,	0.56958,	-0.08232,	59345,	-262,	-14,	-461,	59385,	138,	-12,	-137,	59365,	67,	-12,	-343,	
2,	11,	728641,	1.65255e+015,	-3,	-4,	9,	1,	1,	-1,	-1,	-3,	1.65255e+009,	-1.80285,	-0.984368,	-0.80729,	0.0820512,	-0.899298,	-0.311651,	-0.0219002,	0.0810003,	-0.767999,	-0.234507,	-0.0222682,	-0.00672164,	-0.759989,	-0.293614,	-0.0223274,	-0.0673401,	-0.539478,	-0.414501,	-0.0154857,	-0.347664,	-1.1284,	0.56958,	-0.08232,	59355,	-261,	-14,	-461,	59395,	137,	-12,	-137,	59375,	66,	-13,	-343,	
2,	11,	728719,	1.65255e+015,	-3,	-12,	-30,	-11,	1,	0,	-2,	-2,	1.65255e+009,	-1.80285,	-0.984368,	-0.80729,	0.0623392,	-0.835234,	-0.311651,	-0.0219002,	0.0810003,	-0.767999,	-0.234507,	-0.0222682,	-0.00672164,	-0.759989,	-0.293614,	-0.0223274,	-0.0673401,	-0.539478,	-0.414501,	-0.0154857,	-0.347664,	-1.1284,	0.56958,	-0.08232,	59365,	-261,	-14,	-461,	59405,	137,	-11,	-137,	59385,	67,	-14,	-344,	
2,	11,	728797,	1.65255e+015,	0,	-1,	-7,	7,	1,	2,	3,	2,	1.65255e+009,	-1.80285,	-0.984368,	-0.873326,	0.0623392,	-0.835234,	-0.311651,	-0.0219002,	0.0810003,	-0.767999,	-0.234507,	-0.0222682,	-0.00672164,	-0.759989,	-0.293614,	-0.0223274,	-0.0673401,	-0.539478,	-0.414501,	-0.0154857,	-0.347664,	-1.1284,	0.56958,	-0.08232,	59375,	-262,	-16,	-460,	59415,	137,	-11,	-137,	59395,	66,	-13,	-343,	
2,	11,	728875,	1.65255e+015,	-8,	-14,	2,	1,	-2,	-3,	-3,	-6,	1.65255e+009,	-1.80285,	-0.984368,	-0.873326,	0.0623392,	-0.835234,	-0.311651,	-0.0219002,	0.0743285,	-0.767999,	-0.234507,	-0.0222682,	-0.00452139,	-0.759989,	-0.293614,	-0.0223274,	-0.0651399,	-0.539478,	-0.414501,	-0.0154857,	-0.345464,	-1.1648,	0.56958,	-0.08232,	59385,	-261,	-15,	-460,	59425,	138,	-11,	-138,	59405,	66,	-14,	-344,	
2,	11,	728954,	1.65255e+015,	3,	6,	17,	0,	0,	1,	2,	3,	1.65255e+009,	-1.80285,	-0.984368,	-0.873326,	0.0623392,	-0.835234,	-0.311651,	-0.0219002,	0.0743285,	-0.767999,	-0.234507,	-0.0222682,	-0.00452139,	-0.759989,	-0.293614,	-0.0223274,	-0.0651399,	-0.539478,	-0.414501,	-0.0154857,	-0.345464,	-1.1648,	0.56958,	-0.08232,	59395,	-262,	-15,	-460,	59435,	138,	-11,	-137,	59415,	68,	-13,	-344,	
2,	11,	729032,	1.65255e+015,	-1,	2,	-2,	-2,	1,	2,	-2,	-1,	1.65255e+009,	-1.80285,	-0.984368,	-0.873326,	0.0623392,	-0.835234,	-0.311651,	-0.0219002,	0.0743285,	-0.767999,	-0.234507,	-0.0222682,	-0.00452139,	-0.759989,	-0.293614,	-0.0223274,	-0.0651399,	-0.539478,	-0.414501,	-0.0154857,	-0.345464,	-1.1648,	0.56958,	-0.08232,	59405,	-263,	-14,	-460,	59445,	138,	-11,	-137,	59425,	66,	-13,	-344,	
2,	11,	729110,	1.65255e+015,	-3,	-4,	-13,	5,	-5,	-4,	-1,	-3,	1.65255e+009,	-1.80285,	-0.984368,	-0.873326,	0.0623392,	-0.835234,	-0.311651,	-0.0219002,	0.0743285,	-0.767999,	-0.234507,	-0.0222682,	-0.00452139,	-0.759989,	-0.293614,	-0.0223274,	-0.0651399,	-0.539478,	-0.414501,	-0.0154857,	-0.345464,	-1.1648,	0.56958,	-0.08232,	59415,	-263,	-14,	-461,	59455,	137,	-11,	-137,	59435,	67,	-13,	-344,	
2,	11,	729188,	1.65255e+015,	-1,	-9,	-11,	4,	-1,	1,	1,	1,	1.65255e+009,	-1.80285,	-0.984368,	-0.873326,	0.0623392,	-0.835234,	-0.311651,	-0.0219002,	0.0743285,	-0.767999,	-0.234507,	-0.0222682,	-0.00452139,	-0.759989,	-0.293614,	-0.0223274,	-0.0651399,	-0.539478,	-0.414501,	-0.0154857,	-0.345464,	-1.1648,	0.56958,	-0.08232,	59425,	-263,	-14,	-461,	59465,	137,	-12,	-137,	59445,	67,	-13,	-344,	
2,	11,	729266,	1.65255e+015,	-4,	-5,	-12,	-8,	-1,	0,	-1,	0,	1.65255e+009,	-1.80285,	-0.984368,	-0.873326,	0.0623392,	-0.835234,	-0.311651,	-0.0219002,	0.0743285,	-0.767999,	-0.234507,	-0.0222682,	-0.00452139,	-0.759989,	-0.293614,	-0.0223274,	-0.0651399,	-0.539478,	-0.414501,	-0.0154857,	-0.345464,	-1.1648,	0.56958,	-0.08232,	59435,	-263,	-16,	-461,	59475,	136,	-12,	-137,	59455,	67,	-12,	-344,	
2,	11,	729344,	1.65255e+015,	0,	2,	-3,	0,	-2,	-1,	-2,	-1,	1.65255e+009,	-1.80285,	-0.984368,	-0.873326,	0.0623392,	-0.835234,	-0.311651,	-0.0219002,	0.0743285,	-0.767999,	-0.234507,	-0.0222682,	-0.00452139,	-0.759989,	-0.293614,	-0.0223274,	-0.0651399,	-0.539478,	-0.414501,	-0.0154857,	-0.345464,	-1.0374,	0.56958,	-0.08232,	59445,	-262,	-17,	-461,	59485,	137,	-12,	-137,	59465,	66,	-13,	-344,	
2,	11,	729422,	1.65255e+015,	-2,	0,	-1,	0,	-1,	-2,	-1,	-1,	1.65255e+009,	-1.66758,	-0.861168,	-0.691727,	0.0623392,	-0.835234,	-0.311651,	-0.0219002,	0.0810003,	-0.767999,	-0.234507,	-0.0222682,	-0.00672164,	-0.759989,	-0.293614,	-0.0223274,	-0.0673401,	-0.539478,	-0.414501,	-0.0154857,	-0.347664,	-0.7917,	0.56958,	-0.08232,	59455,	-261,	-16,	-460,	59495,	137,	-11,	-137,	59475,	67,	-14,	-344,	
2,	11,	729500,	1.65255e+015,	-1,	2,	2,	7,	2,	-1,	1,	0,	1.65255e+009,	-1.45716,	-0.762608,	-0.460601,	0.0376992,	-0.77117,	-0.311651,	-0.0219002,	0.0893399,	-0.767999,	-0.234507,	-0.0222682,	-0.00947197,	-0.759989,	-0.293614,	-0.0223274,	-0.0700905,	-0.539478,	-0.414501,	-0.0154857,	-0.350414,	-0.6188,	0.56958,	-0.08232,	59465,	-262,	-15,	-460,	59505,	136,	-12,	-137,	59485,	67,	-13,	-344,	
2,	11,	729579,	1.65255e+015,	-3,	-2,	6,	0,	0,	-2,	2,	-2,	1.65255e+009,	-1.15656,	-0.614768,	-0.378056,	0.0179872,	-0.77117,	-0.311651,	-0.0219002,	0.0960117,	-0.767999,	-0.234507,	-0.0222682,	-0.0116722,	-0.759989,	-0.293614,	-0.0223274,	-0.0722907,	-0.539478,	-0.414501,	-0.0154857,	-0.340786,	-0.6188,	0.56958,	-0.08232,	59475,	-262,	-15,	-459,	59515,	137,	-11,	-137,	59495,	67,	-13,	-344,	
2,	11,	729641,	1.65255e+015,	-1,	-3,	-10,	1,	0,	0,	-1,	1,	1.65255e+009,	-1.08141,	-0.516208,	-0.378056,	-0.00665279,	-0.77117,	-0.311651,	-0.0219002,	0.0960117,	-0.767999,	-0.234507,	-0.0222682,	-0.0116722,	-0.759989,	-0.293614,	-0.0223274,	-0.0722907,	-0.539478,	-0.414501,	-0.0154857,	-0.340786,	-0.6188,	0.56958,	-0.08232,	59485,	-261,	-15,	-460,	59525,	137,	-11,	-137,	59505,	67,	-13,	-344,	
2,	11,	729704,	1.65255e+015,	-2,	-1,	-2,	-1,	-1,	-1,	-1,	0,	1.65255e+009,	-1.08141,	-0.516208,	-0.378056,	-0.00665279,	-0.77117,	-0.311651,	-0.0219002,	0.0960117,	-0.767999,	-0.234507,	-0.0222682,	-0.0116722,	-0.759989,	-0.293614,	-0.0223274,	-0.0722907,	-0.539478,	-0.414501,	-0.0154857,	-0.340786,	-0.6188,	0.56958,	-0.08232,	59495,	-262,	-14,	-460,	59535,	137,	-11,	-137,	59515,	66,	-13,	-344,	
2,	11,	729766,	1.65255e+015,	-1,	-9,	0,	4,	-2,	-1,	-3,	0,	1.65255e+009,	-1.08141,	-0.516208,	-0.378056,	-0.00665279,	-0.77117,	-0.311651,	-0.0219002,	0.0960117,	-0.767999,	-0.234507,	-0.0222682,	-0.0116722,	-0.759989,	-0.293614,	-0.0223274,	-0.0722907,	-0.539478,	-0.414501,	-0.0154857,	-0.340786,	-0.6188,	0.56958,	-0.08232,	59505,	-261,	-13,	-461,	59545,	137,	-11,	-137,	59525,	65,	-14,	-344,	
2,	11,	729829,	1.65255e+015,	-2,	-10,	-9,	-7,	-2,	-2,	-2,	-2,	1.65255e+009,	-1.00626,	-0.516208,	-0.378056,	-0.00665279,	-0.77117,	-0.311651,	-0.0219002,	0.0960117,	-0.767999,	-0.234507,	-0.0222682,	-0.0116722,	-0.759989,	-0.293614,	-0.0223274,	-0.0722907,	-0.539478,	-0.414501,	-0.0154857,	-0.340786,	-0.6188,	0.56958,	-0.08232,	59515,	-262,	-14,	-461,	59555,	137,	-11,	-137,	59535,	67,	-13,	-345,	
2,	11,	729891,	1.65255e+015,	-1,	2,	-3,	1,	-3,	0,	-1,	0,	1.65255e+009,	-1.00626,	-0.516208,	-0.378056,	-0.00665279,	-0.77117,	-0.311651,	-0.0219002,	0.0960117,	-0.767999,	-0.234507,	-0.0222682,	-0.0116722,	-0.759989,	-0.293614,	-0.0223274,	-0.0722907,	-0.539478,	-0.414501,	-0.0154857,	-0.340786,	-0.6188,	0.56958,	-0.08232,	59525,	-260,	-15,	-461,	59565,	137,	-10,	-137,	59545,	66,	-14,	-344,	
2,	11,	729954,	1.65255e+015,	0,	1,	-3,	3,	-2,	-3,	-1,	-2,	1.65255e+009,	-1.00626,	-0.516208,	-0.378056,	-0.00665279,	-0.77117,	-0.311651,	-0.0219002,	0.0960117,	-0.767999,	-0.234507,	-0.0222682,	-0.0116722,	-0.759989,	-0.293614,	-0.0223274,	-0.0722907,	-0.539478,	-0.414501,	-0.0154857,	-0.340786,	-0.6188,	0.56958,	-0.08232,	59535,	-261,	-15,	-460,	59575,	137,	-11,	-137,	59555,	67,	-13,	-344,	
2,	11,	730032,	1.65255e+015,	-2,	-7,	0,	-1,	0,	-3,	-2,	0,	1.65255e+009,	-1.00626,	-0.516208,	-0.378056,	-0.00665279,	-0.77117,	-0.311651,	-0.0219002,	0.0960117,	-0.767999,	-0.234507,	-0.0222682,	-0.0116722,	-0.759989,	-0.293614,	-0.0223274,	-0.0722907,	-0.539478,	-0.414501,	-0.0154857,	-0.340786,	-0.6188,	0.56958,	-0.08232,	59545,	-261,	-14,	-459,	59585,	137,	-11,	-137,	59565,	66,	-12,	-344,	
2,	11,	730094,	1.65255e+015,	2,	7,	-1,	0,	-1,	-3,	-1,	-1,	1.65255e+009,	-1.00626,	-0.516208,	-0.378056,	-0.0312928,	-0.77117,	-0.311651,	-0.0219002,	0.102683,	-0.767999,	-0.234507,	-0.0222682,	-0.0138725,	-0.759989,	-0.293614,	-0.0223274,	-0.074491,	-0.539478,	-0.414501,	-0.0154857,	-0.342987,	-0.6188,	0.56958,	-0.08232,	59555,	-262,	-15,	-459,	59595,	136,	-11,	-136,	59575,	66,	-12,	-343,	
2,	11,	730157,	1.65255e+015,	-3,	-6,	2,	0,	0,	0,	0,	1,	1.65255e+009,	-1.00626,	-0.516208,	-0.31202,	-0.0312928,	-0.77117,	-0.311651,	-0.0219002,	0.102683,	-0.767999,	-0.234507,	-0.0222682,	-0.0138725,	-0.759989,	-0.293614,	-0.0223274,	-0.074491,	-0.539478,	-0.414501,	-0.0154857,	-0.342987,	-0.6188,	0.56958,	-0.08232,	59565,	-262,	-15,	-458,	59605,	137,	-11,	-137,	59585,	66,	-13,	-343,	
2,	11,	730235,	1.65255e+015,	-1,	-2,	-5,	1,	-1,	-2,	-4,	-1,	1.65255e+009,	-1.00626,	-0.516208,	-0.31202,	-0.0312928,	-0.77117,	-0.311651,	-0.0219002,	0.102683,	-0.767999,	-0.234507,	-0.0222682,	-0.0138725,	-0.759989,	-0.293614,	-0.0223274,	-0.074491,	-0.539478,	-0.414501,	-0.0154857,	-0.342987,	-0.6188,	0.56958,	-0.08232,	59575,	-263,	-15,	-457,	59615,	137,	-10,	-136,	59595,	66,	-13,	-343,	
2,	11,	730297,	1.65255e+015,	-2,	-3,	8,	-5,	-2,	-1,	-4,	-1,	1.65255e+009,	-1.00626,	-0.516208,	-0.31202,	-0.0312928,	-0.77117,	-0.311651,	-0.0219002,	0.102683,	-0.767999,	-0.234507,	-0.0222682,	-0.0138725,	-0.759989,	-0.293614,	-0.0223274,	-0.074491,	-0.539478,	-0.414501,	-0.0154857,	-0.342987,	-0.6188,	0.56958,	-0.08232,	59585,	-262,	-16,	-457,	59625,	137,	-10,	-136,	59605,	66,	-13,	-343,	
2,	11,	730375,	1.65255e+015,	2,	4,	0,	-1,	-1,	-1,	0,	0,	1.65255e+009,	-1.00626,	-0.516208,	-0.31202,	-0.0312928,	-0.77117,	-0.311651,	-0.0219002,	0.102683,	-0.767999,	-0.234507,	-0.0222682,	-0.0138725,	-0.759989,	-0.293614,	-0.0223274,	-0.074491,	-0.539478,	-0.414501,	-0.0154857,	-0.342987,	-0.6188,	0.56958,	-0.08232,	59595,	-263,	-14,	-456,	59635,	138,	-9,	-137,	59615,	65,	-14,	-343,	
2,	11,	730438,	1.65255e+015,	-2,	-2,	-16,	1,	-4,	-1,	-2,	-1,	1.65255e+009,	-1.00626,	-0.516208,	-0.31202,	-0.0312928,	-0.77117,	-0.311651,	-0.0219002,	0.102683,	-0.767999,	-0.234507,	-0.0222682,	-0.0138725,	-0.759989,	-0.293614,	-0.0223274,	-0.074491,	-0.539478,	-0.414501,	-0.0154857,	-0.342987,	-0.6188,	0.56958,	-0.08232,	59605,	-263,	-15,	-457,	59645,	137,	-10,	-137,	59625,	66,	-12,	-343,	
2,	11,	730532,	1.65255e+015,	-1,	-8,	-1,	-4,	-1,	0,	0,	-2,	1.65255e+009,	-1.00626,	-0.516208,	-0.31202,	-0.0312928,	-0.77117,	-0.311651,	-0.0219002,	0.102683,	-0.767999,	-0.234507,	-0.0222682,	-0.0138725,	-0.759989,	-0.293614,	-0.0223274,	-0.074491,	-0.539478,	-0.414501,	-0.0154857,	-0.342987,	-0.6188,	0.56958,	-0.08232,	59615,	-262,	-14,	-457,	59655,	137,	-10,	-137,	59635,	65,	-14,	-344,	
2,	11,	730594,	1.65255e+015,	0,	-11,	-7,	-8,	-3,	1,	0,	-1,	1.65255e+009,	-1.00626,	-0.516208,	-0.31202,	-0.0312928,	-0.77117,	-0.311651,	-0.0219002,	0.102683,	-0.767999,	-0.234507,	-0.0222682,	-0.0138725,	-0.759989,	-0.293614,	-0.0223274,	-0.074491,	-0.539478,	-0.414501,	-0.0154857,	-0.342987,	-0.6188,	0.56958,	-0.08232,	59625,	-263,	-14,	-457,	59665,	137,	-9,	-137,	59645,	66,	-13,	-344,	
2,	11,	730688,	1.65255e+015,	-1,	-1,	2,	-3,	-1,	-2,	-1,	-1,	1.65255e+009,	-1.00626,	-0.516208,	-0.31202,	-0.0312928,	-0.77117,	-0.311651,	-0.0219002,	0.102683,	-0.767999,	-0.234507,	-0.0222682,	-0.0138725,	-0.759989,	-0.293614,	-0.0223274,	-0.074491,	-0.539478,	-0.414501,	-0.0154857,	-0.342987,	-0.6188,	0.56958,	-0.08232,	59635,	-261,	-15,	-457,	59675,	136,	-10,	-138,	59655,	65,	-12,	-344,	
2,	11,	730766,	1.65255e+015,	2,	6,	5,	5,	1,	-1,	-2,	1,	1.65255e+009,	-1.00626,	-0.417648,	-0.31202,	-0.0312928,	-0.77117,	-0.311651,	-0.0219002,	0.102683,	-0.767999,	-0.234507,	-0.0222682,	-0.0138725,	-0.759989,	-0.293614,	-0.0223274,	-0.074491,	-0.539478,	-0.414501,	-0.0154857,	-0.342987,	-0.6188,	0.56958,	-0.08232,	59645,	-260,	-15,	-457,	59685,	137,	-10,	-138,	59665,	64,	-13,	-344,	
2,	11,	730844,	1.65255e+015,	-2,	1,	0,	0,	-1,	-2,	0,	-2,	1.65255e+009,	-0.946139,	-0.417648,	-0.31202,	-0.0312928,	-0.77117,	-0.311651,	-0.0219002,	0.102683,	-0.767999,	-0.234507,	-0.0222682,	-0.0138725,	-0.759989,	-0.293614,	-0.0223274,	-0.074491,	-0.539478,	-0.414501,	-0.0154857,	-0.342987,	-0.6188,	0.56958,	-0.08232,	59655,	-261,	-15,	-457,	59695,	137,	-10,	-138,	59675,	66,	-12,	-344,	
2,	11,	730922,	1.65255e+015,	0,	2,	0,	-5,	-3,	-1,	0,	-2,	1.65255e+009,	-0.946139,	-0.417648,	-0.31202,	-0.0312928,	-0.77117,	-0.311651,	-0.0219002,	0.102683,	-0.767999,	-0.234507,	-0.0222682,	-0.0138725,	-0.759989,	-0.293614,	-0.0223274,	-0.074491,	-0.539478,	-0.414501,	-0.0154857,	-0.342987,	-0.6188,	0.56958,	-0.08232,	59665,	-262,	-15,	-457,	59705,	137,	-10,	-137,	59685,	65,	-12,	-344,	
2,	11,	730985,	1.65255e+015,	2,	6,	1,	4,	0,	0,	0,	0,	1.65255e+009,	-0.946139,	-0.417648,	-0.31202,	-0.0312928,	-0.77117,	-0.311651,	-0.0219002,	0.102683,	-0.767999,	-0.234507,	-0.0222682,	-0.0138725,	-0.759989,	-0.293614,	-0.0223274,	-0.074491,	-0.539478,	-0.414501,	-0.0154857,	-0.342987,	-0.6188,	0.56958,	-0.08232,	59675,	-262,	-15,	-458,	59715,	136,	-11,	-137,	59695,	66,	-12,	-344,	
2,	11,	731063,	1.65255e+015,	-3,	-1,	1,	-5,	-2,	0,	-1,	0,	1.65255e+009,	-0.946139,	-0.417648,	-0.31202,	-0.0312928,	-0.77117,	-0.311651,	-0.0219002,	0.102683,	-0.767999,	-0.234507,	-0.0222682,	-0.0138725,	-0.759989,	-0.293614,	-0.0223274,	-0.074491,	-0.539478,	-0.414501,	-0.0154857,	-0.342987,	-0.6188,	0.56958,	-0.08232,	59685,	-262,	-16,	-458,	59725,	137,	-11,	-137,	59705,	66,	-12,	-344,	
2,	11,	731141,	1.65255e+015,	-1,	-3,	2,	-2,	1,	-2,	-1,	-1,	1.65255e+009,	-0.946139,	-0.417648,	-0.31202,	-0.0312928,	-0.77117,	-0.311651,	-0.0219002,	0.102683,	-0.767999,	-0.234507,	-0.0222682,	-0.0138725,	-0.759989,	-0.293614,	-0.0223274,	-0.074491,	-0.539478,	-0.414501,	-0.0154857,	-0.342987,	-0.6188,	0.56958,	-0.08232,	59695,	-262,	-14,	-457,	59735,	136,	-10,	-137,	59715,	67,	-13,	-344,	
2,	11,	731204,	1.65255e+015,	-2,	4,	0,	-4,	-3,	-2,	0,	1,	1.65255e+009,	-0.946139,	-0.417648,	-0.31202,	-0.0312928,	-0.77117,	-0.311651,	-0.0219002,	0.102683,	-0.767999,	-0.234507,	-0.0222682,	-0.0138725,	-0.759989,	-0.293614,	-0.0223274,	-0.074491,	-0.539478,	-0.414501,	-0.0154857,	-0.342987,	-0.6188,	0.56958,	-0.08232,	59705,	-262,	-14,	-457,	59745,	136,	-9,	-137,	59725,	66,	-12,	-344,	
2,	11,	731282,	1.65255e+015,	0,	1,	1,	-2,	-4,	-1,	0,	1,	1.65255e+009,	-0.946139,	-0.417648,	-0.31202,	-0.0312928,	-0.77117,	-0.311651,	-0.0219002,	0.102683,	-0.767999,	-0.234507,	-0.0222682,	-0.0138725,	-0.759989,	-0.293614,	-0.0223274,	-0.074491,	-0.539478,	-0.414501,	-0.0154857,	-0.342987,	-0.6188,	0.56958,	-0.08232,	59715,	-262,	-14,	-457,	59755,	137,	-9,	-137,	59735,	66,	-12,	-344,	
2,	11,	731344,	1.65255e+015,	0,	-3,	-4,	-1,	-1,	0,	-1,	-2,	1.65255e+009,	-0.946139,	-0.417648,	-0.31202,	-0.0312928,	-0.77117,	-0.311651,	-0.0219002,	0.102683,	-0.767999,	-0.234507,	-0.0222682,	-0.0138725,	-0.759989,	-0.293614,	-0.0223274,	-0.074491,	-0.539478,	-0.414501,	-0.0154857,	-0.342987,	-0.6188,	0.56958,	-0.08232,	59725,	-262,	-15,	-457,	59765,	136,	-10,	-137,	59745,	66,	-12,	-344,	
2,	11,	731422,	1.65255e+015,	-4,	-4,	-5,	2,	-1,	0,	1,	-2,	1.65255e+009,	-0.946139,	-0.417648,	-0.31202,	-0.0312928,	-0.77117,	-0.311651,	-0.0219002,	0.102683,	-0.767999,	-0.234507,	-0.0222682,	-0.0138725,	-0.759989,	-0.293614,	-0.0223274,	-0.074491,	-0.539478,	-0.414501,	-0.0154857,	-0.342987,	-0.6188,	0.56958,	-0.08232,	59735,	-263,	-15,	-458,	59775,	136,	-10,	-137,	59755,	65,	-12,	-345,	
2,	11,	731500,	1.65255e+015,	4,	19,	11,	8,	-1,	-1,	-1,	2,	1.65255e+009,	-0.946139,	-0.417648,	-0.31202,	-0.0312928,	-0.77117,	-0.311651,	-0.0219002,	0.102683,	-0.767999,	-0.234507,	-0.0222682,	-0.0138725,	-0.759989,	-0.293614,	-0.0223274,	-0.074491,	-0.539478,	-0.414501,	-0.0154857,	-0.342987,	-0.6188,	0.56958,	-0.08232,	59745,	-263,	-15,	-458,	59785,	136,	-10,	-137,	59765,	66,	-12,	-344,	
2,	11,	731579,	1.65255e+015,	-5,	-8,	-6,	-3,	-4,	0,	-1,	-2,	1.65255e+009,	-0.946139,	-0.417648,	-0.31202,	-0.0312928,	-0.77117,	-0.311651,	-0.0219002,	0.102683,	-0.767999,	-0.234507,	-0.0222682,	-0.0138725,	-0.759989,	-0.293614,	-0.0223274,	-0.074491,	-0.539478,	-0.414501,	-0.0154857,	-0.342987,	-0.6188,	0.56958,	-0.08232,	59755,	-262,	-15,	-458,	59795,	136,	-10,	-138,	59775,	65,	-12,	-345,	
2,	11,	731657,	1.65255e+015,	0,	1,	2,	-6,	-1,	-1,	0,	-1,	1.65255e+009,	-0.946139,	-0.417648,	-0.31202,	-0.0312928,	-0.77117,	-0.311651,	-0.0219002,	0.102683,	-0.767999,	-0.234507,	-0.0222682,	-0.0138725,	-0.759989,	-0.293614,	-0.0223274,	-0.074491,	-0.539478,	-0.414501,	-0.0154857,	-0.342987,	-0.6188,	0.56958,	-0.08232,	59765,	-263,	-15,	-458,	59805,	136,	-9,	-138,	59785,	66,	-12,	-345,	
2,	11,	731719,	1.65255e+015,	0,	-2,	-9,	1,	0,	0,	0,	1,	1.65255e+009,	-0.946139,	-0.417648,	-0.31202,	-0.0312928,	-0.77117,	-0.311651,	-0.0219002,	0.102683,	-0.767999,	-0.234507,	-0.0222682,	-0.0138725,	-0.759989,	-0.293614,	-0.0223274,	-0.074491,	-0.539478,	-0.414501,	-0.0154857,	-0.342987,	-0.6188,	0.56958,	-0.08232,	59775,	-263,	-15,	-458,	59815,	135,	-10,	-138,	59795,	65,	-11,	-345,	
2,	11,	731797,	1.65255e+015,	-3,	-5,	-5,	-6,	-3,	-2,	-1,	-2,	1.65255e+009,	-0.946139,	-0.417648,	-0.31202,	-0.0312928,	-0.77117,	-0.311651,	-0.0219002,	0.102683,	-0.767999,	-0.234507,	-0.0222682,	-0.0138725,	-0.759989,	-0.293614,	-0.0223274,	-0.074491,	-0.539478,	-0.414501,	-0.0154857,	-0.342987,	-0.6188,	0.56958,	-0.08232,	59785,	-262,	-15,	-458,	59825,	136,	-9,	-138,	59805,	66,	-12,	-344,	
2,	11,	731875,	1.65255e+015,	0,	4,	-2,	1,	0,	0,	-1,	1,	1.65255e+009,	-0.946139,	-0.417648,	-0.31202,	-0.0312928,	-0.77117,	-0.311651,	-0.0219002,	0.102683,	-0.767999,	-0.234507,	-0.0222682,	-0.0138725,	-0.759989,	-0.293614,	-0.0223274,	-0.074491,	-0.539478,	-0.414501,	-0.0154857,	-0.342987,	-0.6552,	0.56958,	-0.08232,	59795,	-263,	-15,	-458,	59835,	135,	-9,	-138,	59815,	66,	-11,	-344,	
2,	11,	731938,	1.65255e+015,	-1,	-2,	-2,	2,	-3,	0,	1,	2,	1.65255e+009,	-0.946139,	-0.417648,	-0.31202,	-0.0312928,	-0.77117,	-0.311651,	-0.0219002,	0.102683,	-0.767999,	-0.234507,	-0.0222682,	-0.0138725,	-0.759989,	-0.293614,	-0.0223274,	-0.074491,	-0.539478,	-0.414501,	-0.0154857,	-0.342987,	-0.6552,	0.56958,	-0.08232,	59805,	-262,	-14,	-458,	59845,	136,	-9,	-138,	59825,	66,	-12,	-345,	
2,	11,	732000,	1.65255e+015,	2,	5,	-2,	-3,	-2,	0,	0,	1,	1.65255e+009,	-0.946139,	-0.417648,	-0.31202,	-0.0312928,	-0.77117,	-0.311651,	-0.0219002,	0.102683,	-0.767999,	-0.234507,	-0.0222682,	-0.0138725,	-0.759989,	-0.293614,	-0.0223274,	-0.074491,	-0.539478,	-0.414501,	-0.0154857,	-0.342987,	-0.6552,	0.56958,	-0.08232,	59815,	-262,	-15,	-458,	59855,	137,	-9,	-137,	59835,	66,	-12,	-345,	
2,	11,	732063,	1.65255e+015,	-2,	-4,	-3,	-2,	-1,	-1,	-2,	-2,	1.65255e+009,	-0.946139,	-0.417648,	-0.31202,	-0.0312928,	-0.77117,	-0.311651,	-0.0219002,	0.102683,	-0.767999,	-0.234507,	-0.0222682,	-0.0138725,	-0.759989,	-0.293614,	-0.0223274,	-0.074491,	-0.539478,	-0.414501,	-0.0154857,	-0.342987,	-0.6552,	0.56958,	-0.08232,	59825,	-262,	-15,	-458,	59865,	136,	-9,	-138,	59845,	65,	-12,	-345,	
2,	11,	732125,	1.65255e+015,	-1,	1,	-1,	0,	-1,	-2,	-1,	-1,	1.65255e+009,	-0.946139,	-0.417648,	-0.31202,	-0.0312928,	-0.77117,	-0.311651,	-0.0219002,	0.102683,	-0.767999,	-0.234507,	-0.0222682,	-0.0138725,	-0.759989,	-0.293614,	-0.0223274,	-0.074491,	-0.539478,	-0.414501,	-0.0154857,	-0.342987,	-0.6552,	0.56958,	-0.08232,	59835,	-262,	-14,	-458,	59875,	136,	-9,	-138,	59855,	65,	-11,	-344,	
2,	11,	732204,	1.65255e+015,	2,	3,	2,	-6,	-1,	-1,	0,	0,	1.65255e+009,	-0.946139,	-0.417648,	-0.31202,	-0.0312928,	-0.77117,	-0.311651,	-0.0219002,	0.102683,	-0.767999,	-0.234507,	-0.0222682,	-0.0138725,	-0.759989,	-0.293614,	-0.0223274,	-0.074491,	-0.539478,	-0.414501,	-0.0154857,	-0.342987,	-0.6552,	0.56958,	-0.08232,	59845,	-262,	-15,	-457,	59885,	135,	-9,	-138,	59865,	65,	-10,	-344,	
2,	11,	732266,	1.65255e+015,	-1,	-4,	-9,	-1,	-2,	-2,	-1,	0,	1.65255e+009,	-0.946139,	-0.417648,	-0.31202,	-0.0312928,	-0.77117,	-0.311651,	-0.0219002,	0.102683,	-0.767999,	-0.234507,	-0.0222682,	-0.0138725,	-0.759989,	-0.293614,	-0.0223274,	-0.074491,	-0.539478,	-0.414501,	-0.0154857,	-0.342987,	-0.6552,	0.56958,	-0.08232,	59855,	-263,	-15,	-458,	59895,	136,	-9,	-138,	59875,	65,	-11,	-344,	
2,	11,	732344,	1.65255e+015,	0,	-3,	-11,	1,	-1,	-1,	-1,	-2,	1.65255e+009,	-0.946139,	-0.417648,	-0.31202,	-0.0312928,	-0.77117,	-0.311651,	-0.0219002,	0.102683,	-0.767999,	-0.234507,	-0.0222682,	-0.0138725,	-0.759989,	-0.293614,	-0.0223274,	-0.074491,	-0.539478,	-0.414501,	-0.0154857,	-0.342987,	-0.6552,	0.56958,	-0.08232,	59865,	-262,	-14,	-458,	59905,	135,	-9,	-138,	59885,	66,	-11,	-345,	
2,	11,	732422,	1.65255e+015,	2,	3,	12,	3,	1,	0,	1,	0,	1.65255e+009,	-0.946139,	-0.417648,	-0.31202,	-0.0312928,	-0.77117,	-0.311651,	-0.0219002,	0.102683,	-0.767999,	-0.234507,	-0.0222682,	-0.0138725,	-0.759989,	-0.293614,	-0.0223274,	-0.074491,	-0.539478,	-0.414501,	-0.0154857,	-0.342987,	-0.6552,	0.56958,	-0.08232,	59875,	-261,	-14,	-458,	59915,	136,	-9,	-138,	59895,	65,	-10,	-345,	
2,	11,	732485,	1.65255e+015,	0,	-4,	-3,	3,	-1,	0,	0,	-1,	1.65255e+009,	-0.946139,	-0.417648,	-0.31202,	-0.0312928,	-0.77117,	-0.311651,	-0.0219002,	0.102683,	-0.767999,	-0.234507,	-0.0222682,	-0.0138725,	-0.759989,	-0.293614,	-0.0223274,	-0.074491,	-0.539478,	-0.414501,	-0.0154857,	-0.342987,	-0.6552,	0.56958,	-0.08232,	59885,	-262,	-14,	-459,	59925,	134,	-9,	-138,	59905,	65,	-10,	-345,	
2,	11,	732547,	1.65255e+015,	0,	-1,	1,	3,	-2,	0,	1,	0,	1.65255e+009,	-0.946139,	-0.417648,	-0.31202,	-0.0312928,	-0.77117,	-0.311651,	-0.0219002,	0.102683,	-0.767999,	-0.234507,	-0.0222682,	-0.0138725,	-0.759989,	-0.293614,	-0.0223274,	-0.074491,	-0.539478,	-0.414501,	-0.0154857,	-0.342987,	-0.6552,	0.56958,	-0.08232,	59895,	-262,	-14,	-459,	59935,	134,	-10,	-138,	59915,	65,	-11,	-345,	
2,	11,	732610,	1.65255e+015,	-2,	-7,	-2,	-4,	-1,	0,	-2,	-3,	1.65255e+009,	-0.946139,	-0.417648,	-0.31202,	-0.0312928,	-0.77117,	-0.311651,	-0.0219002,	0.102683,	-0.767999,	-0.234507,	-0.0222682,	-0.0138725,	-0.759989,	-0.293614,	-0.0223274,	-0.074491,	-0.539478,	-0.414501,	-0.0154857,	-0.342987,	-0.6552,	0.56958,	-0.08232,	59905,	-261,	-16,	-460,	59945,	135,	-9,	-138,	59925,	65,	-11,	-345,	
