1,	3,	823750,	1.65255e+015,	-2,	-10,	-4,	-5,	-3,	-1,	-2,	-2,	1.65255e+009,	-0.645539,	-0.343728,	-0.361547,	-0.0362208,	-0.723122,	-0.281097,	-0.0225015,	0.103748,	-0.878389,	-0.154675,	-0.0186389,	-0.00837233,	-0.825038,	-0.329096,	-0.021289,	-0.0867328,	-0.758778,	-0.414501,	-0.0154857,	-0.355228,	-0.3822,	0.56095,	-0.05488,	37653,	-246,	-19,	-521,	37633,	132,	-27,	-162,	37673,	69,	3,	-364,	
1,	3,	823829,	1.65255e+015,	0,	-3,	4,	-2,	-1,	0,	-1,	0,	1.65255e+009,	-0.645539,	-0.343728,	-0.361547,	-0.0362208,	-0.723122,	-0.281097,	-0.0225015,	0.103748,	-0.878389,	-0.234507,	-0.0222682,	-0.00837233,	-0.825038,	-0.329096,	-0.021289,	-0.0867328,	-0.758778,	-0.414501,	-0.0154857,	-0.355228,	-0.3822,	0.56095,	-0.05488,	37663,	-247,	-17,	-520,	37643,	132,	-27,	-162,	37683,	69,	3,	-364,	
1,	3,	823907,	1.65255e+015,	-1,	-3,	2,	13,	-1,	-4,	-2,	-2,	1.65255e+009,	-0.645539,	-0.343728,	-0.361547,	-0.0362208,	-0.723122,	-0.281097,	-0.0225015,	0.103748,	-0.878389,	-0.234507,	-0.0222682,	-0.00837233,	-0.825038,	-0.329096,	-0.021289,	-0.0867328,	-0.758778,	-0.414501,	-0.0154857,	-0.355228,	-0.3822,	0.56095,	-0.05488,	37673,	-246,	-18,	-521,	37653,	132,	-26,	-161,	37693,	69,	4,	-364,	
1,	3,	823969,	1.65255e+015,	-1,	0,	1,	-1,	-2,	-2,	0,	-1,	1.65255e+009,	-0.645539,	-0.343728,	-0.361547,	-0.0362208,	-0.723122,	-0.281097,	-0.0225015,	0.103748,	-0.878389,	-0.234507,	-0.0222682,	-0.00837233,	-0.825038,	-0.329096,	-0.021289,	-0.0867328,	-0.758778,	-0.414501,	-0.0154857,	-0.355228,	-0.3822,	0.56095,	-0.05488,	37683,	-244,	-18,	-521,	37663,	131,	-26,	-161,	37703,	69,	2,	-364,	
1,	3,	824032,	1.65255e+015,	-1,	0,	0,	11,	-1,	-2,	-4,	-2,	1.65255e+009,	-0.645539,	-0.343728,	-0.361547,	-0.0362208,	-0.723122,	-0.281097,	-0.0225015,	0.103748,	-0.878389,	-0.234507,	-0.0222682,	-0.00837233,	-0.825038,	-0.329096,	-0.021289,	-0.0867328,	-0.758778,	-0.414501,	-0.0154857,	-0.355228,	-0.3822,	0.56095,	-0.05488,	37693,	-245,	-17,	-521,	37673,	132,	-26,	-161,	37713,	69,	2,	-364,	
1,	3,	824110,	1.65255e+015,	-1,	-3,	-5,	-7,	-5,	-3,	-1,	-2,	1.65255e+009,	-0.645539,	-0.343728,	-0.361547,	-0.0362208,	-0.723122,	-0.281097,	-0.0225015,	0.103748,	-0.878389,	-0.234507,	-0.0222682,	-0.00837233,	-0.825038,	-0.329096,	-0.021289,	-0.0867328,	-0.758778,	-0.414501,	-0.0154857,	-0.355228,	-0.3822,	0.56095,	-0.05488,	37703,	-246,	-18,	-521,	37683,	133,	-25,	-161,	37723,	70,	3,	-364,	
1,	3,	824188,	1.65255e+015,	1,	-4,	-5,	13,	2,	0,	-1,	-1,	1.65255e+009,	-0.645539,	-0.343728,	-0.361547,	-0.0362208,	-0.723122,	-0.281097,	-0.0225015,	0.103748,	-0.878389,	-0.234507,	-0.0222682,	-0.00837233,	-0.825038,	-0.329096,	-0.021289,	-0.0867328,	-0.758778,	-0.414501,	-0.0154857,	-0.355228,	-0.3822,	0.56095,	-0.05488,	37713,	-246,	-17,	-521,	37693,	132,	-26,	-161,	37733,	69,	2,	-364,	
1,	3,	824266,	1.65255e+015,	0,	0,	-1,	5,	3,	0,	-1,	0,	1.65255e+009,	-0.645539,	-0.343728,	-0.361547,	-0.0362208,	-0.723122,	-0.281097,	-0.0225015,	0.103748,	-0.878389,	-0.234507,	-0.0222682,	-0.00837233,	-0.825038,	-0.329096,	-0.021289,	-0.0867328,	-0.758778,	-0.414501,	-0.0154857,	-0.355228,	-0.3822,	0.56095,	-0.05488,	37723,	-245,	-17,	-520,	37703,	131,	-26,	-161,	37743,	69,	2,	-364,	
1,	3,	824344,	1.65255e+015,	0,	1,	-6,	12,	-3,	-1,	-1,	-1,	1.65255e+009,	-0.645539,	-0.343728,	-0.361547,	-0.0362208,	-0.723122,	-0.281097,	-0.0225015,	0.103748,	-0.878389,	-0.234507,	-0.0222682,	-0.00837233,	-0.825038,	-0.329096,	-0.021289,	-0.0867328,	-0.758778,	-0.414501,	-0.0154857,	-0.355228,	-0.3822,	0.56095,	-0.05488,	37733,	-245,	-17,	-520,	37713,	132,	-26,	-161,	37753,	69,	2,	-364,	
1,	3,	824407,	1.65255e+015,	-3,	-9,	-5,	-2,	-1,	-1,	-2,	-2,	1.65255e+009,	-0.645539,	-0.343728,	-0.361547,	-0.0362208,	-0.723122,	-0.281097,	-0.0225015,	0.103748,	-0.878389,	-0.234507,	-0.0222682,	-0.00837233,	-0.825038,	-0.329096,	-0.021289,	-0.0867328,	-0.758778,	-0.414501,	-0.0154857,	-0.355228,	-0.3822,	0.56095,	-0.05488,	37743,	-245,	-18,	-520,	37723,	133,	-26,	-161,	37763,	69,	3,	-364,	
1,	3,	824469,	1.65255e+015,	-2,	-4,	-3,	-7,	0,	1,	-1,	-1,	1.65255e+009,	-0.645539,	-0.343728,	-0.361547,	-0.0362208,	-0.723122,	-0.281097,	-0.0225015,	0.103748,	-0.878389,	-0.234507,	-0.0222682,	-0.00837233,	-0.825038,	-0.329096,	-0.021289,	-0.0867328,	-0.758778,	-0.414501,	-0.0154857,	-0.355228,	-0.3822,	0.56095,	-0.05488,	37753,	-245,	-18,	-520,	37733,	132,	-26,	-161,	37773,	68,	3,	-364,	
1,	3,	824547,	1.65255e+015,	1,	2,	2,	12,	0,	0,	1,	0,	1.65255e+009,	-0.645539,	-0.343728,	-0.361547,	-0.0362208,	-0.723122,	-0.281097,	-0.0225015,	0.103748,	-0.878389,	-0.234507,	-0.0222682,	-0.00837233,	-0.825038,	-0.329096,	-0.021289,	-0.0867328,	-0.758778,	-0.414501,	-0.0154857,	-0.355228,	-0.3822,	0.56095,	-0.05488,	37763,	-245,	-18,	-520,	37743,	133,	-26,	-162,	37783,	70,	3,	-364,	
1,	3,	824610,	1.65255e+015,	-1,	-4,	-4,	9,	1,	-1,	0,	-1,	1.65255e+009,	-0.645539,	-0.343728,	-0.361547,	-0.0362208,	-0.723122,	-0.281097,	-0.0225015,	0.103748,	-0.878389,	-0.234507,	-0.0222682,	-0.00837233,	-0.825038,	-0.329096,	-0.021289,	-0.0867328,	-0.758778,	-0.414501,	-0.0154857,	-0.355228,	-0.3822,	0.56095,	-0.05488,	37773,	-246,	-18,	-521,	37753,	132,	-25,	-161,	37793,	70,	3,	-364,	
1,	3,	824672,	1.65255e+015,	-4,	-6,	-8,	-26,	-3,	0,	0,	-2,	1.65255e+009,	-0.645539,	-0.343728,	-0.361547,	-0.0362208,	-0.723122,	-0.281097,	-0.0225015,	0.103748,	-0.878389,	-0.234507,	-0.0222682,	-0.00837233,	-0.825038,	-0.329096,	-0.021289,	-0.0867328,	-0.758778,	-0.414501,	-0.0154857,	-0.355228,	-0.3822,	0.56095,	-0.05488,	37783,	-246,	-18,	-521,	37763,	132,	-25,	-161,	37803,	68,	3,	-364,	
1,	3,	824750,	1.65255e+015,	-3,	-2,	5,	5,	0,	-1,	-1,	-1,	1.65255e+009,	-0.645539,	-0.343728,	-0.361547,	-0.0362208,	-0.723122,	-0.281097,	-0.0225015,	0.103748,	-0.878389,	-0.234507,	-0.0222682,	-0.00837233,	-0.825038,	-0.329096,	-0.021289,	-0.0867328,	-0.758778,	-0.414501,	-0.0154857,	-0.355228,	-0.3822,	0.56095,	-0.05488,	37793,	-246,	-18,	-521,	37773,	132,	-24,	-161,	37813,	69,	4,	-364,	
1,	3,	824829,	1.65255e+015,	-1,	-9,	1,	5,	-1,	1,	2,	0,	1.65255e+009,	-0.645539,	-0.343728,	-0.361547,	-0.0362208,	-0.723122,	-0.281097,	-0.0225015,	0.103748,	-0.878389,	-0.234507,	-0.0222682,	-0.00837233,	-0.825038,	-0.329096,	-0.021289,	-0.0867328,	-0.758778,	-0.414501,	-0.0154857,	-0.355228,	-0.3822,	0.56095,	-0.05488,	37803,	-246,	-18,	-521,	37783,	132,	-25,	-161,	37823,	68,	4,	-364,	
1,	3,	824891,	1.65255e+015,	3,	2,	4,	2,	-1,	-2,	-2,	-1,	1.65255e+009,	-0.645539,	-0.343728,	-0.361547,	-0.0362208,	-0.723122,	-0.281097,	-0.0225015,	0.103748,	-0.878389,	-0.234507,	-0.0222682,	-0.00837233,	-0.825038,	-0.329096,	-0.021289,	-0.0867328,	-0.758778,	-0.414501,	-0.0154857,	-0.355228,	-0.3822,	0.56095,	-0.05488,	37813,	-247,	-18,	-521,	37793,	133,	-25,	-161,	37833,	69,	4,	-364,	
1,	3,	824969,	1.65255e+015,	1,	8,	1,	5,	-2,	-2,	-1,	0,	1.65255e+009,	-0.645539,	-0.343728,	-0.361547,	-0.0362208,	-0.723122,	-0.281097,	-0.0225015,	0.103748,	-0.878389,	-0.234507,	-0.0222682,	-0.00837233,	-0.825038,	-0.329096,	-0.021289,	-0.0867328,	-0.758778,	-0.414501,	-0.0154857,	-0.355228,	-0.3822,	0.56095,	-0.05488,	37823,	-247,	-18,	-521,	37803,	132,	-25,	-161,	37843,	69,	4,	-364,	
1,	3,	825047,	1.65255e+015,	-1,	-3,	0,	-3,	-2,	0,	-1,	-3,	1.65255e+009,	-0.645539,	-0.343728,	-0.361547,	-0.0362208,	-0.723122,	-0.281097,	-0.0225015,	0.103748,	-0.878389,	-0.234507,	-0.0222682,	-0.00837233,	-0.825038,	-0.329096,	-0.021289,	-0.0867328,	-0.758778,	-0.414501,	-0.0154857,	-0.355228,	-0.3822,	0.56095,	-0.05488,	37833,	-247,	-18,	-521,	37813,	132,	-25,	-161,	37853,	68,	4,	-365,	
1,	3,	825125,	1.65255e+015,	1,	3,	4,	-4,	-2,	0,	0,	0,	1.65255e+009,	-0.645539,	-0.343728,	-0.361547,	-0.0362208,	-0.723122,	-0.281097,	-0.0225015,	0.103748,	-0.878389,	-0.234507,	-0.0222682,	-0.00837233,	-0.825038,	-0.329096,	-0.021289,	-0.0867328,	-0.758778,	-0.414501,	-0.0154857,	-0.355228,	-0.3822,	0.56095,	-0.05488,	37843,	-246,	-16,	-521,	37823,	132,	-25,	-161,	37863,	69,	4,	-364,	
1,	3,	825204,	1.65255e+015,	0,	2,	8,	5,	2,	-2,	-1,	-1,	1.65255e+009,	-0.645539,	-0.343728,	-0.361547,	-0.0362208,	-0.723122,	-0.281097,	-0.0225015,	0.103748,	-0.878389,	-0.234507,	-0.0222682,	-0.00837233,	-0.825038,	-0.329096,	-0.021289,	-0.0867328,	-0.758778,	-0.414501,	-0.0154857,	-0.355228,	-0.3822,	0.56095,	-0.05488,	37853,	-248,	-17,	-521,	37833,	132,	-25,	-162,	37873,	67,	3,	-364,	
1,	3,	825282,	1.65255e+015,	0,	5,	2,	7,	2,	1,	1,	-1,	1.65255e+009,	-0.645539,	-0.343728,	-0.361547,	-0.0362208,	-0.723122,	-0.281097,	-0.0225015,	0.103748,	-0.878389,	-0.234507,	-0.0222682,	-0.00837233,	-0.825038,	-0.329096,	-0.021289,	-0.0867328,	-0.758778,	-0.414501,	-0.0154857,	-0.355228,	-0.3822,	0.56095,	-0.05488,	37863,	-248,	-18,	-521,	37843,	132,	-25,	-162,	37883,	68,	3,	-364,	
1,	3,	825360,	1.65255e+015,	2,	4,	1,	12,	3,	1,	-1,	-1,	1.65255e+009,	-0.645539,	-0.343728,	-0.361547,	-0.0362208,	-0.723122,	-0.281097,	-0.0225015,	0.103748,	-0.878389,	-0.234507,	-0.0222682,	-0.00837233,	-0.825038,	-0.329096,	-0.021289,	-0.0867328,	-0.758778,	-0.414501,	-0.0154857,	-0.355228,	-0.3822,	0.56095,	-0.05488,	37873,	-246,	-17,	-521,	37853,	132,	-25,	-161,	37893,	68,	3,	-365,	
1,	3,	825438,	1.65255e+015,	-3,	-2,	-5,	-6,	-6,	-4,	-1,	-3,	1.65255e+009,	-0.645539,	-0.343728,	-0.361547,	-0.0362208,	-0.723122,	-0.281097,	-0.0225015,	0.103748,	-0.878389,	-0.234507,	-0.0222682,	-0.00837233,	-0.825038,	-0.329096,	-0.021289,	-0.0867328,	-0.758778,	-0.414501,	-0.0154857,	-0.355228,	-0.3822,	0.56095,	-0.05488,	37883,	-246,	-17,	-521,	37863,	133,	-26,	-161,	37903,	68,	2,	-365,	
1,	3,	825516,	1.65255e+015,	1,	3,	-5,	2,	-2,	0,	-1,	-2,	1.65255e+009,	-0.645539,	-0.343728,	-0.361547,	-0.0362208,	-0.723122,	-0.281097,	-0.0225015,	0.103748,	-0.878389,	-0.234507,	-0.0222682,	-0.00837233,	-0.825038,	-0.329096,	-0.021289,	-0.0867328,	-0.758778,	-0.414501,	-0.0154857,	-0.355228,	-0.3822,	0.56095,	-0.05488,	37893,	-245,	-17,	-521,	37873,	133,	-24,	-161,	37913,	69,	3,	-365,	
1,	3,	825594,	1.65255e+015,	2,	3,	2,	6,	-1,	-1,	-2,	-1,	1.65255e+009,	-0.645539,	-0.343728,	-0.361547,	-0.0362208,	-0.723122,	-0.281097,	-0.0225015,	0.103748,	-0.878389,	-0.234507,	-0.0222682,	-0.00837233,	-0.825038,	-0.329096,	-0.021289,	-0.0867328,	-0.758778,	-0.414501,	-0.0154857,	-0.355228,	-0.3822,	0.56095,	-0.05488,	37903,	-246,	-18,	-521,	37883,	132,	-25,	-161,	37923,	69,	2,	-365,	
1,	3,	825672,	1.65255e+015,	0,	3,	2,	5,	0,	0,	0,	0,	1.65255e+009,	-0.645539,	-0.343728,	-0.361547,	-0.0362208,	-0.723122,	-0.281097,	-0.0225015,	0.103748,	-0.878389,	-0.234507,	-0.0222682,	-0.00837233,	-0.825038,	-0.329096,	-0.021289,	-0.0867328,	-0.758778,	-0.414501,	-0.0154857,	-0.355228,	-0.3822,	0.56095,	-0.05488,	37913,	-246,	-17,	-521,	37893,	131,	-24,	-161,	37933,	69,	4,	-365,	
1,	3,	825750,	1.65255e+015,	-1,	0,	2,	5,	1,	0,	0,	-2,	1.65255e+009,	-0.645539,	-0.343728,	-0.361547,	-0.0362208,	-0.723122,	-0.281097,	-0.0225015,	0.103748,	-0.878389,	-0.234507,	-0.0222682,	-0.00837233,	-0.825038,	-0.329096,	-0.021289,	-0.0867328,	-0.758778,	-0.414501,	-0.0154857,	-0.355228,	-0.3822,	0.56095,	-0.05488,	37923,	-246,	-17,	-521,	37903,	132,	-25,	-161,	37943,	69,	3,	-365,	
1,	3,	825844,	1.65255e+015,	-2,	0,	-10,	2,	-2,	-1,	-3,	-3,	1.65255e+009,	-0.645539,	-0.343728,	-0.361547,	-0.0362208,	-0.723122,	-0.281097,	-0.0225015,	0.103748,	-0.878389,	-0.234507,	-0.0222682,	-0.00837233,	-0.825038,	-0.329096,	-0.021289,	-0.0867328,	-0.758778,	-0.414501,	-0.0154857,	-0.355228,	-0.3822,	0.56095,	-0.05488,	37933,	-246,	-17,	-521,	37913,	131,	-26,	-161,	37953,	70,	4,	-365,	
1,	3,	825938,	1.65255e+015,	1,	-3,	-4,	3,	-3,	-1,	0,	1,	1.65255e+009,	-0.645539,	-0.343728,	-0.361547,	-0.0362208,	-0.723122,	-0.281097,	-0.0225015,	0.103748,	-0.878389,	-0.234507,	-0.0222682,	-0.00837233,	-0.825038,	-0.329096,	-0.021289,	-0.0867328,	-0.758778,	-0.414501,	-0.0154857,	-0.355228,	-0.3822,	0.56095,	-0.05488,	37943,	-246,	-16,	-520,	37923,	132,	-26,	-162,	37963,	68,	3,	-365,	
1,	3,	826000,	1.65255e+015,	-2,	0,	11,	0,	-3,	-2,	-1,	0,	1.65255e+009,	-0.645539,	-0.343728,	-0.361547,	-0.0362208,	-0.723122,	-0.281097,	-0.0225015,	0.103748,	-0.878389,	-0.234507,	-0.0222682,	-0.00837233,	-0.825038,	-0.329096,	-0.021289,	-0.0867328,	-0.758778,	-0.414501,	-0.0154857,	-0.355228,	-0.3822,	0.56095,	-0.05488,	37953,	-247,	-17,	-520,	37933,	133,	-26,	-162,	37973,	68,	4,	-365,	
1,	3,	826079,	1.65255e+015,	-2,	0,	3,	-9,	-3,	-2,	0,	0,	1.65255e+009,	-0.645539,	-0.343728,	-0.361547,	-0.0362208,	-0.723122,	-0.281097,	-0.0225015,	0.103748,	-0.878389,	-0.234507,	-0.0222682,	-0.00837233,	-0.825038,	-0.329096,	-0.021289,	-0.0867328,	-0.758778,	-0.414501,	-0.0154857,	-0.355228,	-0.3822,	0.56095,	-0.05488,	37963,	-246,	-17,	-520,	37943,	132,	-25,	-162,	37983,	68,	4,	-365,	
1,	3,	826157,	1.65255e+015,	-2,	-4,	3,	5,	-2,	-3,	-2,	-1,	1.65255e+009,	-0.645539,	-0.343728,	-0.361547,	-0.0362208,	-0.723122,	-0.281097,	-0.0225015,	0.103748,	-0.878389,	-0.234507,	-0.0222682,	-0.00837233,	-0.825038,	-0.329096,	-0.021289,	-0.0867328,	-0.758778,	-0.414501,	-0.0154857,	-0.355228,	-0.3822,	0.56095,	-0.05488,	37973,	-246,	-17,	-521,	37953,	132,	-25,	-162,	37993,	68,	3,	-365,	
1,	3,	826235,	1.65255e+015,	4,	12,	9,	25,	2,	-1,	-1,	0,	1.65255e+009,	-0.645539,	-0.343728,	-0.361547,	-0.0362208,	-0.723122,	-0.281097,	-0.0225015,	0.103748,	-0.878389,	-0.234507,	-0.0222682,	-0.00837233,	-0.825038,	-0.329096,	-0.021289,	-0.0867328,	-0.758778,	-0.414501,	-0.0154857,	-0.355228,	-0.3822,	0.56095,	-0.05488,	37983,	-247,	-19,	-521,	37963,	132,	-25,	-162,	38003,	69,	4,	-364,	
1,	3,	826297,	1.65255e+015,	-1,	-1,	3,	-1,	-2,	0,	0,	0,	1.65255e+009,	-0.645539,	-0.343728,	-0.361547,	-0.0362208,	-0.723122,	-0.281097,	-0.0225015,	0.103748,	-0.878389,	-0.234507,	-0.0222682,	-0.00837233,	-0.825038,	-0.329096,	-0.021289,	-0.0867328,	-0.758778,	-0.414501,	-0.0154857,	-0.355228,	-0.3822,	0.56095,	-0.05488,	37993,	-245,	-19,	-521,	37973,	132,	-25,	-162,	38013,	68,	4,	-365,	
1,	3,	826360,	1.65255e+015,	-2,	-7,	-5,	-13,	-1,	-1,	-1,	-3,	1.65255e+009,	-0.645539,	-0.343728,	-0.361547,	-0.0362208,	-0.723122,	-0.281097,	-0.0225015,	0.103748,	-0.878389,	-0.234507,	-0.0222682,	-0.00837233,	-0.825038,	-0.329096,	-0.021289,	-0.0867328,	-0.758778,	-0.414501,	-0.0154857,	-0.355228,	-0.3822,	0.56095,	-0.05488,	38003,	-246,	-19,	-521,	37983,	132,	-25,	-161,	38023,	68,	3,	-365,	
1,	3,	826438,	1.65255e+015,	-2,	-7,	-2,	-4,	-1,	0,	-1,	0,	1.65255e+009,	-0.645539,	-0.343728,	-0.361547,	-0.0362208,	-0.723122,	-0.281097,	-0.0225015,	0.103748,	-0.878389,	-0.234507,	-0.0222682,	-0.00837233,	-0.825038,	-0.329096,	-0.021289,	-0.0867328,	-0.758778,	-0.414501,	-0.0154857,	-0.355228,	-0.3822,	0.56095,	-0.05488,	38013,	-246,	-18,	-521,	37993,	131,	-26,	-161,	38033,	68,	4,	-365,	
1,	3,	826516,	1.65255e+015,	1,	1,	-3,	-1,	1,	0,	0,	-1,	1.65255e+009,	-0.645539,	-0.343728,	-0.361547,	-0.0362208,	-0.723122,	-0.281097,	-0.0225015,	0.103748,	-0.878389,	-0.234507,	-0.0222682,	-0.00837233,	-0.825038,	-0.329096,	-0.021289,	-0.0867328,	-0.758778,	-0.414501,	-0.0154857,	-0.355228,	-0.3822,	0.56095,	-0.05488,	38023,	-247,	-18,	-521,	38003,	132,	-25,	-161,	38043,	68,	4,	-365,	
1,	3,	826594,	1.65255e+015,	0,	4,	5,	8,	-1,	-1,	0,	-1,	1.65255e+009,	-0.645539,	-0.343728,	-0.361547,	-0.0362208,	-0.723122,	-0.281097,	-0.0225015,	0.103748,	-0.878389,	-0.234507,	-0.0222682,	-0.00837233,	-0.825038,	-0.329096,	-0.021289,	-0.0867328,	-0.758778,	-0.414501,	-0.0154857,	-0.355228,	-0.3822,	0.56095,	-0.05488,	38033,	-247,	-18,	-521,	38013,	131,	-25,	-161,	38053,	69,	4,	-365,	
1,	3,	826657,	1.65255e+015,	-5,	-10,	-7,	-18,	-3,	-1,	-1,	-2,	1.65255e+009,	-0.645539,	-0.343728,	-0.361547,	-0.0362208,	-0.723122,	-0.281097,	-0.0225015,	0.103748,	-0.878389,	-0.234507,	-0.0222682,	-0.00837233,	-0.825038,	-0.329096,	-0.021289,	-0.0867328,	-0.758778,	-0.414501,	-0.0154857,	-0.355228,	-0.3822,	0.56095,	-0.05488,	38043,	-246,	-18,	-522,	38023,	131,	-25,	-161,	38063,	68,	3,	-365,	
2,	3,	826766,	1.65255e+015,	0,	-3,	16,	3,	5,	-1,	1,	-1,	1.65255e+009,	-0.645539,	-0.343728,	-0.361547,	-0.0362208,	-0.723122,	-0.281097,	-0.0225015,	0.103748,	-0.878389,	-0.234507,	-0.0222682,	-0.00837233,	-0.825038,	-0.329096,	-0.021289,	-0.0867328,	-0.758778,	-0.414501,	-0.0154857,	-0.355228,	-0.3822,	0.56095,	-0.05488,	38053,	-246,	-18,	-522,	38033,	130,	-25,	-161,	38073,	69,	4,	-365,	
2,	3,	826829,	1.65255e+015,	-2,	-10,	-1,	-12,	-6,	-1,	-2,	-1,	1.65255e+009,	-0.645539,	-0.343728,	-0.361547,	-0.0362208,	-0.723122,	-0.281097,	-0.0225015,	0.103748,	-0.878389,	-0.234507,	-0.0222682,	-0.00837233,	-0.825038,	-0.329096,	-0.021289,	-0.0867328,	-0.758778,	-0.414501,	-0.0154857,	-0.355228,	-0.3822,	0.56095,	-0.05488,	38063,	-246,	-18,	-522,	38043,	132,	-25,	-162,	38083,	68,	4,	-365,	
2,	3,	826907,	1.65255e+015,	1,	3,	-2,	8,	4,	1,	1,	0,	1.65255e+009,	-0.645539,	-0.343728,	-0.361547,	-0.0362208,	-0.723122,	-0.281097,	-0.0225015,	0.103748,	-0.878389,	-0.234507,	-0.0222682,	-0.00837233,	-0.825038,	-0.329096,	-0.021289,	-0.0867328,	-0.758778,	-0.414501,	-0.0154857,	-0.355228,	-0.3822,	0.56095,	-0.05488,	38073,	-246,	-19,	-521,	38053,	133,	-25,	-162,	38093,	69,	4,	-365,	
2,	3,	826969,	1.65255e+015,	-1,	0,	-7,	4,	-3,	-2,	-1,	-2,	1.65255e+009,	-0.645539,	-0.343728,	-0.361547,	-0.0362208,	-0.723122,	-0.281097,	-0.0225015,	0.103748,	-0.878389,	-0.234507,	-0.0222682,	-0.00837233,	-0.825038,	-0.329096,	-0.021289,	-0.0867328,	-0.758778,	-0.414501,	-0.0154857,	-0.355228,	-0.3822,	0.56095,	-0.05488,	38083,	-246,	-18,	-521,	38063,	132,	-26,	-162,	38103,	68,	3,	-365,	
2,	3,	827047,	1.65255e+015,	-3,	-3,	4,	9,	5,	-1,	-1,	-1,	1.65255e+009,	-0.645539,	-0.343728,	-0.361547,	-0.0362208,	-0.723122,	-0.281097,	-0.0225015,	0.103748,	-0.878389,	-0.234507,	-0.0222682,	-0.00837233,	-0.825038,	-0.329096,	-0.021289,	-0.0867328,	-0.758778,	-0.414501,	-0.0154857,	-0.355228,	-0.3822,	0.56095,	-0.05488,	38093,	-247,	-18,	-520,	38073,	131,	-26,	-162,	38113,	69,	3,	-365,	
2,	3,	827125,	1.65255e+015,	1,	-4,	-2,	-4,	-1,	-1,	0,	0,	1.65255e+009,	-0.645539,	-0.343728,	-0.361547,	-0.0362208,	-0.723122,	-0.281097,	-0.0225015,	0.103748,	-0.878389,	-0.234507,	-0.0222682,	-0.00837233,	-0.825038,	-0.329096,	-0.021289,	-0.0867328,	-0.758778,	-0.414501,	-0.0154857,	-0.355228,	-0.3822,	0.56095,	-0.05488,	38103,	-247,	-17,	-520,	38083,	132,	-25,	-162,	38123,	69,	4,	-365,	
2,	3,	827204,	1.65255e+015,	0,	4,	-7,	-2,	0,	0,	-1,	-3,	1.65255e+009,	-0.645539,	-0.343728,	-0.361547,	-0.0362208,	-0.723122,	-0.281097,	-0.0225015,	0.103748,	-0.878389,	-0.234507,	-0.0222682,	-0.00837233,	-0.825038,	-0.329096,	-0.021289,	-0.0867328,	-0.758778,	-0.414501,	-0.0154857,	-0.355228,	-0.3822,	0.56095,	-0.05488,	38113,	-247,	-17,	-520,	38093,	132,	-25,	-161,	38133,	69,	3,	-365,	
2,	3,	827282,	1.65255e+015,	0,	-2,	0,	-13,	-1,	-2,	-2,	-1,	1.65255e+009,	-0.645539,	-0.343728,	-0.361547,	-0.0362208,	-0.723122,	-0.281097,	-0.0225015,	0.103748,	-0.878389,	-0.234507,	-0.0222682,	-0.00837233,	-0.825038,	-0.329096,	-0.021289,	-0.0867328,	-0.758778,	-0.414501,	-0.0154857,	-0.355228,	-0.3822,	0.56095,	-0.05488,	38123,	-247,	-17,	-521,	38103,	133,	-24,	-161,	38143,	69,	3,	-365,	
2,	3,	827360,	1.65255e+015,	-1,	-6,	-5,	-4,	0,	1,	0,	0,	1.65255e+009,	-0.645539,	-0.343728,	-0.361547,	-0.0362208,	-0.723122,	-0.281097,	-0.0225015,	0.103748,	-0.878389,	-0.234507,	-0.0222682,	-0.00837233,	-0.825038,	-0.329096,	-0.021289,	-0.0867328,	-0.758778,	-0.414501,	-0.0154857,	-0.355228,	-0.3822,	0.56095,	-0.05488,	38133,	-246,	-15,	-521,	38113,	132,	-25,	-161,	38153,	69,	4,	-365,	
2,	3,	827438,	1.65255e+015,	-3,	-2,	6,	20,	2,	2,	-2,	2,	1.65255e+009,	-0.645539,	-0.343728,	-0.361547,	-0.0362208,	-0.723122,	-0.281097,	-0.0225015,	0.103748,	-0.878389,	-0.234507,	-0.0222682,	-0.00837233,	-0.825038,	-0.329096,	-0.021289,	-0.0867328,	-0.758778,	-0.414501,	-0.0154857,	-0.355228,	-0.3822,	0.56095,	-0.05488,	38143,	-246,	-16,	-521,	38123,	132,	-25,	-162,	38163,	69,	3,	-366,	
2,	3,	827516,	1.65255e+015,	-5,	-6,	12,	-6,	-5,	-3,	-1,	2,	1.65255e+009,	-0.645539,	-0.343728,	-0.361547,	-0.0362208,	-0.723122,	-0.281097,	-0.0225015,	0.103748,	-0.878389,	-0.234507,	-0.0222682,	-0.00837233,	-0.825038,	-0.329096,	-0.021289,	-0.0867328,	-0.758778,	-0.414501,	-0.0154857,	-0.355228,	-0.3822,	0.56095,	-0.05488,	38153,	-245,	-16,	-522,	38133,	132,	-25,	-161,	38173,	69,	3,	-366,	
2,	3,	827594,	1.65255e+015,	-1,	5,	3,	11,	1,	-3,	-1,	3,	1.65255e+009,	-0.645539,	-0.343728,	-0.361547,	-0.0362208,	-0.723122,	-0.281097,	-0.0225015,	0.103748,	-0.878389,	-0.234507,	-0.0222682,	-0.00837233,	-0.825038,	-0.329096,	-0.021289,	-0.0867328,	-0.758778,	-0.414501,	-0.0154857,	-0.355228,	-0.3822,	0.56095,	-0.05488,	38163,	-245,	-16,	-522,	38143,	131,	-25,	-161,	38183,	68,	2,	-366,	
2,	3,	827672,	1.65255e+015,	-1,	-4,	-3,	-8,	-1,	0,	1,	0,	1.65255e+009,	-0.645539,	-0.343728,	-0.361547,	-0.0362208,	-0.723122,	-0.281097,	-0.0225015,	0.103748,	-0.878389,	-0.234507,	-0.0222682,	-0.00837233,	-0.825038,	-0.329096,	-0.021289,	-0.0867328,	-0.758778,	-0.414501,	-0.0154857,	-0.367056,	-0.3822,	0.56095,	-0.05488,	38173,	-245,	-17,	-522,	38153,	132,	-25,	-161,	38193,	69,	4,	-366,	
2,	3,	827750,	1.65255e+015,	-4,	-3,	-6,	-2,	-4,	-3,	-3,	-7,	1.65255e+009,	-0.645539,	-0.343728,	-0.361547,	-0.0362208,	-0.723122,	-0.281097,	-0.0225015,	0.103748,	-0.878389,	-0.234507,	-0.0222682,	-0.00837233,	-0.825038,	-0.329096,	-0.021289,	-0.0867328,	-0.758778,	-0.414501,	-0.0154857,	-0.367056,	-0.3822,	0.56095,	-0.05488,	38183,	-245,	-17,	-522,	38163,	132,	-25,	-161,	38203,	68,	3,	-366,	
2,	3,	827829,	1.65255e+015,	-4,	-14,	6,	5,	-2,	-3,	-1,	4,	1.65255e+009,	-0.645539,	-0.343728,	-0.361547,	-0.0362208,	-0.723122,	-0.281097,	-0.0225015,	0.103748,	-0.878389,	-0.234507,	-0.0222682,	-0.00837233,	-0.825038,	-0.329096,	-0.021289,	-0.0867328,	-0.758778,	-0.414501,	-0.0154857,	-0.367056,	-0.3822,	0.56095,	-0.05488,	38193,	-246,	-17,	-522,	38173,	133,	-24,	-162,	38213,	69,	4,	-366,	
2,	3,	827907,	1.65255e+015,	0,	-5,	-2,	1,	-2,	0,	-3,	-15,	1.65255e+009,	-0.645539,	-0.343728,	-0.361547,	-0.0362208,	-0.723122,	-0.281097,	-0.0225015,	0.103748,	-0.878389,	-0.234507,	-0.0222682,	-0.00837233,	-0.825038,	-0.329096,	-0.021289,	-0.0867328,	-0.758778,	-0.414501,	-0.0154857,	-0.367056,	-0.3822,	0.56095,	-0.05488,	38203,	-244,	-18,	-523,	38183,	132,	-25,	-162,	38223,	68,	3,	-366,	
2,	3,	827985,	1.65255e+015,	-3,	-6,	-1,	1,	0,	-3,	1,	-2,	1.65255e+009,	-0.645539,	-0.343728,	-0.361547,	-0.0362208,	-0.723122,	-0.281097,	-0.0225015,	0.103748,	-0.878389,	-0.234507,	-0.0222682,	-0.00837233,	-0.825038,	-0.329096,	-0.021289,	-0.0867328,	-0.758778,	-0.414501,	-0.0154857,	-0.367056,	-0.3822,	0.56095,	-0.05488,	38213,	-245,	-18,	-522,	38193,	133,	-25,	-162,	38233,	67,	3,	-365,	
2,	3,	828047,	1.65255e+015,	0,	3,	6,	6,	1,	-2,	-4,	-31,	1.65255e+009,	-0.645539,	-0.343728,	-0.361547,	-0.0362208,	-0.723122,	-0.281097,	-0.0225015,	0.103748,	-0.878389,	-0.234507,	-0.0222682,	-0.00837233,	-0.825038,	-0.329096,	-0.021289,	-0.0867328,	-0.758778,	-0.414501,	-0.0154857,	-0.367056,	-0.3822,	0.56095,	-0.05488,	38223,	-244,	-18,	-522,	38203,	132,	-26,	-162,	38243,	68,	4,	-366,	
2,	3,	828110,	1.65255e+015,	-1,	-11,	-1,	4,	1,	-1,	2,	12,	1.65255e+009,	-0.645539,	-0.343728,	-0.361547,	-0.0362208,	-0.723122,	-0.281097,	-0.0225015,	0.103748,	-0.878389,	-0.234507,	-0.0222682,	-0.00837233,	-0.825038,	-0.329096,	-0.021289,	-0.0867328,	-0.758778,	-0.414501,	-0.0154857,	-0.367056,	-0.3822,	0.56095,	-0.05488,	38233,	-245,	-18,	-522,	38213,	132,	-26,	-162,	38253,	69,	4,	-366,	
2,	3,	828172,	1.65255e+015,	-3,	1,	4,	-8,	-4,	-1,	-1,	-2,	1.65255e+009,	-0.645539,	-0.343728,	-0.361547,	-0.0362208,	-0.723122,	-0.281097,	-0.0225015,	0.103748,	-0.878389,	-0.234507,	-0.0222682,	-0.00837233,	-0.825038,	-0.329096,	-0.021289,	-0.0867328,	-0.758778,	-0.414501,	-0.0154857,	-0.367056,	-0.3822,	0.56095,	-0.05488,	38243,	-244,	-17,	-522,	38223,	133,	-27,	-162,	38263,	68,	4,	-366,	
2,	3,	828250,	1.65255e+015,	-5,	-10,	-4,	-6,	-5,	-1,	-5,	-21,	1.65255e+009,	-0.585419,	-0.343728,	-0.361547,	-0.0362208,	-0.723122,	-0.281097,	-0.0225015,	0.103748,	-0.878389,	-0.234507,	-0.0222682,	-0.00837233,	-0.825038,	-0.329096,	-0.021289,	-0.0867328,	-0.758778,	-0.414501,	-0.0154857,	-0.367056,	-0.3822,	0.56095,	-0.05488,	38253,	-244,	-18,	-522,	38233,	132,	-27,	-162,	38273,	68,	4,	-366,	
2,	3,	828313,	1.65255e+015,	0,	1,	-9,	7,	6,	0,	-7,	-37,	1.65255e+009,	-0.585419,	-0.343728,	-0.361547,	-0.0362208,	-0.723122,	-0.281097,	-0.0225015,	0.103748,	-0.878389,	-0.234507,	-0.0222682,	-0.00837233,	-0.825038,	-0.329096,	-0.021289,	-0.0867328,	-0.758778,	-0.414501,	-0.0154857,	-0.367056,	-0.3822,	0.56095,	-0.05488,	38263,	-244,	-19,	-522,	38243,	132,	-25,	-162,	38283,	69,	4,	-366,	
2,	3,	828391,	1.65255e+015,	-6,	2,	36,	1,	-6,	-2,	2,	0,	1.65255e+009,	-0.585419,	-0.343728,	-0.361547,	-0.0362208,	-0.723122,	-0.281097,	-0.0225015,	0.0993476,	-0.878389,	-0.234507,	-0.0222682,	-0.0127723,	-0.933453,	-0.435542,	-0.0133392,	-0.0733908,	-0.758778,	-0.414501,	-0.0154857,	-0.353714,	-0.4186,	0.56095,	-0.05488,	38273,	-245,	-18,	-522,	38253,	132,	-25,	-162,	38293,	69,	4,	-366,	
2,	3,	828454,	1.65255e+015,	3,	-4,	1,	2,	4,	-1,	-1,	7,	1.65255e+009,	-0.585419,	-0.343728,	-0.361547,	-0.0362208,	-0.723122,	-0.281097,	-0.0225015,	0.0920142,	-0.878389,	-0.234507,	-0.0222682,	-0.0201057,	-1.02019,	-0.57747,	-0.00854093,	-0.0511542,	-0.758778,	-0.414501,	-0.0154857,	-0.331478,	-0.4641,	0.56095,	-0.05488,	38283,	-245,	-18,	-522,	38263,	132,	-25,	-162,	38303,	69,	3,	-366,	
2,	3,	828516,	1.65255e+015,	-3,	-3,	-3,	2,	-1,	-1,	-4,	-5,	1.65255e+009,	-0.585419,	-0.343728,	-0.361547,	-0.0362208,	-0.723122,	-0.281097,	-0.0225015,	0.0920142,	-0.878389,	-0.234507,	-0.0222682,	-0.0201057,	-1.1286,	-0.790362,	-0.0655334,	-0.0511542,	-0.758778,	-0.414501,	-0.0154857,	-0.361048,	-0.5551,	0.56095,	-0.05488,	38293,	-245,	-18,	-522,	38273,	133,	-26,	-162,	38313,	69,	4,	-366,	
2,	3,	828594,	1.65255e+015,	-3,	7,	17,	5,	-3,	-1,	-4,	-35,	1.65255e+009,	-0.585419,	-0.343728,	-0.361547,	-0.0362208,	-0.723122,	-0.281097,	-0.0225015,	0.0846808,	-0.878389,	-0.234507,	-0.0222682,	-0.0274391,	-1.30206,	-0.93229,	-0.119643,	-0.0289176,	-0.758778,	-0.414501,	-0.0154857,	-0.338811,	-0.6097,	0.56095,	-0.05488,	38303,	-245,	-17,	-522,	38283,	133,	-25,	-162,	38323,	68,	2,	-366,	
2,	3,	828672,	1.65255e+015,	1,	3,	14,	7,	-1,	-2,	-1,	31,	1.65255e+009,	-0.510269,	-0.343728,	-0.361547,	-0.0362208,	-0.723122,	-0.281097,	-0.0225015,	0.0773475,	-0.878389,	-0.154675,	-0.0186389,	-0.0347724,	-1.41048,	-1.02099,	-0.160009,	-0.00668093,	-0.846498,	-0.414501,	-0.0154857,	-0.346145,	-0.7644,	0.56095,	-0.05488,	38313,	-244,	-18,	-522,	38293,	132,	-26,	-162,	38333,	69,	2,	-366,	
2,	3,	828750,	1.65255e+015,	6,	-2,	-6,	9,	-1,	1,	12,	67,	1.65255e+009,	-0.510269,	-0.343728,	-0.361547,	-0.0362208,	-0.723122,	-0.281097,	-0.0225015,	0.0714808,	-0.957239,	-0.154675,	-0.0186389,	-0.0406391,	-1.41048,	-1.1984,	-0.255847,	0.0111084,	-0.846498,	-0.414501,	-0.0154857,	-0.328355,	-0.8281,	0.56095,	-0.05488,	38323,	-244,	-17,	-522,	38303,	132,	-25,	-162,	38343,	68,	3,	-365,	
2,	3,	828829,	1.65255e+015,	2,	-3,	-11,	-5,	-1,	-2,	1,	40,	1.65255e+009,	-0.510269,	-0.343728,	-0.361547,	-0.0362208,	-0.723122,	-0.281097,	-0.0225015,	0.0714808,	-0.957239,	-0.154675,	-0.0186389,	-0.0406391,	-1.51889,	-1.39356,	-0.384535,	0.0111084,	-0.846498,	-0.414501,	-0.0154857,	-0.328355,	-0.8736,	0.56095,	-0.05488,	38333,	-246,	-17,	-522,	38313,	131,	-25,	-162,	38353,	68,	2,	-365,	
2,	3,	828907,	1.65255e+015,	-5,	-9,	2,	4,	-3,	-1,	-2,	-3,	1.65255e+009,	-0.510269,	-0.343728,	-0.361547,	-0.0362208,	-0.723122,	-0.281097,	-0.0225015,	0.0714808,	-0.957239,	-0.154675,	-0.0186389,	-0.0406391,	-1.51889,	-1.48226,	-0.451087,	0.0111084,	-0.846498,	-0.414501,	-0.0154857,	-0.328355,	-0.91,	0.56095,	-0.05488,	38343,	-246,	-16,	-521,	38323,	132,	-25,	-162,	38363,	68,	4,	-365,	
2,	3,	828985,	1.65255e+015,	-5,	-2,	5,	-12,	-1,	0,	-2,	-30,	1.65255e+009,	-0.510269,	-0.343728,	-0.361547,	-0.0362208,	-0.723122,	-0.281097,	-0.0225015,	0.0714808,	-0.957239,	-0.154675,	-0.0186389,	-0.0406391,	-1.51889,	-1.48226,	-0.451087,	0.0111084,	-0.846498,	-0.414501,	-0.0154857,	-0.328355,	-0.91,	0.56095,	-0.05488,	38353,	-247,	-16,	-521,	38333,	132,	-25,	-162,	38373,	68,	2,	-365,	
2,	3,	829047,	1.65255e+015,	-3,	-7,	-8,	-1,	0,	-2,	-4,	-3,	1.65255e+009,	-0.510269,	-0.343728,	-0.361547,	-0.0362208,	-0.723122,	-0.281097,	-0.0225015,	0.0714808,	-0.957239,	-0.154675,	-0.0186389,	-0.0406391,	-1.51889,	-1.48226,	-0.451087,	0.0111084,	-0.846498,	-0.414501,	-0.0154857,	-0.328355,	-0.91,	0.56095,	-0.05488,	38363,	-247,	-16,	-520,	38343,	132,	-26,	-162,	38383,	69,	4,	-364,	
2,	3,	829125,	1.65255e+015,	-7,	-2,	0,	-4,	-3,	-3,	-11,	-49,	1.65255e+009,	-0.510269,	-0.343728,	-0.361547,	-0.0362208,	-0.723122,	-0.281097,	-0.0225015,	0.0714808,	-0.957239,	-0.154675,	-0.0186389,	-0.0406391,	-1.51889,	-1.48226,	-0.451087,	0.0111084,	-0.846498,	-0.414501,	-0.0154857,	-0.328355,	-0.91,	0.56095,	-0.05488,	38373,	-248,	-18,	-520,	38353,	132,	-26,	-162,	38393,	69,	3,	-364,	
2,	3,	829204,	1.65255e+015,	3,	3,	-8,	1,	-1,	1,	6,	13,	1.65255e+009,	-0.510269,	-0.343728,	-0.361547,	-0.0362208,	-0.723122,	-0.281097,	-0.0225015,	0.0714808,	-0.957239,	-0.154675,	-0.0186389,	-0.0406391,	-1.51889,	-1.55322,	-0.507954,	0.0111084,	-0.846498,	-0.414501,	-0.0154857,	-0.328355,	-0.91,	0.56095,	-0.05488,	38383,	-247,	-17,	-519,	38363,	133,	-25,	-162,	38403,	69,	4,	-365,	
2,	3,	829282,	1.65255e+015,	-1,	-3,	0,	-11,	-2,	0,	0,	6,	1.65255e+009,	-0.510269,	-0.343728,	-0.361547,	-0.0362208,	-0.723122,	-0.281097,	-0.0225015,	0.0714808,	-0.957239,	-0.154675,	-0.0186389,	-0.0406391,	-1.51889,	-1.55322,	-0.507954,	0.0111084,	-0.846498,	-0.414501,	-0.0154857,	-0.328355,	-0.91,	0.56095,	-0.05488,	38393,	-247,	-16,	-519,	38373,	131,	-25,	-161,	38413,	69,	3,	-364,	
2,	3,	829360,	1.65255e+015,	1,	5,	2,	1,	0,	1,	-2,	-12,	1.65255e+009,	-0.510269,	-0.343728,	-0.361547,	-0.0362208,	-0.723122,	-0.281097,	-0.0225015,	0.0714808,	-0.957239,	-0.154675,	-0.0186389,	-0.0406391,	-1.51889,	-1.55322,	-0.507954,	0.0111084,	-0.846498,	-0.414501,	-0.0154857,	-0.328355,	-0.91,	0.56095,	-0.05488,	38403,	-247,	-17,	-519,	38383,	132,	-25,	-161,	38423,	69,	2,	-364,	
2,	3,	829438,	1.65255e+015,	1,	8,	6,	6,	-2,	-2,	-2,	-5,	1.65255e+009,	-0.510269,	-0.343728,	-0.361547,	-0.0362208,	-0.723122,	-0.281097,	-0.0225015,	0.0714808,	-0.957239,	-0.154675,	-0.0186389,	-0.0406391,	-1.51889,	-1.55322,	-0.507954,	0.0111084,	-0.846498,	-0.414501,	-0.0154857,	-0.328355,	-0.91,	0.56095,	-0.05488,	38413,	-246,	-17,	-519,	38393,	131,	-25,	-161,	38433,	70,	3,	-364,	
2,	3,	829516,	1.65255e+015,	-2,	6,	3,	1,	1,	-1,	-3,	-21,	1.65255e+009,	-0.510269,	-0.343728,	-0.361547,	-0.0362208,	-0.723122,	-0.281097,	-0.0225015,	0.0714808,	-0.957239,	-0.154675,	-0.0186389,	-0.0406391,	-1.51889,	-1.55322,	-0.507954,	0.0111084,	-0.846498,	-0.414501,	-0.0154857,	-0.328355,	-0.91,	0.56095,	-0.05488,	38423,	-246,	-16,	-519,	38403,	132,	-25,	-161,	38443,	69,	2,	-365,	
2,	3,	829579,	1.65255e+015,	-2,	-8,	-1,	0,	-1,	0,	2,	27,	1.65255e+009,	-0.510269,	-0.343728,	-0.361547,	-0.0362208,	-0.723122,	-0.281097,	-0.0225015,	0.0714808,	-0.957239,	-0.154675,	-0.0186389,	-0.0406391,	-1.51889,	-1.55322,	-0.507954,	0.0111084,	-0.846498,	-0.414501,	-0.0154857,	-0.328355,	-0.91,	0.56095,	-0.05488,	38433,	-246,	-17,	-519,	38413,	132,	-24,	-160,	38453,	70,	3,	-364,	
2,	3,	829672,	1.65255e+015,	1,	-5,	-12,	-6,	0,	1,	3,	16,	1.65255e+009,	-0.510269,	-0.343728,	-0.361547,	-0.0362208,	-0.723122,	-0.281097,	-0.0225015,	0.0714808,	-0.957239,	-0.154675,	-0.0186389,	-0.0406391,	-1.51889,	-1.55322,	-0.507954,	0.0111084,	-0.846498,	-0.414501,	-0.0154857,	-0.328355,	-0.91,	0.56095,	-0.05488,	38443,	-247,	-16,	-518,	38423,	131,	-24,	-161,	38463,	68,	2,	-364,	
2,	3,	829750,	1.65255e+015,	3,	9,	-13,	-33,	-1,	0,	2,	16,	1.65255e+009,	-0.510269,	-0.343728,	-0.361547,	-0.0362208,	-0.723122,	-0.281097,	-0.0225015,	0.0714808,	-0.957239,	-0.154675,	-0.0186389,	-0.0406391,	-1.51889,	-1.55322,	-0.507954,	0.0111084,	-0.846498,	-0.414501,	-0.0154857,	-0.328355,	-0.91,	0.56095,	-0.05488,	38453,	-247,	-16,	-518,	38433,	131,	-24,	-160,	38473,	69,	3,	-364,	
2,	3,	829829,	1.65255e+015,	-1,	-5,	-4,	-1,	-2,	-1,	-1,	3,	1.65255e+009,	-0.510269,	-0.343728,	-0.361547,	-0.0362208,	-0.723122,	-0.281097,	-0.0225015,	0.0714808,	-0.957239,	-0.154675,	-0.0186389,	-0.0406391,	-1.51889,	-1.55322,	-0.507954,	0.0111084,	-0.846498,	-0.414501,	-0.0154857,	-0.328355,	-0.91,	0.56095,	-0.05488,	38463,	-247,	-15,	-518,	38443,	130,	-25,	-161,	38483,	68,	3,	-365,	
2,	3,	829907,	1.65255e+015,	-1,	-2,	-2,	-10,	-2,	-3,	-2,	-2,	1.65255e+009,	-0.510269,	-0.343728,	-0.361547,	-0.0362208,	-0.723122,	-0.281097,	-0.0225015,	0.0714808,	-0.957239,	-0.154675,	-0.0186389,	-0.0406391,	-1.51889,	-1.55322,	-0.507954,	0.0111084,	-0.846498,	-0.414501,	-0.0154857,	-0.328355,	-0.91,	0.56095,	-0.05488,	38473,	-247,	-16,	-517,	38453,	131,	-24,	-160,	38493,	68,	3,	-365,	
2,	3,	829985,	1.65255e+015,	-4,	-11,	-6,	-5,	-3,	-2,	-3,	-12,	1.65255e+009,	-0.510269,	-0.343728,	-0.361547,	-0.0362208,	-0.723122,	-0.281097,	-0.0225015,	0.0714808,	-0.957239,	-0.154675,	-0.0186389,	-0.0406391,	-1.51889,	-1.55322,	-0.507954,	0.0111084,	-0.846498,	-0.414501,	-0.0154857,	-0.328355,	-0.91,	0.56095,	-0.05488,	38483,	-247,	-15,	-517,	38463,	129,	-24,	-160,	38503,	68,	3,	-365,	
2,	3,	830063,	1.65255e+015,	-1,	-2,	13,	-2,	-2,	-1,	-1,	-6,	1.65255e+009,	-0.510269,	-0.343728,	-0.361547,	-0.0362208,	-0.723122,	-0.281097,	-0.0225015,	0.0714808,	-0.957239,	-0.154675,	-0.0186389,	-0.0406391,	-1.51889,	-1.55322,	-0.507954,	0.0111084,	-0.846498,	-0.414501,	-0.0154857,	-0.328355,	-0.91,	0.56095,	-0.05488,	38493,	-247,	-16,	-517,	38473,	129,	-24,	-160,	38513,	68,	2,	-365,	
2,	3,	830125,	1.65255e+015,	1,	0,	3,	-3,	-2,	-3,	1,	8,	1.65255e+009,	-0.510269,	-0.343728,	-0.361547,	-0.0362208,	-0.723122,	-0.281097,	-0.0225015,	0.0714808,	-0.957239,	-0.154675,	-0.0186389,	-0.0406391,	-1.51889,	-1.55322,	-0.507954,	0.0111084,	-0.846498,	-0.414501,	-0.0154857,	-0.328355,	-0.91,	0.56095,	-0.05488,	38503,	-247,	-16,	-517,	38483,	130,	-24,	-160,	38523,	69,	3,	-365,	
2,	3,	830188,	1.65255e+015,	0,	-3,	-12,	9,	-1,	-2,	-3,	-14,	1.65255e+009,	-0.510269,	-0.343728,	-0.361547,	-0.0362208,	-0.723122,	-0.281097,	-0.0225015,	0.0714808,	-0.957239,	-0.154675,	-0.0186389,	-0.0406391,	-1.51889,	-1.55322,	-0.507954,	0.0111084,	-0.846498,	-0.414501,	-0.0154857,	-0.328355,	-0.91,	0.56095,	-0.05488,	38513,	-247,	-16,	-517,	38493,	131,	-24,	-160,	38533,	68,	3,	-365,	
2,	3,	830250,	1.65255e+015,	3,	4,	6,	3,	-1,	-2,	0,	0,	1.65255e+009,	-0.510269,	-0.343728,	-0.361547,	-0.0362208,	-0.723122,	-0.281097,	-0.0225015,	0.0714808,	-0.957239,	-0.154675,	-0.0186389,	-0.0406391,	-1.51889,	-1.55322,	-0.507954,	0.0111084,	-0.846498,	-0.414501,	-0.0154857,	-0.328355,	-0.91,	0.56095,	-0.05488,	38523,	-248,	-17,	-517,	38503,	131,	-24,	-161,	38543,	68,	5,	-365,	
2,	3,	830329,	1.65255e+015,	-2,	1,	0,	-6,	-2,	0,	-2,	-4,	1.65255e+009,	-0.510269,	-0.343728,	-0.361547,	-0.0362208,	-0.723122,	-0.281097,	-0.0225015,	0.0714808,	-0.957239,	-0.154675,	-0.0186389,	-0.0406391,	-1.51889,	-1.55322,	-0.507954,	0.0111084,	-0.846498,	-0.414501,	-0.0154857,	-0.328355,	-0.8736,	0.56095,	-0.05488,	38533,	-247,	-18,	-517,	38513,	130,	-24,	-161,	38553,	67,	5,	-365,	
2,	3,	830407,	1.65255e+015,	0,	7,	19,	20,	1,	-2,	-1,	-6,	1.65255e+009,	-0.510269,	-0.343728,	-0.361547,	-0.0362208,	-0.723122,	-0.281097,	-0.0225015,	0.0714808,	-0.957239,	-0.154675,	-0.0186389,	-0.0406391,	-1.51889,	-1.55322,	-0.507954,	0.0111084,	-0.846498,	-0.414501,	-0.0154857,	-0.328355,	-0.8736,	0.56095,	-0.05488,	38543,	-247,	-18,	-517,	38523,	130,	-24,	-160,	38563,	67,	4,	-365,	
2,	3,	830469,	1.65255e+015,	1,	2,	-42,	4,	0,	0,	-3,	0,	1.65255e+009,	-0.510269,	-0.343728,	-0.361547,	-0.0362208,	-0.723122,	-0.281097,	-0.0225015,	0.0714808,	-0.957239,	-0.154675,	-0.0186389,	-0.0406391,	-1.51889,	-1.48226,	-0.451087,	0.0111084,	-0.846498,	-0.414501,	-0.0154857,	-0.328355,	-0.819,	0.56095,	-0.05488,	38553,	-247,	-18,	-517,	38533,	131,	-25,	-160,	38573,	68,	5,	-365,	
2,	3,	830547,	1.65255e+015,	1,	4,	5,	14,	2,	2,	0,	0,	1.65255e+009,	-0.585419,	-0.343728,	-0.361547,	-0.0362208,	-0.723122,	-0.281097,	-0.0225015,	0.0832142,	-0.957239,	-0.154675,	-0.0186389,	-0.0289057,	-1.19365,	-0.559729,	-0.00510089,	-0.0244702,	-0.846498,	-0.414501,	-0.0154857,	-0.334364,	-0.5369,	0.56095,	-0.05488,	38563,	-248,	-18,	-517,	38543,	130,	-25,	-160,	38583,	67,	4,	-365,	
2,	3,	830610,	1.65255e+015,	-1,	3,	25,	-12,	-2,	0,	-3,	-1,	1.65255e+009,	-0.585419,	-0.343728,	-0.361547,	-0.0362208,	-0.723122,	-0.281097,	-0.0225015,	0.0949475,	-0.878389,	-0.154675,	-0.0186389,	-0.0171724,	-0.998502,	-0.275873,	-0.0225445,	-0.0600489,	-0.758778,	-0.414501,	-0.0154857,	-0.369942,	-0.5369,	0.56095,	-0.05488,	38573,	-247,	-17,	-517,	38553,	130,	-25,	-160,	38593,	69,	5,	-365,	
2,	3,	830688,	1.65255e+015,	6,	4,	11,	14,	6,	3,	5,	47,	1.65255e+009,	-0.585419,	-0.343728,	-0.361547,	-0.0362208,	-0.723122,	-0.281097,	-0.0225015,	0.0949475,	-0.878389,	-0.154675,	-0.0186389,	-0.0171724,	-0.998502,	-0.204909,	-0.0213985,	-0.0600489,	-0.758778,	-0.414501,	-0.0154857,	-0.369942,	-0.5369,	0.56095,	-0.05488,	38583,	-246,	-18,	-517,	38563,	130,	-25,	-160,	38603,	67,	5,	-365,	
2,	3,	830766,	1.65255e+015,	8,	12,	56,	17,	4,	2,	4,	18,	1.65255e+009,	-0.585419,	-0.343728,	-0.361547,	-0.0362208,	-0.723122,	-0.281097,	-0.0225015,	0.0736091,	-0.878389,	-0.0548845,	-0.00836643,	-0.0296388,	-1.34543,	-0.204909,	-0.0213985,	-0.0133753,	-0.758778,	-0.414501,	-0.0154857,	-0.323269,	-0.728,	0.56095,	-0.05488,	38593,	-246,	-18,	-517,	38573,	130,	-25,	-160,	38613,	69,	6,	-365,	
2,	3,	830829,	1.65255e+015,	6,	6,	1,	9,	3,	2,	7,	0,	1.65255e+009,	-0.525299,	-0.343728,	-0.361547,	-0.0362208,	-0.723122,	-0.204712,	-0.0213908,	0.0594027,	-0.941469,	0.0249475,	0.00444024,	-0.0327552,	-1.69236,	-0.204909,	-0.0213985,	0.0071643,	-0.846498,	-0.260745,	-0.0225705,	-0.302729,	-0.8645,	0.56095,	-0.05488,	38603,	-245,	-18,	-517,	38583,	130,	-24,	-160,	38623,	68,	5,	-365,	
2,	3,	830907,	1.65255e+015,	-5,	2,	-26,	6,	4,	-1,	-10,	-34,	1.65255e+009,	-0.525299,	-0.442288,	-0.361547,	-0.0362208,	-0.723122,	-0.204712,	-0.0213908,	0.0437297,	-1.09917,	0.0249475,	0.00444024,	-0.0373382,	-1.88751,	-0.0984626,	-0.0136363,	0.0321513,	-1.0658,	-0.209493,	-0.0215699,	-0.277742,	-0.8645,	0.56095,	-0.05488,	38613,	-246,	-18,	-517,	38593,	130,	-24,	-160,	38633,	68,	5,	-364,	
2,	3,	830969,	1.65255e+015,	14,	8,	9,	16,	2,	4,	9,	1,	1.65255e+009,	-0.525299,	-0.442288,	-0.361547,	-0.0362208,	-0.787186,	-0.204712,	-0.0213908,	0.03539,	-1.20956,	0.124738,	0.0261844,	-0.0345879,	-2.12602,	-0.0984626,	-0.0136363,	0.0349016,	-1.15352,	-0.209493,	-0.0215699,	-0.274992,	-0.8645,	0.56095,	-0.05488,	38623,	-247,	-18,	-517,	38603,	130,	-24,	-160,	38643,	68,	5,	-364,	
2,	3,	831032,	1.65255e+015,	-8,	6,	7,	-3,	-2,	-4,	-16,	-76,	1.65255e+009,	-0.525299,	-0.442288,	-0.361547,	-0.0362208,	-0.787186,	-0.143604,	-0.0178136,	0.03539,	-1.20956,	0.124738,	0.0261844,	-0.0345879,	-2.12602,	-0.187168,	-0.0206083,	0.0349016,	-1.15352,	-0.209493,	-0.0215699,	-0.274992,	-0.819,	0.56095,	-0.05488,	38633,	-247,	-17,	-517,	38613,	130,	-24,	-160,	38653,	67,	5,	-364,	
2,	3,	831110,	1.65255e+015,	-3,	-1,	10,	5,	-1,	3,	5,	-55,	1.65255e+009,	-0.525299,	-0.442288,	-0.361547,	-0.0362208,	-0.787186,	-0.143604,	-0.0178136,	0.0287182,	-1.30418,	0.124738,	0.0261844,	-0.0323877,	-2.21275,	-0.382319,	-0.0182206,	0.0371018,	-1.15352,	-0.145428,	-0.0179549,	-0.272792,	-0.819,	0.56095,	-0.05488,	38643,	-247,	-18,	-517,	38623,	130,	-24,	-160,	38663,	68,	4,	-365,	
2,	3,	831172,	1.65255e+015,	8,	5,	3,	-4,	0,	5,	8,	15,	1.65255e+009,	-0.525299,	-0.442288,	-0.361547,	-0.0362208,	-0.787186,	-0.143604,	-0.0178136,	0.0228516,	-1.36726,	0.124738,	0.0261844,	-0.0382544,	-2.21275,	-0.541988,	-0.00186229,	0.0548912,	-1.24124,	-0.145428,	-0.0179549,	-0.255002,	-0.819,	0.56095,	-0.05488,	38653,	-247,	-17,	-516,	38633,	130,	-24,	-160,	38673,	67,	4,	-364,	
2,	3,	831235,	1.65255e+015,	-9,	0,	-11,	-3,	-1,	-5,	-17,	-67,	1.65255e+009,	-0.525299,	-0.442288,	-0.361547,	-0.0362208,	-0.787186,	-0.143604,	-0.0178136,	0.0228516,	-1.36726,	0.124738,	0.0261844,	-0.0382544,	-2.21275,	-0.541988,	-0.00186229,	0.0548912,	-1.24124,	-0.145428,	-0.0179549,	-0.255002,	-0.819,	0.56095,	-0.05488,	38663,	-247,	-18,	-516,	38643,	130,	-24,	-160,	38683,	68,	5,	-364,	
2,	3,	831297,	1.65255e+015,	4,	12,	4,	23,	3,	-2,	-3,	-15,	1.65255e+009,	-0.525299,	-0.442288,	-0.361547,	-0.0362208,	-0.787186,	-0.143604,	-0.0178136,	0.0228516,	-1.36726,	0.124738,	0.0261844,	-0.0382544,	-2.21275,	-0.541988,	-0.00186229,	0.0548912,	-1.24124,	-0.145428,	-0.0179549,	-0.255002,	-0.819,	0.56095,	-0.05488,	38673,	-247,	-17,	-516,	38653,	131,	-23,	-160,	38693,	68,	5,	-364,	
2,	3,	831375,	1.65255e+015,	1,	8,	-11,	-5,	1,	0,	2,	9,	1.65255e+009,	-0.525299,	-0.442288,	-0.361547,	-0.0362208,	-0.787186,	-0.143604,	-0.0178136,	0.0228516,	-1.36726,	0.124738,	0.0261844,	-0.0382544,	-2.21275,	-0.612952,	-0.0160253,	0.0548912,	-1.24124,	-0.145428,	-0.0179549,	-0.255002,	-0.7826,	0.56095,	-0.05488,	38683,	-247,	-17,	-516,	38663,	131,	-24,	-160,	38703,	68,	4,	-364,	
2,	3,	831454,	1.65255e+015,	2,	7,	62,	25,	7,	3,	1,	2,	1.65255e+009,	-0.585419,	-0.442288,	-0.361547,	-0.0362208,	-0.787186,	-0.143604,	-0.0178136,	0.0504014,	-1.11494,	0.124738,	0.0261844,	-0.0395385,	-1.71404,	-0.417801,	-0.0151678,	0.029951,	-1.02194,	-0.145428,	-0.0179549,	-0.279943,	-0.6279,	0.56095,	-0.05488,	38693,	-247,	-18,	-516,	38673,	130,	-24,	-160,	38713,	68,	5,	-364,	
2,	3,	831532,	1.65255e+015,	-2,	6,	63,	11,	0,	-1,	-2,	0,	1.65255e+009,	-0.585419,	-0.442288,	-0.361547,	-0.0362208,	-0.787186,	-0.143604,	-0.0178136,	0.0895412,	-0.925699,	0.0249475,	0.00444024,	-0.0114887,	-1.06355,	-0.187168,	-0.0206083,	-0.0661932,	-0.780708,	-0.209493,	-0.0215699,	-0.376087,	-0.4368,	0.56095,	-0.05488,	38703,	-248,	-18,	-516,	38683,	130,	-25,	-160,	38723,	68,	5,	-363,	
2,	3,	831594,	1.65255e+015,	1,	7,	7,	2,	2,	2,	0,	1,	1.65255e+009,	-0.585419,	-0.442288,	-0.361547,	-0.0559328,	-0.787186,	-0.204712,	-0.0213908,	0.096213,	-0.925699,	-0.0548845,	-0.00836643,	-0.013689,	-0.976819,	-0.187168,	-0.0206083,	-0.0683935,	-0.780708,	-0.273558,	-0.022558,	-0.378287,	-0.4004,	0.56095,	-0.05488,	38713,	-247,	-19,	-516,	38693,	130,	-23,	-160,	38733,	68,	5,	-363,	
2,	3,	831672,	1.65255e+015,	1,	3,	9,	3,	-1,	1,	0,	-1,	1.65255e+009,	-0.585419,	-0.442288,	-0.361547,	-0.0559328,	-0.787186,	-0.204712,	-0.0213908,	0.096213,	-0.846849,	-0.0548845,	-0.00836643,	-0.013689,	-0.976819,	-0.187168,	-0.0206083,	-0.0683935,	-0.780708,	-0.273558,	-0.022558,	-0.378287,	-0.4004,	0.56095,	-0.05488,	38723,	-247,	-19,	-516,	38703,	130,	-25,	-160,	38743,	68,	5,	-363,	
2,	3,	831750,	1.65255e+015,	-1,	-1,	-6,	-6,	-2,	0,	-1,	-1,	1.65255e+009,	-0.585419,	-0.442288,	-0.361547,	-0.0559328,	-0.787186,	-0.204712,	-0.0213908,	0.096213,	-0.846849,	-0.0548845,	-0.00836643,	-0.013689,	-0.976819,	-0.187168,	-0.0206083,	-0.0683935,	-0.780708,	-0.273558,	-0.022558,	-0.378287,	-0.4004,	0.56095,	-0.05488,	38733,	-249,	-19,	-516,	38713,	130,	-24,	-160,	38753,	68,	4,	-363,	
2,	3,	831813,	1.65255e+015,	0,	-3,	0,	3,	-2,	-3,	-1,	1,	1.65255e+009,	-0.585419,	-0.442288,	-0.361547,	-0.0559328,	-0.787186,	-0.204712,	-0.0213908,	0.096213,	-0.846849,	-0.0548845,	-0.00836643,	-0.013689,	-0.890087,	-0.187168,	-0.0206083,	-0.0683935,	-0.780708,	-0.273558,	-0.022558,	-0.378287,	-0.4004,	0.56095,	-0.05488,	38743,	-250,	-18,	-516,	38723,	130,	-24,	-160,	38763,	68,	4,	-363,	
