1,	10,	840079,	1.65255e+015,	0,	0,	8,	-5,	-3,	1,	-1,	-2,	1.65255e+009,	-0.645539,	-0.343728,	-0.361547,	-0.0559328,	-0.803202,	-0.189435,	-0.0207205,	0.109154,	-0.878389,	-0.0349265,	-0.00554715,	-0.014056,	-0.976819,	-0.258132,	-0.0225602,	-0.0805885,	-0.780708,	-0.376062,	-0.0186753,	-0.390482,	-0.3913,	0.56095,	-0.05488,	39853,	-396,	-31,	-288,	39833,	74,	-49,	-185,	39873,	38,	-5,	-355,	
1,	10,	840157,	1.65255e+015,	-1,	1,	1,	13,	-3,	-1,	-2,	-2,	1.65255e+009,	-0.645539,	-0.343728,	-0.361547,	-0.0559328,	-0.803202,	-0.189435,	-0.0207205,	0.109154,	-0.878389,	-0.0349265,	-0.00554715,	-0.014056,	-0.976819,	-0.258132,	-0.0225602,	-0.0805885,	-0.780708,	-0.376062,	-0.0186753,	-0.390482,	-0.3913,	0.56095,	-0.05488,	39863,	-405,	-27,	-272,	39843,	72,	-50,	-187,	39883,	37,	-7,	-351,	
1,	10,	840235,	1.65255e+015,	0,	-2,	10,	-3,	2,	-1,	0,	1,	1.65255e+009,	-0.645539,	-0.343728,	-0.361547,	-0.0559328,	-0.803202,	-0.189435,	-0.0207205,	0.109154,	-0.878389,	-0.0349265,	-0.00554715,	-0.014056,	-0.976819,	-0.258132,	-0.0225602,	-0.0805885,	-0.780708,	-0.376062,	-0.0186753,	-0.390482,	-0.3913,	0.56095,	-0.05488,	39873,	-414,	-23,	-255,	39853,	70,	-52,	-189,	39893,	37,	-10,	-345,	
1,	10,	840313,	1.65255e+015,	2,	3,	-9,	5,	1,	1,	1,	0,	1.65255e+009,	-0.645539,	-0.343728,	-0.361547,	-0.0559328,	-0.803202,	-0.189435,	-0.0207205,	0.109154,	-0.878389,	-0.0349265,	-0.00554715,	-0.014056,	-0.976819,	-0.258132,	-0.0225602,	-0.0805885,	-0.780708,	-0.376062,	-0.0186753,	-0.390482,	-0.3913,	0.56095,	-0.05488,	39883,	-423,	-20,	-243,	39863,	68,	-56,	-190,	39903,	36,	-11,	-339,	
1,	10,	840391,	1.65255e+015,	-3,	-9,	-19,	-8,	-3,	-2,	1,	-1,	1.65255e+009,	-0.645539,	-0.343728,	-0.361547,	-0.0559328,	-0.803202,	-0.189435,	-0.0207205,	0.109154,	-0.878389,	-0.0349265,	-0.00554715,	-0.014056,	-0.976819,	-0.258132,	-0.0225602,	-0.0805885,	-0.780708,	-0.376062,	-0.0186753,	-0.390482,	-0.3913,	0.56095,	-0.05488,	39893,	-427,	-17,	-238,	39873,	67,	-60,	-190,	39913,	36,	-11,	-333,	
1,	10,	840469,	1.65255e+015,	-2,	-4,	-31,	-26,	-5,	-3,	-2,	-1,	1.65255e+009,	-0.645539,	-0.343728,	-0.361547,	-0.0559328,	-0.803202,	-0.189435,	-0.0207205,	0.109154,	-0.878389,	-0.0349265,	-0.00554715,	-0.014056,	-0.976819,	-0.258132,	-0.0225602,	-0.0805885,	-0.780708,	-0.376062,	-0.0186753,	-0.390482,	-0.3913,	0.56095,	-0.05488,	39903,	-429,	-10,	-238,	39883,	67,	-63,	-190,	39923,	35,	-10,	-328,	
1,	10,	840547,	1.65255e+015,	0,	1,	40,	-6,	-1,	-1,	-2,	-2,	1.65255e+009,	-0.645539,	-0.343728,	-0.361547,	-0.0559328,	-0.803202,	-0.189435,	-0.0207205,	0.109154,	-0.878389,	-0.0349265,	-0.00554715,	-0.014056,	-0.976819,	-0.258132,	-0.0225602,	-0.0805885,	-0.780708,	-0.376062,	-0.0186753,	-0.390482,	-0.3913,	0.56095,	-0.05488,	39913,	-428,	-9,	-242,	39893,	69,	-63,	-189,	39933,	34,	-11,	-325,	
1,	10,	840625,	1.65255e+015,	-2,	0,	25,	-11,	-3,	-4,	-1,	-2,	1.65255e+009,	-0.645539,	-0.343728,	-0.361547,	-0.0559328,	-0.803202,	-0.189435,	-0.0207205,	0.109154,	-0.878389,	-0.0349265,	-0.00554715,	-0.014056,	-0.976819,	-0.258132,	-0.0225602,	-0.0805885,	-0.780708,	-0.376062,	-0.0186753,	-0.390482,	-0.3913,	0.56095,	-0.05488,	39923,	-424,	-8,	-251,	39903,	70,	-64,	-186,	39943,	34,	-10,	-321,	
1,	10,	840704,	1.65255e+015,	-2,	0,	19,	0,	-1,	-2,	-2,	0,	1.65255e+009,	-0.645539,	-0.343728,	-0.361547,	-0.0559328,	-0.803202,	-0.189435,	-0.0207205,	0.109154,	-0.878389,	-0.0349265,	-0.00554715,	-0.014056,	-0.976819,	-0.258132,	-0.0225602,	-0.0805885,	-0.780708,	-0.376062,	-0.0186753,	-0.390482,	-0.3913,	0.56095,	-0.05488,	39933,	-422,	-8,	-261,	39913,	71,	-64,	-183,	39953,	33,	-11,	-317,	
1,	10,	840782,	1.65255e+015,	0,	0,	-4,	0,	-1,	-1,	0,	2,	1.65255e+009,	-0.645539,	-0.343728,	-0.361547,	-0.0559328,	-0.803202,	-0.189435,	-0.0207205,	0.109154,	-0.878389,	-0.0349265,	-0.00554715,	-0.014056,	-0.976819,	-0.258132,	-0.0225602,	-0.0805885,	-0.780708,	-0.376062,	-0.0186753,	-0.390482,	-0.3913,	0.56095,	-0.05488,	39943,	-414,	-4,	-274,	39923,	71,	-62,	-180,	39963,	34,	-11,	-316,	
1,	10,	840844,	1.65255e+015,	-1,	1,	-4,	5,	1,	0,	-1,	1,	1.65255e+009,	-0.645539,	-0.343728,	-0.361547,	-0.0559328,	-0.803202,	-0.189435,	-0.0207205,	0.109154,	-0.878389,	-0.0349265,	-0.00554715,	-0.014056,	-0.976819,	-0.258132,	-0.0225602,	-0.0805885,	-0.780708,	-0.376062,	-0.0186753,	-0.390482,	-0.3913,	0.56095,	-0.05488,	39953,	-401,	-5,	-291,	39933,	71,	-60,	-177,	39973,	36,	-9,	-315,	
1,	10,	840922,	1.65255e+015,	-3,	-6,	-3,	-6,	2,	0,	-2,	-1,	1.65255e+009,	-0.645539,	-0.343728,	-0.361547,	-0.0559328,	-0.803202,	-0.189435,	-0.0207205,	0.109154,	-0.878389,	-0.0349265,	-0.00554715,	-0.014056,	-0.976819,	-0.258132,	-0.0225602,	-0.0805885,	-0.780708,	-0.376062,	-0.0186753,	-0.390482,	-0.3913,	0.56095,	-0.05488,	39963,	-388,	-7,	-306,	39943,	72,	-56,	-176,	39983,	38,	-9,	-315,	
1,	10,	841000,	1.65255e+015,	-4,	-7,	1,	0,	0,	1,	-1,	-2,	1.65255e+009,	-0.645539,	-0.343728,	-0.361547,	-0.0559328,	-0.803202,	-0.189435,	-0.0207205,	0.109154,	-0.878389,	-0.0349265,	-0.00554715,	-0.014056,	-0.976819,	-0.258132,	-0.0225602,	-0.0805885,	-0.780708,	-0.376062,	-0.0186753,	-0.390482,	-0.3913,	0.56095,	-0.05488,	39973,	-375,	-7,	-317,	39953,	71,	-54,	-175,	39993,	40,	-9,	-316,	
1,	10,	841079,	1.65255e+015,	3,	4,	-21,	6,	4,	1,	-1,	0,	1.65255e+009,	-0.645539,	-0.343728,	-0.361547,	-0.0559328,	-0.803202,	-0.189435,	-0.0207205,	0.109154,	-0.878389,	-0.0349265,	-0.00554715,	-0.014056,	-0.976819,	-0.258132,	-0.0225602,	-0.0805885,	-0.780708,	-0.376062,	-0.0186753,	-0.390482,	-0.3913,	0.56095,	-0.05488,	39983,	-363,	-5,	-331,	39963,	70,	-54,	-174,	40003,	43,	-10,	-318,	
1,	10,	841157,	1.65255e+015,	-3,	-6,	-7,	-3,	-2,	0,	0,	-1,	1.65255e+009,	-0.645539,	-0.343728,	-0.361547,	-0.0559328,	-0.803202,	-0.189435,	-0.0207205,	0.109154,	-0.878389,	-0.0349265,	-0.00554715,	-0.014056,	-0.976819,	-0.258132,	-0.0225602,	-0.0805885,	-0.780708,	-0.376062,	-0.0186753,	-0.390482,	-0.3913,	0.56095,	-0.05488,	39993,	-353,	-3,	-343,	39973,	69,	-56,	-171,	40013,	44,	-9,	-319,	
1,	10,	841235,	1.65255e+015,	2,	7,	-2,	0,	0,	0,	-1,	1,	1.65255e+009,	-0.645539,	-0.343728,	-0.361547,	-0.0559328,	-0.803202,	-0.189435,	-0.0207205,	0.109154,	-0.878389,	-0.0349265,	-0.00554715,	-0.014056,	-0.976819,	-0.258132,	-0.0225602,	-0.0805885,	-0.780708,	-0.376062,	-0.0186753,	-0.390482,	-0.3913,	0.56095,	-0.05488,	40003,	-350,	-4,	-353,	39983,	69,	-59,	-169,	40023,	44,	-8,	-322,	
1,	10,	841313,	1.65255e+015,	-7,	-12,	-38,	-62,	-9,	-1,	1,	-3,	1.65255e+009,	-0.645539,	-0.343728,	-0.361547,	-0.0559328,	-0.803202,	-0.189435,	-0.0207205,	0.109154,	-0.878389,	-0.0349265,	-0.00554715,	-0.014056,	-0.976819,	-0.258132,	-0.0225602,	-0.0805885,	-0.780708,	-0.376062,	-0.0186753,	-0.390482,	-0.3913,	0.56095,	-0.05488,	40013,	-345,	-5,	-364,	39993,	72,	-62,	-168,	40033,	44,	-7,	-324,	
1,	10,	841391,	1.65255e+015,	1,	4,	7,	2,	1,	2,	1,	0,	1.65255e+009,	-0.645539,	-0.343728,	-0.361547,	-0.0559328,	-0.803202,	-0.189435,	-0.0207205,	0.109154,	-0.878389,	-0.0349265,	-0.00554715,	-0.014056,	-0.976819,	-0.258132,	-0.0225602,	-0.0805885,	-0.780708,	-0.376062,	-0.0186753,	-0.390482,	-0.3913,	0.56095,	-0.05488,	40023,	-338,	-2,	-376,	40003,	76,	-65,	-166,	40043,	43,	-6,	-327,	
1,	10,	841454,	1.65255e+015,	1,	2,	9,	6,	0,	-1,	0,	-1,	1.65255e+009,	-0.645539,	-0.343728,	-0.361547,	-0.0559328,	-0.803202,	-0.189435,	-0.0207205,	0.109154,	-0.878389,	-0.0349265,	-0.00554715,	-0.014056,	-0.890087,	-0.258132,	-0.0225602,	-0.0805885,	-0.780708,	-0.376062,	-0.0186753,	-0.390482,	-0.3913,	0.56095,	-0.05488,	40033,	-330,	-1,	-390,	40013,	79,	-64,	-164,	40053,	43,	-5,	-330,	
1,	10,	841532,	1.65255e+015,	-2,	-1,	6,	5,	2,	-1,	-2,	-1,	1.65255e+009,	-0.645539,	-0.343728,	-0.361547,	-0.0559328,	-0.803202,	-0.189435,	-0.0207205,	0.109154,	-0.878389,	-0.0349265,	-0.00554715,	-0.014056,	-0.890087,	-0.258132,	-0.0225602,	-0.0805885,	-0.780708,	-0.376062,	-0.0186753,	-0.390482,	-0.3913,	0.56095,	-0.05488,	40043,	-322,	0,	-402,	40023,	83,	-64,	-164,	40063,	43,	-4,	-334,	
1,	10,	841594,	1.65255e+015,	-3,	-2,	1,	-3,	-4,	-1,	-1,	-2,	1.65255e+009,	-0.645539,	-0.343728,	-0.361547,	-0.0559328,	-0.803202,	-0.189435,	-0.0207205,	0.109154,	-0.878389,	-0.0349265,	-0.00554715,	-0.014056,	-0.890087,	-0.258132,	-0.0225602,	-0.0805885,	-0.780708,	-0.376062,	-0.0186753,	-0.390482,	-0.3913,	0.56095,	-0.05488,	40053,	-318,	-1,	-410,	40033,	86,	-63,	-164,	40073,	43,	-5,	-339,	
1,	10,	841672,	1.65255e+015,	-4,	-12,	-12,	-14,	0,	-2,	-1,	-2,	1.65255e+009,	-0.645539,	-0.343728,	-0.361547,	-0.0559328,	-0.803202,	-0.189435,	-0.0207205,	0.109154,	-0.878389,	-0.0349265,	-0.00554715,	-0.014056,	-0.890087,	-0.258132,	-0.0225602,	-0.0805885,	-0.780708,	-0.376062,	-0.0186753,	-0.390482,	-0.3913,	0.56095,	-0.05488,	40063,	-313,	-2,	-416,	40043,	86,	-60,	-166,	40083,	44,	-5,	-343,	
1,	10,	841750,	1.65255e+015,	-1,	-4,	-19,	-10,	-4,	-1,	-2,	-1,	1.65255e+009,	-0.645539,	-0.343728,	-0.361547,	-0.0559328,	-0.803202,	-0.189435,	-0.0207205,	0.109154,	-0.878389,	-0.0349265,	-0.00554715,	-0.014056,	-0.890087,	-0.258132,	-0.0225602,	-0.0805885,	-0.780708,	-0.376062,	-0.0186753,	-0.390482,	-0.3913,	0.56095,	-0.05488,	40073,	-311,	0,	-422,	40053,	87,	-58,	-167,	40093,	46,	-3,	-345,	
1,	10,	841813,	1.65255e+015,	-2,	-6,	3,	-1,	0,	0,	-1,	-2,	1.65255e+009,	-0.645539,	-0.343728,	-0.361547,	-0.0559328,	-0.803202,	-0.189435,	-0.0207205,	0.109154,	-0.878389,	-0.0349265,	-0.00554715,	-0.014056,	-0.890087,	-0.258132,	-0.0225602,	-0.0805885,	-0.780708,	-0.376062,	-0.0186753,	-0.390482,	-0.3913,	0.56095,	-0.05488,	40083,	-307,	0,	-428,	40063,	87,	-56,	-170,	40103,	47,	-2,	-349,	
1,	10,	841891,	1.65255e+015,	-1,	0,	-7,	5,	0,	-2,	-1,	-1,	1.65255e+009,	-0.645539,	-0.343728,	-0.361547,	-0.0559328,	-0.803202,	-0.189435,	-0.0207205,	0.109154,	-0.878389,	-0.0349265,	-0.00554715,	-0.014056,	-0.890087,	-0.258132,	-0.0225602,	-0.0805885,	-0.780708,	-0.376062,	-0.0186753,	-0.390482,	-0.3913,	0.56095,	-0.05488,	40093,	-302,	1,	-433,	40073,	88,	-56,	-173,	40113,	47,	0,	-350,	
1,	10,	841969,	1.65255e+015,	-1,	2,	4,	16,	0,	-3,	0,	-1,	1.65255e+009,	-0.645539,	-0.343728,	-0.361547,	-0.0559328,	-0.803202,	-0.189435,	-0.0207205,	0.109154,	-0.878389,	-0.0349265,	-0.00554715,	-0.014056,	-0.890087,	-0.258132,	-0.0225602,	-0.0805885,	-0.780708,	-0.376062,	-0.0186753,	-0.390482,	-0.3913,	0.56095,	-0.05488,	40103,	-299,	1,	-439,	40083,	89,	-56,	-176,	40123,	47,	0,	-352,	
1,	10,	842032,	1.65255e+015,	0,	-4,	-11,	6,	0,	0,	-1,	-1,	1.65255e+009,	-0.645539,	-0.343728,	-0.361547,	-0.0559328,	-0.803202,	-0.189435,	-0.0207205,	0.109154,	-0.878389,	-0.0349265,	-0.00554715,	-0.014056,	-0.890087,	-0.258132,	-0.0225602,	-0.0805885,	-0.780708,	-0.376062,	-0.0186753,	-0.390482,	-0.3913,	0.56095,	-0.05488,	40113,	-295,	2,	-444,	40093,	91,	-56,	-178,	40133,	48,	3,	-354,	
1,	10,	842110,	1.65255e+015,	-1,	-3,	-15,	-7,	-1,	0,	-1,	0,	1.65255e+009,	-0.645539,	-0.343728,	-0.361547,	-0.0559328,	-0.803202,	-0.189435,	-0.0207205,	0.109154,	-0.878389,	-0.0349265,	-0.00554715,	-0.014056,	-0.890087,	-0.258132,	-0.0225602,	-0.0805885,	-0.780708,	-0.376062,	-0.0186753,	-0.390482,	-0.3913,	0.56095,	-0.05488,	40123,	-292,	1,	-449,	40103,	92,	-55,	-179,	40143,	48,	4,	-356,	
1,	10,	842188,	1.65255e+015,	1,	0,	-26,	-13,	-1,	0,	0,	-2,	1.65255e+009,	-0.645539,	-0.343728,	-0.361547,	-0.0559328,	-0.803202,	-0.189435,	-0.0207205,	0.109154,	-0.878389,	-0.0349265,	-0.00554715,	-0.014056,	-0.890087,	-0.258132,	-0.0225602,	-0.0805885,	-0.780708,	-0.376062,	-0.0186753,	-0.390482,	-0.3913,	0.56095,	-0.05488,	40133,	-293,	1,	-452,	40113,	93,	-51,	-180,	40153,	48,	4,	-358,	
1,	10,	842250,	1.65255e+015,	-2,	-4,	0,	-1,	-5,	-2,	-1,	-2,	1.65255e+009,	-0.645539,	-0.343728,	-0.361547,	-0.0559328,	-0.803202,	-0.189435,	-0.0207205,	0.109154,	-0.878389,	-0.0349265,	-0.00554715,	-0.014056,	-0.890087,	-0.258132,	-0.0225602,	-0.0805885,	-0.780708,	-0.376062,	-0.0186753,	-0.390482,	-0.3913,	0.56095,	-0.05488,	40143,	-292,	1,	-455,	40123,	94,	-51,	-182,	40163,	48,	6,	-359,	
1,	10,	842329,	1.65255e+015,	3,	4,	-6,	9,	1,	-1,	1,	0,	1.65255e+009,	-0.645539,	-0.343728,	-0.361547,	-0.0559328,	-0.803202,	-0.189435,	-0.0207205,	0.109154,	-0.878389,	-0.0349265,	-0.00554715,	-0.014056,	-0.890087,	-0.258132,	-0.0225602,	-0.0805885,	-0.780708,	-0.376062,	-0.0186753,	-0.390482,	-0.3913,	0.56095,	-0.05488,	40153,	-290,	1,	-458,	40133,	95,	-49,	-184,	40173,	49,	5,	-360,	
1,	10,	842391,	1.65255e+015,	-2,	0,	7,	-10,	-4,	-3,	-3,	-2,	1.65255e+009,	-0.645539,	-0.343728,	-0.361547,	-0.0559328,	-0.803202,	-0.189435,	-0.0207205,	0.109154,	-0.878389,	-0.0349265,	-0.00554715,	-0.014056,	-0.890087,	-0.258132,	-0.0225602,	-0.0805885,	-0.780708,	-0.376062,	-0.0186753,	-0.390482,	-0.3913,	0.56095,	-0.05488,	40163,	-288,	0,	-458,	40143,	95,	-48,	-186,	40183,	49,	6,	-360,	
1,	10,	842469,	1.65255e+015,	0,	2,	7,	23,	1,	-1,	-1,	0,	1.65255e+009,	-0.645539,	-0.343728,	-0.361547,	-0.0559328,	-0.803202,	-0.189435,	-0.0207205,	0.109154,	-0.878389,	-0.0349265,	-0.00554715,	-0.014056,	-0.890087,	-0.258132,	-0.0225602,	-0.0805885,	-0.780708,	-0.376062,	-0.0186753,	-0.390482,	-0.3913,	0.56095,	-0.05488,	40173,	-287,	0,	-459,	40153,	95,	-48,	-188,	40193,	51,	5,	-361,	
1,	10,	842532,	1.65255e+015,	-3,	-2,	7,	-2,	2,	-1,	-3,	0,	1.65255e+009,	-0.645539,	-0.343728,	-0.361547,	-0.0559328,	-0.803202,	-0.189435,	-0.0207205,	0.109154,	-0.878389,	-0.0349265,	-0.00554715,	-0.014056,	-0.890087,	-0.258132,	-0.0225602,	-0.0805885,	-0.780708,	-0.376062,	-0.0186753,	-0.390482,	-0.3913,	0.56095,	-0.05488,	40183,	-285,	1,	-460,	40163,	95,	-48,	-190,	40203,	52,	7,	-361,	
1,	10,	842625,	1.65255e+015,	4,	8,	4,	4,	0,	-1,	-2,	0,	1.65255e+009,	-0.645539,	-0.343728,	-0.361547,	-0.0559328,	-0.803202,	-0.189435,	-0.0207205,	0.109154,	-0.878389,	-0.0349265,	-0.00554715,	-0.014056,	-0.890087,	-0.258132,	-0.0225602,	-0.0805885,	-0.780708,	-0.376062,	-0.0186753,	-0.390482,	-0.3913,	0.56095,	-0.05488,	40193,	-286,	0,	-460,	40173,	94,	-48,	-192,	40213,	50,	5,	-361,	
1,	10,	842704,	1.65255e+015,	0,	-1,	-2,	0,	1,	-2,	-1,	-1,	1.65255e+009,	-0.645539,	-0.343728,	-0.361547,	-0.0559328,	-0.803202,	-0.189435,	-0.0207205,	0.109154,	-0.878389,	-0.0349265,	-0.00554715,	-0.014056,	-0.890087,	-0.258132,	-0.0225602,	-0.0805885,	-0.780708,	-0.376062,	-0.0186753,	-0.390482,	-0.3913,	0.56095,	-0.05488,	40203,	-286,	1,	-460,	40183,	95,	-47,	-193,	40223,	50,	6,	-361,	
1,	10,	842782,	1.65255e+015,	-3,	-11,	-26,	-10,	-2,	-2,	-2,	-2,	1.65255e+009,	-0.645539,	-0.343728,	-0.361547,	-0.0559328,	-0.803202,	-0.189435,	-0.0207205,	0.109154,	-0.878389,	-0.0349265,	-0.00554715,	-0.014056,	-0.890087,	-0.258132,	-0.0225602,	-0.0805885,	-0.780708,	-0.376062,	-0.0186753,	-0.390482,	-0.3913,	0.56095,	-0.05488,	40213,	-286,	2,	-459,	40193,	94,	-46,	-193,	40233,	50,	6,	-360,	
1,	10,	842860,	1.65255e+015,	0,	2,	7,	-6,	0,	0,	0,	0,	1.65255e+009,	-0.645539,	-0.343728,	-0.361547,	-0.0559328,	-0.803202,	-0.189435,	-0.0207205,	0.109154,	-0.878389,	-0.0349265,	-0.00554715,	-0.014056,	-0.890087,	-0.258132,	-0.0225602,	-0.0805885,	-0.780708,	-0.376062,	-0.0186753,	-0.390482,	-0.3913,	0.56095,	-0.05488,	40223,	-286,	3,	-458,	40203,	95,	-47,	-193,	40243,	51,	7,	-360,	
1,	10,	842938,	1.65255e+015,	-3,	-8,	-46,	-6,	-3,	-2,	-1,	-3,	1.65255e+009,	-0.645539,	-0.343728,	-0.361547,	-0.0559328,	-0.803202,	-0.189435,	-0.0207205,	0.109154,	-0.878389,	-0.0349265,	-0.00554715,	-0.014056,	-0.890087,	-0.258132,	-0.0225602,	-0.0805885,	-0.780708,	-0.376062,	-0.0186753,	-0.390482,	-0.3913,	0.56095,	-0.05488,	40233,	-285,	4,	-458,	40213,	97,	-47,	-193,	40253,	51,	6,	-361,	
1,	10,	843016,	1.65255e+015,	1,	0,	13,	7,	1,	1,	1,	-1,	1.65255e+009,	-0.645539,	-0.343728,	-0.361547,	-0.0559328,	-0.803202,	-0.189435,	-0.0207205,	0.109154,	-0.878389,	-0.0349265,	-0.00554715,	-0.014056,	-0.890087,	-0.258132,	-0.0225602,	-0.0805885,	-0.780708,	-0.376062,	-0.0186753,	-0.390482,	-0.3913,	0.56095,	-0.05488,	40243,	-286,	3,	-458,	40223,	97,	-47,	-193,	40263,	51,	6,	-361,	
2,	10,	843125,	1.65255e+015,	0,	0,	-12,	-14,	-4,	-3,	-1,	-1,	1.65255e+009,	-0.645539,	-0.343728,	-0.361547,	-0.0559328,	-0.803202,	-0.189435,	-0.0207205,	0.109154,	-0.878389,	-0.0349265,	-0.00554715,	-0.014056,	-0.890087,	-0.258132,	-0.0225602,	-0.0805885,	-0.780708,	-0.376062,	-0.0186753,	-0.390482,	-0.3913,	0.56095,	-0.05488,	40253,	-284,	3,	-460,	40233,	96,	-48,	-192,	40273,	52,	6,	-361,	
2,	10,	843204,	1.65255e+015,	-1,	-1,	4,	6,	-2,	-1,	0,	1,	1.65255e+009,	-0.645539,	-0.343728,	-0.361547,	-0.0559328,	-0.803202,	-0.189435,	-0.0207205,	0.109154,	-0.878389,	-0.0349265,	-0.00554715,	-0.014056,	-0.890087,	-0.258132,	-0.0225602,	-0.0805885,	-0.780708,	-0.376062,	-0.0186753,	-0.390482,	-0.3913,	0.56095,	-0.05488,	40263,	-284,	3,	-462,	40243,	97,	-49,	-191,	40283,	53,	6,	-362,	
2,	10,	843282,	1.65255e+015,	0,	-1,	-31,	7,	1,	0,	-3,	0,	1.65255e+009,	-0.645539,	-0.343728,	-0.361547,	-0.0559328,	-0.803202,	-0.189435,	-0.0207205,	0.109154,	-0.878389,	-0.0349265,	-0.00554715,	-0.014056,	-0.890087,	-0.258132,	-0.0225602,	-0.0805885,	-0.780708,	-0.376062,	-0.0186753,	-0.390482,	-0.3913,	0.56095,	-0.05488,	40273,	-282,	3,	-463,	40253,	98,	-47,	-190,	40293,	55,	6,	-363,	
2,	10,	843360,	1.65255e+015,	1,	1,	4,	1,	-1,	-1,	-1,	0,	1.65255e+009,	-0.645539,	-0.343728,	-0.361547,	-0.0559328,	-0.803202,	-0.189435,	-0.0207205,	0.109154,	-0.878389,	-0.0349265,	-0.00554715,	-0.014056,	-0.890087,	-0.258132,	-0.0225602,	-0.0805885,	-0.780708,	-0.376062,	-0.0186753,	-0.390482,	-0.3913,	0.56095,	-0.05488,	40283,	-283,	3,	-463,	40263,	98,	-47,	-189,	40303,	54,	6,	-363,	
2,	10,	843438,	1.65255e+015,	-4,	-2,	6,	-12,	-5,	-3,	0,	-2,	1.65255e+009,	-0.645539,	-0.343728,	-0.361547,	-0.0559328,	-0.803202,	-0.189435,	-0.0207205,	0.109154,	-0.878389,	-0.0349265,	-0.00554715,	-0.014056,	-0.890087,	-0.258132,	-0.0225602,	-0.0805885,	-0.780708,	-0.376062,	-0.0186753,	-0.390482,	-0.3913,	0.56095,	-0.05488,	40293,	-283,	1,	-464,	40273,	100,	-46,	-189,	40313,	55,	6,	-364,	
2,	10,	843516,	1.65255e+015,	-13,	-13,	53,	-11,	-10,	-6,	-1,	-5,	1.65255e+009,	-0.645539,	-0.343728,	-0.361547,	-0.0559328,	-0.803202,	-0.26582,	-0.0225781,	0.109154,	-0.878389,	-0.0349265,	-0.00554715,	-0.014056,	-0.890087,	-0.258132,	-0.0225602,	-0.0805885,	-0.780708,	-0.376062,	-0.0186753,	-0.390482,	-0.3913,	0.56095,	-0.05488,	40303,	-281,	4,	-465,	40283,	99,	-46,	-189,	40323,	56,	6,	-365,	
2,	10,	843594,	1.65255e+015,	3,	-8,	-21,	-14,	2,	2,	-3,	-2,	1.65255e+009,	-0.645539,	-0.343728,	-0.361547,	-0.0559328,	-0.867266,	-0.494975,	-0.00574569,	0.105416,	-0.941469,	-0.0349265,	-0.00554715,	-0.0089224,	-0.890087,	-0.169427,	-0.0196168,	-0.0872829,	-0.780708,	-0.376062,	-0.0186753,	-0.397177,	-0.3913,	0.56095,	-0.05488,	40313,	-281,	5,	-466,	40293,	100,	-46,	-190,	40333,	55,	6,	-365,	
2,	10,	843672,	1.65255e+015,	10,	19,	8,	4,	9,	7,	3,	4,	1.65255e+009,	-0.705658,	-0.343728,	-0.361547,	-0.0559328,	-0.947346,	-0.708853,	-0.0402862,	0.0987438,	-0.988779,	-0.0349265,	-0.00554715,	-0.00672214,	-0.976819,	-0.0984626,	-0.0136363,	-0.0850826,	-0.780708,	-0.376062,	-0.0186753,	-0.394976,	-0.3549,	0.56095,	-0.05488,	40323,	-279,	5,	-468,	40303,	101,	-46,	-191,	40343,	55,	6,	-365,	
2,	10,	843766,	1.65255e+015,	4,	11,	22,	25,	2,	-1,	-3,	17,	1.65255e+009,	-0.780809,	-0.343728,	-0.361547,	-0.0559328,	-1.12352,	-0.846346,	-0.0853376,	0.0987438,	-0.988779,	0.0449055,	0.00827922,	-0.00672214,	-0.976819,	-0.0097576,	-0.00162833,	-0.0850826,	-0.692988,	-0.32481,	-0.0214572,	-0.394976,	-0.3094,	0.56095,	-0.05488,	40333,	-279,	5,	-468,	40313,	101,	-47,	-192,	40353,	55,	7,	-365,	
2,	10,	843844,	1.65255e+015,	14,	18,	34,	12,	4,	4,	2,	-10,	1.65255e+009,	-0.931109,	-0.442288,	-0.361547,	-0.0362208,	-1.2036,	-0.983839,	-0.142488,	0.0820644,	-0.988779,	0.0449055,	0.00827922,	-0.0012215,	-0.976819,	0.0612064,	0.0116039,	-0.079582,	-0.583338,	-0.260745,	-0.0225705,	-0.389476,	-0.2639,	0.56095,	-0.05488,	40343,	-280,	4,	-468,	40323,	101,	-46,	-192,	40363,	55,	6,	-366,	
2,	10,	843922,	1.65255e+015,	5,	22,	75,	4,	13,	8,	2,	1,	1.65255e+009,	-1.00626,	-0.442288,	-0.361547,	-0.0362208,	-1.2036,	-0.983839,	-0.142488,	0.0737247,	-0.941469,	0.0449055,	0.00827922,	0.00152882,	-0.890087,	0.0612064,	0.0116039,	-0.0768317,	-0.473688,	-0.260745,	-0.0225705,	-0.386725,	-0.2639,	0.56095,	-0.05488,	40353,	-281,	4,	-467,	40333,	101,	-46,	-193,	40373,	54,	7,	-366,	
2,	10,	844000,	1.65255e+015,	-20,	-7,	1,	-21,	-18,	-13,	-4,	-6,	1.65255e+009,	-1.08141,	-0.442288,	-0.328529,	-0.0362208,	-1.2036,	-1.06022,	-0.179466,	0.0607838,	-0.752229,	0.0449055,	0.00827922,	0.00189586,	-0.781672,	0.0612064,	0.0116039,	-0.0646366,	-0.385968,	-0.209493,	-0.0215699,	-0.37453,	-0.3094,	0.56095,	-0.05488,	40363,	-281,	4,	-468,	40343,	102,	-45,	-194,	40383,	55,	6,	-367,	
2,	10,	844079,	1.65255e+015,	-11,	-12,	-27,	-5,	-2,	0,	-2,	-1,	1.65255e+009,	-1.14153,	-0.442288,	-0.328529,	-0.0362208,	-1.2036,	-1.06022,	-0.179466,	0.0441044,	-0.689149,	0.0449055,	0.00827922,	0.0073965,	-0.69494,	0.0612064,	0.0116039,	-0.059136,	-0.385968,	-0.209493,	-0.0215699,	-0.36903,	-0.3094,	0.56095,	-0.05488,	40373,	-280,	5,	-468,	40353,	101,	-45,	-194,	40393,	56,	7,	-367,	
2,	10,	844157,	1.65255e+015,	3,	5,	-25,	-5,	1,	1,	1,	-3,	1.65255e+009,	-1.14153,	-0.540848,	-0.328529,	-0.0362208,	-1.2036,	-1.06022,	-0.179466,	0.029898,	-0.689149,	0.0449055,	0.00827922,	0.00428013,	-0.69494,	0.0612064,	0.0116039,	-0.0385964,	-0.385968,	-0.209493,	-0.0215699,	-0.34849,	-0.3094,	0.56095,	-0.05488,	40383,	-279,	4,	-469,	40363,	102,	-45,	-194,	40403,	56,	7,	-367,	
2,	10,	844219,	1.65255e+015,	-3,	-6,	5,	-11,	-10,	-4,	-2,	-3,	1.65255e+009,	-1.14153,	-0.540848,	-0.328529,	-0.0362208,	-1.2036,	-1.06022,	-0.179466,	0.029898,	-0.689149,	0.0449055,	0.00827922,	0.00428013,	-0.69494,	0.0612064,	0.0116039,	-0.0385964,	-0.385968,	-0.209493,	-0.0215699,	-0.34849,	-0.3094,	0.56095,	-0.05488,	40393,	-278,	5,	-471,	40373,	102,	-45,	-195,	40413,	56,	6,	-367,	
2,	10,	844297,	1.65255e+015,	-1,	-3,	22,	2,	7,	8,	1,	-1,	1.65255e+009,	-1.14153,	-0.540848,	-0.328529,	-0.0362208,	-1.2036,	-1.06022,	-0.179466,	0.029898,	-0.689149,	0.0449055,	0.00827922,	0.00428013,	-0.69494,	0.0612064,	0.0116039,	-0.0385964,	-0.385968,	-0.209493,	-0.0215699,	-0.34849,	-0.3094,	0.56095,	-0.05488,	40403,	-278,	5,	-472,	59583,	138,	-23,	-151,	40423,	56,	8,	-368,	
2,	10,	844375,	1.65255e+015,	-6,	3,	12,	3,	4,	3,	1,	-2,	1.65255e+009,	-1.08141,	-0.540848,	-0.328529,	-0.0362208,	-1.13954,	-1.06022,	-0.179466,	0.029898,	-0.689149,	0.0449055,	0.00827922,	0.00428013,	-0.69494,	0.0612064,	0.0116039,	-0.0385964,	-0.385968,	-0.209493,	-0.0215699,	-0.34849,	-0.3094,	0.56095,	-0.05488,	59613,	-262,	-7,	-462,	59593,	138,	-22,	-151,	59633,	69,	-12,	-353,	
2,	10,	844454,	1.65255e+015,	4,	3,	-2,	9,	-3,	-4,	0,	1,	1.65255e+009,	-1.08141,	-0.540848,	-0.328529,	-0.0362208,	-1.13954,	-0.938008,	-0.122093,	0.029898,	-0.689149,	0.0449055,	0.00827922,	0.00428013,	-0.69494,	0.0612064,	0.0116039,	-0.0385964,	-0.385968,	-0.209493,	-0.0215699,	-0.34849,	-0.3549,	0.56095,	-0.05488,	59623,	-261,	-7,	-462,	59603,	138,	-22,	-151,	59643,	69,	-13,	-353,	
2,	10,	844532,	1.65255e+015,	-1,	-3,	14,	14,	2,	-1,	-1,	2,	1.65255e+009,	-0.931109,	-0.540848,	-0.328529,	-0.0362208,	-0.979378,	-0.586637,	-0.0103974,	0.0482453,	-0.689149,	0.0449055,	0.00827922,	-0.00177057,	-0.69494,	0.0612064,	0.0116039,	-0.0446471,	-0.385968,	-0.260745,	-0.0225705,	-0.354541,	-0.4004,	0.56095,	-0.05488,	59633,	-262,	-7,	-462,	59613,	139,	-22,	-151,	59653,	69,	-13,	-353,	
2,	10,	844610,	1.65255e+015,	-2,	-2,	1,	-3,	-3,	-2,	-3,	-2,	1.65255e+009,	-0.855959,	-0.442288,	-0.328529,	-0.0362208,	-0.915314,	-0.372759,	-0.0189053,	0.0549171,	-0.689149,	0.0449055,	0.00827922,	-0.00397083,	-0.69494,	0.0612064,	0.0116039,	-0.0468473,	-0.385968,	-0.260745,	-0.0225705,	-0.356741,	-0.4368,	0.56095,	-0.05488,	59643,	-263,	-8,	-462,	59623,	138,	-22,	-150,	59663,	68,	-12,	-353,	
2,	10,	844688,	1.65255e+015,	2,	6,	-7,	9,	1,	1,	-1,	2,	1.65255e+009,	-0.855959,	-0.442288,	-0.328529,	-0.0362208,	-0.819218,	-0.311651,	-0.0219002,	0.0599209,	-0.752229,	0.0449055,	0.00827922,	-0.00562102,	-0.69494,	0.0612064,	0.0116039,	-0.0484975,	-0.495618,	-0.260745,	-0.0225705,	-0.358391,	-0.4368,	0.56095,	-0.05488,	59653,	-263,	-7,	-461,	59633,	137,	-22,	-150,	59673,	68,	-14,	-354,	
2,	10,	844766,	1.65255e+015,	5,	19,	10,	12,	2,	-1,	0,	0,	1.65255e+009,	-0.855959,	-0.442288,	-0.328529,	-0.0362208,	-0.739138,	-0.311651,	-0.0219002,	0.0665926,	-0.752229,	-0.0349265,	-0.00554715,	-0.00782128,	-0.803355,	-0.0274986,	-0.00443279,	-0.0506978,	-0.495618,	-0.311997,	-0.02189,	-0.360591,	-0.4823,	0.56095,	-0.05488,	59663,	-262,	-6,	-461,	59643,	137,	-22,	-150,	59683,	69,	-12,	-354,	
2,	10,	844844,	1.65255e+015,	0,	3,	2,	3,	-1,	-5,	-3,	-3,	1.65255e+009,	-0.855959,	-0.343728,	-0.328529,	-0.0362208,	-0.739138,	-0.311651,	-0.0219002,	0.0749323,	-0.752229,	-0.0349265,	-0.00554715,	-0.0105716,	-0.803355,	-0.0984626,	-0.0136363,	-0.0534481,	-0.583338,	-0.311997,	-0.02189,	-0.363342,	-0.4823,	0.56095,	-0.05488,	59673,	-262,	-5,	-461,	59653,	138,	-22,	-150,	59693,	68,	-13,	-354,	
2,	10,	844922,	1.65255e+015,	1,	6,	0,	-5,	-1,	1,	0,	-1,	1.65255e+009,	-0.855959,	-0.343728,	-0.328529,	-0.0362208,	-0.739138,	-0.311651,	-0.0219002,	0.0749323,	-0.752229,	-0.0349265,	-0.00554715,	-0.0105716,	-0.803355,	-0.0984626,	-0.0136363,	-0.0534481,	-0.583338,	-0.311997,	-0.02189,	-0.363342,	-0.4823,	0.56095,	-0.05488,	59683,	-263,	-6,	-461,	59663,	138,	-21,	-150,	59703,	69,	-14,	-354,	
2,	10,	845000,	1.65255e+015,	2,	2,	-3,	9,	1,	0,	-1,	0,	1.65255e+009,	-0.795839,	-0.343728,	-0.328529,	-0.0362208,	-0.803202,	-0.311651,	-0.0219002,	0.083272,	-0.815309,	-0.134716,	-0.0170943,	-0.0133219,	-0.803355,	-0.169427,	-0.0196168,	-0.0561984,	-0.583338,	-0.311997,	-0.02189,	-0.366092,	-0.4459,	0.56095,	-0.05488,	59693,	-262,	-7,	-460,	59673,	137,	-21,	-150,	59713,	69,	-13,	-354,	
2,	10,	845079,	1.65255e+015,	-1,	-4,	-13,	-7,	3,	0,	-1,	-1,	1.65255e+009,	-0.795839,	-0.343728,	-0.328529,	-0.0362208,	-0.803202,	-0.311651,	-0.0219002,	0.0899437,	-0.815309,	-0.134716,	-0.0170943,	-0.0155222,	-0.803355,	-0.169427,	-0.0196168,	-0.0583987,	-0.583338,	-0.311997,	-0.02189,	-0.368292,	-0.4095,	0.56095,	-0.05488,	59703,	-263,	-8,	-460,	59683,	138,	-22,	-150,	59723,	68,	-14,	-353,	
2,	10,	845141,	1.65255e+015,	2,	2,	2,	-9,	1,	2,	1,	1,	1.65255e+009,	-0.795839,	-0.343728,	-0.328529,	-0.0362208,	-0.803202,	-0.311651,	-0.0219002,	0.0899437,	-0.894159,	-0.134716,	-0.0170943,	-0.0155222,	-0.803355,	-0.169427,	-0.0196168,	-0.0583987,	-0.583338,	-0.311997,	-0.02189,	-0.368292,	-0.4095,	0.56095,	-0.05488,	59713,	-263,	-9,	-460,	59693,	136,	-21,	-150,	59733,	69,	-13,	-353,	
2,	10,	845219,	1.65255e+015,	-2,	-2,	-1,	-3,	-2,	-2,	-2,	0,	1.65255e+009,	-0.795839,	-0.343728,	-0.328529,	-0.0362208,	-0.803202,	-0.311651,	-0.0219002,	0.0899437,	-0.894159,	-0.134716,	-0.0170943,	-0.0155222,	-0.803355,	-0.169427,	-0.0196168,	-0.0583987,	-0.583338,	-0.311997,	-0.02189,	-0.368292,	-0.4095,	0.56095,	-0.05488,	59723,	-263,	-8,	-460,	59703,	138,	-22,	-150,	59743,	68,	-14,	-353,	
2,	10,	845282,	1.65255e+015,	-2,	-4,	-2,	4,	0,	-2,	-2,	-2,	1.65255e+009,	-0.795839,	-0.343728,	-0.328529,	-0.0362208,	-0.803202,	-0.311651,	-0.0219002,	0.0899437,	-0.894159,	-0.134716,	-0.0170943,	-0.0155222,	-0.803355,	-0.169427,	-0.0196168,	-0.0583987,	-0.583338,	-0.311997,	-0.02189,	-0.368292,	-0.4095,	0.56095,	-0.05488,	59733,	-263,	-8,	-460,	59713,	138,	-22,	-150,	59753,	69,	-13,	-353,	
2,	10,	845344,	1.65255e+015,	-1,	-4,	-9,	-5,	-4,	-1,	-2,	-2,	1.65255e+009,	-0.795839,	-0.343728,	-0.328529,	-0.0362208,	-0.803202,	-0.311651,	-0.0219002,	0.0899437,	-0.894159,	-0.134716,	-0.0170943,	-0.0155222,	-0.803355,	-0.169427,	-0.0196168,	-0.0583987,	-0.583338,	-0.311997,	-0.02189,	-0.368292,	-0.4095,	0.56095,	-0.05488,	59743,	-263,	-7,	-460,	59723,	137,	-22,	-150,	59763,	68,	-14,	-353,	
2,	10,	845407,	1.65255e+015,	3,	6,	0,	10,	0,	0,	-1,	0,	1.65255e+009,	-0.795839,	-0.343728,	-0.328529,	-0.0362208,	-0.803202,	-0.311651,	-0.0219002,	0.0899437,	-0.894159,	-0.134716,	-0.0170943,	-0.0155222,	-0.803355,	-0.169427,	-0.0196168,	-0.0583987,	-0.583338,	-0.311997,	-0.02189,	-0.368292,	-0.4095,	0.56095,	-0.05488,	59753,	-264,	-7,	-460,	59733,	137,	-21,	-150,	59773,	69,	-14,	-353,	
2,	10,	845485,	1.65255e+015,	1,	-1,	-11,	0,	0,	0,	-1,	0,	1.65255e+009,	-0.795839,	-0.343728,	-0.328529,	-0.0362208,	-0.803202,	-0.311651,	-0.0219002,	0.0899437,	-0.894159,	-0.134716,	-0.0170943,	-0.0155222,	-0.803355,	-0.169427,	-0.0196168,	-0.0583987,	-0.583338,	-0.311997,	-0.02189,	-0.368292,	-0.4095,	0.56095,	-0.05488,	59763,	-264,	-7,	-460,	59743,	136,	-22,	-149,	59783,	68,	-12,	-353,	
2,	10,	845547,	1.65255e+015,	-5,	-16,	14,	-7,	-1,	-1,	-1,	-2,	1.65255e+009,	-0.795839,	-0.343728,	-0.328529,	-0.0362208,	-0.803202,	-0.311651,	-0.0219002,	0.0899437,	-0.894159,	-0.134716,	-0.0170943,	-0.0155222,	-0.803355,	-0.169427,	-0.0196168,	-0.0583987,	-0.583338,	-0.311997,	-0.02189,	-0.368292,	-0.4095,	0.56095,	-0.05488,	59773,	-264,	-7,	-460,	59753,	137,	-21,	-149,	59793,	68,	-13,	-353,	
2,	10,	845610,	1.65255e+015,	-1,	3,	-5,	3,	-2,	-1,	0,	0,	1.65255e+009,	-0.795839,	-0.343728,	-0.328529,	-0.0362208,	-0.803202,	-0.311651,	-0.0219002,	0.0899437,	-0.894159,	-0.134716,	-0.0170943,	-0.0155222,	-0.803355,	-0.169427,	-0.0196168,	-0.0583987,	-0.583338,	-0.311997,	-0.02189,	-0.368292,	-0.4095,	0.56095,	-0.05488,	59783,	-264,	-8,	-460,	59763,	138,	-22,	-149,	59803,	68,	-12,	-353,	
2,	10,	845672,	1.65255e+015,	-2,	-1,	-6,	0,	-2,	-3,	-1,	0,	1.65255e+009,	-0.795839,	-0.343728,	-0.328529,	-0.0362208,	-0.803202,	-0.311651,	-0.0219002,	0.0899437,	-0.894159,	-0.134716,	-0.0170943,	-0.0155222,	-0.803355,	-0.169427,	-0.0196168,	-0.0583987,	-0.583338,	-0.311997,	-0.02189,	-0.368292,	-0.4095,	0.56095,	-0.05488,	59793,	-264,	-7,	-459,	59773,	137,	-22,	-149,	59813,	68,	-13,	-353,	
2,	10,	845750,	1.65255e+015,	-2,	-5,	1,	1,	-1,	-3,	-1,	-2,	1.65255e+009,	-0.795839,	-0.343728,	-0.328529,	-0.0362208,	-0.803202,	-0.311651,	-0.0219002,	0.0899437,	-0.894159,	-0.134716,	-0.0170943,	-0.0155222,	-0.803355,	-0.169427,	-0.0196168,	-0.0583987,	-0.583338,	-0.311997,	-0.02189,	-0.368292,	-0.4095,	0.56095,	-0.05488,	59803,	-264,	-8,	-459,	59783,	136,	-22,	-149,	59823,	68,	-12,	-353,	
2,	10,	845813,	1.65255e+015,	-6,	-6,	2,	11,	-3,	-2,	-2,	-2,	1.65255e+009,	-0.795839,	-0.343728,	-0.328529,	-0.0362208,	-0.803202,	-0.311651,	-0.0219002,	0.0899437,	-0.894159,	-0.134716,	-0.0170943,	-0.0155222,	-0.803355,	-0.169427,	-0.0196168,	-0.0583987,	-0.583338,	-0.311997,	-0.02189,	-0.368292,	-0.4095,	0.56095,	-0.05488,	59813,	-263,	-6,	-459,	59793,	136,	-21,	-149,	59833,	67,	-13,	-352,	
2,	10,	845891,	1.65255e+015,	-6,	-10,	18,	-1,	-1,	-1,	-3,	-2,	1.65255e+009,	-0.795839,	-0.343728,	-0.328529,	-0.0362208,	-0.803202,	-0.311651,	-0.0219002,	0.0899437,	-0.894159,	-0.134716,	-0.0170943,	-0.0155222,	-0.803355,	-0.169427,	-0.0196168,	-0.0583987,	-0.583338,	-0.311997,	-0.02189,	-0.368292,	-0.4095,	0.56095,	-0.05488,	59823,	-264,	-8,	-459,	59803,	137,	-22,	-149,	59843,	68,	-13,	-353,	
2,	10,	845954,	1.65255e+015,	6,	22,	72,	37,	5,	0,	-2,	5,	1.65255e+009,	-0.795839,	-0.343728,	-0.328529,	-0.0362208,	-0.803202,	-0.311651,	-0.0219002,	0.0899437,	-0.894159,	-0.134716,	-0.0170943,	-0.0155222,	-0.890087,	-0.169427,	-0.0196168,	-0.0583987,	-0.692988,	-0.311997,	-0.02189,	-0.368292,	-0.4095,	0.56095,	-0.05488,	59833,	-264,	-8,	-459,	59813,	137,	-22,	-149,	59853,	68,	-13,	-353,	
2,	10,	846016,	1.65255e+015,	14,	13,	-15,	11,	0,	-2,	-14,	-13,	1.65255e+009,	-0.795839,	-0.343728,	-0.328529,	-0.0362208,	-0.803202,	-0.311651,	-0.0219002,	0.0682606,	-0.894159,	-0.134716,	-0.0170943,	-0.00837134,	-0.890087,	0.0257244,	0.00458491,	-0.0512478,	-0.692988,	-0.311997,	-0.02189,	-0.361141,	-0.5278,	0.56095,	-0.05488,	59843,	-264,	-8,	-459,	59823,	138,	-22,	-149,	59863,	69,	-13,	-353,	
2,	10,	846079,	1.65255e+015,	21,	19,	21,	19,	8,	3,	1,	9,	1.65255e+009,	-0.795839,	-0.442288,	-0.328529,	-0.0362208,	-0.883282,	-0.235266,	-0.0222832,	0.0327736,	-0.894159,	-0.0349265,	-0.00554715,	-0.00837035,	-0.890087,	0.0257244,	0.00458491,	-0.0157628,	-0.583338,	-0.311997,	-0.02189,	-0.325656,	-0.6552,	0.56095,	-0.05488,	59853,	-265,	-8,	-460,	59833,	137,	-21,	-149,	59873,	69,	-13,	-353,	
2,	10,	846172,	1.65255e+015,	25,	1,	10,	-8,	5,	3,	2,	8,	1.65255e+009,	-0.795839,	-0.540848,	-0.328529,	-0.0362208,	-0.883282,	-0.235266,	-0.0222832,	-0.0022531,	-0.767999,	0.0449055,	0.00827922,	0.003181,	-0.69494,	0.0257244,	0.00458491,	-0.0042115,	-0.385968,	-0.183867,	-0.0204391,	-0.314105,	-0.6552,	0.56095,	-0.05488,	59863,	-263,	-7,	-459,	59843,	137,	-22,	-149,	59883,	68,	-14,	-353,	
2,	10,	846250,	1.65255e+015,	7,	0,	-43,	-5,	7,	7,	1,	-1,	1.65255e+009,	-0.795839,	-0.540848,	-0.328529,	-0.0362208,	-0.883282,	-0.174158,	-0.0199009,	-0.00472609,	-0.673379,	0.0449055,	0.00827922,	0.011798,	-0.586525,	0.0257244,	0.00458491,	-0.0192505,	-0.385968,	-0.183867,	-0.0204391,	-0.329144,	-0.5733,	0.56095,	-0.05488,	59873,	-264,	-8,	-459,	59853,	137,	-21,	-149,	59893,	68,	-13,	-353,	
2,	10,	846313,	1.65255e+015,	-5,	1,	0,	7,	-5,	-4,	-3,	-15,	1.65255e+009,	-0.795839,	-0.540848,	-0.328529,	-0.0362208,	-0.883282,	-0.174158,	-0.0199009,	-0.0130658,	-0.594529,	0.0449055,	0.00827922,	0.0145483,	-0.586525,	0.0966884,	0.0194286,	-0.0165002,	-0.298248,	-0.132615,	-0.0169168,	-0.326394,	-0.5278,	0.52643,	-0.05488,	59883,	-263,	-7,	-459,	59863,	136,	-21,	-149,	59903,	68,	-13,	-353,	
2,	10,	846391,	1.65255e+015,	2,	11,	32,	12,	10,	6,	1,	-1,	1.65255e+009,	-0.795839,	-0.540848,	-0.328529,	-0.0362208,	-0.883282,	-0.174158,	-0.0199009,	-0.0214055,	-0.594529,	0.0449055,	0.00827922,	0.0172986,	-0.586525,	0.0966884,	0.0194286,	-0.0137499,	-0.298248,	-0.132615,	-0.0169168,	-0.323643,	-0.5096,	0.52643,	-0.05488,	59893,	-264,	-7,	-459,	59873,	137,	-20,	-150,	59913,	69,	-13,	-354,	
2,	10,	846469,	1.65255e+015,	4,	7,	13,	14,	2,	-1,	0,	-6,	1.65255e+009,	-0.795839,	-0.540848,	-0.361547,	-0.0362208,	-0.883282,	-0.174158,	-0.0199009,	-0.0214055,	-0.515679,	0.0449055,	0.00827922,	0.0172986,	-0.586525,	0.0966884,	0.0194286,	-0.0137499,	-0.298248,	-0.132615,	-0.0169168,	-0.323643,	-0.5278,	0.52643,	-0.05488,	59903,	-264,	-7,	-459,	59883,	137,	-20,	-150,	59923,	68,	-13,	-353,	
2,	10,	846532,	1.65255e+015,	-6,	1,	-4,	4,	-2,	0,	2,	6,	1.65255e+009,	-0.795839,	-0.540848,	-0.361547,	-0.0362208,	-0.883282,	-0.174158,	-0.0199009,	-0.0214055,	-0.515679,	0.0449055,	0.00827922,	0.0172986,	-0.586525,	0.0966884,	0.0194286,	-0.0137499,	-0.298248,	-0.132615,	-0.0169168,	-0.323643,	-0.5278,	0.52643,	-0.05488,	59913,	-265,	-6,	-459,	59893,	136,	-20,	-150,	59933,	68,	-14,	-353,	
2,	10,	846610,	1.65255e+015,	0,	13,	44,	4,	0,	0,	1,	-3,	1.65255e+009,	-0.795839,	-0.540848,	-0.361547,	-0.0362208,	-0.883282,	-0.174158,	-0.0199009,	-0.0214055,	-0.515679,	0.0449055,	0.00827922,	0.0172986,	-0.586525,	0.0966884,	0.0194286,	-0.0137499,	-0.298248,	-0.132615,	-0.0169168,	-0.323643,	-0.5278,	0.52643,	-0.05488,	59923,	-264,	-7,	-459,	59903,	135,	-21,	-149,	59943,	69,	-14,	-353,	
2,	10,	846688,	1.65255e+015,	-1,	4,	-2,	1,	-2,	-1,	0,	-4,	1.65255e+009,	-0.795839,	-0.540848,	-0.361547,	-0.0362208,	-0.883282,	-0.174158,	-0.0199009,	-0.0130658,	-0.515679,	0.0449055,	0.00827922,	0.0145483,	-0.586525,	0.0966884,	0.0194286,	-0.0165002,	-0.298248,	-0.132615,	-0.0169168,	-0.326394,	-0.5005,	0.52643,	-0.05488,	59933,	-264,	-7,	-459,	59913,	137,	-21,	-150,	59953,	68,	-14,	-353,	
2,	10,	846766,	1.65255e+015,	-3,	2,	2,	13,	2,	1,	0,	-17,	1.65255e+009,	-0.795839,	-0.540848,	-0.361547,	-0.0362208,	-0.883282,	-0.174158,	-0.0199009,	0.0303006,	-0.673379,	-0.0349265,	-0.00554715,	0.000246659,	-0.586525,	-0.0097576,	-0.00162833,	-0.0308018,	-0.407898,	-0.286371,	-0.0224404,	-0.305211,	-0.455,	0.52643,	-0.05488,	59943,	-264,	-7,	-460,	59923,	136,	-21,	-150,	59963,	69,	-14,	-353,	
2,	10,	846829,	1.65255e+015,	2,	7,	5,	4,	4,	1,	-2,	1,	1.65255e+009,	-0.795839,	-0.540848,	-0.361547,	-0.0362208,	-0.883282,	-0.174158,	-0.0199009,	0.0569875,	-0.925699,	-0.134716,	-0.0170943,	-0.00855436,	-0.825038,	-0.22265,	-0.0219871,	-0.0396029,	-0.627198,	-0.350436,	-0.0202764,	-0.314012,	-0.4095,	0.56095,	-0.05488,	59953,	-263,	-7,	-460,	59933,	136,	-21,	-150,	59973,	68,	-13,	-353,	
2,	10,	846907,	1.65255e+015,	1,	4,	9,	1,	-1,	2,	0,	1,	1.65255e+009,	-0.795839,	-0.442288,	-0.361547,	-0.0362208,	-0.883282,	-0.174158,	-0.0199009,	0.0736669,	-1.02032,	-0.234507,	-0.0222682,	-0.014055,	-0.825038,	-0.311355,	-0.0219089,	-0.0451035,	-0.627198,	-0.427314,	-0.0142123,	-0.319513,	-0.4095,	0.56095,	-0.05488,	59963,	-262,	-8,	-460,	59943,	136,	-21,	-150,	59983,	67,	-14,	-353,	
2,	10,	846985,	1.65255e+015,	-5,	-10,	1,	1,	0,	1,	-1,	-2,	1.65255e+009,	-0.795839,	-0.442288,	-0.361547,	-0.0362208,	-0.883282,	-0.174158,	-0.0199009,	0.0736669,	-1.02032,	-0.234507,	-0.0222682,	-0.014055,	-0.825038,	-0.311355,	-0.0219089,	-0.0451035,	-0.627198,	-0.427314,	-0.0142123,	-0.319513,	-0.3731,	0.56095,	-0.05488,	59973,	-264,	-8,	-459,	59953,	136,	-22,	-149,	59993,	68,	-13,	-353,	
2,	10,	847047,	1.65255e+015,	-1,	1,	1,	2,	2,	1,	0,	-1,	1.65255e+009,	-0.795839,	-0.442288,	-0.361547,	-0.0362208,	-0.883282,	-0.174158,	-0.0199009,	0.0736669,	-1.02032,	-0.234507,	-0.0222682,	-0.014055,	-0.825038,	-0.311355,	-0.0219089,	-0.0451035,	-0.627198,	-0.427314,	-0.0142123,	-0.319513,	-0.3731,	0.56095,	-0.05488,	59983,	-264,	-7,	-459,	59963,	136,	-21,	-149,	60003,	68,	-14,	-353,	
2,	10,	847110,	1.65255e+015,	0,	4,	0,	16,	5,	1,	-2,	-1,	1.65255e+009,	-0.795839,	-0.442288,	-0.361547,	-0.0362208,	-0.883282,	-0.174158,	-0.0199009,	0.0736669,	-1.02032,	-0.234507,	-0.0222682,	-0.014055,	-0.825038,	-0.311355,	-0.0219089,	-0.0451035,	-0.627198,	-0.427314,	-0.0142123,	-0.319513,	-0.3731,	0.56095,	-0.05488,	59993,	-265,	-7,	-459,	59973,	136,	-21,	-149,	60013,	68,	-13,	-353,	
2,	10,	847188,	1.65255e+015,	3,	13,	5,	12,	2,	0,	0,	1,	1.65255e+009,	-0.795839,	-0.442288,	-0.361547,	-0.0362208,	-0.883282,	-0.174158,	-0.0199009,	0.0736669,	-1.02032,	-0.234507,	-0.0222682,	-0.014055,	-0.825038,	-0.311355,	-0.0219089,	-0.0451035,	-0.627198,	-0.427314,	-0.0142123,	-0.319513,	-0.3731,	0.56095,	-0.05488,	60003,	-265,	-8,	-459,	59983,	137,	-21,	-149,	60023,	69,	-13,	-353,	
2,	10,	847250,	1.65255e+015,	0,	1,	-1,	1,	-2,	-1,	0,	0,	1.65255e+009,	-0.795839,	-0.442288,	-0.361547,	-0.0362208,	-0.883282,	-0.174158,	-0.0199009,	0.0736669,	-1.02032,	-0.234507,	-0.0222682,	-0.014055,	-0.825038,	-0.311355,	-0.0219089,	-0.0451035,	-0.627198,	-0.427314,	-0.0142123,	-0.319513,	-0.3731,	0.56095,	-0.05488,	60013,	-264,	-7,	-459,	59993,	135,	-20,	-149,	60033,	68,	-14,	-353,	
2,	10,	847329,	1.65255e+015,	0,	-1,	2,	-3,	-1,	1,	-1,	1,	1.65255e+009,	-0.795839,	-0.442288,	-0.361547,	-0.0362208,	-0.883282,	-0.174158,	-0.0199009,	0.0736669,	-1.02032,	-0.234507,	-0.0222682,	-0.014055,	-0.825038,	-0.311355,	-0.0219089,	-0.0451035,	-0.627198,	-0.427314,	-0.0142123,	-0.319513,	-0.3731,	0.56095,	-0.05488,	60023,	-264,	-7,	-458,	60003,	136,	-22,	-149,	60043,	68,	-13,	-353,	
2,	10,	847407,	1.65255e+015,	-3,	-2,	1,	-6,	0,	-2,	0,	-2,	1.65255e+009,	-0.795839,	-0.442288,	-0.361547,	-0.0362208,	-0.883282,	-0.174158,	-0.0199009,	0.0736669,	-1.02032,	-0.234507,	-0.0222682,	-0.014055,	-0.825038,	-0.311355,	-0.0219089,	-0.0451035,	-0.627198,	-0.427314,	-0.0142123,	-0.319513,	-0.3731,	0.56095,	-0.05488,	60033,	-265,	-7,	-459,	60013,	137,	-22,	-149,	60053,	68,	-14,	-353,	
2,	10,	847485,	1.65255e+015,	2,	4,	-2,	4,	-1,	0,	0,	-1,	1.65255e+009,	-0.795839,	-0.442288,	-0.361547,	-0.0362208,	-0.883282,	-0.174158,	-0.0199009,	0.0736669,	-1.02032,	-0.234507,	-0.0222682,	-0.014055,	-0.825038,	-0.311355,	-0.0219089,	-0.0451035,	-0.627198,	-0.427314,	-0.0142123,	-0.319513,	-0.3731,	0.56095,	-0.05488,	60043,	-265,	-6,	-459,	60023,	137,	-21,	-149,	60063,	69,	-14,	-353,	
2,	10,	847563,	1.65255e+015,	-1,	0,	3,	2,	0,	0,	-1,	-3,	1.65255e+009,	-0.795839,	-0.442288,	-0.361547,	-0.0362208,	-0.883282,	-0.174158,	-0.0199009,	0.0736669,	-1.02032,	-0.234507,	-0.0222682,	-0.014055,	-0.825038,	-0.311355,	-0.0219089,	-0.0451035,	-0.627198,	-0.427314,	-0.0142123,	-0.319513,	-0.3731,	0.56095,	-0.05488,	60053,	-263,	-7,	-459,	60033,	137,	-21,	-149,	60073,	68,	-14,	-353,	
2,	10,	847641,	1.65255e+015,	3,	14,	4,	6,	1,	-1,	1,	0,	1.65255e+009,	-0.795839,	-0.442288,	-0.361547,	-0.0362208,	-0.883282,	-0.174158,	-0.0199009,	0.0736669,	-1.02032,	-0.234507,	-0.0222682,	-0.014055,	-0.825038,	-0.311355,	-0.0219089,	-0.0451035,	-0.627198,	-0.427314,	-0.0142123,	-0.319513,	-0.3731,	0.56095,	-0.05488,	60063,	-263,	-8,	-459,	60043,	137,	-21,	-149,	60083,	68,	-15,	-353,	
2,	10,	847719,	1.65255e+015,	0,	-4,	0,	-6,	4,	0,	0,	-1,	1.65255e+009,	-0.795839,	-0.442288,	-0.361547,	-0.0362208,	-0.883282,	-0.174158,	-0.0199009,	0.0736669,	-1.02032,	-0.234507,	-0.0222682,	-0.014055,	-0.825038,	-0.311355,	-0.0219089,	-0.0451035,	-0.627198,	-0.427314,	-0.0142123,	-0.319513,	-0.3731,	0.56095,	-0.05488,	60073,	-263,	-8,	-459,	60053,	137,	-21,	-149,	60093,	68,	-14,	-353,	
2,	10,	847797,	1.65255e+015,	0,	-2,	3,	3,	3,	0,	0,	0,	1.65255e+009,	-0.795839,	-0.442288,	-0.361547,	-0.0362208,	-0.883282,	-0.174158,	-0.0199009,	0.0736669,	-1.02032,	-0.234507,	-0.0222682,	-0.014055,	-0.825038,	-0.311355,	-0.0219089,	-0.0451035,	-0.627198,	-0.427314,	-0.0142123,	-0.319513,	-0.3731,	0.56095,	-0.05488,	60083,	-263,	-7,	-459,	60063,	137,	-20,	-149,	60103,	69,	-14,	-353,	
2,	10,	847875,	1.65255e+015,	-3,	-7,	0,	-5,	-2,	-1,	-2,	-1,	1.65255e+009,	-0.795839,	-0.442288,	-0.361547,	-0.0362208,	-0.883282,	-0.174158,	-0.0199009,	0.0736669,	-1.02032,	-0.234507,	-0.0222682,	-0.014055,	-0.825038,	-0.311355,	-0.0219089,	-0.0451035,	-0.627198,	-0.427314,	-0.0142123,	-0.319513,	-0.3731,	0.56095,	-0.05488,	60093,	-264,	-8,	-458,	60073,	136,	-20,	-149,	60113,	68,	-13,	-353,	
2,	10,	847954,	1.65255e+015,	-1,	-9,	-5,	-10,	-2,	0,	0,	-1,	1.65255e+009,	-0.795839,	-0.442288,	-0.361547,	-0.0362208,	-0.883282,	-0.174158,	-0.0199009,	0.0736669,	-1.02032,	-0.234507,	-0.0222682,	-0.014055,	-0.825038,	-0.311355,	-0.0219089,	-0.0451035,	-0.627198,	-0.427314,	-0.0142123,	-0.319513,	-0.3731,	0.56095,	-0.05488,	60103,	-264,	-8,	-458,	60083,	136,	-21,	-149,	60123,	68,	-13,	-353,	
2,	10,	848032,	1.65255e+015,	0,	4,	3,	2,	-2,	0,	0,	0,	1.65255e+009,	-0.795839,	-0.442288,	-0.361547,	-0.0362208,	-0.883282,	-0.174158,	-0.0199009,	0.0736669,	-1.02032,	-0.234507,	-0.0222682,	-0.014055,	-0.825038,	-0.311355,	-0.0219089,	-0.0451035,	-0.627198,	-0.427314,	-0.0142123,	-0.319513,	-0.3731,	0.56095,	-0.05488,	60113,	-265,	-8,	-459,	60093,	136,	-21,	-149,	60133,	69,	-13,	-354,	
2,	10,	848110,	1.65255e+015,	-2,	-1,	-1,	-4,	0,	0,	-2,	-1,	1.65255e+009,	-0.795839,	-0.442288,	-0.361547,	-0.0362208,	-0.883282,	-0.174158,	-0.0199009,	0.0736669,	-1.02032,	-0.234507,	-0.0222682,	-0.014055,	-0.825038,	-0.311355,	-0.0219089,	-0.0451035,	-0.627198,	-0.427314,	-0.0142123,	-0.319513,	-0.3731,	0.56095,	-0.05488,	60123,	-264,	-7,	-459,	60103,	135,	-21,	-149,	60143,	69,	-13,	-353,	
2,	10,	848188,	1.65255e+015,	1,	0,	2,	5,	0,	1,	0,	1,	1.65255e+009,	-0.795839,	-0.442288,	-0.361547,	-0.0362208,	-0.883282,	-0.174158,	-0.0199009,	0.0736669,	-1.02032,	-0.234507,	-0.0222682,	-0.014055,	-0.825038,	-0.311355,	-0.0219089,	-0.0451035,	-0.627198,	-0.427314,	-0.0142123,	-0.319513,	-0.3731,	0.56095,	-0.05488,	60133,	-264,	-7,	-459,	60113,	135,	-22,	-149,	60153,	69,	-13,	-353,	
2,	10,	848266,	1.65255e+015,	-1,	-5,	-1,	-13,	-4,	1,	0,	-1,	1.65255e+009,	-0.795839,	-0.442288,	-0.361547,	-0.0362208,	-0.883282,	-0.174158,	-0.0199009,	0.0736669,	-1.02032,	-0.234507,	-0.0222682,	-0.014055,	-0.825038,	-0.311355,	-0.0219089,	-0.0451035,	-0.627198,	-0.427314,	-0.0142123,	-0.319513,	-0.3731,	0.56095,	-0.05488,	60143,	-263,	-7,	-460,	60123,	136,	-21,	-149,	60163,	69,	-13,	-353,	
