1,	1,	831922,	1.65255e+015,	-3,	-5,	7,	-8,	-3,	-3,	-2,	-3,	1.65255e+009,	-0.585419,	-0.442288,	-0.361547,	-0.0559328,	-0.787186,	-0.204712,	-0.0213908,	0.096213,	-0.846849,	-0.0548845,	-0.00836643,	-0.013689,	-0.890087,	-0.187168,	-0.0206083,	-0.0683935,	-0.692988,	-0.273558,	-0.022558,	-0.378287,	-0.4004,	0.56095,	-0.05488,	38753,	-249,	-19,	-516,	38733,	131,	-25,	-159,	38773,	68,	4,	-363,	
1,	1,	832000,	1.65255e+015,	0,	1,	44,	-1,	1,	-1,	0,	0,	1.65255e+009,	-0.585419,	-0.442288,	-0.361547,	-0.0559328,	-0.787186,	-0.204712,	-0.0213908,	0.096213,	-0.846849,	-0.134716,	-0.0170943,	-0.013689,	-0.890087,	-0.187168,	-0.0206083,	-0.0683935,	-0.692988,	-0.32481,	-0.0214572,	-0.378287,	-0.4004,	0.56095,	-0.05488,	38763,	-248,	-18,	-516,	38743,	130,	-24,	-159,	38783,	68,	4,	-363,	
1,	1,	832094,	1.65255e+015,	-1,	-5,	-18,	3,	-1,	-1,	1,	-1,	1.65255e+009,	-0.585419,	-0.442288,	-0.361547,	-0.0559328,	-0.787186,	-0.204712,	-0.0213908,	0.096213,	-0.846849,	-0.134716,	-0.0170943,	-0.013689,	-0.890087,	-0.187168,	-0.0206083,	-0.0683935,	-0.692988,	-0.32481,	-0.0214572,	-0.378287,	-0.4004,	0.56095,	-0.05488,	38773,	-248,	-18,	-516,	38753,	131,	-25,	-160,	38793,	68,	5,	-363,	
1,	1,	832172,	1.65255e+015,	0,	1,	-29,	15,	1,	-1,	1,	-1,	1.65255e+009,	-0.585419,	-0.442288,	-0.361547,	-0.0559328,	-0.787186,	-0.204712,	-0.0213908,	0.096213,	-0.846849,	-0.134716,	-0.0170943,	-0.013689,	-0.890087,	-0.187168,	-0.0206083,	-0.0683935,	-0.692988,	-0.32481,	-0.0214572,	-0.378287,	-0.4004,	0.56095,	-0.05488,	38783,	-248,	-19,	-516,	38763,	130,	-24,	-160,	38803,	67,	5,	-363,	
1,	1,	832235,	1.65255e+015,	-1,	-2,	5,	1,	0,	-2,	-1,	-1,	1.65255e+009,	-0.585419,	-0.442288,	-0.361547,	-0.0559328,	-0.787186,	-0.204712,	-0.0213908,	0.096213,	-0.846849,	-0.134716,	-0.0170943,	-0.013689,	-0.890087,	-0.187168,	-0.0206083,	-0.0683935,	-0.692988,	-0.32481,	-0.0214572,	-0.378287,	-0.4004,	0.56095,	-0.05488,	38793,	-247,	-18,	-516,	38773,	130,	-25,	-160,	38813,	68,	6,	-363,	
1,	1,	832313,	1.65255e+015,	-1,	-4,	11,	3,	0,	0,	-2,	-1,	1.65255e+009,	-0.585419,	-0.442288,	-0.361547,	-0.0559328,	-0.787186,	-0.204712,	-0.0213908,	0.096213,	-0.846849,	-0.134716,	-0.0170943,	-0.013689,	-0.890087,	-0.187168,	-0.0206083,	-0.0683935,	-0.692988,	-0.32481,	-0.0214572,	-0.378287,	-0.4004,	0.56095,	-0.05488,	38803,	-249,	-18,	-516,	38783,	132,	-23,	-160,	38823,	67,	4,	-363,	
1,	1,	832375,	1.65255e+015,	-3,	-6,	-22,	-6,	-2,	-1,	-1,	-1,	1.65255e+009,	-0.585419,	-0.442288,	-0.361547,	-0.0559328,	-0.787186,	-0.204712,	-0.0213908,	0.096213,	-0.846849,	-0.134716,	-0.0170943,	-0.013689,	-0.890087,	-0.187168,	-0.0206083,	-0.0683935,	-0.692988,	-0.32481,	-0.0214572,	-0.378287,	-0.4004,	0.56095,	-0.05488,	38813,	-248,	-19,	-515,	38793,	130,	-24,	-160,	38833,	67,	5,	-363,	
1,	1,	832454,	1.65255e+015,	-2,	-10,	-12,	-3,	-5,	-2,	1,	-2,	1.65255e+009,	-0.585419,	-0.442288,	-0.361547,	-0.0559328,	-0.787186,	-0.204712,	-0.0213908,	0.096213,	-0.846849,	-0.134716,	-0.0170943,	-0.013689,	-0.890087,	-0.187168,	-0.0206083,	-0.0683935,	-0.692988,	-0.32481,	-0.0214572,	-0.378287,	-0.4004,	0.56095,	-0.05488,	38823,	-248,	-19,	-516,	38803,	130,	-24,	-159,	38843,	67,	5,	-363,	
1,	1,	832532,	1.65255e+015,	2,	5,	6,	-4,	0,	0,	-1,	-1,	1.65255e+009,	-0.585419,	-0.442288,	-0.361547,	-0.0559328,	-0.787186,	-0.204712,	-0.0213908,	0.096213,	-0.846849,	-0.134716,	-0.0170943,	-0.013689,	-0.890087,	-0.187168,	-0.0206083,	-0.0683935,	-0.692988,	-0.32481,	-0.0214572,	-0.378287,	-0.4004,	0.56095,	-0.05488,	38833,	-247,	-19,	-515,	38813,	130,	-24,	-159,	38853,	67,	5,	-363,	
1,	1,	832594,	1.65255e+015,	0,	-2,	-12,	-10,	-3,	-2,	-2,	-3,	1.65255e+009,	-0.585419,	-0.442288,	-0.361547,	-0.0559328,	-0.787186,	-0.204712,	-0.0213908,	0.096213,	-0.846849,	-0.134716,	-0.0170943,	-0.013689,	-0.890087,	-0.187168,	-0.0206083,	-0.0683935,	-0.692988,	-0.32481,	-0.0214572,	-0.378287,	-0.4004,	0.56095,	-0.05488,	38843,	-247,	-17,	-516,	38823,	130,	-24,	-159,	38863,	67,	5,	-362,	
1,	1,	832672,	1.65255e+015,	0,	-3,	-4,	-10,	0,	0,	-1,	-1,	1.65255e+009,	-0.585419,	-0.442288,	-0.361547,	-0.0559328,	-0.787186,	-0.204712,	-0.0213908,	0.096213,	-0.846849,	-0.134716,	-0.0170943,	-0.013689,	-0.890087,	-0.187168,	-0.0206083,	-0.0683935,	-0.692988,	-0.32481,	-0.0214572,	-0.378287,	-0.4004,	0.56095,	-0.05488,	38853,	-247,	-19,	-516,	38833,	130,	-23,	-159,	38873,	67,	4,	-363,	
1,	1,	832750,	1.65255e+015,	-3,	2,	6,	-4,	-3,	-2,	0,	0,	1.65255e+009,	-0.585419,	-0.442288,	-0.361547,	-0.0559328,	-0.787186,	-0.204712,	-0.0213908,	0.096213,	-0.846849,	-0.134716,	-0.0170943,	-0.013689,	-0.890087,	-0.187168,	-0.0206083,	-0.0683935,	-0.692988,	-0.32481,	-0.0214572,	-0.378287,	-0.4004,	0.56095,	-0.05488,	38863,	-247,	-18,	-516,	38843,	130,	-24,	-159,	38883,	67,	4,	-363,	
1,	1,	832829,	1.65255e+015,	-1,	-8,	-51,	-2,	-2,	-3,	-1,	-1,	1.65255e+009,	-0.585419,	-0.442288,	-0.361547,	-0.0559328,	-0.787186,	-0.204712,	-0.0213908,	0.096213,	-0.846849,	-0.134716,	-0.0170943,	-0.013689,	-0.890087,	-0.187168,	-0.0206083,	-0.0683935,	-0.692988,	-0.32481,	-0.0214572,	-0.378287,	-0.4004,	0.56095,	-0.05488,	38873,	-246,	-18,	-516,	38853,	131,	-24,	-159,	38893,	68,	4,	-363,	
1,	1,	832907,	1.65255e+015,	-2,	0,	9,	-7,	-1,	0,	-1,	-1,	1.65255e+009,	-0.585419,	-0.442288,	-0.361547,	-0.0559328,	-0.787186,	-0.204712,	-0.0213908,	0.096213,	-0.846849,	-0.134716,	-0.0170943,	-0.013689,	-0.890087,	-0.187168,	-0.0206083,	-0.0683935,	-0.692988,	-0.32481,	-0.0214572,	-0.378287,	-0.4004,	0.56095,	-0.05488,	38883,	-246,	-18,	-516,	38863,	129,	-24,	-159,	38903,	68,	4,	-363,	
1,	1,	832985,	1.65255e+015,	-1,	0,	-8,	-8,	-4,	-1,	0,	-2,	1.65255e+009,	-0.585419,	-0.442288,	-0.361547,	-0.0559328,	-0.787186,	-0.204712,	-0.0213908,	0.096213,	-0.846849,	-0.134716,	-0.0170943,	-0.013689,	-0.890087,	-0.187168,	-0.0206083,	-0.0683935,	-0.692988,	-0.32481,	-0.0214572,	-0.378287,	-0.4004,	0.56095,	-0.05488,	38893,	-247,	-18,	-516,	38873,	130,	-25,	-159,	38913,	67,	4,	-363,	
1,	1,	833079,	1.65255e+015,	0,	-1,	-5,	-6,	0,	0,	0,	-1,	1.65255e+009,	-0.585419,	-0.442288,	-0.361547,	-0.0559328,	-0.787186,	-0.204712,	-0.0213908,	0.096213,	-0.846849,	-0.134716,	-0.0170943,	-0.013689,	-0.890087,	-0.187168,	-0.0206083,	-0.0683935,	-0.692988,	-0.32481,	-0.0214572,	-0.378287,	-0.4004,	0.56095,	-0.05488,	38903,	-247,	-18,	-516,	38883,	130,	-24,	-159,	38923,	68,	4,	-363,	
1,	1,	833141,	1.65255e+015,	1,	4,	33,	1,	-2,	1,	0,	0,	1.65255e+009,	-0.585419,	-0.442288,	-0.361547,	-0.0559328,	-0.787186,	-0.204712,	-0.0213908,	0.096213,	-0.846849,	-0.134716,	-0.0170943,	-0.013689,	-0.890087,	-0.187168,	-0.0206083,	-0.0683935,	-0.692988,	-0.32481,	-0.0214572,	-0.378287,	-0.4004,	0.56095,	-0.05488,	38913,	-248,	-17,	-516,	38893,	130,	-25,	-159,	38933,	67,	4,	-363,	
1,	1,	833204,	1.65255e+015,	0,	-3,	-15,	-15,	-4,	-2,	1,	0,	1.65255e+009,	-0.585419,	-0.442288,	-0.361547,	-0.0559328,	-0.787186,	-0.204712,	-0.0213908,	0.096213,	-0.846849,	-0.134716,	-0.0170943,	-0.013689,	-0.890087,	-0.187168,	-0.0206083,	-0.0683935,	-0.692988,	-0.32481,	-0.0214572,	-0.378287,	-0.4004,	0.56095,	-0.05488,	38923,	-246,	-18,	-517,	38903,	130,	-25,	-159,	38943,	68,	4,	-363,	
1,	1,	833266,	1.65255e+015,	4,	4,	6,	5,	1,	1,	0,	1,	1.65255e+009,	-0.585419,	-0.442288,	-0.361547,	-0.0559328,	-0.787186,	-0.204712,	-0.0213908,	0.096213,	-0.846849,	-0.134716,	-0.0170943,	-0.013689,	-0.890087,	-0.187168,	-0.0206083,	-0.0683935,	-0.692988,	-0.32481,	-0.0214572,	-0.378287,	-0.4004,	0.56095,	-0.05488,	38933,	-246,	-18,	-517,	38913,	129,	-26,	-160,	38953,	68,	4,	-363,	
1,	1,	833344,	1.65255e+015,	2,	1,	-11,	3,	0,	-1,	0,	0,	1.65255e+009,	-0.585419,	-0.442288,	-0.361547,	-0.0559328,	-0.787186,	-0.204712,	-0.0213908,	0.096213,	-0.846849,	-0.134716,	-0.0170943,	-0.013689,	-0.890087,	-0.187168,	-0.0206083,	-0.0683935,	-0.692988,	-0.32481,	-0.0214572,	-0.378287,	-0.4004,	0.56095,	-0.05488,	38943,	-246,	-18,	-517,	38923,	130,	-25,	-159,	38963,	68,	3,	-363,	
1,	1,	833407,	1.65255e+015,	-1,	2,	2,	3,	-1,	0,	1,	0,	1.65255e+009,	-0.585419,	-0.442288,	-0.361547,	-0.0559328,	-0.787186,	-0.204712,	-0.0213908,	0.096213,	-0.846849,	-0.134716,	-0.0170943,	-0.013689,	-0.890087,	-0.187168,	-0.0206083,	-0.0683935,	-0.692988,	-0.32481,	-0.0214572,	-0.378287,	-0.4004,	0.56095,	-0.05488,	38953,	-246,	-17,	-516,	38933,	131,	-26,	-159,	38973,	68,	3,	-363,	
1,	1,	833469,	1.65255e+015,	-1,	-3,	0,	-23,	-4,	-1,	1,	0,	1.65255e+009,	-0.585419,	-0.442288,	-0.361547,	-0.0559328,	-0.787186,	-0.204712,	-0.0213908,	0.096213,	-0.846849,	-0.134716,	-0.0170943,	-0.013689,	-0.890087,	-0.187168,	-0.0206083,	-0.0683935,	-0.692988,	-0.32481,	-0.0214572,	-0.378287,	-0.4004,	0.56095,	-0.05488,	38963,	-247,	-17,	-516,	38943,	130,	-26,	-160,	38983,	67,	4,	-363,	
1,	1,	833547,	1.65255e+015,	1,	-2,	-7,	-3,	-2,	-1,	0,	2,	1.65255e+009,	-0.585419,	-0.442288,	-0.361547,	-0.0559328,	-0.787186,	-0.204712,	-0.0213908,	0.096213,	-0.846849,	-0.134716,	-0.0170943,	-0.013689,	-0.890087,	-0.187168,	-0.0206083,	-0.0683935,	-0.692988,	-0.32481,	-0.0214572,	-0.378287,	-0.4004,	0.56095,	-0.05488,	38973,	-247,	-17,	-516,	38953,	131,	-25,	-159,	38993,	67,	4,	-363,	
1,	1,	833610,	1.65255e+015,	0,	2,	-9,	-42,	-6,	0,	-1,	-1,	1.65255e+009,	-0.585419,	-0.442288,	-0.361547,	-0.0559328,	-0.787186,	-0.204712,	-0.0213908,	0.096213,	-0.846849,	-0.134716,	-0.0170943,	-0.013689,	-0.890087,	-0.187168,	-0.0206083,	-0.0683935,	-0.692988,	-0.32481,	-0.0214572,	-0.378287,	-0.4004,	0.56095,	-0.05488,	38983,	-246,	-16,	-516,	38963,	131,	-25,	-159,	39003,	67,	5,	-363,	
1,	1,	833688,	1.65255e+015,	0,	-1,	-3,	0,	0,	-2,	1,	0,	1.65255e+009,	-0.585419,	-0.442288,	-0.361547,	-0.0559328,	-0.787186,	-0.204712,	-0.0213908,	0.096213,	-0.846849,	-0.134716,	-0.0170943,	-0.013689,	-0.890087,	-0.187168,	-0.0206083,	-0.0683935,	-0.692988,	-0.32481,	-0.0214572,	-0.378287,	-0.4004,	0.56095,	-0.05488,	38993,	-248,	-17,	-516,	38973,	132,	-25,	-159,	39013,	67,	4,	-363,	
1,	1,	833766,	1.65255e+015,	-3,	-7,	-3,	-5,	-3,	-2,	-1,	-2,	1.65255e+009,	-0.585419,	-0.442288,	-0.361547,	-0.0559328,	-0.787186,	-0.204712,	-0.0213908,	0.096213,	-0.846849,	-0.134716,	-0.0170943,	-0.013689,	-0.890087,	-0.187168,	-0.0206083,	-0.0683935,	-0.692988,	-0.32481,	-0.0214572,	-0.378287,	-0.4004,	0.56095,	-0.05488,	39003,	-247,	-17,	-517,	38983,	131,	-25,	-160,	39023,	67,	5,	-363,	
1,	1,	833829,	1.65255e+015,	0,	2,	4,	-5,	0,	1,	0,	1,	1.65255e+009,	-0.585419,	-0.442288,	-0.361547,	-0.0559328,	-0.787186,	-0.204712,	-0.0213908,	0.096213,	-0.846849,	-0.134716,	-0.0170943,	-0.013689,	-0.890087,	-0.187168,	-0.0206083,	-0.0683935,	-0.692988,	-0.32481,	-0.0214572,	-0.378287,	-0.4004,	0.56095,	-0.05488,	39013,	-248,	-17,	-516,	38993,	132,	-26,	-159,	39033,	67,	3,	-364,	
1,	1,	833907,	1.65255e+015,	1,	2,	0,	6,	1,	0,	-1,	-1,	1.65255e+009,	-0.585419,	-0.442288,	-0.361547,	-0.0559328,	-0.787186,	-0.204712,	-0.0213908,	0.096213,	-0.846849,	-0.134716,	-0.0170943,	-0.013689,	-0.890087,	-0.187168,	-0.0206083,	-0.0683935,	-0.692988,	-0.32481,	-0.0214572,	-0.378287,	-0.4004,	0.56095,	-0.05488,	39023,	-247,	-16,	-517,	39003,	131,	-26,	-159,	39043,	69,	3,	-363,	
1,	1,	833969,	1.65255e+015,	0,	5,	1,	-11,	-2,	-2,	-1,	-1,	1.65255e+009,	-0.585419,	-0.442288,	-0.361547,	-0.0559328,	-0.787186,	-0.204712,	-0.0213908,	0.096213,	-0.846849,	-0.134716,	-0.0170943,	-0.013689,	-0.890087,	-0.187168,	-0.0206083,	-0.0683935,	-0.692988,	-0.32481,	-0.0214572,	-0.378287,	-0.4004,	0.56095,	-0.05488,	39033,	-248,	-17,	-517,	39013,	131,	-25,	-159,	39053,	68,	3,	-364,	
1,	1,	834032,	1.65255e+015,	-3,	-6,	5,	-3,	-4,	0,	0,	-1,	1.65255e+009,	-0.585419,	-0.442288,	-0.361547,	-0.0559328,	-0.787186,	-0.204712,	-0.0213908,	0.096213,	-0.846849,	-0.134716,	-0.0170943,	-0.013689,	-0.890087,	-0.187168,	-0.0206083,	-0.0683935,	-0.692988,	-0.32481,	-0.0214572,	-0.378287,	-0.4004,	0.56095,	-0.05488,	39043,	-248,	-16,	-516,	39023,	132,	-24,	-159,	39063,	67,	3,	-364,	
1,	1,	834094,	1.65255e+015,	3,	1,	0,	10,	5,	1,	0,	-1,	1.65255e+009,	-0.585419,	-0.442288,	-0.361547,	-0.0559328,	-0.787186,	-0.204712,	-0.0213908,	0.096213,	-0.846849,	-0.134716,	-0.0170943,	-0.013689,	-0.890087,	-0.187168,	-0.0206083,	-0.0683935,	-0.692988,	-0.32481,	-0.0214572,	-0.378287,	-0.4004,	0.56095,	-0.05488,	39053,	-248,	-17,	-516,	39033,	130,	-25,	-160,	39073,	67,	3,	-363,	
1,	1,	834172,	1.65255e+015,	1,	1,	-2,	23,	3,	1,	-1,	1,	1.65255e+009,	-0.585419,	-0.442288,	-0.361547,	-0.0559328,	-0.787186,	-0.204712,	-0.0213908,	0.096213,	-0.846849,	-0.134716,	-0.0170943,	-0.013689,	-0.890087,	-0.187168,	-0.0206083,	-0.0683935,	-0.692988,	-0.32481,	-0.0214572,	-0.378287,	-0.4004,	0.56095,	-0.05488,	39063,	-248,	-18,	-516,	39043,	130,	-25,	-160,	39083,	67,	2,	-363,	
1,	1,	834250,	1.65255e+015,	-1,	2,	-6,	17,	-2,	-4,	-3,	-1,	1.65255e+009,	-0.585419,	-0.442288,	-0.361547,	-0.0559328,	-0.787186,	-0.204712,	-0.0213908,	0.096213,	-0.846849,	-0.134716,	-0.0170943,	-0.013689,	-0.890087,	-0.187168,	-0.0206083,	-0.0683935,	-0.692988,	-0.32481,	-0.0214572,	-0.378287,	-0.4004,	0.56095,	-0.05488,	39073,	-248,	-17,	-515,	39053,	131,	-25,	-160,	39093,	68,	3,	-363,	
1,	1,	834313,	1.65255e+015,	2,	5,	16,	5,	-1,	0,	-1,	0,	1.65255e+009,	-0.585419,	-0.442288,	-0.361547,	-0.0559328,	-0.787186,	-0.204712,	-0.0213908,	0.096213,	-0.846849,	-0.134716,	-0.0170943,	-0.013689,	-0.890087,	-0.187168,	-0.0206083,	-0.0683935,	-0.692988,	-0.32481,	-0.0214572,	-0.378287,	-0.4004,	0.56095,	-0.05488,	39083,	-248,	-17,	-515,	39063,	131,	-25,	-160,	39103,	68,	3,	-363,	
1,	1,	834375,	1.65255e+015,	1,	0,	-3,	7,	-1,	-2,	-2,	1,	1.65255e+009,	-0.585419,	-0.442288,	-0.361547,	-0.0559328,	-0.787186,	-0.204712,	-0.0213908,	0.096213,	-0.846849,	-0.134716,	-0.0170943,	-0.013689,	-0.890087,	-0.187168,	-0.0206083,	-0.0683935,	-0.692988,	-0.32481,	-0.0214572,	-0.378287,	-0.4004,	0.56095,	-0.05488,	39093,	-248,	-17,	-515,	39073,	130,	-24,	-159,	39113,	68,	2,	-363,	
1,	1,	834438,	1.65255e+015,	-3,	-1,	4,	2,	0,	-2,	-2,	-2,	1.65255e+009,	-0.585419,	-0.442288,	-0.361547,	-0.0559328,	-0.787186,	-0.204712,	-0.0213908,	0.096213,	-0.846849,	-0.134716,	-0.0170943,	-0.013689,	-0.890087,	-0.187168,	-0.0206083,	-0.0683935,	-0.692988,	-0.32481,	-0.0214572,	-0.378287,	-0.4004,	0.56095,	-0.05488,	39103,	-248,	-16,	-515,	39083,	131,	-26,	-159,	39123,	68,	3,	-362,	
1,	1,	834516,	1.65255e+015,	1,	1,	-7,	7,	0,	0,	0,	-1,	1.65255e+009,	-0.585419,	-0.442288,	-0.361547,	-0.0559328,	-0.787186,	-0.204712,	-0.0213908,	0.096213,	-0.846849,	-0.134716,	-0.0170943,	-0.013689,	-0.890087,	-0.187168,	-0.0206083,	-0.0683935,	-0.692988,	-0.32481,	-0.0214572,	-0.378287,	-0.4004,	0.56095,	-0.05488,	39113,	-248,	-17,	-516,	39093,	131,	-24,	-159,	39133,	68,	3,	-362,	
1,	1,	834579,	1.65255e+015,	1,	4,	9,	13,	3,	-1,	-1,	0,	1.65255e+009,	-0.585419,	-0.442288,	-0.361547,	-0.0559328,	-0.787186,	-0.204712,	-0.0213908,	0.096213,	-0.846849,	-0.134716,	-0.0170943,	-0.013689,	-0.890087,	-0.187168,	-0.0206083,	-0.0683935,	-0.692988,	-0.32481,	-0.0214572,	-0.378287,	-0.4004,	0.56095,	-0.05488,	39123,	-247,	-16,	-516,	39103,	131,	-24,	-160,	39143,	68,	3,	-363,	
1,	1,	834641,	1.65255e+015,	0,	-5,	1,	0,	-2,	-2,	1,	0,	1.65255e+009,	-0.585419,	-0.442288,	-0.361547,	-0.0559328,	-0.787186,	-0.204712,	-0.0213908,	0.096213,	-0.846849,	-0.134716,	-0.0170943,	-0.013689,	-0.890087,	-0.187168,	-0.0206083,	-0.0683935,	-0.692988,	-0.32481,	-0.0214572,	-0.378287,	-0.4004,	0.56095,	-0.05488,	39133,	-247,	-16,	-516,	39113,	131,	-25,	-160,	39153,	68,	2,	-362,	
1,	1,	834719,	1.65255e+015,	1,	5,	-16,	-1,	0,	1,	-1,	0,	1.65255e+009,	-0.585419,	-0.442288,	-0.361547,	-0.0559328,	-0.787186,	-0.204712,	-0.0213908,	0.096213,	-0.846849,	-0.134716,	-0.0170943,	-0.013689,	-0.890087,	-0.187168,	-0.0206083,	-0.0683935,	-0.692988,	-0.32481,	-0.0214572,	-0.378287,	-0.4004,	0.56095,	-0.05488,	39143,	-247,	-16,	-515,	39123,	130,	-25,	-160,	39163,	68,	2,	-362,	
2,	1,	834813,	1.65255e+015,	0,	-4,	-9,	-1,	-1,	-2,	0,	0,	1.65255e+009,	-0.585419,	-0.442288,	-0.361547,	-0.0559328,	-0.787186,	-0.204712,	-0.0213908,	0.096213,	-0.846849,	-0.134716,	-0.0170943,	-0.013689,	-0.890087,	-0.187168,	-0.0206083,	-0.0683935,	-0.692988,	-0.32481,	-0.0214572,	-0.378287,	-0.4004,	0.56095,	-0.05488,	39153,	-248,	-16,	-515,	39133,	130,	-25,	-160,	39173,	68,	2,	-362,	
2,	1,	834875,	1.65255e+015,	2,	5,	2,	5,	1,	2,	0,	1,	1.65255e+009,	-0.585419,	-0.442288,	-0.361547,	-0.0559328,	-0.787186,	-0.204712,	-0.0213908,	0.096213,	-0.846849,	-0.134716,	-0.0170943,	-0.013689,	-0.890087,	-0.187168,	-0.0206083,	-0.0683935,	-0.692988,	-0.32481,	-0.0214572,	-0.378287,	-0.4004,	0.56095,	-0.05488,	39163,	-247,	-16,	-515,	39143,	130,	-25,	-159,	39183,	68,	2,	-362,	
2,	1,	834938,	1.65255e+015,	-2,	-4,	-38,	-13,	1,	0,	-2,	-1,	1.65255e+009,	-0.585419,	-0.442288,	-0.361547,	-0.0559328,	-0.787186,	-0.204712,	-0.0213908,	0.096213,	-0.846849,	-0.134716,	-0.0170943,	-0.013689,	-0.890087,	-0.187168,	-0.0206083,	-0.0683935,	-0.692988,	-0.32481,	-0.0214572,	-0.378287,	-0.4004,	0.56095,	-0.05488,	39173,	-247,	-16,	-515,	39153,	130,	-27,	-159,	39193,	67,	3,	-362,	
2,	1,	835000,	1.65255e+015,	1,	1,	8,	16,	-2,	-2,	-2,	-1,	1.65255e+009,	-0.585419,	-0.442288,	-0.361547,	-0.0559328,	-0.787186,	-0.204712,	-0.0213908,	0.096213,	-0.846849,	-0.134716,	-0.0170943,	-0.013689,	-0.890087,	-0.187168,	-0.0206083,	-0.0683935,	-0.692988,	-0.32481,	-0.0214572,	-0.378287,	-0.4004,	0.56095,	-0.05488,	39183,	-248,	-16,	-515,	39163,	131,	-25,	-159,	39203,	68,	2,	-362,	
2,	1,	835079,	1.65255e+015,	0,	5,	9,	-4,	0,	0,	-2,	-2,	1.65255e+009,	-0.585419,	-0.442288,	-0.361547,	-0.0559328,	-0.787186,	-0.204712,	-0.0213908,	0.096213,	-0.846849,	-0.134716,	-0.0170943,	-0.013689,	-0.890087,	-0.187168,	-0.0206083,	-0.0683935,	-0.692988,	-0.32481,	-0.0214572,	-0.378287,	-0.4004,	0.56095,	-0.05488,	39193,	-247,	-16,	-514,	39173,	132,	-26,	-159,	39213,	68,	3,	-362,	
2,	1,	835141,	1.65255e+015,	3,	1,	-7,	-1,	1,	0,	-1,	2,	1.65255e+009,	-0.585419,	-0.442288,	-0.361547,	-0.0559328,	-0.787186,	-0.204712,	-0.0213908,	0.096213,	-0.846849,	-0.134716,	-0.0170943,	-0.013689,	-0.890087,	-0.187168,	-0.0206083,	-0.0683935,	-0.692988,	-0.32481,	-0.0214572,	-0.378287,	-0.4004,	0.56095,	-0.05488,	39203,	-248,	-16,	-515,	39183,	132,	-25,	-159,	39223,	68,	2,	-362,	
2,	1,	835219,	1.65255e+015,	-1,	5,	48,	1,	-5,	-1,	0,	-1,	1.65255e+009,	-0.585419,	-0.442288,	-0.361547,	-0.0559328,	-0.787186,	-0.204712,	-0.0213908,	0.096213,	-0.846849,	-0.134716,	-0.0170943,	-0.013689,	-0.890087,	-0.187168,	-0.0206083,	-0.0683935,	-0.692988,	-0.32481,	-0.0214572,	-0.378287,	-0.4004,	0.56095,	-0.05488,	39213,	-247,	-15,	-515,	39193,	132,	-25,	-159,	39233,	68,	2,	-362,	
2,	1,	835282,	1.65255e+015,	-4,	-14,	-12,	-12,	-4,	-1,	-2,	-2,	1.65255e+009,	-0.660569,	-0.442288,	-0.361547,	-0.0559328,	-0.787186,	-0.204712,	-0.0213908,	0.0845374,	-0.846849,	-0.134716,	-0.0170943,	-0.00983851,	-0.890087,	-0.187168,	-0.0206083,	-0.064543,	-0.692988,	-0.32481,	-0.0214572,	-0.374437,	-0.4004,	0.56095,	-0.05488,	39223,	-248,	-16,	-515,	39203,	131,	-25,	-159,	39243,	68,	2,	-362,	
2,	1,	835360,	1.65255e+015,	2,	-2,	-3,	-5,	-1,	-2,	-2,	-2,	1.65255e+009,	-0.735718,	-0.442288,	-0.361547,	-0.0559328,	-1.02743,	-0.204712,	-0.0213908,	0.0845374,	-0.909929,	-0.134716,	-0.0170943,	-0.00983851,	-0.890087,	-0.187168,	-0.0206083,	-0.064543,	-0.692988,	-0.32481,	-0.0214572,	-0.374437,	-0.3549,	0.56095,	-0.05488,	39233,	-247,	-15,	-515,	39213,	131,	-25,	-159,	39253,	68,	2,	-363,	
2,	1,	835438,	1.65255e+015,	0,	-14,	-15,	-25,	3,	2,	2,	2,	1.65255e+009,	-0.810869,	-0.442288,	-0.361547,	-0.0312928,	-1.31571,	-0.143604,	-0.0178136,	0.107889,	-1.06763,	-0.134716,	-0.0170943,	-0.0175394,	-0.890087,	-0.187168,	-0.0206083,	-0.0722439,	-0.692988,	-0.32481,	-0.0214572,	-0.382138,	-0.273,	0.56095,	-0.05488,	39243,	-248,	-16,	-515,	39223,	132,	-25,	-158,	39263,	69,	4,	-362,	
2,	1,	835516,	1.65255e+015,	8,	-4,	-22,	-12,	-4,	-2,	0,	-1,	1.65255e+009,	-0.886019,	-0.442288,	-0.361547,	-0.0312928,	-1.53994,	-0.143604,	-0.0178136,	0.129572,	-1.14648,	-0.0349265,	-0.00554715,	-0.0246902,	-0.976819,	-0.187168,	-0.0206083,	-0.0793947,	-0.692988,	-0.32481,	-0.0214572,	-0.389288,	-0.2366,	0.56095,	-0.05488,	39253,	-247,	-15,	-515,	39233,	131,	-24,	-158,	39273,	68,	3,	-363,	
2,	1,	835594,	1.65255e+015,	-9,	-8,	5,	-14,	-3,	-3,	-1,	-3,	1.65255e+009,	-0.946139,	-0.442288,	-0.361547,	-0.0312928,	-1.62002,	-0.204712,	-0.0213908,	0.145245,	-1.2411,	-0.0349265,	-0.00554715,	-0.0201072,	-0.976819,	-0.187168,	-0.0206083,	-0.104382,	-0.692988,	-0.32481,	-0.0214572,	-0.414275,	-0.2002,	0.56095,	-0.05488,	39263,	-246,	-15,	-515,	39243,	132,	-24,	-158,	39283,	70,	4,	-363,	
2,	1,	835672,	1.65255e+015,	-14,	5,	6,	4,	3,	0,	-1,	1,	1.65255e+009,	-0.946139,	-0.343728,	-0.361547,	-0.0115808,	-1.68408,	-0.281097,	-0.0225015,	0.151916,	-1.31995,	-0.0349265,	-0.00554715,	-0.0223075,	-1.06355,	-0.187168,	-0.0206083,	-0.106582,	-0.692988,	-0.32481,	-0.0214572,	-0.416476,	-0.1547,	0.56095,	-0.05488,	39273,	-246,	-16,	-516,	39253,	131,	-25,	-159,	39293,	68,	3,	-363,	
2,	1,	835750,	1.65255e+015,	2,	-4,	-9,	-35,	-6,	-4,	-1,	6,	1.65255e+009,	-0.946139,	-0.343728,	-0.361547,	-0.0115808,	-1.76416,	-0.281097,	-0.0225015,	0.151916,	-1.31995,	-0.0349265,	-0.00554715,	-0.0223075,	-1.06355,	-0.187168,	-0.0206083,	-0.106582,	-0.692988,	-0.32481,	-0.0214572,	-0.416476,	-0.1183,	0.56095,	-0.05488,	39283,	-247,	-16,	-515,	39263,	131,	-25,	-159,	39303,	68,	3,	-362,	
2,	1,	835829,	1.65255e+015,	9,	-8,	7,	-1,	-1,	-2,	-3,	-4,	1.65255e+009,	-1.02129,	-0.343728,	-0.361547,	-0.0115808,	-1.76416,	-0.281097,	-0.0225015,	0.157783,	-1.3988,	-0.0349265,	-0.00554715,	-0.0164408,	-1.06355,	-0.187168,	-0.0206083,	-0.124371,	-0.780708,	-0.32481,	-0.0214572,	-0.434265,	-0.1183,	0.56095,	-0.05488,	39293,	-245,	-15,	-515,	39273,	131,	-27,	-159,	39313,	67,	3,	-362,	
2,	1,	835907,	1.65255e+015,	3,	-5,	-24,	-10,	-1,	-5,	0,	7,	1.65255e+009,	-1.02129,	-0.343728,	-0.361547,	-0.0115808,	-1.76416,	-0.342205,	-0.0207015,	0.157783,	-1.3988,	-0.0349265,	-0.00554715,	-0.0164408,	-1.06355,	-0.187168,	-0.0206083,	-0.124371,	-0.780708,	-0.32481,	-0.0214572,	-0.434265,	-0.1183,	0.56095,	-0.05488,	39303,	-245,	-15,	-515,	39283,	131,	-26,	-160,	39323,	68,	3,	-362,	
2,	1,	835985,	1.65255e+015,	-5,	-4,	-41,	-24,	-1,	-4,	-5,	-15,	1.65255e+009,	-1.02129,	-0.343728,	-0.361547,	-0.0115808,	-1.76416,	-0.342205,	-0.0207015,	0.157783,	-1.3988,	-0.0349265,	-0.00554715,	-0.0164408,	-1.06355,	-0.187168,	-0.0206083,	-0.124371,	-0.780708,	-0.32481,	-0.0214572,	-0.434265,	-0.1183,	0.56095,	-0.05488,	39313,	-246,	-15,	-514,	39293,	130,	-27,	-160,	39333,	69,	3,	-362,	
2,	1,	836063,	1.65255e+015,	5,	0,	-1,	-3,	-4,	-5,	-3,	-5,	1.65255e+009,	-1.02129,	-0.343728,	-0.361547,	-0.0115808,	-1.76416,	-0.342205,	-0.0207015,	0.157783,	-1.3988,	-0.0349265,	-0.00554715,	-0.0164408,	-1.06355,	-0.187168,	-0.0206083,	-0.124371,	-0.780708,	-0.32481,	-0.0214572,	-0.434265,	-0.1183,	0.56095,	-0.05488,	39323,	-246,	-15,	-515,	39303,	131,	-26,	-159,	39343,	69,	3,	-363,	
2,	1,	836141,	1.65255e+015,	20,	1,	5,	1,	-3,	-4,	-1,	10,	1.65255e+009,	-1.02129,	-0.343728,	-0.361547,	-0.0115808,	-1.76416,	-0.342205,	-0.0207015,	0.157783,	-1.3988,	-0.0349265,	-0.00554715,	-0.0164408,	-1.06355,	-0.187168,	-0.0206083,	-0.124371,	-0.780708,	-0.32481,	-0.0214572,	-0.434265,	-0.1183,	0.56095,	-0.05488,	39333,	-246,	-15,	-515,	39313,	131,	-25,	-159,	39353,	69,	3,	-362,	
2,	1,	836219,	1.65255e+015,	9,	6,	16,	23,	-1,	-5,	-2,	2,	1.65255e+009,	-1.02129,	-0.343728,	-0.361547,	-0.0115808,	-1.76416,	-0.342205,	-0.0207015,	0.157783,	-1.3988,	-0.0349265,	-0.00554715,	-0.0164408,	-1.06355,	-0.187168,	-0.0206083,	-0.124371,	-0.780708,	-0.32481,	-0.0214572,	-0.434265,	-0.1183,	0.56095,	-0.05488,	39343,	-246,	-15,	-516,	39323,	131,	-26,	-159,	39363,	68,	3,	-362,	
2,	1,	836297,	1.65255e+015,	-5,	-14,	-83,	-31,	-6,	-4,	-1,	1,	1.65255e+009,	-1.02129,	-0.343728,	-0.361547,	-0.0115808,	-1.76416,	-0.342205,	-0.0207015,	0.157783,	-1.3988,	-0.0349265,	-0.00554715,	-0.0164408,	-1.06355,	-0.187168,	-0.0206083,	-0.124371,	-0.780708,	-0.32481,	-0.0214572,	-0.434265,	-0.0728,	0.56095,	-0.05488,	39353,	-246,	-15,	-516,	39333,	131,	-25,	-159,	39373,	68,	4,	-362,	
2,	1,	836375,	1.65255e+015,	-4,	3,	9,	2,	0,	1,	1,	-3,	1.65255e+009,	-1.02129,	-0.343728,	-0.361547,	-0.0115808,	-1.76416,	-0.342205,	-0.0207015,	0.157783,	-1.3988,	-0.0349265,	-0.00554715,	-0.0164408,	-1.06355,	-0.187168,	-0.0206083,	-0.124371,	-0.780708,	-0.32481,	-0.0214572,	-0.434265,	-0.0728,	0.56095,	-0.05488,	39363,	-246,	-15,	-516,	39343,	131,	-24,	-159,	39383,	69,	4,	-363,	
2,	1,	836454,	1.65255e+015,	-1,	1,	-14,	-17,	-5,	-4,	-2,	-2,	1.65255e+009,	-1.02129,	-0.343728,	-0.361547,	-0.0115808,	-1.66807,	-0.342205,	-0.0207015,	0.157783,	-1.33572,	-0.0349265,	-0.00554715,	-0.0164408,	-1.06355,	-0.187168,	-0.0206083,	-0.124371,	-0.780708,	-0.32481,	-0.0214572,	-0.434265,	-0.1547,	0.56095,	-0.05488,	39373,	-247,	-15,	-516,	39353,	132,	-25,	-159,	39393,	69,	3,	-363,	
2,	1,	836532,	1.65255e+015,	2,	-3,	3,	-5,	0,	1,	1,	0,	1.65255e+009,	-0.855959,	-0.343728,	-0.361547,	-0.0362208,	-1.25165,	-0.26582,	-0.0225781,	0.125833,	-1.11494,	-0.0349265,	-0.00554715,	-0.0195566,	-0.976819,	-0.187168,	-0.0206083,	-0.0860891,	-0.780708,	-0.32481,	-0.0214572,	-0.395983,	-0.3003,	0.56095,	-0.05488,	39383,	-246,	-15,	-516,	39363,	132,	-26,	-159,	39403,	68,	4,	-363,	
2,	1,	836610,	1.65255e+015,	1,	4,	20,	2,	-1,	-4,	-2,	-1,	1.65255e+009,	-0.780809,	-0.343728,	-0.361547,	-0.0362208,	-0.93133,	-0.189435,	-0.0207205,	0.102482,	-1.02032,	-0.0349265,	-0.00554715,	-0.0118557,	-0.976819,	-0.258132,	-0.0225602,	-0.0783882,	-0.780708,	-0.376062,	-0.0186753,	-0.388282,	-0.3458,	0.56095,	-0.05488,	39393,	-246,	-16,	-516,	39373,	132,	-25,	-159,	39413,	67,	3,	-363,	
2,	1,	836688,	1.65255e+015,	-3,	-6,	-33,	-11,	-3,	0,	-1,	-1,	1.65255e+009,	-0.705658,	-0.343728,	-0.361547,	-0.0559328,	-0.803202,	-0.189435,	-0.0207205,	0.102482,	-0.957239,	-0.0349265,	-0.00554715,	-0.0118557,	-0.976819,	-0.258132,	-0.0225602,	-0.0783882,	-0.780708,	-0.376062,	-0.0186753,	-0.388282,	-0.3822,	0.56095,	-0.05488,	39403,	-245,	-15,	-515,	39383,	132,	-26,	-159,	39423,	68,	4,	-362,	
2,	1,	836766,	1.65255e+015,	-4,	-6,	-23,	-18,	-6,	-3,	-2,	-3,	1.65255e+009,	-0.645539,	-0.343728,	-0.361547,	-0.0559328,	-0.803202,	-0.189435,	-0.0207205,	0.102482,	-0.957239,	-0.0349265,	-0.00554715,	-0.0118557,	-0.976819,	-0.258132,	-0.0225602,	-0.0783882,	-0.780708,	-0.376062,	-0.0186753,	-0.388282,	-0.4277,	0.56095,	-0.05488,	39413,	-247,	-15,	-515,	39393,	132,	-27,	-159,	39433,	67,	3,	-362,	
2,	1,	836844,	1.65255e+015,	0,	6,	-3,	17,	2,	-1,	0,	1,	1.65255e+009,	-0.645539,	-0.343728,	-0.361547,	-0.0559328,	-0.803202,	-0.189435,	-0.0207205,	0.109154,	-0.957239,	-0.0349265,	-0.00554715,	-0.014056,	-0.976819,	-0.258132,	-0.0225602,	-0.0805885,	-0.780708,	-0.376062,	-0.0186753,	-0.390482,	-0.4277,	0.56095,	-0.05488,	39423,	-247,	-16,	-515,	39403,	133,	-27,	-160,	39443,	68,	3,	-363,	
2,	1,	836907,	1.65255e+015,	1,	5,	28,	0,	-2,	-4,	-2,	0,	1.65255e+009,	-0.645539,	-0.343728,	-0.361547,	-0.0559328,	-0.803202,	-0.189435,	-0.0207205,	0.109154,	-0.878389,	-0.0349265,	-0.00554715,	-0.014056,	-0.976819,	-0.258132,	-0.0225602,	-0.0805885,	-0.780708,	-0.376062,	-0.0186753,	-0.390482,	-0.4277,	0.56095,	-0.05488,	39433,	-248,	-16,	-515,	39413,	131,	-27,	-159,	39453,	68,	3,	-363,	
2,	1,	836985,	1.65255e+015,	1,	0,	-3,	-6,	-2,	-2,	1,	0,	1.65255e+009,	-0.645539,	-0.343728,	-0.361547,	-0.0559328,	-0.803202,	-0.189435,	-0.0207205,	0.109154,	-0.878389,	-0.0349265,	-0.00554715,	-0.014056,	-0.976819,	-0.258132,	-0.0225602,	-0.0805885,	-0.780708,	-0.376062,	-0.0186753,	-0.390482,	-0.4277,	0.56095,	-0.05488,	39443,	-248,	-16,	-515,	39423,	132,	-26,	-159,	39463,	68,	3,	-363,	
2,	1,	837063,	1.65255e+015,	1,	3,	4,	-3,	-3,	-3,	-2,	0,	1.65255e+009,	-0.645539,	-0.343728,	-0.361547,	-0.0559328,	-0.803202,	-0.189435,	-0.0207205,	0.109154,	-0.878389,	-0.0349265,	-0.00554715,	-0.014056,	-0.976819,	-0.258132,	-0.0225602,	-0.0805885,	-0.780708,	-0.376062,	-0.0186753,	-0.390482,	-0.4277,	0.56095,	-0.05488,	39453,	-246,	-16,	-515,	39433,	132,	-26,	-159,	39473,	68,	4,	-362,	
2,	1,	837141,	1.65255e+015,	0,	-3,	-9,	6,	1,	0,	1,	-1,	1.65255e+009,	-0.645539,	-0.343728,	-0.361547,	-0.0559328,	-0.803202,	-0.189435,	-0.0207205,	0.109154,	-0.878389,	-0.0349265,	-0.00554715,	-0.014056,	-0.976819,	-0.258132,	-0.0225602,	-0.0805885,	-0.780708,	-0.376062,	-0.0186753,	-0.390482,	-0.4277,	0.56095,	-0.05488,	39463,	-246,	-16,	-515,	39443,	133,	-26,	-159,	39483,	68,	3,	-363,	
2,	1,	837204,	1.65255e+015,	-4,	-10,	-31,	-44,	-7,	-3,	-1,	-2,	1.65255e+009,	-0.645539,	-0.343728,	-0.361547,	-0.0559328,	-0.803202,	-0.189435,	-0.0207205,	0.109154,	-0.878389,	-0.0349265,	-0.00554715,	-0.014056,	-0.976819,	-0.258132,	-0.0225602,	-0.0805885,	-0.780708,	-0.376062,	-0.0186753,	-0.390482,	-0.4277,	0.56095,	-0.05488,	39473,	-246,	-17,	-514,	39453,	132,	-25,	-159,	39493,	68,	4,	-363,	
2,	1,	837266,	1.65255e+015,	-7,	-22,	-22,	-20,	-5,	1,	0,	-2,	1.65255e+009,	-0.645539,	-0.343728,	-0.361547,	-0.0559328,	-0.803202,	-0.189435,	-0.0207205,	0.109154,	-0.878389,	-0.0349265,	-0.00554715,	-0.014056,	-0.976819,	-0.258132,	-0.0225602,	-0.0805885,	-0.780708,	-0.376062,	-0.0186753,	-0.390482,	-0.4277,	0.56095,	-0.05488,	39483,	-247,	-17,	-513,	39463,	131,	-25,	-159,	39503,	68,	4,	-363,	
2,	1,	837360,	1.65255e+015,	1,	1,	-4,	-2,	-2,	-1,	-1,	0,	1.65255e+009,	-0.645539,	-0.343728,	-0.361547,	-0.0559328,	-0.803202,	-0.189435,	-0.0207205,	0.109154,	-0.878389,	-0.0349265,	-0.00554715,	-0.014056,	-0.976819,	-0.258132,	-0.0225602,	-0.0805885,	-0.780708,	-0.376062,	-0.0186753,	-0.390482,	-0.4277,	0.56095,	-0.05488,	39493,	-248,	-18,	-513,	39473,	131,	-25,	-159,	39513,	67,	4,	-363,	
2,	1,	837438,	1.65255e+015,	-2,	-6,	8,	2,	3,	0,	-1,	-2,	1.65255e+009,	-0.645539,	-0.343728,	-0.361547,	-0.0559328,	-0.803202,	-0.189435,	-0.0207205,	0.109154,	-0.878389,	-0.0349265,	-0.00554715,	-0.014056,	-0.976819,	-0.258132,	-0.0225602,	-0.0805885,	-0.780708,	-0.376062,	-0.0186753,	-0.390482,	-0.4277,	0.56095,	-0.05488,	39503,	-247,	-18,	-512,	39483,	131,	-26,	-159,	39523,	67,	6,	-362,	
2,	1,	837500,	1.65255e+015,	-3,	-12,	-8,	-18,	-2,	0,	0,	0,	1.65255e+009,	-0.645539,	-0.343728,	-0.361547,	-0.0559328,	-0.803202,	-0.189435,	-0.0207205,	0.109154,	-0.878389,	-0.0349265,	-0.00554715,	-0.014056,	-0.976819,	-0.258132,	-0.0225602,	-0.0805885,	-0.780708,	-0.376062,	-0.0186753,	-0.390482,	-0.4277,	0.56095,	-0.05488,	39513,	-248,	-20,	-512,	39493,	131,	-25,	-159,	39533,	67,	5,	-363,	
2,	1,	837579,	1.65255e+015,	0,	-3,	0,	-5,	-3,	-1,	1,	2,	1.65255e+009,	-0.645539,	-0.343728,	-0.361547,	-0.0559328,	-0.803202,	-0.189435,	-0.0207205,	0.109154,	-0.878389,	-0.0349265,	-0.00554715,	-0.014056,	-0.976819,	-0.258132,	-0.0225602,	-0.0805885,	-0.780708,	-0.376062,	-0.0186753,	-0.390482,	-0.4277,	0.56095,	-0.05488,	39523,	-248,	-20,	-512,	39503,	131,	-26,	-159,	39543,	68,	6,	-363,	
2,	1,	837657,	1.65255e+015,	-1,	-4,	-22,	0,	0,	-3,	-1,	-1,	1.65255e+009,	-0.645539,	-0.343728,	-0.361547,	-0.0559328,	-0.803202,	-0.189435,	-0.0207205,	0.109154,	-0.878389,	-0.0349265,	-0.00554715,	-0.014056,	-0.976819,	-0.258132,	-0.0225602,	-0.0805885,	-0.780708,	-0.376062,	-0.0186753,	-0.390482,	-0.4277,	0.56095,	-0.05488,	39533,	-248,	-20,	-512,	39513,	130,	-26,	-159,	39553,	68,	6,	-363,	
2,	1,	837719,	1.65255e+015,	0,	0,	-3,	-11,	-2,	-1,	-2,	0,	1.65255e+009,	-0.645539,	-0.343728,	-0.361547,	-0.0559328,	-0.803202,	-0.189435,	-0.0207205,	0.109154,	-0.878389,	-0.0349265,	-0.00554715,	-0.014056,	-0.976819,	-0.258132,	-0.0225602,	-0.0805885,	-0.780708,	-0.376062,	-0.0186753,	-0.390482,	-0.4277,	0.56095,	-0.05488,	39543,	-248,	-19,	-512,	39523,	131,	-26,	-159,	39563,	68,	7,	-363,	
2,	1,	837797,	1.65255e+015,	-1,	-1,	-2,	5,	-2,	0,	-2,	-1,	1.65255e+009,	-0.645539,	-0.343728,	-0.361547,	-0.0559328,	-0.803202,	-0.189435,	-0.0207205,	0.109154,	-0.878389,	-0.0349265,	-0.00554715,	-0.014056,	-0.976819,	-0.258132,	-0.0225602,	-0.0805885,	-0.780708,	-0.376062,	-0.0186753,	-0.390482,	-0.4277,	0.56095,	-0.05488,	39553,	-248,	-20,	-511,	39533,	131,	-26,	-159,	39573,	68,	6,	-364,	
2,	1,	837860,	1.65255e+015,	-3,	-9,	-11,	-10,	-6,	-3,	-2,	-1,	1.65255e+009,	-0.645539,	-0.343728,	-0.361547,	-0.0559328,	-0.803202,	-0.189435,	-0.0207205,	0.109154,	-0.878389,	-0.0349265,	-0.00554715,	-0.014056,	-0.976819,	-0.258132,	-0.0225602,	-0.0805885,	-0.780708,	-0.376062,	-0.0186753,	-0.390482,	-0.4277,	0.56095,	-0.05488,	39563,	-247,	-21,	-510,	39543,	130,	-25,	-160,	39583,	68,	6,	-364,	
2,	1,	837922,	1.65255e+015,	-1,	5,	16,	11,	2,	-1,	-2,	-3,	1.65255e+009,	-0.645539,	-0.343728,	-0.361547,	-0.0559328,	-0.803202,	-0.189435,	-0.0207205,	0.109154,	-0.878389,	-0.0349265,	-0.00554715,	-0.014056,	-0.976819,	-0.258132,	-0.0225602,	-0.0805885,	-0.780708,	-0.376062,	-0.0186753,	-0.390482,	-0.4277,	0.56095,	-0.05488,	39573,	-250,	-21,	-507,	39553,	128,	-26,	-160,	39593,	68,	7,	-364,	
2,	1,	838000,	1.65255e+015,	3,	10,	10,	3,	-1,	1,	-1,	3,	1.65255e+009,	-0.645539,	-0.343728,	-0.361547,	-0.0559328,	-0.803202,	-0.189435,	-0.0207205,	0.109154,	-0.878389,	-0.0349265,	-0.00554715,	-0.014056,	-0.976819,	-0.258132,	-0.0225602,	-0.0805885,	-0.780708,	-0.376062,	-0.0186753,	-0.390482,	-0.4277,	0.56095,	-0.05488,	39583,	-254,	-24,	-502,	39563,	129,	-26,	-160,	39603,	67,	7,	-364,	
2,	1,	838063,	1.65255e+015,	-4,	-3,	20,	19,	-1,	-2,	0,	-2,	1.65255e+009,	-0.645539,	-0.343728,	-0.361547,	-0.0559328,	-0.803202,	-0.189435,	-0.0207205,	0.109154,	-0.878389,	-0.0349265,	-0.00554715,	-0.014056,	-0.976819,	-0.258132,	-0.0225602,	-0.0805885,	-0.780708,	-0.376062,	-0.0186753,	-0.390482,	-0.3913,	0.56095,	-0.05488,	39593,	-257,	-27,	-493,	39573,	128,	-27,	-160,	39613,	66,	8,	-363,	
2,	1,	838125,	1.65255e+015,	1,	0,	13,	1,	5,	0,	-1,	-1,	1.65255e+009,	-0.645539,	-0.343728,	-0.361547,	-0.0559328,	-0.803202,	-0.189435,	-0.0207205,	0.109154,	-0.878389,	-0.0349265,	-0.00554715,	-0.014056,	-0.976819,	-0.258132,	-0.0225602,	-0.0805885,	-0.780708,	-0.376062,	-0.0186753,	-0.390482,	-0.3913,	0.56095,	-0.05488,	39603,	-264,	-31,	-483,	39583,	129,	-26,	-161,	39623,	64,	9,	-362,	
2,	1,	838204,	1.65255e+015,	3,	8,	23,	10,	3,	0,	0,	2,	1.65255e+009,	-0.645539,	-0.343728,	-0.361547,	-0.0559328,	-0.803202,	-0.189435,	-0.0207205,	0.109154,	-0.878389,	-0.0349265,	-0.00554715,	-0.014056,	-0.976819,	-0.258132,	-0.0225602,	-0.0805885,	-0.780708,	-0.376062,	-0.0186753,	-0.390482,	-0.3913,	0.56095,	-0.05488,	39613,	-268,	-35,	-470,	39593,	129,	-25,	-161,	39633,	61,	9,	-360,	
2,	1,	838266,	1.65255e+015,	1,	-7,	-4,	9,	-1,	0,	0,	0,	1.65255e+009,	-0.645539,	-0.343728,	-0.361547,	-0.0559328,	-0.803202,	-0.189435,	-0.0207205,	0.109154,	-0.878389,	-0.0349265,	-0.00554715,	-0.014056,	-0.976819,	-0.258132,	-0.0225602,	-0.0805885,	-0.780708,	-0.376062,	-0.0186753,	-0.390482,	-0.3913,	0.56095,	-0.05488,	39623,	-278,	-42,	-453,	39603,	128,	-25,	-161,	39643,	57,	9,	-356,	
2,	1,	838344,	1.65255e+015,	-1,	-3,	-19,	8,	2,	0,	0,	-1,	1.65255e+009,	-0.645539,	-0.343728,	-0.361547,	-0.0559328,	-0.803202,	-0.189435,	-0.0207205,	0.109154,	-0.878389,	-0.0349265,	-0.00554715,	-0.014056,	-0.976819,	-0.258132,	-0.0225602,	-0.0805885,	-0.780708,	-0.376062,	-0.0186753,	-0.390482,	-0.3913,	0.56095,	-0.05488,	39633,	-290,	-47,	-431,	39613,	128,	-23,	-161,	39653,	53,	8,	-350,	
2,	1,	838422,	1.65255e+015,	-1,	-3,	-10,	8,	-1,	-1,	0,	-1,	1.65255e+009,	-0.645539,	-0.343728,	-0.361547,	-0.0559328,	-0.803202,	-0.189435,	-0.0207205,	0.109154,	-0.878389,	-0.0349265,	-0.00554715,	-0.014056,	-0.976819,	-0.258132,	-0.0225602,	-0.0805885,	-0.780708,	-0.376062,	-0.0186753,	-0.390482,	-0.3913,	0.56095,	-0.05488,	39643,	-297,	-48,	-410,	39623,	125,	-23,	-160,	39663,	48,	8,	-346,	
2,	1,	838485,	1.65255e+015,	-2,	-6,	-4,	6,	-2,	1,	0,	-1,	1.65255e+009,	-0.645539,	-0.343728,	-0.361547,	-0.0559328,	-0.803202,	-0.189435,	-0.0207205,	0.109154,	-0.878389,	-0.0349265,	-0.00554715,	-0.014056,	-0.976819,	-0.258132,	-0.0225602,	-0.0805885,	-0.780708,	-0.376062,	-0.0186753,	-0.390482,	-0.3913,	0.56095,	-0.05488,	39653,	-304,	-48,	-395,	39633,	124,	-23,	-159,	39673,	46,	6,	-344,	
2,	1,	838563,	1.65255e+015,	0,	-1,	17,	-1,	0,	-1,	-2,	-2,	1.65255e+009,	-0.645539,	-0.343728,	-0.361547,	-0.0559328,	-0.803202,	-0.189435,	-0.0207205,	0.109154,	-0.878389,	-0.0349265,	-0.00554715,	-0.014056,	-0.976819,	-0.258132,	-0.0225602,	-0.0805885,	-0.780708,	-0.376062,	-0.0186753,	-0.390482,	-0.3913,	0.56095,	-0.05488,	39663,	-308,	-48,	-384,	39643,	121,	-23,	-158,	39683,	45,	5,	-344,	
2,	1,	838625,	1.65255e+015,	-4,	-5,	5,	-2,	-3,	-2,	0,	-1,	1.65255e+009,	-0.645539,	-0.343728,	-0.361547,	-0.0559328,	-0.803202,	-0.189435,	-0.0207205,	0.109154,	-0.878389,	-0.0349265,	-0.00554715,	-0.014056,	-0.976819,	-0.258132,	-0.0225602,	-0.0805885,	-0.780708,	-0.376062,	-0.0186753,	-0.390482,	-0.3913,	0.56095,	-0.05488,	39673,	-312,	-49,	-376,	39653,	117,	-23,	-155,	39693,	45,	3,	-345,	
2,	1,	838704,	1.65255e+015,	1,	4,	6,	11,	0,	-1,	0,	0,	1.65255e+009,	-0.645539,	-0.343728,	-0.361547,	-0.0559328,	-0.803202,	-0.189435,	-0.0207205,	0.109154,	-0.878389,	-0.0349265,	-0.00554715,	-0.014056,	-0.976819,	-0.258132,	-0.0225602,	-0.0805885,	-0.780708,	-0.376062,	-0.0186753,	-0.390482,	-0.3913,	0.56095,	-0.05488,	39683,	-315,	-50,	-369,	39663,	112,	-23,	-151,	39703,	45,	1,	-347,	
2,	1,	838782,	1.65255e+015,	-2,	-1,	-6,	-1,	-2,	0,	-1,	-1,	1.65255e+009,	-0.645539,	-0.343728,	-0.361547,	-0.0559328,	-0.803202,	-0.189435,	-0.0207205,	0.109154,	-0.878389,	-0.0349265,	-0.00554715,	-0.014056,	-0.976819,	-0.258132,	-0.0225602,	-0.0805885,	-0.780708,	-0.376062,	-0.0186753,	-0.390482,	-0.3913,	0.56095,	-0.05488,	39693,	-318,	-51,	-362,	39673,	107,	-21,	-147,	39713,	45,	1,	-350,	
2,	1,	838844,	1.65255e+015,	1,	6,	3,	22,	1,	-1,	0,	0,	1.65255e+009,	-0.645539,	-0.343728,	-0.361547,	-0.0559328,	-0.803202,	-0.189435,	-0.0207205,	0.109154,	-0.878389,	-0.0349265,	-0.00554715,	-0.014056,	-0.976819,	-0.258132,	-0.0225602,	-0.0805885,	-0.780708,	-0.376062,	-0.0186753,	-0.390482,	-0.3913,	0.56095,	-0.05488,	39703,	-322,	-52,	-357,	39683,	103,	-21,	-145,	39723,	47,	2,	-352,	
2,	1,	838922,	1.65255e+015,	0,	0,	2,	5,	2,	-1,	0,	0,	1.65255e+009,	-0.645539,	-0.343728,	-0.361547,	-0.0559328,	-0.803202,	-0.189435,	-0.0207205,	0.109154,	-0.878389,	-0.0349265,	-0.00554715,	-0.014056,	-0.976819,	-0.258132,	-0.0225602,	-0.0805885,	-0.780708,	-0.376062,	-0.0186753,	-0.390482,	-0.3913,	0.56095,	-0.05488,	39713,	-324,	-52,	-354,	39693,	99,	-23,	-146,	39733,	45,	3,	-354,	
2,	1,	838985,	1.65255e+015,	-4,	-1,	9,	-4,	-5,	-1,	-1,	-3,	1.65255e+009,	-0.645539,	-0.343728,	-0.361547,	-0.0559328,	-0.803202,	-0.189435,	-0.0207205,	0.109154,	-0.878389,	-0.0349265,	-0.00554715,	-0.014056,	-0.976819,	-0.258132,	-0.0225602,	-0.0805885,	-0.780708,	-0.376062,	-0.0186753,	-0.390482,	-0.3913,	0.56095,	-0.05488,	39723,	-328,	-52,	-350,	39703,	98,	-25,	-149,	39743,	44,	3,	-355,	
2,	1,	839094,	1.65255e+015,	-2,	-7,	-12,	-6,	1,	1,	-1,	0,	1.65255e+009,	-0.645539,	-0.343728,	-0.361547,	-0.0559328,	-0.803202,	-0.189435,	-0.0207205,	0.109154,	-0.878389,	-0.0349265,	-0.00554715,	-0.014056,	-0.976819,	-0.258132,	-0.0225602,	-0.0805885,	-0.780708,	-0.376062,	-0.0186753,	-0.390482,	-0.3913,	0.56095,	-0.05488,	39733,	-334,	-49,	-345,	39713,	94,	-27,	-153,	39753,	45,	2,	-356,	
2,	1,	839172,	1.65255e+015,	-1,	2,	6,	5,	-3,	-2,	-1,	-1,	1.65255e+009,	-0.645539,	-0.343728,	-0.361547,	-0.0559328,	-0.803202,	-0.189435,	-0.0207205,	0.109154,	-0.878389,	-0.0349265,	-0.00554715,	-0.014056,	-0.976819,	-0.258132,	-0.0225602,	-0.0805885,	-0.780708,	-0.376062,	-0.0186753,	-0.390482,	-0.3913,	0.56095,	-0.05488,	39743,	-341,	-46,	-340,	39723,	93,	-29,	-156,	39763,	44,	1,	-357,	
2,	1,	839250,	1.65255e+015,	-2,	-8,	16,	13,	0,	0,	-1,	-1,	1.65255e+009,	-0.645539,	-0.343728,	-0.361547,	-0.0559328,	-0.803202,	-0.189435,	-0.0207205,	0.109154,	-0.878389,	-0.0349265,	-0.00554715,	-0.014056,	-0.976819,	-0.258132,	-0.0225602,	-0.0805885,	-0.780708,	-0.376062,	-0.0186753,	-0.390482,	-0.3913,	0.56095,	-0.05488,	39753,	-345,	-44,	-333,	39733,	93,	-28,	-158,	39773,	44,	1,	-358,	
2,	1,	839329,	1.65255e+015,	-1,	-6,	-11,	6,	-2,	-2,	-1,	-1,	1.65255e+009,	-0.645539,	-0.343728,	-0.361547,	-0.0559328,	-0.803202,	-0.189435,	-0.0207205,	0.109154,	-0.878389,	-0.0349265,	-0.00554715,	-0.014056,	-0.976819,	-0.258132,	-0.0225602,	-0.0805885,	-0.780708,	-0.376062,	-0.0186753,	-0.390482,	-0.3913,	0.56095,	-0.05488,	39763,	-350,	-43,	-324,	39743,	92,	-29,	-162,	39783,	43,	1,	-358,	
2,	1,	839407,	1.65255e+015,	3,	5,	-11,	9,	1,	-1,	-1,	0,	1.65255e+009,	-0.645539,	-0.343728,	-0.361547,	-0.0559328,	-0.803202,	-0.189435,	-0.0207205,	0.109154,	-0.878389,	-0.0349265,	-0.00554715,	-0.014056,	-0.976819,	-0.258132,	-0.0225602,	-0.0805885,	-0.780708,	-0.376062,	-0.0186753,	-0.390482,	-0.3913,	0.56095,	-0.05488,	39773,	-353,	-43,	-315,	39753,	89,	-30,	-165,	39793,	43,	0,	-360,	
2,	1,	839485,	1.65255e+015,	-2,	0,	4,	7,	-1,	-2,	1,	0,	1.65255e+009,	-0.645539,	-0.343728,	-0.361547,	-0.0559328,	-0.803202,	-0.189435,	-0.0207205,	0.109154,	-0.878389,	-0.0349265,	-0.00554715,	-0.014056,	-0.976819,	-0.258132,	-0.0225602,	-0.0805885,	-0.780708,	-0.376062,	-0.0186753,	-0.390482,	-0.3913,	0.56095,	-0.05488,	39783,	-360,	-39,	-308,	39763,	87,	-32,	-168,	39803,	43,	0,	-361,	
2,	1,	839563,	1.65255e+015,	2,	2,	1,	1,	0,	1,	-2,	-1,	1.65255e+009,	-0.645539,	-0.343728,	-0.361547,	-0.0559328,	-0.803202,	-0.189435,	-0.0207205,	0.109154,	-0.878389,	-0.0349265,	-0.00554715,	-0.014056,	-0.976819,	-0.258132,	-0.0225602,	-0.0805885,	-0.780708,	-0.376062,	-0.0186753,	-0.390482,	-0.3913,	0.56095,	-0.05488,	39793,	-366,	-36,	-306,	39773,	85,	-35,	-171,	39813,	43,	-2,	-362,	
2,	1,	839657,	1.65255e+015,	-6,	-6,	23,	-1,	-7,	-2,	0,	-3,	1.65255e+009,	-0.645539,	-0.343728,	-0.361547,	-0.0559328,	-0.803202,	-0.189435,	-0.0207205,	0.109154,	-0.878389,	-0.0349265,	-0.00554715,	-0.014056,	-0.976819,	-0.258132,	-0.0225602,	-0.0805885,	-0.780708,	-0.376062,	-0.0186753,	-0.390482,	-0.3913,	0.56095,	-0.05488,	39803,	-370,	-33,	-306,	39783,	81,	-37,	-173,	39823,	43,	-1,	-362,	
2,	1,	839735,	1.65255e+015,	1,	8,	15,	14,	2,	0,	1,	0,	1.65255e+009,	-0.645539,	-0.343728,	-0.361547,	-0.0559328,	-0.803202,	-0.189435,	-0.0207205,	0.109154,	-0.878389,	-0.0349265,	-0.00554715,	-0.014056,	-0.976819,	-0.258132,	-0.0225602,	-0.0805885,	-0.780708,	-0.376062,	-0.0186753,	-0.390482,	-0.3913,	0.56095,	-0.05488,	39813,	-375,	-31,	-307,	39793,	80,	-40,	-176,	39833,	43,	0,	-362,	
2,	1,	839813,	1.65255e+015,	-1,	2,	3,	-16,	-4,	-1,	0,	0,	1.65255e+009,	-0.645539,	-0.343728,	-0.361547,	-0.0559328,	-0.803202,	-0.189435,	-0.0207205,	0.109154,	-0.878389,	-0.0349265,	-0.00554715,	-0.014056,	-0.976819,	-0.258132,	-0.0225602,	-0.0805885,	-0.780708,	-0.376062,	-0.0186753,	-0.390482,	-0.3913,	0.56095,	-0.05488,	39823,	-380,	-32,	-309,	39803,	80,	-41,	-179,	39843,	42,	0,	-360,	
2,	1,	839891,	1.65255e+015,	1,	-3,	-17,	11,	-1,	-2,	-2,	0,	1.65255e+009,	-0.645539,	-0.343728,	-0.361547,	-0.0559328,	-0.803202,	-0.189435,	-0.0207205,	0.109154,	-0.878389,	-0.0349265,	-0.00554715,	-0.014056,	-0.976819,	-0.258132,	-0.0225602,	-0.0805885,	-0.780708,	-0.376062,	-0.0186753,	-0.390482,	-0.3913,	0.56095,	-0.05488,	39833,	-383,	-34,	-306,	39813,	78,	-45,	-181,	39853,	40,	0,	-359,	
2,	1,	839969,	1.65255e+015,	1,	-1,	6,	-3,	0,	0,	-1,	1,	1.65255e+009,	-0.645539,	-0.343728,	-0.361547,	-0.0559328,	-0.803202,	-0.189435,	-0.0207205,	0.109154,	-0.878389,	-0.0349265,	-0.00554715,	-0.014056,	-0.976819,	-0.258132,	-0.0225602,	-0.0805885,	-0.780708,	-0.376062,	-0.0186753,	-0.390482,	-0.3913,	0.56095,	-0.05488,	39843,	-388,	-34,	-300,	39823,	76,	-46,	-183,	39863,	38,	-2,	-357,	
