1,	2,	807250,	1.65255e+015,	0,	-3,	2,	0,	-1,	-3,	0,	0,	1.65255e+009,	-0.585419,	-0.639408,	-0.427583,	-0.0559328,	-0.77117,	-0.41859,	-0.0150907,	0.101619,	-0.783769,	-0.334296,	-0.0210691,	-0.0193726,	-0.738306,	-0.417801,	-0.0151678,	-0.0622491,	-0.846498,	-0.529818,	-0.000242864,	-0.330745,	-0.3185,	0.56095,	-0.05488,	15913,	-746,	-96,	328,	15883,	92,	-33,	42,	15933,	-108,	-134,	336,	
1,	2,	807329,	1.65255e+015,	0,	4,	3,	3,	-1,	-1,	0,	-1,	1.65255e+009,	-0.585419,	-0.639408,	-0.427583,	-0.0559328,	-0.77117,	-0.41859,	-0.0150907,	0.101619,	-0.783769,	-0.334296,	-0.0210691,	-0.0193726,	-0.738306,	-0.417801,	-0.0151678,	-0.0622491,	-0.846498,	-0.529818,	-0.000242864,	-0.330745,	-0.3185,	0.56095,	-0.05488,	15923,	-746,	-96,	328,	15893,	92,	-35,	38,	15943,	-109,	-135,	338,	
1,	2,	807407,	1.65255e+015,	2,	10,	4,	0,	-2,	-1,	-2,	-1,	1.65255e+009,	-0.585419,	-0.639408,	-0.427583,	-0.0559328,	-0.77117,	-0.41859,	-0.0150907,	0.101619,	-0.783769,	-0.334296,	-0.0210691,	-0.0193726,	-0.738306,	-0.417801,	-0.0151678,	-0.0622491,	-0.846498,	-0.529818,	-0.000242864,	-0.330745,	-0.3185,	0.56095,	-0.05488,	15933,	-744,	-97,	324,	15903,	94,	-36,	35,	15953,	-108,	-134,	338,	
1,	2,	807485,	1.65255e+015,	0,	-6,	-18,	-2,	0,	-1,	-1,	-3,	1.65255e+009,	-0.585419,	-0.639408,	-0.427583,	-0.0559328,	-0.77117,	-0.41859,	-0.0150907,	0.101619,	-0.783769,	-0.334296,	-0.0210691,	-0.0193726,	-0.738306,	-0.417801,	-0.0151678,	-0.0622491,	-0.846498,	-0.529818,	-0.000242864,	-0.330745,	-0.3185,	0.56095,	-0.05488,	15943,	-739,	-99,	318,	15913,	95,	-36,	32,	15963,	-106,	-135,	334,	
1,	2,	807563,	1.65255e+015,	0,	3,	9,	3,	0,	-1,	-2,	-1,	1.65255e+009,	-0.585419,	-0.639408,	-0.427583,	-0.0559328,	-0.77117,	-0.41859,	-0.0150907,	0.101619,	-0.783769,	-0.334296,	-0.0210691,	-0.0193726,	-0.738306,	-0.417801,	-0.0151678,	-0.0622491,	-0.846498,	-0.529818,	-0.000242864,	-0.330745,	-0.3185,	0.56095,	-0.05488,	15953,	-735,	-99,	310,	15923,	96,	-35,	32,	15973,	-103,	-134,	327,	
1,	2,	807641,	1.65255e+015,	2,	0,	-4,	-6,	0,	2,	0,	2,	1.65255e+009,	-0.585419,	-0.639408,	-0.427583,	-0.0559328,	-0.77117,	-0.41859,	-0.0150907,	0.101619,	-0.783769,	-0.334296,	-0.0210691,	-0.0193726,	-0.738306,	-0.417801,	-0.0151678,	-0.0622491,	-0.846498,	-0.529818,	-0.000242864,	-0.330745,	-0.3185,	0.56095,	-0.05488,	15963,	-727,	-98,	299,	15933,	96,	-34,	34,	15983,	-99,	-134,	317,	
1,	2,	807719,	1.65255e+015,	0,	0,	-7,	-4,	-3,	-1,	0,	1,	1.65255e+009,	-0.585419,	-0.639408,	-0.427583,	-0.0559328,	-0.77117,	-0.41859,	-0.0150907,	0.101619,	-0.783769,	-0.334296,	-0.0210691,	-0.0193726,	-0.738306,	-0.417801,	-0.0151678,	-0.0622491,	-0.846498,	-0.529818,	-0.000242864,	-0.330745,	-0.3185,	0.56095,	-0.05488,	15973,	-720,	-98,	288,	15943,	96,	-34,	36,	15993,	-97,	-133,	307,	
1,	2,	807797,	1.65255e+015,	-3,	-5,	8,	-5,	-2,	-1,	-2,	-2,	1.65255e+009,	-0.585419,	-0.639408,	-0.427583,	-0.0559328,	-0.77117,	-0.41859,	-0.0150907,	0.101619,	-0.783769,	-0.334296,	-0.0210691,	-0.0193726,	-0.738306,	-0.417801,	-0.0151678,	-0.0622491,	-0.846498,	-0.529818,	-0.000242864,	-0.330745,	-0.3185,	0.56095,	-0.05488,	15983,	-712,	-97,	277,	15953,	98,	-34,	38,	16003,	-94,	-132,	301,	
1,	2,	807860,	1.65255e+015,	1,	-1,	3,	5,	1,	0,	0,	-1,	1.65255e+009,	-0.585419,	-0.639408,	-0.427583,	-0.0559328,	-0.77117,	-0.41859,	-0.0150907,	0.101619,	-0.783769,	-0.334296,	-0.0210691,	-0.0193726,	-0.738306,	-0.417801,	-0.0151678,	-0.0622491,	-0.846498,	-0.529818,	-0.000242864,	-0.330745,	-0.3185,	0.56095,	-0.05488,	15993,	-709,	-97,	271,	15963,	98,	-33,	38,	16013,	-94,	-133,	299,	
1,	2,	807954,	1.65255e+015,	-1,	-3,	-13,	7,	0,	0,	-1,	-1,	1.65255e+009,	-0.585419,	-0.639408,	-0.427583,	-0.0559328,	-0.77117,	-0.41859,	-0.0150907,	0.101619,	-0.783769,	-0.334296,	-0.0210691,	-0.0193726,	-0.738306,	-0.417801,	-0.0151678,	-0.0622491,	-0.846498,	-0.529818,	-0.000242864,	-0.330745,	-0.3185,	0.56095,	-0.05488,	16003,	-709,	-98,	268,	15973,	98,	-33,	36,	16023,	-92,	-132,	298,	
1,	2,	808032,	1.65255e+015,	2,	0,	0,	2,	-2,	3,	2,	0,	1.65255e+009,	-0.585419,	-0.639408,	-0.427583,	-0.0559328,	-0.77117,	-0.41859,	-0.0150907,	0.101619,	-0.783769,	-0.334296,	-0.0210691,	-0.0193726,	-0.738306,	-0.417801,	-0.0151678,	-0.0622491,	-0.846498,	-0.529818,	-0.000242864,	-0.330745,	-0.3185,	0.56095,	-0.05488,	16013,	-709,	-97,	266,	15983,	98,	-32,	34,	16033,	-93,	-132,	296,	
1,	2,	808110,	1.65255e+015,	0,	-2,	16,	-4,	-2,	0,	0,	1,	1.65255e+009,	-0.585419,	-0.639408,	-0.427583,	-0.0559328,	-0.77117,	-0.41859,	-0.0150907,	0.101619,	-0.783769,	-0.334296,	-0.0210691,	-0.0193726,	-0.738306,	-0.417801,	-0.0151678,	-0.0622491,	-0.846498,	-0.529818,	-0.000242864,	-0.330745,	-0.3185,	0.56095,	-0.05488,	16023,	-708,	-97,	265,	15993,	100,	-33,	31,	16043,	-92,	-133,	293,	
1,	2,	808188,	1.65255e+015,	-2,	2,	13,	4,	-3,	0,	3,	0,	1.65255e+009,	-0.585419,	-0.639408,	-0.427583,	-0.0559328,	-0.77117,	-0.41859,	-0.0150907,	0.101619,	-0.783769,	-0.334296,	-0.0210691,	-0.0193726,	-0.738306,	-0.417801,	-0.0151678,	-0.0622491,	-0.846498,	-0.529818,	-0.000242864,	-0.330745,	-0.3185,	0.56095,	-0.05488,	16033,	-705,	-97,	262,	16003,	100,	-32,	28,	16053,	-91,	-132,	290,	
1,	2,	808266,	1.65255e+015,	0,	-5,	-5,	-5,	1,	0,	0,	-1,	1.65255e+009,	-0.585419,	-0.639408,	-0.427583,	-0.0559328,	-0.77117,	-0.41859,	-0.0150907,	0.101619,	-0.783769,	-0.334296,	-0.0210691,	-0.0193726,	-0.738306,	-0.417801,	-0.0151678,	-0.0622491,	-0.846498,	-0.529818,	-0.000242864,	-0.330745,	-0.3185,	0.56095,	-0.05488,	16043,	-702,	-97,	257,	16013,	101,	-33,	25,	16063,	-91,	-132,	286,	
1,	2,	808329,	1.65255e+015,	1,	2,	1,	3,	-1,	-2,	-2,	-1,	1.65255e+009,	-0.585419,	-0.639408,	-0.427583,	-0.0559328,	-0.77117,	-0.41859,	-0.0150907,	0.101619,	-0.783769,	-0.334296,	-0.0210691,	-0.0193726,	-0.738306,	-0.417801,	-0.0151678,	-0.0622491,	-0.846498,	-0.529818,	-0.000242864,	-0.330745,	-0.3185,	0.56095,	-0.05488,	16053,	-699,	-97,	251,	16023,	101,	-33,	22,	16073,	-88,	-130,	281,	
1,	2,	808407,	1.65255e+015,	0,	0,	5,	2,	-2,	-2,	1,	0,	1.65255e+009,	-0.585419,	-0.639408,	-0.427583,	-0.0559328,	-0.77117,	-0.41859,	-0.0150907,	0.101619,	-0.783769,	-0.334296,	-0.0210691,	-0.0193726,	-0.738306,	-0.417801,	-0.0151678,	-0.0622491,	-0.846498,	-0.529818,	-0.000242864,	-0.330745,	-0.3185,	0.56095,	-0.05488,	16063,	-695,	-96,	243,	16033,	99,	-33,	22,	16083,	-86,	-130,	274,	
1,	2,	808469,	1.65255e+015,	-2,	1,	5,	0,	2,	1,	-1,	0,	1.65255e+009,	-0.585419,	-0.639408,	-0.427583,	-0.0559328,	-0.77117,	-0.41859,	-0.0150907,	0.101619,	-0.783769,	-0.334296,	-0.0210691,	-0.0193726,	-0.738306,	-0.417801,	-0.0151678,	-0.0622491,	-0.846498,	-0.529818,	-0.000242864,	-0.330745,	-0.3185,	0.56095,	-0.05488,	16073,	-689,	-95,	235,	16043,	100,	-32,	22,	16093,	-83,	-127,	267,	
1,	2,	808547,	1.65255e+015,	-1,	2,	-8,	-4,	-3,	-1,	-1,	0,	1.65255e+009,	-0.585419,	-0.639408,	-0.427583,	-0.0559328,	-0.77117,	-0.41859,	-0.0150907,	0.101619,	-0.783769,	-0.334296,	-0.0210691,	-0.0193726,	-0.738306,	-0.417801,	-0.0151678,	-0.0622491,	-0.846498,	-0.529818,	-0.000242864,	-0.330745,	-0.3185,	0.56095,	-0.05488,	16083,	-685,	-95,	226,	16053,	100,	-32,	22,	16103,	-82,	-127,	261,	
1,	2,	808625,	1.65255e+015,	0,	-5,	-11,	-4,	-3,	-1,	0,	-1,	1.65255e+009,	-0.585419,	-0.639408,	-0.427583,	-0.0559328,	-0.77117,	-0.41859,	-0.0150907,	0.101619,	-0.783769,	-0.334296,	-0.0210691,	-0.0193726,	-0.738306,	-0.417801,	-0.0151678,	-0.0622491,	-0.846498,	-0.529818,	-0.000242864,	-0.330745,	-0.3185,	0.56095,	-0.05488,	16093,	-679,	-96,	217,	16063,	100,	-32,	21,	16113,	-79,	-125,	255,	
1,	2,	808704,	1.65255e+015,	-4,	-6,	7,	-5,	1,	3,	1,	0,	1.65255e+009,	-0.585419,	-0.639408,	-0.427583,	-0.0559328,	-0.77117,	-0.41859,	-0.0150907,	0.101619,	-0.783769,	-0.334296,	-0.0210691,	-0.0193726,	-0.738306,	-0.417801,	-0.0151678,	-0.0622491,	-0.846498,	-0.529818,	-0.000242864,	-0.330745,	-0.3185,	0.56095,	-0.05488,	16103,	-674,	-94,	211,	16073,	99,	-33,	19,	16123,	-78,	-124,	250,	
1,	2,	808782,	1.65255e+015,	0,	7,	3,	11,	1,	0,	0,	-1,	1.65255e+009,	-0.585419,	-0.639408,	-0.427583,	-0.0559328,	-0.77117,	-0.41859,	-0.0150907,	0.101619,	-0.783769,	-0.334296,	-0.0210691,	-0.0193726,	-0.738306,	-0.417801,	-0.0151678,	-0.0622491,	-0.846498,	-0.529818,	-0.000242864,	-0.330745,	-0.3185,	0.56095,	-0.05488,	16113,	-672,	-93,	207,	16083,	99,	-34,	17,	16133,	-76,	-124,	246,	
1,	2,	808860,	1.65255e+015,	-4,	1,	-1,	0,	-2,	0,	-1,	0,	1.65255e+009,	-0.585419,	-0.639408,	-0.427583,	-0.0559328,	-0.77117,	-0.41859,	-0.0150907,	0.101619,	-0.783769,	-0.334296,	-0.0210691,	-0.0193726,	-0.738306,	-0.417801,	-0.0151678,	-0.0622491,	-0.846498,	-0.529818,	-0.000242864,	-0.330745,	-0.3185,	0.56095,	-0.05488,	16123,	-668,	-94,	205,	16093,	99,	-33,	14,	16143,	-75,	-124,	242,	
1,	2,	808938,	1.65255e+015,	1,	5,	3,	1,	2,	-1,	0,	-2,	1.65255e+009,	-0.585419,	-0.639408,	-0.427583,	-0.0559328,	-0.77117,	-0.41859,	-0.0150907,	0.101619,	-0.783769,	-0.334296,	-0.0210691,	-0.0193726,	-0.738306,	-0.417801,	-0.0151678,	-0.0622491,	-0.846498,	-0.529818,	-0.000242864,	-0.330745,	-0.3185,	0.56095,	-0.05488,	16133,	-665,	-93,	203,	16103,	99,	-33,	11,	16153,	-75,	-124,	239,	
1,	2,	809016,	1.65255e+015,	-3,	-12,	-10,	-6,	-1,	0,	-2,	-2,	1.65255e+009,	-0.585419,	-0.639408,	-0.427583,	-0.0559328,	-0.77117,	-0.41859,	-0.0150907,	0.101619,	-0.783769,	-0.334296,	-0.0210691,	-0.0193726,	-0.738306,	-0.417801,	-0.0151678,	-0.0622491,	-0.846498,	-0.529818,	-0.000242864,	-0.330745,	-0.3185,	0.56095,	-0.05488,	16143,	-664,	-94,	200,	16113,	100,	-32,	9,	16163,	-74,	-124,	235,	
1,	2,	809094,	1.65255e+015,	1,	4,	-1,	8,	-1,	1,	0,	-1,	1.65255e+009,	-0.585419,	-0.639408,	-0.427583,	-0.0559328,	-0.77117,	-0.41859,	-0.0150907,	0.101619,	-0.783769,	-0.334296,	-0.0210691,	-0.0193726,	-0.738306,	-0.417801,	-0.0151678,	-0.0622491,	-0.846498,	-0.529818,	-0.000242864,	-0.330745,	-0.3185,	0.56095,	-0.05488,	16153,	-661,	-94,	198,	16123,	100,	-32,	6,	16173,	-71,	-123,	230,	
1,	2,	809172,	1.65255e+015,	-2,	-1,	-14,	-3,	-5,	-1,	-2,	0,	1.65255e+009,	-0.585419,	-0.639408,	-0.427583,	-0.0559328,	-0.77117,	-0.41859,	-0.0150907,	0.101619,	-0.783769,	-0.334296,	-0.0210691,	-0.0193726,	-0.738306,	-0.417801,	-0.0151678,	-0.0622491,	-0.846498,	-0.529818,	-0.000242864,	-0.330745,	-0.3185,	0.56095,	-0.05488,	16163,	-657,	-94,	193,	16133,	101,	-33,	4,	16183,	-70,	-123,	225,	
1,	2,	809250,	1.65255e+015,	-3,	-12,	1,	-27,	-6,	-2,	0,	0,	1.65255e+009,	-0.585419,	-0.639408,	-0.427583,	-0.0559328,	-0.77117,	-0.41859,	-0.0150907,	0.101619,	-0.783769,	-0.334296,	-0.0210691,	-0.0193726,	-0.738306,	-0.417801,	-0.0151678,	-0.0622491,	-0.846498,	-0.529818,	-0.000242864,	-0.330745,	-0.3185,	0.56095,	-0.05488,	16173,	-653,	-94,	186,	16143,	102,	-33,	3,	16193,	-67,	-120,	220,	
1,	2,	809329,	1.65255e+015,	0,	3,	10,	8,	2,	0,	0,	-2,	1.65255e+009,	-0.585419,	-0.639408,	-0.427583,	-0.0559328,	-0.77117,	-0.41859,	-0.0150907,	0.101619,	-0.783769,	-0.334296,	-0.0210691,	-0.0193726,	-0.738306,	-0.417801,	-0.0151678,	-0.0622491,	-0.846498,	-0.529818,	-0.000242864,	-0.330745,	-0.3185,	0.56095,	-0.05488,	16183,	-648,	-93,	179,	16153,	103,	-35,	3,	16203,	-67,	-118,	215,	
1,	2,	809407,	1.65255e+015,	0,	4,	3,	-5,	-3,	-3,	-2,	-2,	1.65255e+009,	-0.585419,	-0.639408,	-0.427583,	-0.0559328,	-0.77117,	-0.41859,	-0.0150907,	0.101619,	-0.783769,	-0.334296,	-0.0210691,	-0.0193726,	-0.738306,	-0.417801,	-0.0151678,	-0.0622491,	-0.846498,	-0.529818,	-0.000242864,	-0.330745,	-0.3185,	0.56095,	-0.05488,	16193,	-644,	-92,	172,	16163,	103,	-35,	2,	16213,	-66,	-117,	210,	
1,	2,	809485,	1.65255e+015,	-3,	-6,	2,	-7,	0,	-2,	-3,	-2,	1.65255e+009,	-0.585419,	-0.639408,	-0.427583,	-0.0559328,	-0.77117,	-0.41859,	-0.0150907,	0.101619,	-0.783769,	-0.334296,	-0.0210691,	-0.0193726,	-0.738306,	-0.417801,	-0.0151678,	-0.0622491,	-0.846498,	-0.529818,	-0.000242864,	-0.330745,	-0.3185,	0.56095,	-0.05488,	16203,	-641,	-91,	165,	16173,	103,	-34,	2,	16223,	-65,	-116,	206,	
1,	2,	809563,	1.65255e+015,	1,	8,	0,	7,	1,	0,	0,	1,	1.65255e+009,	-0.585419,	-0.639408,	-0.427583,	-0.0559328,	-0.77117,	-0.41859,	-0.0150907,	0.101619,	-0.783769,	-0.334296,	-0.0210691,	-0.0193726,	-0.738306,	-0.417801,	-0.0151678,	-0.0622491,	-0.846498,	-0.529818,	-0.000242864,	-0.330745,	-0.3185,	0.56095,	-0.05488,	16213,	-639,	-91,	161,	16183,	105,	-35,	2,	16233,	-65,	-117,	203,	
1,	2,	809641,	1.65255e+015,	-1,	2,	-1,	1,	-1,	-1,	0,	0,	1.65255e+009,	-0.585419,	-0.639408,	-0.427583,	-0.0559328,	-0.77117,	-0.41859,	-0.0150907,	0.101619,	-0.783769,	-0.334296,	-0.0210691,	-0.0193726,	-0.738306,	-0.417801,	-0.0151678,	-0.0622491,	-0.846498,	-0.529818,	-0.000242864,	-0.330745,	-0.3185,	0.56095,	-0.05488,	16223,	-638,	-90,	160,	16193,	106,	-35,	1,	16243,	-63,	-116,	201,	
1,	2,	809719,	1.65255e+015,	-2,	-2,	-3,	8,	1,	-2,	0,	-3,	1.65255e+009,	-0.585419,	-0.639408,	-0.427583,	-0.0559328,	-0.77117,	-0.41859,	-0.0150907,	0.101619,	-0.783769,	-0.334296,	-0.0210691,	-0.0193726,	-0.738306,	-0.417801,	-0.0151678,	-0.0622491,	-0.846498,	-0.529818,	-0.000242864,	-0.330745,	-0.3185,	0.56095,	-0.05488,	16233,	-639,	-91,	159,	16203,	106,	-35,	0,	16253,	-63,	-116,	199,	
1,	2,	809797,	1.65255e+015,	1,	3,	-8,	2,	0,	0,	-1,	-1,	1.65255e+009,	-0.585419,	-0.639408,	-0.427583,	-0.0559328,	-0.77117,	-0.41859,	-0.0150907,	0.101619,	-0.783769,	-0.334296,	-0.0210691,	-0.0193726,	-0.738306,	-0.417801,	-0.0151678,	-0.0622491,	-0.846498,	-0.529818,	-0.000242864,	-0.330745,	-0.3185,	0.56095,	-0.05488,	16243,	-637,	-90,	158,	16213,	106,	-33,	-1,	16263,	-63,	-114,	196,	
1,	2,	809875,	1.65255e+015,	1,	2,	1,	-1,	0,	0,	-1,	0,	1.65255e+009,	-0.585419,	-0.639408,	-0.427583,	-0.0559328,	-0.77117,	-0.41859,	-0.0150907,	0.101619,	-0.783769,	-0.334296,	-0.0210691,	-0.0193726,	-0.738306,	-0.417801,	-0.0151678,	-0.0622491,	-0.846498,	-0.529818,	-0.000242864,	-0.330745,	-0.3185,	0.56095,	-0.05488,	16253,	-636,	-90,	157,	16223,	106,	-33,	-3,	16273,	-62,	-114,	194,	
1,	2,	809954,	1.65255e+015,	0,	-2,	3,	-5,	-4,	-3,	0,	-2,	1.65255e+009,	-0.585419,	-0.639408,	-0.427583,	-0.0559328,	-0.77117,	-0.41859,	-0.0150907,	0.101619,	-0.783769,	-0.334296,	-0.0210691,	-0.0193726,	-0.738306,	-0.417801,	-0.0151678,	-0.0622491,	-0.846498,	-0.529818,	-0.000242864,	-0.330745,	-0.3185,	0.56095,	-0.05488,	16263,	-635,	-89,	155,	16233,	106,	-34,	-5,	16283,	-61,	-112,	192,	
1,	2,	810032,	1.65255e+015,	2,	0,	-1,	3,	-1,	-1,	1,	-1,	1.65255e+009,	-0.585419,	-0.639408,	-0.427583,	-0.0559328,	-0.77117,	-0.41859,	-0.0150907,	0.101619,	-0.783769,	-0.334296,	-0.0210691,	-0.0193726,	-0.738306,	-0.417801,	-0.0151678,	-0.0622491,	-0.846498,	-0.529818,	-0.000242864,	-0.330745,	-0.3185,	0.56095,	-0.05488,	16273,	-633,	-89,	152,	16243,	105,	-34,	-7,	16293,	-61,	-113,	190,	
1,	2,	810110,	1.65255e+015,	-2,	3,	12,	0,	-2,	0,	-1,	-1,	1.65255e+009,	-0.585419,	-0.639408,	-0.427583,	-0.0559328,	-0.77117,	-0.41859,	-0.0150907,	0.101619,	-0.783769,	-0.334296,	-0.0210691,	-0.0193726,	-0.738306,	-0.417801,	-0.0151678,	-0.0622491,	-0.846498,	-0.529818,	-0.000242864,	-0.330745,	-0.3185,	0.56095,	-0.05488,	16283,	-632,	-90,	148,	16253,	107,	-33,	-8,	16303,	-61,	-112,	187,	
1,	2,	810188,	1.65255e+015,	-1,	-6,	-10,	-4,	-2,	-1,	-1,	0,	1.65255e+009,	-0.585419,	-0.639408,	-0.427583,	-0.0559328,	-0.77117,	-0.41859,	-0.0150907,	0.101619,	-0.783769,	-0.334296,	-0.0210691,	-0.0193726,	-0.738306,	-0.417801,	-0.0151678,	-0.0622491,	-0.846498,	-0.529818,	-0.000242864,	-0.330745,	-0.3185,	0.56095,	-0.05488,	16293,	-630,	-88,	143,	16263,	107,	-33,	-8,	16313,	-60,	-111,	185,	
1,	2,	810266,	1.65255e+015,	-5,	-11,	-12,	-8,	-4,	-4,	-3,	-2,	1.65255e+009,	-0.585419,	-0.639408,	-0.427583,	-0.0559328,	-0.77117,	-0.41859,	-0.0150907,	0.101619,	-0.783769,	-0.334296,	-0.0210691,	-0.0193726,	-0.738306,	-0.417801,	-0.0151678,	-0.0622491,	-0.846498,	-0.529818,	-0.000242864,	-0.330745,	-0.3185,	0.56095,	-0.05488,	16303,	-629,	-88,	138,	16273,	105,	-35,	-9,	16323,	-59,	-112,	183,	
2,	2,	810375,	1.65255e+015,	-1,	-3,	-8,	0,	1,	0,	-2,	-1,	1.65255e+009,	-0.585419,	-0.639408,	-0.427583,	-0.0559328,	-0.77117,	-0.41859,	-0.0150907,	0.101619,	-0.783769,	-0.334296,	-0.0210691,	-0.0193726,	-0.738306,	-0.417801,	-0.0151678,	-0.0622491,	-0.846498,	-0.529818,	-0.000242864,	-0.330745,	-0.3185,	0.56095,	-0.05488,	16313,	-626,	-88,	135,	16283,	106,	-34,	-10,	16333,	-59,	-111,	182,	
2,	2,	810454,	1.65255e+015,	1,	6,	-5,	5,	0,	-1,	0,	1,	1.65255e+009,	-0.585419,	-0.639408,	-0.427583,	-0.0559328,	-0.77117,	-0.41859,	-0.0150907,	0.101619,	-0.846849,	-0.334296,	-0.0210691,	-0.0193726,	-0.738306,	-0.417801,	-0.0151678,	-0.0622491,	-0.846498,	-0.529818,	-0.000242864,	-0.330745,	-0.3185,	0.56095,	-0.05488,	16323,	-626,	-87,	134,	16293,	105,	-34,	-11,	16343,	-60,	-110,	182,	
2,	2,	810532,	1.65255e+015,	0,	-3,	0,	-1,	-2,	-1,	-1,	-1,	1.65255e+009,	-0.585419,	-0.639408,	-0.427583,	-0.0559328,	-0.77117,	-0.41859,	-0.0150907,	0.101619,	-0.846849,	-0.334296,	-0.0210691,	-0.0193726,	-0.738306,	-0.417801,	-0.0151678,	-0.0622491,	-0.846498,	-0.529818,	-0.000242864,	-0.330745,	-0.3185,	0.56095,	-0.05488,	16333,	-626,	-87,	133,	16303,	105,	-33,	-11,	16353,	-59,	-111,	181,	
2,	2,	810610,	1.65255e+015,	3,	6,	0,	1,	-4,	-5,	-3,	-2,	1.65255e+009,	-0.585419,	-0.639408,	-0.427583,	-0.0559328,	-0.77117,	-0.41859,	-0.0150907,	0.101619,	-0.846849,	-0.334296,	-0.0210691,	-0.0193726,	-0.738306,	-0.417801,	-0.0151678,	-0.0622491,	-0.846498,	-0.529818,	-0.000242864,	-0.330745,	-0.3185,	0.56095,	-0.05488,	16343,	-624,	-87,	133,	16313,	105,	-33,	-12,	16363,	-58,	-110,	178,	
2,	2,	810688,	1.65255e+015,	-1,	2,	-1,	1,	-1,	-4,	-3,	-2,	1.65255e+009,	-0.585419,	-0.639408,	-0.427583,	-0.0559328,	-0.77117,	-0.41859,	-0.0150907,	0.101619,	-0.909929,	-0.334296,	-0.0210691,	-0.0193726,	-0.738306,	-0.417801,	-0.0151678,	-0.0622491,	-0.846498,	-0.529818,	-0.000242864,	-0.330745,	-0.3549,	0.56095,	-0.05488,	16353,	-623,	-88,	132,	16323,	105,	-35,	-13,	16373,	-58,	-112,	176,	
2,	2,	810766,	1.65255e+015,	0,	3,	5,	4,	2,	2,	3,	3,	1.65255e+009,	-0.585419,	-0.639408,	-0.427583,	-0.0559328,	-0.77117,	-0.357482,	-0.0198781,	0.101619,	-1.00455,	-0.254465,	-0.0225383,	-0.0193726,	-0.738306,	-0.417801,	-0.0151678,	-0.0622491,	-0.846498,	-0.529818,	-0.000242864,	-0.330745,	-0.3549,	0.56095,	-0.05488,	16363,	-622,	-86,	130,	16333,	105,	-35,	-15,	16383,	-57,	-111,	173,	
2,	2,	810844,	1.65255e+015,	1,	-2,	-3,	8,	2,	-1,	9,	5,	1.65255e+009,	-0.585419,	-0.639408,	-0.427583,	-0.0559328,	-0.77117,	-0.281097,	-0.0225015,	0.100613,	-1.28841,	-0.254465,	-0.0225383,	-0.00928894,	-0.91177,	-0.417801,	-0.0151678,	-0.0817354,	-0.846498,	-0.529818,	-0.000242864,	-0.350231,	-0.3549,	0.56095,	-0.05488,	16373,	-621,	-85,	128,	16343,	105,	-34,	-16,	16393,	-57,	-110,	170,	
2,	2,	810922,	1.65255e+015,	0,	2,	6,	4,	-2,	-3,	0,	0,	1.65255e+009,	-0.585419,	-0.639408,	-0.427583,	-0.0559328,	-0.835234,	-0.219989,	-0.0219117,	0.104007,	-1.46188,	-0.354255,	-0.0200645,	0.00519476,	-1.02019,	-0.417801,	-0.0151678,	-0.114564,	-0.846498,	-0.529818,	-0.000242864,	-0.383059,	-0.3549,	0.56095,	-0.05488,	16383,	-619,	-87,	125,	16353,	104,	-33,	-16,	16403,	-55,	-109,	167,	
2,	2,	811000,	1.65255e+015,	0,	-4,	-3,	-3,	0,	1,	2,	0,	1.65255e+009,	-0.585419,	-0.639408,	-0.427583,	-0.0559328,	-0.947346,	-0.219989,	-0.0219117,	0.103202,	-1.69843,	-0.354255,	-0.0200645,	0.0132617,	-1.1286,	-0.417801,	-0.0151678,	-0.130153,	-0.846498,	-0.529818,	-0.000242864,	-0.398648,	-0.3549,	0.56095,	-0.05488,	16393,	-617,	-87,	121,	16363,	104,	-33,	-17,	16413,	-54,	-109,	163,	
2,	2,	811079,	1.65255e+015,	-7,	-8,	-5,	-6,	-4,	0,	-1,	-2,	1.65255e+009,	-0.660569,	-0.639408,	-0.427583,	-0.0559328,	-1.02743,	-0.219989,	-0.0219117,	0.103202,	-1.76151,	-0.454044,	-0.0112175,	0.0132617,	-1.17197,	-0.329096,	-0.021289,	-0.130153,	-0.846498,	-0.529818,	-0.000242864,	-0.410476,	-0.3549,	0.56095,	-0.05488,	16403,	-614,	-87,	117,	16373,	107,	-34,	-17,	16423,	-54,	-108,	160,	
2,	2,	811157,	1.65255e+015,	1,	-14,	17,	-5,	-3,	-1,	-3,	1,	1.65255e+009,	-0.660569,	-0.639408,	-0.427583,	-0.0559328,	-1.02743,	-0.219989,	-0.0219117,	0.112002,	-1.84036,	-0.454044,	-0.0112175,	0.0220617,	-1.28038,	-0.329096,	-0.021289,	-0.156837,	-0.956148,	-0.529818,	-0.000242864,	-0.43716,	-0.3549,	0.56095,	-0.05488,	16413,	-612,	-85,	113,	16383,	107,	-32,	-16,	16433,	-54,	-108,	158,	
2,	2,	811235,	1.65255e+015,	1,	9,	2,	2,	0,	-5,	-2,	-2,	1.65255e+009,	-0.585419,	-0.639408,	-0.427583,	-0.0559328,	-1.09149,	-0.219989,	-0.0219117,	0.109529,	-1.84036,	-0.454044,	-0.0112175,	0.0306787,	-1.28038,	-0.329096,	-0.021289,	-0.171876,	-0.956148,	-0.465753,	-0.0097618,	-0.481769,	-0.3185,	0.56095,	-0.05488,	16423,	-610,	-84,	110,	16393,	106,	-34,	-16,	16443,	-54,	-108,	156,	
2,	2,	811313,	1.65255e+015,	-2,	-2,	4,	-3,	-2,	-1,	1,	0,	1.65255e+009,	-0.585419,	-0.639408,	-0.427583,	-0.0559328,	-1.09149,	-0.219989,	-0.0219117,	0.109529,	-1.91921,	-0.454044,	-0.0112175,	0.0306787,	-1.28038,	-0.329096,	-0.021289,	-0.171876,	-1.04387,	-0.465753,	-0.0097618,	-0.481769,	-0.273,	0.56095,	-0.05488,	16433,	-609,	-84,	107,	16403,	107,	-33,	-17,	16453,	-53,	-107,	153,	
2,	2,	811391,	1.65255e+015,	-5,	10,	-1,	-7,	1,	2,	1,	-1,	1.65255e+009,	-0.585419,	-0.639408,	-0.427583,	-0.0559328,	-1.09149,	-0.219989,	-0.0219117,	0.109529,	-1.91921,	-0.533876,	-0.000448713,	0.0306787,	-1.28038,	-0.258132,	-0.0225602,	-0.171876,	-1.04387,	-0.465753,	-0.0097618,	-0.481769,	-0.273,	0.56095,	-0.05488,	16443,	-608,	-83,	105,	16413,	107,	-34,	-19,	16463,	-53,	-107,	151,	
2,	2,	811469,	1.65255e+015,	2,	7,	1,	-3,	2,	2,	1,	3,	1.65255e+009,	-0.585419,	-0.639408,	-0.427583,	-0.0559328,	-1.09149,	-0.219989,	-0.0219117,	0.109529,	-1.91921,	-0.533876,	-0.000448713,	0.0306787,	-1.28038,	-0.258132,	-0.0225602,	-0.171876,	-1.04387,	-0.465753,	-0.0097618,	-0.481769,	-0.273,	0.56095,	-0.05488,	16453,	-607,	-84,	104,	16423,	106,	-33,	-20,	16473,	-52,	-107,	149,	
2,	2,	811547,	1.65255e+015,	3,	8,	11,	7,	4,	2,	2,	0,	1.65255e+009,	-0.585419,	-0.639408,	-0.427583,	-0.0559328,	-1.09149,	-0.219989,	-0.0219117,	0.109529,	-1.91921,	-0.533876,	-0.000448713,	0.0306787,	-1.28038,	-0.258132,	-0.0225602,	-0.171876,	-1.04387,	-0.465753,	-0.0097618,	-0.481769,	-0.273,	0.56095,	-0.05488,	16463,	-607,	-83,	103,	16433,	107,	-33,	-21,	16483,	-51,	-105,	147,	
2,	2,	811625,	1.65255e+015,	-1,	-1,	-25,	1,	-3,	-5,	0,	1,	1.65255e+009,	-0.585419,	-0.639408,	-0.427583,	-0.0559328,	-1.09149,	-0.219989,	-0.0219117,	0.109529,	-1.91921,	-0.533876,	-0.000448713,	0.0306787,	-1.36711,	-0.258132,	-0.0225602,	-0.171876,	-1.04387,	-0.465753,	-0.0097618,	-0.481769,	-0.273,	0.56095,	-0.05488,	16473,	-606,	-83,	101,	16443,	107,	-33,	-22,	16493,	-53,	-107,	146,	
2,	2,	811704,	1.65255e+015,	1,	-1,	-8,	-4,	1,	0,	0,	3,	1.65255e+009,	-0.585419,	-0.639408,	-0.427583,	-0.0559328,	-1.09149,	-0.219989,	-0.0219117,	0.109529,	-1.91921,	-0.613708,	-0.0161938,	0.0306787,	-1.36711,	-0.258132,	-0.0225602,	-0.171876,	-1.04387,	-0.465753,	-0.0097618,	-0.481769,	-0.273,	0.56095,	-0.05488,	16483,	-606,	-83,	99,	16453,	106,	-33,	-23,	16503,	-50,	-106,	144,	
2,	2,	811782,	1.65255e+015,	-4,	-3,	13,	0,	-2,	1,	1,	-2,	1.65255e+009,	-0.585419,	-0.639408,	-0.427583,	-0.0559328,	-1.15555,	-0.219989,	-0.0219117,	0.109529,	-1.91921,	-0.613708,	-0.0161938,	0.0306787,	-1.36711,	-0.258132,	-0.0225602,	-0.171876,	-1.04387,	-0.465753,	-0.0097618,	-0.481769,	-0.273,	0.56095,	-0.05488,	16493,	-605,	-83,	98,	16463,	106,	-34,	-24,	16513,	-50,	-107,	142,	
2,	2,	811860,	1.65255e+015,	0,	-3,	-13,	4,	4,	2,	1,	0,	1.65255e+009,	-0.585419,	-0.639408,	-0.427583,	-0.0559328,	-1.15555,	-0.219989,	-0.0219117,	0.109529,	-1.91921,	-0.613708,	-0.0161938,	0.0306787,	-1.36711,	-0.258132,	-0.0225602,	-0.171876,	-1.04387,	-0.465753,	-0.0097618,	-0.481769,	-0.273,	0.56095,	-0.05488,	16503,	-604,	-83,	96,	16473,	106,	-32,	-24,	16523,	-49,	-106,	140,	
2,	2,	811938,	1.65255e+015,	-2,	-3,	-1,	0,	-2,	-4,	-2,	-1,	1.65255e+009,	-0.585419,	-0.639408,	-0.427583,	-0.0559328,	-1.15555,	-0.219989,	-0.0219117,	0.109529,	-1.91921,	-0.613708,	-0.0161938,	0.0306787,	-1.36711,	-0.258132,	-0.0225602,	-0.171876,	-1.04387,	-0.465753,	-0.0097618,	-0.481769,	-0.3094,	0.56095,	-0.05488,	16513,	-604,	-81,	96,	16483,	107,	-33,	-24,	16533,	-50,	-107,	139,	
2,	2,	812000,	1.65255e+015,	0,	5,	14,	2,	-4,	-8,	-7,	-7,	1.65255e+009,	-0.585419,	-0.639408,	-0.427583,	-0.0559328,	-1.15555,	-0.219989,	-0.0219117,	0.109529,	-1.91921,	-0.613708,	-0.0161938,	0.0306787,	-1.36711,	-0.258132,	-0.0225602,	-0.171876,	-1.04387,	-0.465753,	-0.0097618,	-0.481769,	-0.3458,	0.56095,	-0.05488,	16523,	-604,	-83,	94,	16493,	106,	-32,	-25,	16543,	-49,	-108,	138,	
2,	2,	812063,	1.65255e+015,	-4,	-20,	-13,	-15,	-8,	-3,	-3,	-3,	1.65255e+009,	-0.585419,	-0.639408,	-0.427583,	-0.0559328,	-1.15555,	-0.219989,	-0.0219117,	0.109529,	-1.85613,	-0.613708,	-0.0161938,	0.0306787,	-1.36711,	-0.169427,	-0.0196168,	-0.171876,	-1.04387,	-0.414501,	-0.0154857,	-0.481769,	-0.3822,	0.56095,	-0.05488,	16533,	-603,	-82,	93,	16503,	107,	-32,	-24,	16553,	-49,	-107,	138,	
2,	2,	812141,	1.65255e+015,	0,	1,	-21,	0,	-1,	-4,	-1,	-2,	1.65255e+009,	-0.585419,	-0.639408,	-0.427583,	-0.0559328,	-1.15555,	-0.219989,	-0.0219117,	0.109529,	-1.85613,	-0.613708,	-0.0161938,	0.0306787,	-1.36711,	-0.169427,	-0.0196168,	-0.171876,	-1.04387,	-0.414501,	-0.0154857,	-0.481769,	-0.3822,	0.56095,	-0.05488,	16543,	-602,	-83,	91,	16513,	107,	-33,	-25,	16563,	-48,	-107,	136,	
2,	2,	812204,	1.65255e+015,	1,	8,	40,	11,	2,	-1,	-1,	-2,	1.65255e+009,	-0.585419,	-0.639408,	-0.427583,	-0.0559328,	-1.15555,	-0.219989,	-0.0219117,	0.109529,	-1.85613,	-0.613708,	-0.0161938,	0.0306787,	-1.36711,	-0.169427,	-0.0196168,	-0.171876,	-1.04387,	-0.414501,	-0.0154857,	-0.481769,	-0.3822,	0.56095,	-0.05488,	16553,	-599,	-81,	88,	16523,	108,	-33,	-25,	16573,	-47,	-106,	134,	
2,	2,	812282,	1.65255e+015,	-1,	-10,	-16,	-3,	-3,	-1,	0,	-2,	1.65255e+009,	-0.585419,	-0.639408,	-0.427583,	-0.0559328,	-1.09149,	-0.219989,	-0.0219117,	0.117868,	-1.69843,	-0.513919,	-0.00285023,	0.0279284,	-1.2587,	-0.169427,	-0.0196168,	-0.174626,	-1.04387,	-0.414501,	-0.0154857,	-0.48452,	-0.3822,	0.56095,	-0.05488,	16563,	-598,	-80,	84,	16533,	107,	-34,	-26,	16583,	-47,	-105,	131,	
2,	2,	812360,	1.65255e+015,	-1,	-3,	1,	2,	0,	2,	0,	1,	1.65255e+009,	-0.585419,	-0.639408,	-0.427583,	-0.0559328,	-1.09149,	-0.219989,	-0.0219117,	0.118875,	-1.49342,	-0.414129,	-0.0155211,	0.0178447,	-1.10692,	-0.169427,	-0.0196168,	-0.15514,	-0.934218,	-0.414501,	-0.0154857,	-0.465033,	-0.3822,	0.56095,	-0.05488,	16573,	-596,	-79,	79,	16543,	106,	-34,	-27,	16593,	-47,	-104,	128,	
2,	2,	812438,	1.65255e+015,	-4,	-2,	-12,	-10,	-4,	-1,	-2,	-3,	1.65255e+009,	-0.585419,	-0.639408,	-0.427583,	-0.0559328,	-0.93133,	-0.219989,	-0.0219117,	0.105675,	-1.22533,	-0.314339,	-0.0218188,	0.00464469,	-1.02019,	-0.258132,	-0.0225602,	-0.115114,	-0.846498,	-0.414501,	-0.0154857,	-0.425007,	-0.3822,	0.56095,	-0.05488,	16583,	-593,	-79,	75,	16553,	107,	-34,	-27,	16603,	-46,	-103,	125,	
2,	2,	812516,	1.65255e+015,	2,	5,	-14,	11,	2,	-1,	-2,	-2,	1.65255e+009,	-0.585419,	-0.639408,	-0.427583,	-0.0559328,	-0.867266,	-0.219989,	-0.0219117,	0.105013,	-1.06763,	-0.234507,	-0.0222682,	-0.00488892,	-1.02019,	-0.258132,	-0.0225602,	-0.0950774,	-0.846498,	-0.414501,	-0.0154857,	-0.404971,	-0.3822,	0.56095,	-0.05488,	16593,	-593,	-81,	72,	16563,	107,	-35,	-27,	16613,	-45,	-104,	123,	
2,	2,	812579,	1.65255e+015,	2,	8,	15,	13,	0,	-2,	0,	0,	1.65255e+009,	-0.585419,	-0.639408,	-0.427583,	-0.0559328,	-0.867266,	-0.219989,	-0.0219117,	0.105013,	-0.878389,	-0.234507,	-0.0222682,	-0.00488892,	-0.91177,	-0.258132,	-0.0225602,	-0.0950774,	-0.846498,	-0.414501,	-0.0154857,	-0.404971,	-0.3822,	0.56095,	-0.05488,	16603,	-593,	-80,	72,	16573,	108,	-34,	-27,	16623,	-44,	-103,	123,	
2,	2,	812657,	1.65255e+015,	-4,	-5,	-23,	-7,	-5,	-3,	-2,	-2,	1.65255e+009,	-0.585419,	-0.639408,	-0.427583,	-0.0559328,	-0.787186,	-0.219989,	-0.0219117,	0.0991463,	-0.815309,	-0.154675,	-0.0186389,	-0.0107556,	-0.91177,	-0.258132,	-0.0225602,	-0.0772881,	-0.846498,	-0.414501,	-0.0154857,	-0.387182,	-0.4186,	0.56095,	-0.05488,	16613,	-592,	-81,	72,	16583,	107,	-33,	-27,	16633,	-45,	-104,	123,	
2,	2,	812719,	1.65255e+015,	2,	3,	19,	6,	4,	2,	1,	0,	1.65255e+009,	-0.585419,	-0.639408,	-0.427583,	-0.0559328,	-0.787186,	-0.219989,	-0.0219117,	0.0991463,	-0.815309,	-0.154675,	-0.0186389,	-0.0107556,	-0.91177,	-0.258132,	-0.0225602,	-0.0772881,	-0.846498,	-0.414501,	-0.0154857,	-0.357612,	-0.4186,	0.56095,	-0.05488,	16623,	-591,	-82,	71,	16593,	107,	-32,	-28,	16643,	-45,	-104,	123,	
2,	2,	812813,	1.65255e+015,	0,	-8,	-13,	-10,	0,	0,	-2,	-1,	1.65255e+009,	-0.585419,	-0.639408,	-0.427583,	-0.0559328,	-0.787186,	-0.219989,	-0.0219117,	0.0991463,	-0.815309,	-0.154675,	-0.0186389,	-0.0107556,	-0.91177,	-0.258132,	-0.0225602,	-0.0772881,	-0.758778,	-0.414501,	-0.0154857,	-0.357612,	-0.4186,	0.56095,	-0.05488,	16633,	-591,	-81,	71,	16603,	106,	-33,	-29,	16653,	-45,	-105,	122,	
2,	2,	812875,	1.65255e+015,	0,	1,	-8,	-2,	0,	0,	-1,	0,	1.65255e+009,	-0.585419,	-0.639408,	-0.427583,	-0.0559328,	-0.787186,	-0.281097,	-0.0225015,	0.0991463,	-0.815309,	-0.154675,	-0.0186389,	-0.0107556,	-0.91177,	-0.258132,	-0.0225602,	-0.0772881,	-0.758778,	-0.414501,	-0.0154857,	-0.357612,	-0.4186,	0.56095,	-0.05488,	16643,	-590,	-82,	71,	16613,	108,	-32,	-30,	16663,	-44,	-104,	122,	
2,	2,	812938,	1.65255e+015,	0,	0,	-1,	-1,	-1,	-3,	-1,	-1,	1.65255e+009,	-0.585419,	-0.639408,	-0.427583,	-0.0559328,	-0.787186,	-0.281097,	-0.0225015,	0.0991463,	-0.815309,	-0.154675,	-0.0186389,	-0.0107556,	-0.91177,	-0.258132,	-0.0225602,	-0.0772881,	-0.758778,	-0.414501,	-0.0154857,	-0.357612,	-0.4186,	0.56095,	-0.05488,	16653,	-591,	-81,	69,	16623,	108,	-33,	-31,	16673,	-45,	-103,	122,	
2,	2,	813016,	1.65255e+015,	0,	7,	-8,	-2,	0,	-2,	0,	1,	1.65255e+009,	-0.585419,	-0.639408,	-0.427583,	-0.0559328,	-0.787186,	-0.281097,	-0.0225015,	0.0991463,	-0.815309,	-0.154675,	-0.0186389,	-0.0107556,	-0.91177,	-0.258132,	-0.0225602,	-0.0772881,	-0.758778,	-0.414501,	-0.0154857,	-0.357612,	-0.4186,	0.56095,	-0.05488,	16663,	-592,	-83,	68,	16633,	107,	-33,	-31,	16683,	-46,	-105,	123,	
2,	2,	813094,	1.65255e+015,	0,	-1,	-6,	3,	0,	0,	0,	-1,	1.65255e+009,	-0.585419,	-0.639408,	-0.427583,	-0.0559328,	-0.787186,	-0.281097,	-0.0225015,	0.0991463,	-0.815309,	-0.154675,	-0.0186389,	-0.0107556,	-0.91177,	-0.258132,	-0.0225602,	-0.0772881,	-0.758778,	-0.414501,	-0.0154857,	-0.357612,	-0.4186,	0.56095,	-0.05488,	16673,	-591,	-82,	67,	16643,	108,	-32,	-31,	16693,	-46,	-104,	123,	
2,	2,	813172,	1.65255e+015,	-2,	1,	-5,	-11,	2,	-1,	-1,	-1,	1.65255e+009,	-0.585419,	-0.639408,	-0.427583,	-0.0559328,	-0.787186,	-0.281097,	-0.0225015,	0.0991463,	-0.815309,	-0.154675,	-0.0186389,	-0.0107556,	-0.91177,	-0.258132,	-0.0225602,	-0.0772881,	-0.758778,	-0.414501,	-0.0154857,	-0.357612,	-0.4186,	0.56095,	-0.05488,	16683,	-592,	-83,	66,	16653,	108,	-32,	-31,	16703,	-46,	-105,	123,	
2,	2,	813250,	1.65255e+015,	-1,	4,	17,	2,	-2,	-2,	-2,	-2,	1.65255e+009,	-0.585419,	-0.639408,	-0.427583,	-0.0559328,	-0.787186,	-0.281097,	-0.0225015,	0.0991463,	-0.815309,	-0.154675,	-0.0186389,	-0.0107556,	-0.91177,	-0.258132,	-0.0225602,	-0.0772881,	-0.758778,	-0.414501,	-0.0154857,	-0.357612,	-0.4186,	0.56095,	-0.05488,	16693,	-592,	-81,	65,	16663,	108,	-32,	-31,	16713,	-46,	-104,	123,	
2,	2,	813329,	1.65255e+015,	-4,	-2,	9,	8,	-1,	-4,	-2,	-2,	1.65255e+009,	-0.585419,	-0.639408,	-0.427583,	-0.0559328,	-0.787186,	-0.281097,	-0.0225015,	0.0991463,	-0.815309,	-0.154675,	-0.0186389,	-0.0107556,	-0.91177,	-0.258132,	-0.0225602,	-0.0772881,	-0.758778,	-0.414501,	-0.0154857,	-0.357612,	-0.4186,	0.56095,	-0.05488,	16703,	-593,	-80,	64,	16673,	107,	-31,	-30,	16723,	-47,	-104,	124,	
2,	2,	813407,	1.65255e+015,	-5,	-4,	-25,	-2,	0,	1,	-2,	-3,	1.65255e+009,	-0.585419,	-0.639408,	-0.427583,	-0.0559328,	-0.787186,	-0.281097,	-0.0225015,	0.0991463,	-0.815309,	-0.154675,	-0.0186389,	-0.0107556,	-0.91177,	-0.258132,	-0.0225602,	-0.0772881,	-0.758778,	-0.414501,	-0.0154857,	-0.357612,	-0.4186,	0.56095,	-0.05488,	16713,	-593,	-80,	64,	16683,	108,	-31,	-30,	16733,	-48,	-105,	127,	
2,	2,	813485,	1.65255e+015,	-2,	-6,	-2,	-10,	-2,	0,	-1,	-1,	1.65255e+009,	-0.585419,	-0.639408,	-0.427583,	-0.0559328,	-0.787186,	-0.281097,	-0.0225015,	0.0991463,	-0.815309,	-0.154675,	-0.0186389,	-0.0107556,	-0.91177,	-0.258132,	-0.0225602,	-0.0772881,	-0.758778,	-0.414501,	-0.0154857,	-0.357612,	-0.4186,	0.56095,	-0.05488,	16723,	-596,	-79,	67,	16693,	108,	-33,	-30,	16743,	-50,	-105,	132,	
2,	2,	813563,	1.65255e+015,	-1,	-14,	-81,	-38,	-5,	-2,	0,	0,	1.65255e+009,	-0.585419,	-0.639408,	-0.427583,	-0.0559328,	-0.787186,	-0.281097,	-0.0225015,	0.107486,	-0.815309,	-0.154675,	-0.0186389,	-0.0135059,	-0.91177,	-0.258132,	-0.0225602,	-0.0800384,	-0.758778,	-0.414501,	-0.0154857,	-0.360362,	-0.3822,	0.56095,	-0.05488,	16733,	-599,	-79,	70,	16703,	108,	-33,	-31,	16753,	-51,	-106,	137,	
2,	2,	813641,	1.65255e+015,	0,	1,	19,	11,	2,	0,	0,	0,	1.65255e+009,	-0.585419,	-0.639408,	-0.427583,	-0.0559328,	-0.787186,	-0.281097,	-0.0225015,	0.107486,	-0.815309,	-0.154675,	-0.0186389,	-0.0135059,	-0.91177,	-0.258132,	-0.0225602,	-0.0800384,	-0.758778,	-0.414501,	-0.0154857,	-0.360362,	-0.3822,	0.56095,	-0.05488,	16743,	-599,	-79,	73,	16713,	107,	-32,	-32,	16763,	-52,	-105,	140,	
2,	2,	813719,	1.65255e+015,	-1,	0,	-2,	7,	-1,	-2,	0,	-1,	1.65255e+009,	-0.585419,	-0.639408,	-0.427583,	-0.0559328,	-0.787186,	-0.281097,	-0.0225015,	0.107486,	-0.815309,	-0.154675,	-0.0186389,	-0.0135059,	-0.91177,	-0.258132,	-0.0225602,	-0.0800384,	-0.758778,	-0.414501,	-0.0154857,	-0.360362,	-0.3822,	0.56095,	-0.05488,	16753,	-601,	-80,	74,	16723,	108,	-33,	-32,	16773,	-53,	-107,	143,	
2,	2,	813797,	1.65255e+015,	-2,	-4,	-23,	-6,	1,	-1,	-1,	0,	1.65255e+009,	-0.585419,	-0.639408,	-0.427583,	-0.0559328,	-0.787186,	-0.281097,	-0.0225015,	0.107486,	-0.815309,	-0.154675,	-0.0186389,	-0.0135059,	-0.91177,	-0.258132,	-0.0225602,	-0.0800384,	-0.758778,	-0.414501,	-0.0154857,	-0.360362,	-0.3822,	0.56095,	-0.05488,	16763,	-600,	-79,	73,	16733,	108,	-32,	-32,	16783,	-53,	-105,	145,	
2,	2,	813875,	1.65255e+015,	0,	1,	12,	2,	-3,	1,	1,	0,	1.65255e+009,	-0.585419,	-0.639408,	-0.427583,	-0.0559328,	-0.787186,	-0.281097,	-0.0225015,	0.107486,	-0.815309,	-0.154675,	-0.0186389,	-0.0135059,	-0.91177,	-0.258132,	-0.0225602,	-0.0800384,	-0.758778,	-0.414501,	-0.0154857,	-0.360362,	-0.3822,	0.56095,	-0.05488,	16773,	-599,	-79,	70,	16743,	108,	-33,	-32,	16793,	-53,	-105,	145,	
2,	2,	813969,	1.65255e+015,	1,	1,	3,	2,	-2,	-1,	-1,	1,	1.65255e+009,	-0.585419,	-0.639408,	-0.427583,	-0.0559328,	-0.787186,	-0.281097,	-0.0225015,	0.107486,	-0.815309,	-0.154675,	-0.0186389,	-0.0135059,	-0.91177,	-0.258132,	-0.0225602,	-0.0800384,	-0.758778,	-0.414501,	-0.0154857,	-0.360362,	-0.3822,	0.56095,	-0.05488,	16783,	-599,	-79,	67,	16753,	108,	-32,	-32,	16803,	-53,	-103,	145,	
2,	2,	814047,	1.65255e+015,	3,	7,	26,	5,	-1,	0,	0,	0,	1.65255e+009,	-0.585419,	-0.639408,	-0.427583,	-0.0559328,	-0.787186,	-0.281097,	-0.0225015,	0.107486,	-0.815309,	-0.154675,	-0.0186389,	-0.0135059,	-0.91177,	-0.258132,	-0.0225602,	-0.0800384,	-0.758778,	-0.414501,	-0.0154857,	-0.360362,	-0.3822,	0.56095,	-0.05488,	16793,	-597,	-77,	63,	16763,	107,	-32,	-31,	16813,	-52,	-101,	145,	
2,	2,	814110,	1.65255e+015,	-3,	2,	0,	-2,	0,	-2,	-1,	-1,	1.65255e+009,	-0.585419,	-0.639408,	-0.427583,	-0.0559328,	-0.787186,	-0.281097,	-0.0225015,	0.107486,	-0.815309,	-0.154675,	-0.0186389,	-0.0135059,	-0.91177,	-0.258132,	-0.0225602,	-0.0800384,	-0.758778,	-0.414501,	-0.0154857,	-0.360362,	-0.3822,	0.56095,	-0.05488,	16803,	-596,	-76,	60,	16773,	107,	-32,	-31,	16823,	-51,	-101,	146,	
2,	2,	814188,	1.65255e+015,	0,	-1,	8,	3,	-3,	-1,	-1,	-2,	1.65255e+009,	-0.585419,	-0.639408,	-0.427583,	-0.0559328,	-0.787186,	-0.281097,	-0.0225015,	0.107486,	-0.815309,	-0.154675,	-0.0186389,	-0.0135059,	-0.91177,	-0.258132,	-0.0225602,	-0.0800384,	-0.758778,	-0.414501,	-0.0154857,	-0.360362,	-0.3822,	0.56095,	-0.05488,	16813,	-596,	-76,	58,	16783,	107,	-31,	-31,	16833,	-50,	-100,	146,	
2,	2,	814266,	1.65255e+015,	1,	4,	2,	9,	4,	1,	0,	1,	1.65255e+009,	-0.585419,	-0.639408,	-0.427583,	-0.0559328,	-0.787186,	-0.281097,	-0.0225015,	0.107486,	-0.815309,	-0.154675,	-0.0186389,	-0.0135059,	-0.91177,	-0.258132,	-0.0225602,	-0.0800384,	-0.758778,	-0.414501,	-0.0154857,	-0.360362,	-0.3822,	0.56095,	-0.05488,	16823,	-596,	-77,	58,	16793,	108,	-31,	-32,	16843,	-51,	-101,	146,	
2,	2,	814329,	1.65255e+015,	1,	1,	10,	7,	5,	2,	-1,	0,	1.65255e+009,	-0.585419,	-0.639408,	-0.427583,	-0.0559328,	-0.787186,	-0.281097,	-0.0225015,	0.107486,	-0.815309,	-0.154675,	-0.0186389,	-0.0135059,	-0.91177,	-0.258132,	-0.0225602,	-0.0800384,	-0.758778,	-0.414501,	-0.0154857,	-0.360362,	-0.3822,	0.56095,	-0.05488,	16833,	-596,	-77,	60,	16803,	107,	-31,	-33,	16853,	-52,	-102,	150,	
2,	2,	814391,	1.65255e+015,	2,	6,	-7,	0,	0,	-3,	2,	-1,	1.65255e+009,	-0.585419,	-0.639408,	-0.427583,	-0.0559328,	-0.787186,	-0.281097,	-0.0225015,	0.107486,	-0.815309,	-0.154675,	-0.0186389,	-0.0135059,	-0.91177,	-0.258132,	-0.0225602,	-0.0800384,	-0.758778,	-0.414501,	-0.0154857,	-0.360362,	-0.3822,	0.56095,	-0.05488,	16843,	-597,	-76,	60,	16813,	107,	-31,	-34,	16863,	-53,	-101,	153,	
2,	2,	814469,	1.65255e+015,	-2,	-4,	-5,	-9,	-1,	-1,	-1,	-1,	1.65255e+009,	-0.585419,	-0.639408,	-0.427583,	-0.0559328,	-0.787186,	-0.281097,	-0.0225015,	0.107486,	-0.815309,	-0.154675,	-0.0186389,	-0.0135059,	-0.91177,	-0.258132,	-0.0225602,	-0.0800384,	-0.758778,	-0.414501,	-0.0154857,	-0.360362,	-0.3822,	0.56095,	-0.05488,	16853,	-599,	-76,	61,	16823,	108,	-30,	-36,	16873,	-52,	-101,	156,	
2,	2,	814547,	1.65255e+015,	-2,	1,	9,	-1,	-1,	0,	0,	0,	1.65255e+009,	-0.585419,	-0.639408,	-0.427583,	-0.0559328,	-0.787186,	-0.281097,	-0.0225015,	0.107486,	-0.815309,	-0.154675,	-0.0186389,	-0.0135059,	-0.91177,	-0.258132,	-0.0225602,	-0.0800384,	-0.758778,	-0.414501,	-0.0154857,	-0.360362,	-0.3822,	0.56095,	-0.05488,	16863,	-600,	-76,	61,	16833,	108,	-29,	-36,	16883,	-50,	-101,	155,	
2,	2,	814610,	1.65255e+015,	2,	2,	4,	-4,	0,	1,	0,	1,	1.65255e+009,	-0.585419,	-0.639408,	-0.427583,	-0.0559328,	-0.787186,	-0.281097,	-0.0225015,	0.107486,	-0.815309,	-0.154675,	-0.0186389,	-0.0135059,	-0.91177,	-0.258132,	-0.0225602,	-0.0800384,	-0.758778,	-0.414501,	-0.0154857,	-0.360362,	-0.3822,	0.56095,	-0.05488,	16873,	-599,	-76,	60,	16843,	108,	-29,	-37,	16893,	-50,	-101,	153,	
2,	2,	814688,	1.65255e+015,	0,	1,	10,	7,	4,	1,	-1,	0,	1.65255e+009,	-0.585419,	-0.639408,	-0.427583,	-0.0559328,	-0.787186,	-0.281097,	-0.0225015,	0.107486,	-0.815309,	-0.154675,	-0.0186389,	-0.0135059,	-0.91177,	-0.258132,	-0.0225602,	-0.0800384,	-0.758778,	-0.414501,	-0.0154857,	-0.360362,	-0.3822,	0.56095,	-0.05488,	16883,	-596,	-74,	56,	16853,	109,	-28,	-38,	16903,	-49,	-100,	151,	
2,	2,	814750,	1.65255e+015,	-3,	-9,	-5,	-3,	0,	0,	-2,	-3,	1.65255e+009,	-0.585419,	-0.639408,	-0.427583,	-0.0559328,	-0.787186,	-0.281097,	-0.0225015,	0.107486,	-0.815309,	-0.154675,	-0.0186389,	-0.0135059,	-0.91177,	-0.258132,	-0.0225602,	-0.0800384,	-0.758778,	-0.414501,	-0.0154857,	-0.360362,	-0.3822,	0.56095,	-0.05488,	16893,	-593,	-73,	51,	16863,	108,	-27,	-38,	16913,	-49,	-99,	147,	
2,	2,	814829,	1.65255e+015,	0,	-3,	6,	0,	-2,	0,	-2,	-2,	1.65255e+009,	-0.585419,	-0.639408,	-0.427583,	-0.0559328,	-0.787186,	-0.281097,	-0.0225015,	0.107486,	-0.815309,	-0.154675,	-0.0186389,	-0.0135059,	-0.91177,	-0.258132,	-0.0225602,	-0.0800384,	-0.758778,	-0.414501,	-0.0154857,	-0.360362,	-0.3822,	0.56095,	-0.05488,	16903,	-590,	-73,	45,	16873,	109,	-27,	-39,	16923,	-46,	-98,	142,	
2,	2,	814907,	1.65255e+015,	-1,	-1,	19,	6,	1,	1,	0,	-2,	1.65255e+009,	-0.585419,	-0.639408,	-0.427583,	-0.0559328,	-0.787186,	-0.281097,	-0.0225015,	0.107486,	-0.815309,	-0.154675,	-0.0186389,	-0.0135059,	-0.91177,	-0.258132,	-0.0225602,	-0.0800384,	-0.758778,	-0.414501,	-0.0154857,	-0.360362,	-0.3822,	0.56095,	-0.05488,	16913,	-587,	-73,	38,	16883,	108,	-27,	-39,	16933,	-45,	-97,	137,	
2,	2,	814985,	1.65255e+015,	-1,	4,	35,	5,	1,	-1,	0,	-2,	1.65255e+009,	-0.585419,	-0.639408,	-0.427583,	-0.0559328,	-0.787186,	-0.281097,	-0.0225015,	0.107486,	-0.815309,	-0.154675,	-0.0186389,	-0.0135059,	-0.91177,	-0.258132,	-0.0225602,	-0.0800384,	-0.758778,	-0.414501,	-0.0154857,	-0.360362,	-0.3822,	0.56095,	-0.05488,	16923,	-584,	-74,	33,	16893,	109,	-27,	-38,	16943,	-45,	-98,	135,	
2,	2,	815047,	1.65255e+015,	2,	5,	16,	7,	-1,	-1,	-1,	1,	1.65255e+009,	-0.585419,	-0.639408,	-0.427583,	-0.0559328,	-0.787186,	-0.281097,	-0.0225015,	0.107486,	-0.815309,	-0.154675,	-0.0186389,	-0.0135059,	-0.91177,	-0.258132,	-0.0225602,	-0.0800384,	-0.758778,	-0.414501,	-0.0154857,	-0.360362,	-0.3822,	0.56095,	-0.05488,	16933,	-581,	-72,	30,	16903,	111,	-27,	-37,	16953,	-44,	-96,	133,	
2,	2,	815125,	1.65255e+015,	-6,	-11,	3,	0,	-6,	-3,	-1,	-1,	1.65255e+009,	-0.585419,	-0.639408,	-0.427583,	-0.0559328,	-0.787186,	-0.281097,	-0.0225015,	0.107486,	-0.815309,	-0.154675,	-0.0186389,	-0.0135059,	-0.91177,	-0.258132,	-0.0225602,	-0.0800384,	-0.758778,	-0.414501,	-0.0154857,	-0.360362,	-0.3822,	0.56095,	-0.05488,	16943,	-582,	-72,	28,	16913,	111,	-27,	-38,	16963,	-43,	-97,	131,	
2,	2,	815188,	1.65255e+015,	1,	7,	3,	-7,	-1,	0,	0,	0,	1.65255e+009,	-0.585419,	-0.639408,	-0.427583,	-0.0559328,	-0.787186,	-0.281097,	-0.0225015,	0.107486,	-0.815309,	-0.154675,	-0.0186389,	-0.0135059,	-0.91177,	-0.258132,	-0.0225602,	-0.0800384,	-0.758778,	-0.414501,	-0.0154857,	-0.360362,	-0.3822,	0.56095,	-0.05488,	16953,	-582,	-73,	28,	16923,	111,	-25,	-40,	16973,	-42,	-97,	129,	
2,	2,	815266,	1.65255e+015,	1,	7,	-2,	11,	-2,	1,	0,	1,	1.65255e+009,	-0.585419,	-0.639408,	-0.427583,	-0.0559328,	-0.787186,	-0.281097,	-0.0225015,	0.107486,	-0.815309,	-0.154675,	-0.0186389,	-0.0135059,	-0.91177,	-0.258132,	-0.0225602,	-0.0800384,	-0.758778,	-0.414501,	-0.0154857,	-0.360362,	-0.3822,	0.56095,	-0.05488,	16963,	-581,	-72,	28,	16933,	112,	-25,	-42,	16983,	-40,	-96,	127,	
2,	2,	815344,	1.65255e+015,	1,	2,	1,	1,	-4,	-4,	-1,	0,	1.65255e+009,	-0.585419,	-0.639408,	-0.427583,	-0.0559328,	-0.787186,	-0.281097,	-0.0225015,	0.107486,	-0.815309,	-0.154675,	-0.0186389,	-0.0135059,	-0.91177,	-0.258132,	-0.0225602,	-0.0800384,	-0.758778,	-0.414501,	-0.0154857,	-0.360362,	-0.3822,	0.56095,	-0.05488,	16973,	-579,	-72,	26,	16943,	113,	-25,	-43,	16993,	-40,	-95,	124,	
2,	2,	815407,	1.65255e+015,	1,	10,	9,	12,	3,	0,	1,	0,	1.65255e+009,	-0.585419,	-0.639408,	-0.427583,	-0.0559328,	-0.787186,	-0.281097,	-0.0225015,	0.107486,	-0.815309,	-0.154675,	-0.0186389,	-0.0135059,	-0.91177,	-0.258132,	-0.0225602,	-0.0800384,	-0.758778,	-0.414501,	-0.0154857,	-0.360362,	-0.3822,	0.56095,	-0.05488,	16983,	-577,	-72,	24,	16953,	112,	-26,	-45,	17003,	-39,	-94,	121,	
2,	2,	815485,	1.65255e+015,	3,	4,	-6,	7,	2,	1,	2,	0,	1.65255e+009,	-0.585419,	-0.639408,	-0.427583,	-0.0559328,	-0.787186,	-0.281097,	-0.0225015,	0.107486,	-0.815309,	-0.154675,	-0.0186389,	-0.0135059,	-0.91177,	-0.258132,	-0.0225602,	-0.0800384,	-0.758778,	-0.414501,	-0.0154857,	-0.360362,	-0.3822,	0.56095,	-0.05488,	16993,	-576,	-72,	20,	16963,	112,	-27,	-46,	17013,	-39,	-94,	118,	
2,	2,	815547,	1.65255e+015,	2,	8,	5,	-36,	-6,	0,	2,	1,	1.65255e+009,	-0.585419,	-0.639408,	-0.427583,	-0.0559328,	-0.787186,	-0.281097,	-0.0225015,	0.107486,	-0.815309,	-0.154675,	-0.0186389,	-0.0135059,	-0.91177,	-0.258132,	-0.0225602,	-0.0800384,	-0.758778,	-0.414501,	-0.0154857,	-0.360362,	-0.3822,	0.56095,	-0.05488,	17003,	-573,	-72,	17,	16973,	112,	-27,	-47,	17023,	-37,	-93,	115,	
